   5120.00000000000     
         256           1           3
  8.994473019507991E-004   40.1702339917418        115.371164373703     
   18.8300000000000        145.590000000000        6160.02000000000     
           0  0.000000000000000E+000  0.000000000000000E+000
  0.000000000000000E+000  0.000000000000000E+000
  0.000000000000000E+000  0.000000000000000E+000
           1  0.000000000000000E+000  0.000000000000000E+000
  2.081386047244156E-009  1.748239816078455E-010
 -2.089466287608085E-008  2.891133635817635E-011
           2  0.000000000000000E+000  0.000000000000000E+000
  1.985514087036104E-009  6.774512818594762E-010
 -2.310568060531036E-008 -9.758322210869409E-010
           3  0.000000000000000E+000  0.000000000000000E+000
  2.085667862630344E-009  1.482090884459269E-009
 -2.804955510317831E-008  3.973184715252760E-010
           4  0.000000000000000E+000  0.000000000000000E+000
  2.847210662592483E-009  2.565145204821236E-009
 -3.452731908882612E-008  7.649141573097286E-009
           5  0.000000000000000E+000  0.000000000000000E+000
  4.809627367754735E-009  3.328786297047749E-009
 -3.569928459278359E-008  2.333619767698317E-008
           6  0.000000000000000E+000  0.000000000000000E+000
  7.723931222974827E-009  2.119208582595000E-009
 -2.156761809227613E-008  4.087411659511050E-008
           7  0.000000000000000E+000  0.000000000000000E+000
  8.585448458653072E-009 -8.788049490460178E-010
  7.636284776088335E-009  4.514561574052314E-008
           8  0.000000000000000E+000  0.000000000000000E+000
  8.066673000994984E-009 -3.736879016847665E-009
  3.918965256496223E-008  1.891419370512095E-008
           9  0.000000000000000E+000  0.000000000000000E+000
  5.608784930444563E-009 -5.912777393091072E-009
  3.561471901114421E-008 -3.504333703113276E-008
          10  0.000000000000000E+000  0.000000000000000E+000
  2.688862525550807E-009 -5.583466930608434E-009
 -2.382203617906125E-008 -7.035653786046767E-008
          11  0.000000000000000E+000  0.000000000000000E+000
  1.266926314431984E-009 -5.061000087614127E-009
 -1.044121676162257E-007 -3.438205867040031E-008
          12  0.000000000000000E+000  0.000000000000000E+000
 -2.159558859513361E-009 -1.035763004739619E-009
 -1.229167525350913E-007  8.347360407562845E-008
          13  0.000000000000000E+000  0.000000000000000E+000
  2.884917891214380E-009  4.057395834656796E-009
 -6.823151480644666E-009  1.703018265218460E-007
          14  0.000000000000000E+000  0.000000000000000E+000
  9.647501625583576E-009  1.168278663524952E-009
  1.438810179244264E-007  1.079767449519746E-007
          15  0.000000000000000E+000  0.000000000000000E+000
  1.106659825172980E-008 -6.085218274144733E-009
  1.749300769725354E-007 -7.165737014767273E-008
          16  0.000000000000000E+000  0.000000000000000E+000
  6.670677900130994E-009 -1.326365105117345E-008
  2.151607462518923E-008 -2.094489523452311E-007
          17  0.000000000000000E+000  0.000000000000000E+000
 -6.675904723398989E-009 -1.263774889992619E-008
 -2.011981068610819E-007 -1.337317652828377E-007
          18  0.000000000000000E+000  0.000000000000000E+000
 -8.770846162630366E-009  7.003171053157817E-010
 -2.425146010259418E-007  1.065930067745424E-007
          19  0.000000000000000E+000  0.000000000000000E+000
  4.873147057348699E-010  7.046028506067910E-009
 -5.869202049149653E-008  2.757736232988362E-007
          20  0.000000000000000E+000  0.000000000000000E+000
  9.799614712942714E-009  3.299856698731820E-009
  1.975007632514006E-007  2.123455405793713E-007
          21  0.000000000000000E+000  0.000000000000000E+000
  1.298307621377543E-008 -6.144559494128938E-009
  2.878135179981161E-007 -5.263819710430050E-008
          22  0.000000000000000E+000  0.000000000000000E+000
  5.686198328848404E-009 -1.791481184930872E-008
  9.440463779081251E-008 -2.803884337909846E-007
          23  0.000000000000000E+000  0.000000000000000E+000
 -1.015980109792363E-008 -1.080653549457342E-008
 -1.895425942840130E-007 -2.183181347539985E-007
          24  0.000000000000000E+000  0.000000000000000E+000
 -7.100500923367607E-009  2.011912721255416E-009
 -2.977736011877761E-007  2.871892918896401E-008
          25  0.000000000000000E+000  0.000000000000000E+000
  2.620268160891936E-009  4.387004425179701E-009
 -1.633273770689569E-007  2.703546560486947E-007
          26  0.000000000000000E+000  0.000000000000000E+000
  9.567510354032512E-009 -1.631575281600199E-009
  1.217022308184410E-007  2.991207797961895E-007
          27  0.000000000000000E+000  0.000000000000000E+000
  9.040371232900056E-009 -1.367078057602788E-008
  3.006946265537421E-007  7.306045409223575E-008
          28  0.000000000000000E+000  0.000000000000000E+000
 -9.355541600344354E-009 -1.519649950762330E-008
  2.247959410631677E-007 -1.747112877947055E-007
          29  0.000000000000000E+000  0.000000000000000E+000
 -9.695595509308127E-009  1.777140725277150E-010
 -1.025718674334852E-008 -3.002829546615130E-007
          30  0.000000000000000E+000  0.000000000000000E+000
 -3.911012551532505E-010  3.575293225780750E-009
 -2.846291929625914E-007 -1.575437804945368E-007
          31  0.000000000000000E+000  0.000000000000000E+000
  5.905406495082086E-009 -8.008080584126167E-010
 -3.021993540804091E-007  1.703950131893275E-007
          32  0.000000000000000E+000  0.000000000000000E+000
  7.268508834189076E-009 -9.332215645536761E-009
 -3.105836043693113E-008  3.547666230746225E-007
          33  0.000000000000000E+000  0.000000000000000E+000
 -5.375657594077101E-009 -1.731123644780831E-008
  2.645053403098254E-007  2.430196390849027E-007
          34  0.000000000000000E+000  0.000000000000000E+000
 -1.303196914933857E-008 -3.575549958543752E-009
  3.623642760496553E-007 -9.111700839777096E-008
          35  0.000000000000000E+000  0.000000000000000E+000
 -6.319585156574905E-009  3.426012768739386E-009
  8.969827682554851E-008 -3.500369478780735E-007
          36  0.000000000000000E+000  0.000000000000000E+000
  3.189756442231315E-010  3.441365255465685E-009
 -2.513970542715929E-007 -2.298013066128188E-007
          37  0.000000000000000E+000  0.000000000000000E+000
  5.549864841556636E-009 -7.854419134492020E-010
 -3.108523986312304E-007  1.014170348030497E-007
          38  0.000000000000000E+000  0.000000000000000E+000
  5.811229133380554E-009 -1.078296049572353E-008
 -7.898230917321930E-008  3.100581250131674E-007
          39  0.000000000000000E+000  0.000000000000000E+000
 -8.067359300008570E-009 -1.247193049570622E-008
  2.244528237460774E-007  2.394299345483736E-007
          40  0.000000000000000E+000  0.000000000000000E+000
 -9.433295470216799E-009 -3.864722648199349E-009
  2.946841164030436E-007 -8.474334546661024E-008
          41  0.000000000000000E+000  0.000000000000000E+000
 -7.862807878518295E-009 -3.543286315877784E-010
  4.512415174043214E-008 -2.535044022353659E-007
          42  0.000000000000000E+000  0.000000000000000E+000
 -4.475418644456360E-009  3.028994343823977E-009
 -1.778658333543587E-007 -1.218946327862509E-007
          43  0.000000000000000E+000  0.000000000000000E+000
  2.293724051964118E-009  1.352024498278505E-009
 -1.690268585068470E-007  1.023387636372757E-007
          44  0.000000000000000E+000  0.000000000000000E+000
  3.671628454368029E-010 -6.612890935916871E-009
  1.956857552327951E-008  2.018011704109552E-007
          45  0.000000000000000E+000  0.000000000000000E+000
 -1.917260235994449E-009 -5.691244788277631E-009
  1.829255538403867E-007  5.138635205508480E-008
          46  0.000000000000000E+000  0.000000000000000E+000
 -5.303139142326509E-009 -8.471218471835784E-009
  9.348101762983608E-008 -1.155837134647942E-007
          47  0.000000000000000E+000  0.000000000000000E+000
 -1.131146060139540E-008 -4.630497142004353E-009
 -5.737158680096873E-008 -1.006845327834046E-007
          48  0.000000000000000E+000  0.000000000000000E+000
 -1.005855801115020E-008  2.920778773709969E-009
 -1.091036469123061E-007  2.217126987490712E-008
          49  0.000000000000000E+000  0.000000000000000E+000
 -4.146608107699769E-009  4.308491285136256E-009
 -2.630085331401366E-008  1.308088334850915E-007
          50  0.000000000000000E+000  0.000000000000000E+000
  2.891387532899947E-010  2.947515548779371E-009
  1.239126837477974E-007  9.742058553877638E-008
          51  0.000000000000000E+000  0.000000000000000E+000
  1.749335218443537E-009 -3.845547935747288E-009
  1.551593262681203E-007 -5.410215278488473E-008
          52  0.000000000000000E+000  0.000000000000000E+000
 -4.483359789315172E-009 -7.746989793898003E-009
  4.122099407878240E-008 -1.618065159392573E-007
          53  0.000000000000000E+000  0.000000000000000E+000
 -1.066420794902937E-008 -4.046799780295208E-009
 -1.254161034935385E-007 -1.191402759794782E-007
          54  0.000000000000000E+000  0.000000000000000E+000
 -1.068050845026932E-008  2.832313647657514E-009
 -1.781983095877267E-007  6.558428453969386E-008
          55  0.000000000000000E+000  0.000000000000000E+000
 -5.268314934065892E-009  6.004022025786834E-009
 -3.057424176324254E-008  2.170983041777874E-007
          56  0.000000000000000E+000  0.000000000000000E+000
 -6.815601676758705E-010  3.659553545764399E-009
  1.939418582338040E-007  1.655628648726777E-007
          57  0.000000000000000E+000  0.000000000000000E+000
  3.639996157503628E-012 -1.289896417588316E-009
  2.745194854032055E-007 -8.006665906780111E-008
          58  0.000000000000000E+000  0.000000000000000E+000
 -4.404322020963258E-009 -4.433640015813404E-009
  8.073636504911563E-008 -2.897301982034506E-007
          59  0.000000000000000E+000  0.000000000000000E+000
 -9.750772503403980E-009 -1.736294263113563E-009
 -2.150315957408384E-007 -2.149876635879162E-007
          60  0.000000000000000E+000  0.000000000000000E+000
 -9.795085938373420E-009  5.360254875003407E-009
 -2.937612542112275E-007  9.021561277206006E-008
          61  0.000000000000000E+000  0.000000000000000E+000
 -2.891094681092642E-009  6.281183780768981E-009
 -7.453101096049066E-008  3.231266629413032E-007
          62  0.000000000000000E+000  0.000000000000000E+000
 -6.795012688995966E-010  3.776869420269848E-009
  2.890374824540282E-007  2.494969142178827E-007
          63  0.000000000000000E+000  0.000000000000000E+000
 -3.616443382057490E-010 -1.222805778290371E-009
  3.748335507729549E-007 -1.492920124936055E-007
          64  0.000000000000000E+000  0.000000000000000E+000
 -7.046101843180512E-009 -3.661533234960800E-009
  5.238159523684387E-008 -3.882962451803581E-007
          65  0.000000000000000E+000  0.000000000000000E+000
 -1.282635893030792E-008  3.889282365957043E-009
 -2.873361803820130E-007 -2.244552996867924E-007
          66  0.000000000000000E+000  0.000000000000000E+000
 -4.421936768125288E-009  1.113133274084483E-008
 -3.353140880803942E-007  1.310625641616824E-007
          67  0.000000000000000E+000  0.000000000000000E+000
  4.523175762385163E-011  8.782910491288982E-009
 -1.041320393738133E-008  3.843195610455166E-007
          68  0.000000000000000E+000  0.000000000000000E+000
  5.186119733942819E-009  2.992071668497149E-009
  3.305064446511271E-007  1.581533833083388E-007
          69  0.000000000000000E+000  0.000000000000000E+000
 -5.884590478922966E-010 -5.516944946614763E-009
  2.841914203998326E-007 -1.750862583434143E-007
          70  0.000000000000000E+000  0.000000000000000E+000
 -1.158553105879008E-008 -2.139500834990718E-009
  3.761472306557231E-008 -3.117008472118068E-007
          71  0.000000000000000E+000  0.000000000000000E+000
 -1.027855991659733E-008  1.110346025879888E-008
 -2.247988543161736E-007 -2.275831870165875E-007
          72  0.000000000000000E+000  0.000000000000000E+000
 -2.701404906122170E-009  1.057954728103133E-008
 -3.222097354955697E-007  1.038907121323179E-007
          73  0.000000000000000E+000  0.000000000000000E+000
  4.007489783334717E-009  1.021496424849823E-008
 -4.688280274367150E-008  2.924535894033552E-007
          74  0.000000000000000E+000  0.000000000000000E+000
  5.863108423130968E-009  3.587904615064170E-010
  1.896446947047089E-007  2.138467858540588E-007
          75  0.000000000000000E+000  0.000000000000000E+000
 -3.211333419326366E-009 -3.765281743263045E-009
  3.349662510042382E-007 -7.584416577105514E-009
          76  0.000000000000000E+000  0.000000000000000E+000
 -1.010388470921037E-008  4.242970187809818E-009
  2.303916617021185E-007 -3.344272723763477E-007
          77  0.000000000000000E+000  0.000000000000000E+000
 -1.827625589012637E-009  9.394035640630580E-009
 -2.013590585902857E-007 -4.159613489337453E-007
          78  0.000000000000000E+000  0.000000000000000E+000
 -1.322765944030662E-009  9.343092378657780E-009
 -4.220617631529333E-007 -4.107946770964035E-008
          79  0.000000000000000E+000  0.000000000000000E+000
  3.782879272203937E-009  6.334564814659198E-009
 -3.126256459353406E-007  3.194847503560878E-007
          80  0.000000000000000E+000  0.000000000000000E+000
  7.667091089619163E-011  2.371439459348463E-009
  1.425317336226938E-007  5.158290025314315E-007
          81  0.000000000000000E+000  0.000000000000000E+000
 -3.191639794279693E-009  6.470317899973552E-009
  6.088507732172764E-007  1.146841304844451E-007
          82  0.000000000000000E+000  0.000000000000000E+000
  4.656592001989451E-009  1.005972527236964E-008
  3.957986824437873E-007 -5.361626907808980E-007
          83  0.000000000000000E+000  0.000000000000000E+000
  3.095619360770840E-009  2.567073498977792E-009
 -2.382314958968746E-007 -5.862549073490481E-007
          84  0.000000000000000E+000  0.000000000000000E+000
  1.785380664352205E-009  2.263896401493417E-009
 -6.497663080174410E-007 -1.437558679170085E-007
          85  0.000000000000000E+000  0.000000000000000E+000
 -2.192217901137730E-009  3.190859230882728E-009
 -4.409297582825637E-007  5.298861593439268E-007
          86  0.000000000000000E+000  0.000000000000000E+000
 -1.450027891277118E-009  8.633659753321692E-009
  2.809183362686325E-007  6.011392533685559E-007
          87  0.000000000000000E+000  0.000000000000000E+000
  4.952647019054324E-009  1.110560754853530E-008
  6.149380330873479E-007  1.176803407185227E-008
          88  0.000000000000000E+000  0.000000000000000E+000
  9.116504951917832E-009  1.739745594953097E-009
  2.826444081912106E-007 -4.564441768501536E-007
          89  0.000000000000000E+000  0.000000000000000E+000
  3.705343129807276E-009 -1.232742659103813E-011
 -1.834495804750437E-007 -4.836120521981909E-007
          90  0.000000000000000E+000  0.000000000000000E+000
  1.888529419403319E-012  4.692588236015610E-010
 -4.902017508564280E-007 -8.838937791238734E-008
          91  0.000000000000000E+000  0.000000000000000E+000
 -1.146691852777116E-009  5.214849948751957E-009
 -2.646188707984862E-007  3.248249472168157E-007
          92  0.000000000000000E+000  0.000000000000000E+000
  2.673724611803565E-009  7.474349417533655E-009
  1.140164875224403E-007  3.000928493148378E-007
          93  0.000000000000000E+000  0.000000000000000E+000
  7.457077514778387E-009  6.017426858568876E-009
  2.281352446197147E-007  4.554788936830162E-008
          94  0.000000000000000E+000  0.000000000000000E+000
  4.866835704497662E-009 -3.146625237363502E-010
  1.542371809480279E-007 -9.403763973416317E-008
          95  0.000000000000000E+000  0.000000000000000E+000
  1.862683786004521E-009  1.102364005332362E-009
  2.041994733890098E-008 -1.752909342408459E-007
          96  0.000000000000000E+000  0.000000000000000E+000
  2.522935613692783E-010  3.986252290410613E-009
 -7.160009683714263E-008 -8.352561092072474E-008
          97  0.000000000000000E+000  0.000000000000000E+000
  3.619541632682973E-009  7.234320265847203E-009
 -4.522319859877060E-008 -6.848587599474062E-008
          98  0.000000000000000E+000  0.000000000000000E+000
  8.026356673799764E-009  5.508827985306397E-009
 -1.282400243536928E-007 -8.043172639998685E-008
          99  0.000000000000000E+000  0.000000000000000E+000
  9.015060196653475E-009 -1.252871214090685E-009
 -1.979823887446723E-007  7.694650708827065E-008
         100  0.000000000000000E+000  0.000000000000000E+000
  2.863862550129184E-009 -2.240898883898714E-009
 -5.151223419412529E-008  2.057651157650122E-007
         101  0.000000000000000E+000  0.000000000000000E+000
 -6.315440671796684E-010  1.466967205873624E-009
  1.399170042287081E-007  1.952890466370512E-007
         102  0.000000000000000E+000  0.000000000000000E+000
  1.998947651844861E-009  7.268172229111644E-009
  2.832918037568835E-007 -2.393205533166870E-008
         103  0.000000000000000E+000  0.000000000000000E+000
  8.624857422499947E-009  6.970826333600330E-009
  1.407037544650900E-007 -2.812648475163247E-007
         104  0.000000000000000E+000  0.000000000000000E+000
  1.214455422235293E-008  8.442588469222692E-010
 -1.508330872477534E-007 -2.984492350048297E-007
         105  0.000000000000000E+000  0.000000000000000E+000
  8.136110694590282E-009 -4.354123874046608E-009
 -3.400095410042197E-007 -9.324557131305178E-008
         106  0.000000000000000E+000  0.000000000000000E+000
  2.953242984201176E-009 -4.343473581905772E-009
 -3.199829265132693E-007  2.166302799928203E-007
         107  0.000000000000000E+000  0.000000000000000E+000
  2.995569784401376E-010 -3.053688542702430E-011
 -2.098287210000579E-008  4.096070747677063E-007
         108  0.000000000000000E+000  0.000000000000000E+000
  2.977110139973144E-009  4.076421639892880E-009
  3.455380396213106E-007  2.662364996153680E-007
         109  0.000000000000000E+000  0.000000000000000E+000
  7.604502348705519E-009  3.539247438281782E-009
  4.489892491841324E-007 -1.628750665413530E-007
         110  0.000000000000000E+000  0.000000000000000E+000
  9.705826327012223E-009 -1.111368129049651E-010
  1.027542285808873E-007 -5.230177854384263E-007
         111  0.000000000000000E+000  0.000000000000000E+000
  8.080140823074991E-009 -3.544776258811706E-009
 -4.223849344534524E-007 -3.878040101231709E-007
         112  0.000000000000000E+000  0.000000000000000E+000
  5.332216436690439E-009 -4.613300017801039E-009
 -5.875754658169381E-007  1.460341539242708E-007
         113  0.000000000000000E+000  0.000000000000000E+000
  2.865258801044577E-009 -2.905443256796364E-009
 -1.968269717977755E-007  6.009408496646954E-007
         114  0.000000000000000E+000  0.000000000000000E+000
  4.240569360109396E-009 -5.120621018106130E-010
  4.346487327559459E-007  4.704782953218847E-007
         115  0.000000000000000E+000  0.000000000000000E+000
  5.388901857926017E-009 -1.782698255499165E-009
  6.150238925503687E-007 -1.769494772796048E-007
         116  0.000000000000000E+000  0.000000000000000E+000
  5.633105690372549E-009 -2.416962342743060E-009
  9.307697775174239E-008 -6.209274503220746E-007
         117  0.000000000000000E+000  0.000000000000000E+000
  5.868037228072569E-009 -2.172859700477712E-009
 -4.826040520553460E-007 -3.764377555144012E-007
         118  0.000000000000000E+000  0.000000000000000E+000
  6.209807248075405E-009 -3.803460644349857E-009
 -5.862726204817396E-007  2.458544912350232E-007
         119  0.000000000000000E+000  0.000000000000000E+000
  6.286108141999621E-009 -3.885709028413300E-009
 -2.559912011468485E-008  6.250054125327014E-007
         120  0.000000000000000E+000  0.000000000000000E+000
  6.414919012350097E-009 -7.895814817613712E-009
  5.156705905570627E-007  2.398269328529362E-007
         121  0.000000000000000E+000  0.000000000000000E+000
  1.454149218867716E-009 -7.862041072350098E-009
  3.433871998105001E-007 -3.512593124518402E-007
         122  0.000000000000000E+000  0.000000000000000E+000
 -6.348959032103629E-010 -3.243541221786803E-009
 -1.393282260409367E-007 -3.993248489664425E-007
         123  0.000000000000000E+000  0.000000000000000E+000
  2.920029565122507E-009 -1.559629177744701E-009
 -4.457125087188727E-007 -5.320937760380285E-008
         124  0.000000000000000E+000  0.000000000000000E+000
  5.631686862361361E-009 -1.613326480415021E-009
 -2.052065017350484E-007  3.964624081954134E-007
         125  0.000000000000000E+000  0.000000000000000E+000
  9.457761453756840E-009 -7.260057251677859E-009
  2.507088401038969E-007  2.905340402809986E-007
         126  0.000000000000000E+000  0.000000000000000E+000
  1.435796218335232E-009 -1.242124326947066E-008
  2.960150336399540E-007 -9.882062306320331E-008
         127  0.000000000000000E+000  0.000000000000000E+000
 -4.684937423497370E-009 -6.947721221848930E-009
  4.646293670932094E-008 -2.326114036219369E-007
         128  0.000000000000000E+000  0.000000000000000E+000
 -3.292768803859728E-010 -7.235970552519717E-010
 -2.017956344423086E-007 -2.125918002655832E-007
         129  0.000000000000000E+000  0.000000000000000E+000
  3.820198873500025E-009 -1.712205990306326E-009
 -3.252922485567637E-007  1.387130811046715E-007
         130  0.000000000000000E+000  0.000000000000000E+000
  8.243900769993184E-009 -5.330064753131326E-009
 -7.609032424621813E-009  3.371130504383820E-007
         131  0.000000000000000E+000  0.000000000000000E+000
  3.948438347757091E-009 -1.571913338972090E-008
  2.412308827905956E-007  1.662103736637857E-007
         132  0.000000000000000E+000  0.000000000000000E+000
 -7.639748161929272E-009 -1.143180087870271E-008
  2.415943610051730E-007 -8.110935538410776E-008
         133  0.000000000000000E+000  0.000000000000000E+000
 -6.309743878786451E-009  4.416843620109947E-011
  1.078061940078160E-007 -3.038256557248076E-007
         134  0.000000000000000E+000  0.000000000000000E+000
  2.327905063371854E-009  1.881641451995732E-010
 -3.285740607341259E-007 -2.332092615564974E-007
         135  0.000000000000000E+000  0.000000000000000E+000
  7.437684662262246E-009 -4.349899456931933E-009
 -3.433675151449002E-007  2.200362993083454E-007
         136  0.000000000000000E+000  0.000000000000000E+000
  5.971593407471096E-009 -1.667837583851989E-008
 -1.305420828130552E-008  4.192683707165704E-007
         137  0.000000000000000E+000  0.000000000000000E+000
 -1.020316292771598E-008 -1.670218423001989E-008
  3.805283242488118E-007  2.797945901917904E-007
         138  0.000000000000000E+000  0.000000000000000E+000
 -1.391689336539124E-008 -2.452773374631402E-009
  5.261701079367701E-007 -2.585834521369800E-007
         139  0.000000000000000E+000  0.000000000000000E+000
 -4.826353108331264E-009  2.778987528801164E-009
 -1.205039070726136E-007 -6.384276817891129E-007
         140  0.000000000000000E+000  0.000000000000000E+000
  2.139569065920712E-009  1.095022376560111E-009
 -6.561310506296203E-007 -1.054499117735188E-007
         141  0.000000000000000E+000  0.000000000000000E+000
  6.012548258148726E-009 -8.037415416793596E-009
 -4.174016994630571E-007  5.976694170112210E-007
         142  0.000000000000000E+000  0.000000000000000E+000
 -4.531128358676031E-009 -1.471158605672151E-008
  4.056898954777685E-007  7.203833684004046E-007
         143  0.000000000000000E+000  0.000000000000000E+000
 -1.184445189244771E-008 -7.322012081398705E-009
  9.122953584261011E-007 -6.899113858599266E-008
         144  0.000000000000000E+000  0.000000000000000E+000
 -8.582563347834352E-009 -9.807846443447504E-010
  2.747323683238135E-007 -9.468608247596371E-007
         145  0.000000000000000E+000  0.000000000000000E+000
 -6.031093843548137E-009  3.685020190430325E-010
 -7.891645699851385E-007 -5.962406473401803E-007
         146  0.000000000000000E+000  0.000000000000000E+000
 -1.613571799368450E-009  7.168219867782631E-010
 -8.887547524661897E-007  4.675618357427804E-007
         147  0.000000000000000E+000  0.000000000000000E+000
  4.525091834327162E-010 -4.978820366527272E-009
  3.938546359055168E-009  1.059145503383119E-006
         148  0.000000000000000E+000  0.000000000000000E+000
 -4.974296832749669E-009 -7.004054718094167E-009
  9.876543200239526E-007  5.103735374276010E-007
         149  0.000000000000000E+000  0.000000000000000E+000
 -7.014533956151064E-009 -4.035586876948448E-009
  9.381526616034673E-007 -6.619127953176646E-007
         150  0.000000000000000E+000  0.000000000000000E+000
 -6.647127403078136E-009 -3.339579320941645E-009
 -1.987087996907955E-007 -1.122709604096260E-006
         151  0.000000000000000E+000  0.000000000000000E+000
 -7.413557758733353E-009 -1.171809179767378E-009
 -1.041930893418833E-006 -3.122126192536338E-007
         152  0.000000000000000E+000  0.000000000000000E+000
 -4.557219734213296E-009 -1.901306991197841E-010
 -7.624620742247257E-007  7.439174577740061E-007
         153  0.000000000000000E+000  0.000000000000000E+000
 -4.569549783461442E-009 -2.820627779506196E-009
  2.727441918335427E-007  1.030360999200217E-006
         154  0.000000000000000E+000  0.000000000000000E+000
 -6.129283230443752E-009 -2.141137945848695E-009
  1.005455601676381E-006  2.682442668040193E-007
         155  0.000000000000000E+000  0.000000000000000E+000
 -5.752000012929382E-009 -1.878905253888829E-009
  6.762489876011559E-007 -6.897241282009754E-007
         156  0.000000000000000E+000  0.000000000000000E+000
 -7.271967876596868E-009 -1.910742530101253E-009
 -2.126323780404580E-007 -8.187557490856941E-007
         157  0.000000000000000E+000  0.000000000000000E+000
 -7.456126576675316E-009  1.473102778581445E-010
 -7.105611511880310E-007 -2.245307402775960E-007
         158  0.000000000000000E+000  0.000000000000000E+000
 -6.135834381180496E-009  6.909600861912148E-010
 -5.083573455337517E-007  4.264302221205229E-007
         159  0.000000000000000E+000  0.000000000000000E+000
 -5.694204625395950E-009  6.435189580233502E-011
  4.896963472988843E-008  5.898663527129473E-007
         160  0.000000000000000E+000  0.000000000000000E+000
 -6.398044568666635E-009 -3.064895842717203E-010
  4.443730507974505E-007  3.085114843313927E-007
         161  0.000000000000000E+000  0.000000000000000E+000
 -7.481307584200422E-009 -7.639695811672698E-011
  4.893883312408852E-007 -1.256406097990683E-007
         162  0.000000000000000E+000  0.000000000000000E+000
 -8.741030928358577E-009  1.858910727557751E-009
  2.145301959143847E-007 -4.114256727421954E-007
         163  0.000000000000000E+000  0.000000000000000E+000
 -7.243106149969293E-009  4.781265169518207E-009
 -1.524971857488475E-007 -4.120701926297632E-007
         164  0.000000000000000E+000  0.000000000000000E+000
 -3.418644281693840E-009  4.090418063723285E-009
 -4.152223667507115E-007 -1.296294920321020E-007
         165  0.000000000000000E+000  0.000000000000000E+000
 -3.694593217541629E-009  7.433311453891619E-010
 -3.427884542200429E-007  2.779563752157973E-007
         166  0.000000000000000E+000  0.000000000000000E+000
 -5.786413754423272E-009  3.708253740524458E-010
  7.039546609866158E-008  4.258314326679131E-007
         167  0.000000000000000E+000  0.000000000000000E+000
 -8.299218377215380E-009  1.400834154024483E-010
  3.447060926623595E-007  1.827828095748654E-007
         168  0.000000000000000E+000  0.000000000000000E+000
 -1.138918248846033E-008  4.397490612549378E-009
  3.683008777751859E-007 -1.286649657083923E-007
         169  0.000000000000000E+000  0.000000000000000E+000
 -7.648378547121737E-009  1.053312714557662E-008
  1.132709883626166E-007 -3.743660610922130E-007
         170  0.000000000000000E+000  0.000000000000000E+000
 -1.250860802098171E-009  8.358673015872879E-009
 -2.238627579797929E-007 -2.485569580878836E-007
         171  0.000000000000000E+000  0.000000000000000E+000
 -9.581775908874884E-010  4.821442687696128E-009
 -2.216443446794706E-007  6.474072006283879E-008
         172  0.000000000000000E+000  0.000000000000000E+000
 -1.129948702249044E-009  1.017583053762819E-009
 -7.206323787106577E-008  9.766014889085879E-008
         173  0.000000000000000E+000  0.000000000000000E+000
 -8.527723634303684E-009 -1.506417869386884E-010
  1.911346643683337E-009  1.537215379201965E-007
         174  0.000000000000000E+000  0.000000000000000E+000
 -1.130057360327154E-008  8.843434269295214E-009
  1.334518833386634E-007  6.652380496698296E-008
         175  0.000000000000000E+000  0.000000000000000E+000
 -3.778053887466234E-009  1.269610450076374E-008
  1.050398878892594E-007 -5.980954182224176E-009
         176  0.000000000000000E+000  0.000000000000000E+000
  2.102383635655895E-010  1.102206163313018E-008
  1.584368473110273E-007 -3.982900979153480E-008
         177  0.000000000000000E+000  0.000000000000000E+000
  5.117096591201810E-009  6.644840425321308E-009
  7.421356243362517E-008 -2.774678957548308E-007
         178  0.000000000000000E+000  0.000000000000000E+000
 -3.399151683260533E-010 -7.810378453470725E-010
 -2.198920336828188E-007 -1.276100474204276E-007
         179  0.000000000000000E+000  0.000000000000000E+000
 -7.785852537627492E-009  4.007187419647326E-009
 -1.134430084123922E-007  6.903147171556743E-008
         180  0.000000000000000E+000  0.000000000000000E+000
 -4.068512028065498E-009  1.133429413020745E-008
 -4.095648763332377E-008  6.948905312616851E-008
         181  0.000000000000000E+000  0.000000000000000E+000
  8.340045163978480E-010  1.007947946431134E-008
  1.912244394749900E-008  7.770516206863534E-008
         182  0.000000000000000E+000  0.000000000000000E+000
  3.620477969202244E-009  8.231658964830217E-009
  8.104075086257280E-008  5.079531694443572E-009
         183  0.000000000000000E+000  0.000000000000000E+000
  2.163732505931456E-009  1.796254252504424E-009
 -1.571437335792419E-008  3.958316877743897E-008
         184  0.000000000000000E+000  0.000000000000000E+000
 -5.129180670008418E-009  4.434138275248822E-009
  2.258747585786857E-007  7.426591462295805E-008
         185  0.000000000000000E+000  0.000000000000000E+000
 -3.230469800146498E-009  1.263074975324593E-008
  2.106045371652251E-007 -3.174539933152399E-007
         186  0.000000000000000E+000  0.000000000000000E+000
  5.432752655388217E-009  1.176170008203640E-008
 -2.176470543418573E-007 -3.718503462718840E-007
         187  0.000000000000000E+000  0.000000000000000E+000
  6.400118054728035E-009  6.301069263606718E-009
 -4.393813525577719E-007 -1.357461791403811E-008
         188  0.000000000000000E+000  0.000000000000000E+000
  4.843326255447369E-009  1.660871082535256E-009
 -3.247770932580868E-007  3.722049125076921E-007
         189  0.000000000000000E+000  0.000000000000000E+000
 -3.297025777586777E-009  2.748546593899549E-009
  2.644754050878719E-007  5.976880642876908E-007
         190  0.000000000000000E+000  0.000000000000000E+000
 -2.766248428871076E-009  1.238677845409101E-008
  7.413165992371154E-007 -6.084642337940539E-008
         191  0.000000000000000E+000  0.000000000000000E+000
  7.505917618487043E-009  1.391053196261966E-008
  2.719155520443043E-007 -7.145483865067319E-007
         192  0.000000000000000E+000  0.000000000000000E+000
  1.104003252077921E-008  6.878236341961252E-009
 -4.862099697685072E-007 -6.117294095051952E-007
         193  0.000000000000000E+000  0.000000000000000E+000
  9.614344323497284E-009  9.700423064213280E-010
 -8.296563086535475E-007  1.006564279637939E-007
         194  0.000000000000000E+000  0.000000000000000E+000
  2.241877396303664E-009 -1.350067125883782E-010
 -2.396278890858717E-007  8.560429984491693E-007
         195  0.000000000000000E+000  0.000000000000000E+000
  8.483742593399973E-010  6.261374463270712E-009
  6.921090169806563E-007  4.857919888804262E-007
         196  0.000000000000000E+000  0.000000000000000E+000
  6.354462473825001E-009  8.874174248717513E-009
  6.654625654594869E-007 -4.053703272137507E-007
         197  0.000000000000000E+000  0.000000000000000E+000
  9.647341508172247E-009  4.359699916811902E-009
 -4.357226576517465E-008 -7.425876137721459E-007
         198  0.000000000000000E+000  0.000000000000000E+000
  7.785506708039177E-009  1.488201858520735E-009
 -6.367064345752677E-007 -3.254991074603020E-007
         199  0.000000000000000E+000  0.000000000000000E+000
  5.150879397126736E-009  9.341070428085442E-010
 -5.780071274908879E-007  3.944055874690458E-007
         200  0.000000000000000E+000  0.000000000000000E+000
  4.550148289183426E-009  3.902534412579285E-009
  9.924047325798899E-008  6.226667051842313E-007
         201  0.000000000000000E+000  0.000000000000000E+000
  7.541145960851852E-009  4.332822061134851E-009
  5.142301868125577E-007  1.755100846488100E-007
         202  0.000000000000000E+000  0.000000000000000E+000
  9.340101570477331E-009  1.758179591324782E-009
  3.937317029591276E-007 -3.167279782240131E-007
         203  0.000000000000000E+000  0.000000000000000E+000
  7.515743126143156E-009 -1.116323867529431E-009
 -4.235716564288951E-008 -5.143408423804954E-007
         204  0.000000000000000E+000  0.000000000000000E+000
  5.001736100560994E-009 -4.630986133135914E-010
 -4.681844711358883E-007 -2.738787120113628E-007
         205  0.000000000000000E+000  0.000000000000000E+000
  4.344929794322635E-009  1.679809373792622E-009
 -4.938072822130461E-007  2.417718839798412E-007
         206  0.000000000000000E+000  0.000000000000000E+000
  6.784138596172834E-009  3.482493463202877E-009
 -7.816249856584576E-008  5.230979150002834E-007
         207  0.000000000000000E+000  0.000000000000000E+000
  9.682694814007743E-009  1.601074807091671E-009
  3.861607078831201E-007  3.575429147483718E-007
         208  0.000000000000000E+000  0.000000000000000E+000
  9.701062168555738E-009 -1.586743784668912E-009
  5.300985355929526E-007 -1.442118777333064E-007
         209  0.000000000000000E+000  0.000000000000000E+000
  7.656863860219849E-009 -3.282014566469520E-009
  1.679585522740235E-007 -5.624741178192249E-007
         210  0.000000000000000E+000  0.000000000000000E+000
  5.967045558434228E-009 -2.959618166031432E-009
 -4.069481887050447E-007 -4.931934987129315E-007
         211  0.000000000000000E+000  0.000000000000000E+000
  5.370208576866101E-009 -1.838176765920156E-009
 -6.866024864240145E-007  7.901058694862645E-008
         212  0.000000000000000E+000  0.000000000000000E+000
  6.350262741788160E-009 -1.604887265302463E-009
 -2.988738593791054E-007  6.287960667078875E-007
         213  0.000000000000000E+000  0.000000000000000E+000
  6.381139440385015E-009 -1.780897110310278E-009
  3.577186194225043E-007  5.673577640879869E-007
         214  0.000000000000000E+000  0.000000000000000E+000
  7.255587083063552E-009 -2.290127094976982E-009
  6.439448420886869E-007 -8.424036827780705E-009
         215  0.000000000000000E+000  0.000000000000000E+000
  7.714138731733300E-009 -3.324013029031198E-009
  3.139881415000539E-007 -5.623530599481941E-007
         216  0.000000000000000E+000  0.000000000000000E+000
  6.857112982078550E-009 -4.994470847596084E-009
 -3.418966460275728E-007 -5.058448937986013E-007
         217  0.000000000000000E+000  0.000000000000000E+000
  6.572561739692165E-009 -5.074747383817672E-009
 -5.062767879104621E-007  4.703506608704045E-009
         218  0.000000000000000E+000  0.000000000000000E+000
  4.896166769073667E-009 -6.982899440618876E-009
 -2.992668934278223E-007  2.988910102814355E-007
         219  0.000000000000000E+000  0.000000000000000E+000
  3.100078551209950E-009 -5.136651466508506E-009
 -1.978026422273233E-008  3.919659364213743E-007
         220  0.000000000000000E+000  0.000000000000000E+000
  3.497265880813051E-009 -3.618925511096405E-009
  2.589180451404535E-007  2.826009721953103E-007
         221  0.000000000000000E+000  0.000000000000000E+000
  5.648519191054966E-009 -3.681392091082363E-009
  3.284814886298280E-007 -1.220655138426606E-008
         222  0.000000000000000E+000  0.000000000000000E+000
  6.651517430686286E-009 -4.662827899020765E-009
  2.685360154464876E-007 -1.922879783237278E-007
         223  0.000000000000000E+000  0.000000000000000E+000
  7.835694194434284E-009 -9.046654209638549E-009
  3.884552821332734E-008 -4.711788368024672E-007
         224  0.000000000000000E+000  0.000000000000000E+000
  2.220006606354558E-009 -1.095382406846318E-008
 -4.860920306314815E-007 -3.259576353902274E-007
         225  0.000000000000000E+000  0.000000000000000E+000
 -4.392082565602758E-010 -8.355114057290972E-009
 -5.808483971792573E-007  2.658387031424342E-007
         226  0.000000000000000E+000  0.000000000000000E+000
  1.821658238992757E-010 -5.559611347599507E-009
 -1.365105524451028E-007  6.171559272646649E-007
         227  0.000000000000000E+000  0.000000000000000E+000
  1.221393317660123E-009 -4.632353231122335E-009
  4.404559979634295E-007  5.580384892807176E-007
         228  0.000000000000000E+000  0.000000000000000E+000
  4.944166505183130E-009 -6.244207501049232E-009
  7.581175342419871E-007 -1.618824506037468E-007
         229  0.000000000000000E+000  0.000000000000000E+000
  1.418382174787858E-009 -1.068804007601224E-008
  1.308764304439667E-007 -7.030670866138334E-007
         230  0.000000000000000E+000  0.000000000000000E+000
 -1.898396446454473E-009 -8.911841004735633E-009
 -4.963281708777340E-007 -3.712123757096951E-007
         231  0.000000000000000E+000  0.000000000000000E+000
 -2.367706379379598E-009 -6.032273915618394E-009
 -4.857763601891125E-007  1.875121122455124E-007
         232  0.000000000000000E+000  0.000000000000000E+000
 -1.352672547317336E-009 -4.977604759114770E-009
 -1.148107712964789E-007  4.767595434174614E-007
         233  0.000000000000000E+000  0.000000000000000E+000
  2.102544835410555E-009 -4.694320684674691E-009
  3.202676516818363E-007  2.240651883281176E-007
         234  0.000000000000000E+000  0.000000000000000E+000
  1.010258251916466E-009 -1.154196079386566E-008
  1.167647748685981E-007 -1.144596143422326E-007
         235  0.000000000000000E+000  0.000000000000000E+000
 -6.327545720739771E-009 -9.198221012552959E-009
 -2.229348896697783E-008  7.992364323469160E-008
         236  0.000000000000000E+000  0.000000000000000E+000
 -6.130432582850850E-009 -3.309980957826595E-009
  2.231589628093335E-007  1.008412156483565E-007
         237  0.000000000000000E+000  0.000000000000000E+000
 -1.067293396241404E-009 -1.491166269823364E-009
  2.372831049509290E-007 -2.456415299122940E-007
         238  0.000000000000000E+000  0.000000000000000E+000
  2.199604856102439E-009 -4.071164821162536E-009
 -8.585137439353860E-008 -3.808199026283673E-007
         239  0.000000000000000E+000  0.000000000000000E+000
  3.200075208838626E-009 -1.093020149031652E-008
 -5.078514342244937E-007 -2.065857453195828E-007
         240  0.000000000000000E+000  0.000000000000000E+000
 -6.908317172316547E-009 -1.430389228195997E-008
 -5.438188173015306E-007  4.908734697683377E-007
         241  0.000000000000000E+000  0.000000000000000E+000
 -1.164984807090727E-008 -5.965779505868311E-009
  2.308045482854441E-007  7.971337448248105E-007
         242  0.000000000000000E+000  0.000000000000000E+000
 -7.426440302203337E-009  2.464002596650116E-010
  8.290328433875807E-007  1.737790746119394E-007
         243  0.000000000000000E+000  0.000000000000000E+000
 -1.915636952394257E-009 -3.688910234024334E-010
  5.628432914019545E-007 -5.835925114325669E-007
         244  0.000000000000000E+000  0.000000000000000E+000
  1.608710910712441E-009 -5.359313925847338E-009
 -2.201486761943872E-007 -8.239875438375662E-007
         245  0.000000000000000E+000  0.000000000000000E+000
 -4.221839878372991E-009 -1.178265185411541E-008
 -8.772587475352150E-007 -1.429008800230732E-007
         246  0.000000000000000E+000  0.000000000000000E+000
 -1.094120427409213E-008 -7.485140834941258E-009
 -4.735472956630471E-007  7.105909544501792E-007
         247  0.000000000000000E+000  0.000000000000000E+000
 -1.040027810532167E-008 -1.630322628874377E-009
  3.698857512897341E-007  6.856209991842300E-007
         248  0.000000000000000E+000  0.000000000000000E+000
 -7.010069190881872E-009  1.059069607963033E-010
  6.833921839164302E-007  4.988136214778794E-008
         249  0.000000000000000E+000  0.000000000000000E+000
 -4.138052571934281E-009 -8.493783726809420E-010
  3.560810248828263E-007 -5.000200319954928E-007
         250  0.000000000000000E+000  0.000000000000000E+000
 -4.812408100133671E-009 -4.483138895501071E-009
 -2.385050985529698E-007 -4.425182030109254E-007
         251  0.000000000000000E+000  0.000000000000000E+000
 -8.624350506523225E-009 -3.242931200419748E-009
 -3.680699574673274E-007  4.452717989858385E-009
         252  0.000000000000000E+000  0.000000000000000E+000
 -8.025149392634978E-009 -2.260291311763758E-010
 -1.578571180324824E-007  2.232151692820090E-007
         253  0.000000000000000E+000  0.000000000000000E+000
 -6.035688990971091E-009 -2.400694994320417E-011
  3.666822673255142E-008  2.278447659156760E-007
         254  0.000000000000000E+000  0.000000000000000E+000
 -6.042709397094126E-009 -1.208317599476872E-009
  1.837503053524923E-007  1.481766749962126E-007
         255  0.000000000000000E+000  0.000000000000000E+000
 -7.070881564532658E-009 -1.309123176448472E-009
  2.387047483281720E-007 -3.037749887107771E-008
         256  0.000000000000000E+000  0.000000000000000E+000
 -8.189474300041747E-009 -4.644219697881495E-010
  1.378440976273232E-007 -1.940419645152513E-007
