   409.600000000000     
         256           1           3
  1.124309127438499E-002   40.0812490812021        115.615629555227     
   39.0000000000000        116.000000000000        6351.00000000000     
           0  0.000000000000000E+000  0.000000000000000E+000
  0.000000000000000E+000  0.000000000000000E+000
  0.000000000000000E+000  0.000000000000000E+000
           1  1.214607240755038E-006 -1.282618112858798E-007
  3.102085334152570E-006  2.387551004838863E-007
  1.797941423477920E-005 -3.301905398353433E-007
           2  1.509255482357836E-006 -3.843896077145123E-007
  2.951966730705923E-006  7.248086356987031E-007
  1.847163442641779E-005 -7.240627762202012E-007
           3  1.888603088630710E-006 -1.077973150878922E-006
  3.030339625610452E-006  1.569383087608209E-006
  1.932777658773962E-005 -1.296202136903176E-006
           4  1.920421062030376E-006 -2.325502855572158E-006
  3.643540312265749E-006  2.612132375169808E-006
  2.056171787524633E-005 -2.213106716458362E-006
           5  1.134976794800107E-006 -3.874242498771983E-006
  4.899677286447770E-006  3.532158138568374E-006
  2.212430666407779E-005 -3.748180665997370E-006
           6 -6.995641320097135E-007 -5.159188821035352E-006
  6.732292040574860E-006  4.010626958297685E-006
  2.373167606359851E-005 -6.097159035565530E-006
           7 -3.429136559728497E-006 -5.528146579482540E-006
  8.864730671708600E-006  3.853587027814865E-006
  2.514264671033620E-005 -9.440747252916033E-006
           8 -6.537405438504827E-006 -4.468013837162481E-006
  1.108391143229536E-005  3.141928231777458E-006
  2.578484806402791E-005 -1.396012107200062E-005
           9 -9.257297422675274E-006 -1.784963838052816E-006
  1.345131782362546E-005  1.926331118054383E-006
  2.489124235443143E-005 -1.917325873562578E-005
          10 -1.078273409926382E-005  2.317894896782664E-006
  1.605069176075749E-005  7.341823058982737E-008
  2.221446200043650E-005 -2.444134373270267E-005
          11 -1.040826377860370E-005  7.234062567842856E-006
  1.894885602376956E-005 -2.801888270707275E-006
  1.772034710995974E-005 -2.884562893474148E-005
          12 -7.828680984491084E-006  1.201338107826275E-005
  2.179314112504329E-005 -7.312709609316803E-006
  1.227254048801475E-005 -3.166653570085213E-005
          13 -3.240876657556328E-006  1.569855072006711E-005
  2.389639081451998E-005 -1.389215260471377E-005
  5.918753082554219E-006 -3.327812071523469E-005
          14  2.783079427349472E-006  1.753508697402529E-005
  2.395975709817072E-005 -2.290907310579328E-005
 -8.879988237003341E-007 -3.257109783745971E-005
          15  9.378682468539559E-006  1.717893397212955E-005
  2.008846139829986E-005 -3.379431268540830E-005
 -6.929877374014561E-006 -2.917422282161988E-005
          16  1.597736782889706E-005  1.483484371362574E-005
  1.052978717930334E-005 -4.446033868790372E-005
 -1.014871712730092E-005 -2.375744044371082E-005
          17  2.244087079274460E-005  1.037072896790852E-005
 -5.020942475978911E-006 -5.162814588739067E-005
 -1.037273830366748E-005 -1.955062814207476E-005
          18  2.840539569291815E-005  3.417964416281240E-006
 -2.517290402887133E-005 -5.176271130286702E-005
 -9.665948990543754E-006 -1.633706576341069E-005
          19  3.326501722932820E-005 -6.810994132540543E-006
 -4.598842009464641E-005 -4.177126273573696E-005
 -7.677756644412928E-006 -1.451740985295660E-005
          20  3.523418031645412E-005 -2.133476072818273E-005
 -6.153961235494028E-005 -2.123490508900241E-005
 -5.636568188639135E-006 -1.505426674581465E-005
          21  3.091777425070981E-005 -4.016632550497410E-005
 -6.570502148918064E-005  6.617529759282340E-006
 -4.725951130639521E-006 -1.785504208583959E-005
          22  1.582652037056278E-005 -6.091310519204407E-005
 -5.437189180199169E-005  3.435164736090263E-005
 -7.571040139390491E-006 -2.138668756490936E-005
          23 -1.441856588129379E-005 -7.689916611665436E-005
 -2.906776385362524E-005  5.202068764412568E-005
 -1.288996349641324E-005 -2.232113681467840E-005
          24 -5.907812336598301E-005 -7.589280152031567E-005
  1.676906250702196E-006  5.171923580652399E-005
 -1.856510346583406E-005 -2.037412797008809E-005
          25 -1.068628456271414E-004 -4.565227274214039E-005
  2.450779459972703E-005  3.310188454688732E-005
 -2.282794713581886E-005 -1.509834682493492E-005
          26 -1.368185825414681E-004  1.745240568157802E-005
  2.853562951521649E-005  5.697581049193731E-006
 -2.364512134415111E-005 -8.374615899938893E-006
          27 -1.247613929135214E-004  1.010158383535457E-004
  1.187246804986220E-005 -1.451456592242592E-005
 -2.029547908416031E-005 -2.575020822376568E-006
          28 -5.708975297802925E-005  1.738591617253519E-004
 -1.439923489535351E-005 -1.368155791660169E-005
 -1.426963441142471E-005 -1.007511033009774E-006
          29  5.511096017240905E-005  1.970246421090805E-004
 -3.120923640972134E-005  1.061606855135547E-005
 -9.784235737877967E-006 -4.484235201023436E-006
          30  1.726713906367789E-004  1.429978773186965E-004
 -2.081059441435977E-005  4.517000139797436E-005
 -9.751188003143981E-006 -1.068029870675406E-005
          31  2.400676841805179E-004  1.720461772837267E-005
  1.968750038374732E-005  6.445236559878983E-005
 -1.538056780175865E-005 -1.593622160786356E-005
          32  2.147991911796625E-004 -1.344808315592369E-004
  7.141120105337929E-005  4.627733122735865E-005
 -2.495704650976696E-005 -1.629171613792202E-005
          33  9.514999158195125E-005 -2.444286033506726E-004
  1.018599606101392E-004 -1.125171007110846E-005
 -3.427223463253294E-005 -9.910702532656923E-006
          34 -7.317172672662419E-005 -2.569450866729987E-004
  8.449095054239627E-005 -8.416700681701688E-005
 -3.878628380572497E-005  1.758809650745365E-006
          35 -2.153333057694017E-004 -1.595957077441042E-004
  1.669840038088381E-005 -1.340587973440827E-004
 -3.604054364733034E-005  1.441601642740702E-005
          36 -2.651039154859113E-004  6.182843239324682E-006
 -7.559858279702059E-005 -1.286876009723778E-004
 -2.708302396089596E-005  2.324240483417245E-005
          37 -1.997837231609666E-004  1.645988736509320E-004
 -1.485799230811760E-004 -6.157165753443518E-005
 -1.594335954821844E-005  2.566664670869049E-005
          38 -5.246235025693147E-005  2.436439637564736E-004
 -1.641911430881739E-004  4.161969010918910E-005
 -6.434277228126630E-006  2.183953885724952E-005
          39  1.050375741545715E-004  2.119826469232844E-004
 -1.101264821195317E-004  1.350442547421347E-004
 -2.370764116423821E-006  1.425457430241650E-005
          40  2.007452251309271E-004  9.337368174116011E-005
 -8.274788833664538E-006  1.751807232710281E-004
 -4.257551605045712E-006  7.882704724889366E-006
          41  1.976805311711596E-004 -4.964989152536681E-005
  9.655573992905172E-005  1.438952076663683E-004
 -9.328847495472566E-006  5.452126284976899E-006
          42  1.089800795781572E-004 -1.483324055417428E-004
  1.588969663779063E-004  5.593600802051758E-005
 -1.385274836646801E-005  7.984972882881554E-006
          43 -1.203839064242008E-005 -1.622063319278368E-004
  1.541267184092383E-004 -4.883699988120052E-005
 -1.523296775448607E-005  1.276332438353974E-005
          44 -1.018020315112135E-004 -9.687842355964975E-005
  8.845745775761167E-005 -1.253155243770972E-004
 -1.370158223381440E-005  1.787815836469269E-005
          45 -1.193472139806582E-004  2.675424442480486E-006
 -5.087245508585205E-006 -1.435570478125648E-004
 -8.617573074976880E-006  2.115143425339207E-005
          46 -6.546780101181662E-005  7.837082901044568E-005
 -8.361738943618641E-005 -1.030356193726330E-004
 -3.283097816329105E-006  2.066937626717099E-005
          47  2.127966259924999E-005  9.046794700412395E-005
 -1.166550589950351E-004 -2.945488636205166E-005
  4.900747479200543E-008  1.742580365134336E-005
          48  8.789904629962992E-005  3.627067369030214E-005
 -9.804007180985794E-005  4.039912923604056E-005
 -2.860437449198367E-007  1.382204506820023E-005
          49  9.477795856769171E-005 -5.120225182591545E-005
 -4.605714715657146E-005  7.694000472324441E-005
 -2.244174539599414E-006  1.320121863075079E-005
          50  3.504214516925909E-005 -1.218347503177693E-004
  8.830007159798547E-006  7.046191444556018E-005
 -3.992964118986844E-006  1.399945240854132E-005
          51 -6.322287845242298E-005 -1.341572632341700E-004
  3.834329048636983E-005  3.311167094622979E-005
 -5.180829473083153E-006  1.699475347175762E-005
          52 -1.519401177086714E-004 -7.550268576372786E-005
  3.099632456389925E-005 -7.998637371470051E-006
 -3.607942207969165E-006  2.133337815534018E-005
          53 -1.860882550728962E-004  3.268603323142228E-005
 -3.600424050136502E-006 -2.691974351700631E-005
  6.499834910355507E-007  2.508078316958562E-005
          54 -1.449794249664937E-004  1.447822365492082E-004
 -4.149701106176468E-005 -1.130776286009761E-005
  7.680038135684829E-006  2.570593690377847E-005
          55 -4.147857165649628E-005  2.127648244097742E-004
 -5.762737828772278E-005  3.142018880288694E-005
  1.340033210021584E-005  2.235278224304994E-005
          56  8.477530960782137E-005  2.073509321226420E-004
 -3.817512818257158E-005  8.010573553732745E-005
  1.657071668798188E-005  1.781762259863674E-005
          57  1.852166363191799E-004  1.300564203380532E-004
  1.410496704725513E-005  1.089635050972644E-004
  1.743529892208934E-005  1.270681017458465E-005
          58  2.234761570525317E-004  1.119785508032813E-005
  7.966085048935652E-005  9.995849962368367E-005
  1.640189332215832E-005  8.791961127180769E-006
          59  1.894737472538544E-004 -1.049735244426726E-004
  1.322995290888470E-004  5.128715996910472E-005
  1.393928875553820E-005  5.969496621874988E-006
          60  1.006887423034110E-004 -1.787352528075971E-004
  1.498854726434512E-004 -2.212064131155041E-005
  1.059010924460413E-005  5.802331872127151E-006
          61 -6.923161025236843E-006 -1.896899831938420E-004
  1.245936650773425E-004 -9.529863695194462E-005
  9.318045196887710E-006  7.847577947900427E-006
          62 -9.458164851951853E-005 -1.425706710937956E-004
  6.395800928723457E-005 -1.445312586637282E-004
  9.894115348704513E-006  1.006593439448991E-005
          63 -1.357926913775357E-004 -6.291505068945019E-005
 -1.205659411953680E-005 -1.544744743806271E-004
  1.226191952807560E-005  1.155277604710608E-005
          64 -1.253305401695066E-004  1.551957646071670E-005
 -7.903760606322735E-005 -1.252870655742349E-004
  1.530915017619258E-005  1.145144498365432E-005
          65 -7.841984109682298E-005  6.505697174253008E-005
 -1.189644983509363E-004 -7.063002762995761E-005
  1.838523270479974E-005  1.039395082135916E-005
          66 -2.159500921899526E-005  7.452319589398536E-005
 -1.263229015399626E-004 -1.040343977266945E-005
  2.108432193843888E-005  7.909261280656746E-006
          67  2.015102912353390E-005  5.086234539266036E-005
 -1.072592803644016E-004  3.954593385820951E-005
  2.282531342343597E-005  4.896259821537348E-006
          68  3.315778367780766E-005  1.292158614616018E-005
 -7.299063453142636E-005  6.986803004558733E-005
  2.390856596986091E-005  1.682859363840250E-006
          69  1.827408289775445E-005 -1.841470296160855E-005
 -3.740852362373289E-005  7.966258066993489E-005
  2.440339466211943E-005 -1.801351369579061E-006
          70 -1.202214882734270E-005 -2.861881891485736E-005
 -9.757047858146001E-006  7.598392783457194E-005
  2.405944115727031E-005 -5.179960150808564E-006
          71 -4.026656562249818E-005 -1.472519604257500E-005
  8.052129386154419E-006  6.875582763004765E-005
  2.354254464246218E-005 -8.373798804250008E-006
          72 -5.256107006929277E-005  1.523492096286007E-005
  2.177263706753027E-005  6.368727087683254E-005
  2.240017689516166E-005 -1.206266885671807E-005
          73 -4.341981030497453E-005  4.751562870495500E-005
  3.681632825580460E-005  5.974497644686334E-005
  2.030936753017693E-005 -1.558997953995122E-005
          74 -1.726813199017623E-005  6.903522059435117E-005
  5.595252191432336E-005  5.247636253427361E-005
  1.683929838917121E-005 -1.843177624232972E-005
          75  1.550240753663787E-005  7.390769339921177E-005
  7.695925950815136E-005  3.633579784280359E-005
  1.334718583567148E-005 -1.997838238503560E-005
          76  4.560203305344911E-005  6.367166287619562E-005
  9.349272370527444E-005  7.917050803725172E-006
  9.645931398353266E-006 -2.130047314365644E-005
          77  6.775871856975459E-005  4.316709206897496E-005
  9.605809134007467E-005 -3.018538198330249E-005
  5.303603372834285E-006 -2.091807459003517E-005
          78  8.079849056253495E-005  1.776829413125917E-005
  7.979854396772156E-005 -6.797331863091739E-005
  2.001252619229490E-006 -1.954711744982627E-005
          79  8.627831003394049E-005 -9.843172462726314E-006
  4.706306485589652E-005 -9.538619414299490E-005
 -4.320444525637676E-007 -1.745687140035785E-005
          80  8.479319366761974E-005 -3.962993418993717E-005
  5.003785541802434E-006 -1.050530668936287E-004
 -1.645303159113263E-006 -1.544143164303104E-005
          81  7.453892243737298E-005 -7.229573016770097E-005
 -3.596356344463221E-005 -9.445873878695041E-005
 -2.976250976370357E-006 -1.376708118305724E-005
          82  5.025460268600926E-005 -1.064649030220529E-004
 -6.532350382276038E-005 -6.718836211592626E-005
 -3.282334038051610E-006 -1.154692734669178E-005
          83  6.540294763887361E-006 -1.337696549909848E-004
 -7.645101710927354E-005 -3.349811866042299E-005
 -3.027435381571512E-006 -1.007050416448814E-005
          84 -5.451531865811948E-005 -1.412665272597572E-004
 -7.159598162985498E-005 -4.606877687159884E-006
 -2.719307239507731E-006 -8.722460368633023E-006
          85 -1.226767498991675E-004 -1.174165813541140E-004
 -5.836330338947152E-005  1.304170532396099E-005
 -1.963312173859842E-006 -7.810716168500442E-006
          86 -1.793860753986853E-004 -5.654483731377236E-005
 -4.665071462236455E-005  1.951112321203324E-005
 -1.015251729269238E-006 -6.598050077106277E-006
          87 -2.026315922642190E-004  3.407799332375098E-005
 -4.238733750651030E-005  2.177589609223529E-005
  1.231849450398154E-006 -6.196833404530393E-006
          88 -1.766459382749804E-004  1.341255624115411E-004
 -4.510969839953619E-005  2.855685127265935E-005
  3.471144764805418E-006 -7.477118017314819E-006
          89 -9.824563939097019E-005  2.153186431155570E-004
 -4.726193192371260E-005  4.640314419778337E-005
  5.339526175783351E-006 -9.841766632887324E-006
          90  1.827021050458909E-005  2.487386134948321E-004
 -3.734179914494626E-005  7.367289940681662E-005
  5.791709792930909E-006 -1.371054156081732E-005
          91  1.426789229835764E-004  2.177107543938984E-004
 -7.339094749338390E-006  1.001694236080222E-004
  4.614880164495839E-006 -1.779584918908460E-005
          92  2.394932703824100E-004  1.237626039770610E-004
  4.229765307160715E-005  1.108674408104309E-004
  1.627165026701579E-006 -2.206447081669093E-005
          93  2.765166795202514E-004 -1.217082416495795E-005
  1.007030652326087E-004  9.273997849042351E-005
 -3.959705214771614E-006 -2.495120842703316E-005
          94  2.370245236347860E-004 -1.521273977608945E-004
  1.499181030210182E-004  4.046518250895109E-005
 -1.043841348513183E-005 -2.546148514872490E-005
          95  1.285615601633859E-004 -2.536846662887592E-004
  1.681629293187203E-004 -3.969812506278899E-005
 -1.706764241590127E-005 -2.315472828269973E-005
          96 -1.904967287326991E-005 -2.844693583444252E-004
  1.402234973184410E-004 -1.266083122945767E-004
 -2.197757242013450E-005 -1.835964205918735E-005
          97 -1.615887986658418E-004 -2.330406873144717E-004
  6.577772367511788E-005 -1.927601155287906E-004
 -2.483125088992789E-005 -1.270331810866846E-005
          98 -2.555443966173791E-004 -1.150449932513452E-004
 -3.910606899604235E-005 -2.129492769902624E-004
 -2.520445973782642E-005 -6.369536384777698E-006
          99 -2.732872543835634E-004  3.338364803069576E-005
 -1.456595810739103E-004 -1.749751305717045E-004
 -2.322469907696828E-005 -1.254813296989269E-006
         100 -2.104397143972045E-004  1.665233804720689E-004
 -2.213760212877883E-004 -8.342313224387631E-005
 -2.000616831549647E-005  2.092413225956142E-006
         101 -8.926031181389569E-005  2.431207365704709E-004
 -2.398096008569938E-004  3.801420024901791E-005
 -1.644041479133495E-005  3.171336101171325E-006
         102  4.857225632640340E-005  2.423991721178556E-004
 -1.925473005398874E-004  1.542749261951265E-004
 -1.409030855284216E-005  2.751238450579276E-006
         103  1.581666060172739E-004  1.708901399049729E-004
 -9.136374629262051E-005  2.309285302997951E-004
 -1.293914561221796E-005  1.652888556987564E-006
         104  2.073555653638380E-004  5.918049438248687E-005
  3.498960717076765E-005  2.458829110230239E-004
 -1.314568637027974E-005  6.245358826246621E-007
         105  1.890608477730498E-004 -5.069864297493808E-005
  1.516539939627042E-004  1.949647011270837E-004
 -1.424179162973342E-005  3.854377911426927E-007
         106  1.215946755899959E-004 -1.236808884747371E-004
  2.253655019146377E-004  9.260926490194612E-005
 -1.549544471419916E-005  9.702692548603141E-007
         107  3.767310224409180E-005 -1.437558141777160E-004
  2.366400598049445E-004 -2.989161251105162E-005
 -1.681097206572162E-005  2.298657961859458E-006
         108 -2.911351117656571E-005 -1.177682951805890E-004
  1.870281158101006E-004 -1.372717966753125E-004
 -1.755429092224634E-005  4.497609901062635E-006
         109 -5.918173515982951E-005 -7.086217193998189E-005
  9.606336517677198E-005 -2.032350952446959E-004
 -1.742353927394482E-005  6.492629766276044E-006
         110 -5.451449916901602E-005 -3.205886905409686E-005
 -9.413139024409797E-006 -2.169944409887573E-004
 -1.719108553591601E-005  8.390790979400985E-006
         111 -3.514233944300004E-005 -1.995002484031990E-005
 -1.025306005896557E-004 -1.818337537915673E-004
 -1.703745380972266E-005  1.012666005910584E-005
         112 -2.773463057048156E-005 -3.265123537600986E-005
 -1.643749539796438E-004 -1.140014608408096E-004
 -1.712838417298323E-005  1.259751994453258E-005
         113 -4.796952873205463E-005 -4.908949339227737E-005
 -1.885513067419410E-004 -3.347830272428724E-005
 -1.595339770709645E-005  1.586738895355771E-005
         114 -9.113312609611557E-005 -4.338227828339302E-005
 -1.788441331637248E-004  4.220283443176394E-005
 -1.387914284951585E-005  1.884625792626136E-005
         115 -1.345010368519355E-004  8.576989140930839E-007
 -1.449122125932967E-004  1.029023706869154E-004
 -1.058520361772188E-005  2.137070695629011E-005
         116 -1.470633321102176E-004  8.014759703226190E-005
 -9.653116671630676E-005  1.449596469830329E-004
 -6.507664768894455E-006  2.275094060382450E-005
         117 -1.051826263401270E-004  1.685071465148886E-004
 -4.065938670304739E-005  1.694299307489879E-004
 -1.878601485135035E-006  2.299613313738582E-005
         118 -7.281840199383745E-006  2.271076305109922E-004
  2.046695849208625E-005  1.772904879681717E-004
  2.591655266646943E-006  2.078945970143263E-005
         119  1.216160109600906E-004  2.212393055764703E-004
  8.516333601530229E-005  1.660724254819384E-004
  5.150978338252336E-006  1.727826284886986E-005
         120  2.365144792366544E-004  1.378558295791619E-004
  1.488380756617571E-004  1.305146737947588E-004
  5.774055464037049E-006  1.347363772984965E-005
         121  2.908658634089717E-004 -5.211176258842369E-006
  1.997864813668984E-004  6.664069059171996E-005
  4.103548049857394E-006  1.042283627074485E-005
         122  2.557660133508023E-004 -1.635510663614270E-004
  2.225104497964204E-004 -2.068598244059617E-005
  1.636158345454920E-006  9.312122946679740E-006
         123  1.342626078404106E-004 -2.812427067353570E-004
  2.043496838914515E-004 -1.177421401771741E-004
 -1.306145506196359E-006  1.010413766630759E-005
         124 -3.685613264159956E-005 -3.129686645814223E-004
  1.406811678450403E-004 -2.029783374410074E-004
 -3.114641476715873E-006  1.334259324513140E-005
         125 -1.992668397280245E-004 -2.429635016811979E-004
  3.940722387953249E-005 -2.534771464842039E-004
 -2.406550621232487E-006  1.732792564063537E-005
         126 -2.950194250821769E-004 -9.323267185040557E-005
 -7.942444694408605E-005 -2.514363228472329E-004
  5.290598809023916E-007  2.107978390170434E-005
         127 -2.894704087570318E-004  8.396060130702785E-005
 -1.865487202716583E-004 -1.925114150374324E-004
  5.215268049717433E-006  2.299455478539257E-005
         128 -1.842979967200939E-004  2.247594478012710E-004
 -2.547351831589173E-004 -8.882408133459587E-005
  1.033109017481951E-005  2.303662555870477E-005
         129 -1.958086107898401E-005  2.773701401313283E-004
 -2.661349921258935E-004  3.477123103899927E-005
  1.554793985656521E-005  2.108576433339633E-005
         130  1.413494444095028E-004  2.241695228921420E-004
 -2.190881121653936E-004  1.473229561654910E-004
  1.912814612730521E-005  1.716322688051233E-005
         131  2.370548930753065E-004  8.836514255546957E-005
 -1.277874321173496E-004  2.223812799728428E-004
  2.080936530962113E-005  1.280440705211844E-005
         132  2.318179350364579E-004 -7.498111234730300E-005
 -1.812805081521605E-005  2.453734674789093E-004
  2.077368618031154E-005  8.997859152833621E-006
         133  1.292823657219626E-004 -2.005021107985535E-004
  8.290472182087220E-005  2.183245398956042E-004
  2.006996042080413E-005  6.538496613437831E-006
         134 -2.918446866086647E-005 -2.370061305172916E-004
  1.551660590633377E-004  1.546897079989390E-004
  1.956159819635405E-005  4.718571933472874E-006
         135 -1.785127214215780E-004 -1.670914411281485E-004
  1.890313444789761E-004  7.493748078568284E-005
  1.931569665682986E-005  3.400247744850616E-006
         136 -2.548832505768296E-004 -1.679352079607595E-005
  1.872315297293717E-004 -1.385497688125226E-006
  1.956681719289212E-005  2.080714223816239E-006
         137 -2.226978189391440E-004  1.541627810512680E-004
  1.606829259084905E-004 -6.146680375616712E-005
  2.005834567650188E-005  2.713558644954767E-007
         138 -8.854892612294318E-005  2.755398059665042E-004
  1.225581882400352E-004 -1.021726955468771E-004
  2.025390041302708E-005 -2.264233444874022E-006
         139  9.924672699526732E-005  2.931343195025544E-004
  8.129729608676127E-005 -1.270570500314554E-004
  1.943631339327905E-005 -5.172500823622355E-006
         140  2.678681380708045E-004  1.923807836674518E-004
  4.034711522288271E-005 -1.409086173001496E-004
  1.744212769267229E-005 -7.707220434419745E-006
         141  3.491754582417175E-004  5.038669788400035E-006
 -1.017483253808406E-006 -1.473072130160347E-004
  1.456548419983944E-005 -9.095274751078717E-006
         142  3.059603273967724E-004 -2.016339230616374E-004
 -4.543598382055747E-005 -1.464119822794853E-004
  1.156814042867742E-005 -8.937776826277718E-006
         143  1.487463629553371E-004 -3.503943919004351E-004
 -9.529190936545068E-005 -1.338278349246049E-004
  9.435955919615730E-006 -7.166906109944293E-006
         144 -6.867535308444585E-005 -3.855474608774229E-004
 -1.467506008898184E-004 -1.014060057485925E-004
  9.106155317731770E-006 -4.610828785645163E-006
         145 -2.709595294279097E-004 -2.924987731777599E-004
 -1.890966175146980E-004 -4.489980436563744E-005
  1.060381756895917E-005 -2.361218992375678E-006
         146 -3.877445115291267E-004 -1.026966006065186E-004
 -2.089409793813725E-004  3.331831081470151E-005
  1.388545286699464E-005 -1.247276380665557E-006
         147 -3.808087029570907E-004  1.174334381832666E-004
 -1.940383600591248E-004  1.228485927956919E-004
  1.808357916041670E-005 -2.300074536008194E-006
         148 -2.577520896808389E-004  2.937808883105802E-004
 -1.375519876655788E-004  2.065976133145274E-004
  2.202585667682227E-005 -5.919430403043741E-006
         149 -6.603371800807705E-005  3.720339797005179E-004
 -4.224038130727609E-005  2.631261136052570E-004
  2.415919545542042E-005 -1.185900690656873E-005
         150  1.267977575476400E-004  3.366772809605956E-004
  7.708505022850291E-005  2.736935103773934E-004
  2.358456424143479E-005 -1.832886474124526E-005
         151  2.612079176267874E-004  2.133541868160393E-004
  1.973278258765237E-004  2.280265334984882E-004
  2.085606669607297E-005 -2.461513361356420E-005
         152  3.064080486235400E-004  5.261984876204706E-005
  2.903511926986921E-004  1.279002179429177E-004
  1.585059104022346E-005 -2.996956661380405E-005
         153  2.656298986014059E-004 -9.128506801509677E-005
  3.308786274491114E-004 -9.807456405319484E-006
  9.167973897350479E-006 -3.329822378000788E-005
         154  1.705817203473407E-004 -1.801763173243103E-004
  3.038573576430105E-004 -1.566359883171235E-004
  1.573127464747951E-006 -3.381517759759044E-005
         155  6.373957794457736E-005 -2.040526997669809E-004
  2.113489070186458E-004 -2.777593367132356E-004
 -4.512826626949549E-006 -3.172414346036384E-005
         156 -2.010248414298567E-005 -1.779040389730396E-004
  7.338954636776739E-005 -3.450941843102521E-004
 -9.021576941977224E-006 -2.896886975183978E-005
         157 -6.523585195746239E-005 -1.311400756794059E-004
 -7.952457569545416E-005 -3.444948500040339E-004
 -1.262172134138516E-005 -2.555562634131742E-005
         158 -7.897462356451078E-005 -9.136307242660119E-005
 -2.157466710831913E-004 -2.779684212811673E-004
 -1.497375031419270E-005 -2.184762630804107E-005
         159 -8.148877956387324E-005 -7.028893867617454E-005
 -3.076692234663387E-004 -1.600923644052768E-004
 -1.575027422466092E-005 -1.826635761639384E-005
         160 -9.179165681578135E-005 -6.278965506967541E-005
 -3.380767937857973E-004 -1.855374594469360E-005
 -1.593745874562484E-005 -1.595896344069337E-005
         161 -1.187955819669923E-004 -5.247448919871887E-005
 -3.066863791974665E-004  1.165832023881698E-004
 -1.662441075945770E-005 -1.397106406951412E-005
         162 -1.560799141440203E-004 -2.078283022032846E-005
 -2.259300451361927E-004  2.206125656594317E-004
 -1.698872717809195E-005 -1.181009871653704E-005
         163 -1.846096487348624E-004  4.165094551110529E-005
 -1.170036426726988E-004  2.789665862624869E-004
 -1.702239747470743E-005 -9.678633883797714E-006
         164 -1.810688623540872E-004  1.297117099909102E-004
 -2.445631459798103E-006  2.892630941274047E-004
 -1.664295683256302E-005 -7.832776129745366E-006
         165 -1.272946086261826E-004  2.218352035160413E-004
  9.978343128390513E-005  2.587190066054387E-004
 -1.601723674435667E-005 -6.315499785752844E-006
         166 -2.217309920024183E-005  2.863165987534089E-004
  1.791685378538194E-004  1.984951475445361E-004
 -1.496882727128318E-005 -5.243989538998314E-006
         167  1.162215356981672E-004  2.949670811734345E-004
  2.303749564444365E-004  1.199524264304459E-004
 -1.394909443260213E-005 -5.164522047134520E-006
         168  2.560870083004742E-004  2.316970412644731E-004
  2.528169736425685E-004  3.387697247996587E-005
 -1.362907993423729E-005 -5.889108680222874E-006
         169  3.582120761025157E-004  9.891082465923501E-005
  2.487680230990603E-004 -5.215101812651926E-005
 -1.441464966953523E-005 -6.895298156646325E-006
         170  3.877759313476361E-004 -7.920965011241436E-005
  2.207343516615741E-004 -1.333565830188535E-004
 -1.640738532121542E-005 -7.559188420305010E-006
         171  3.252342839699036E-004 -2.618455914878331E-004
  1.687676469007711E-004 -2.063750982559736E-004
 -1.944456894147983E-005 -7.199518254284336E-006
         172  1.744500016810533E-004 -3.996835145841244E-004
  9.128679191395873E-005 -2.639869787358175E-004
 -2.290346257398613E-005 -5.113748637823019E-006
         173 -3.321182889402402E-005 -4.499090910357460E-004
 -9.557732049068863E-006 -2.949009340845593E-004
 -2.568918592324593E-005 -1.156271351353429E-006
         174 -2.470148663650174E-004 -3.914637507269064E-004
 -1.248529036020265E-004 -2.867255825193421E-004
 -2.681019887787480E-005  4.160286216366862E-006
         175 -4.102575156118522E-004 -2.313493982318816E-004
 -2.381827166311686E-004 -2.307282631724535E-004
 -2.572390443240167E-005  9.824522693565130E-006
         176 -4.748372960163884E-004 -6.619938375814134E-006
 -3.274533021432446E-004 -1.255739805141415E-004
 -2.242576807575386E-005  1.473609788353745E-005
         177 -4.186385205961027E-004  2.236647796640707E-004
 -3.681840892438922E-004  1.782212642765550E-005
 -1.742629534583399E-005  1.779580460862323E-005
         178 -2.533967826626030E-004  3.960433230844624E-004
 -3.425493272379613E-004  1.748105090637563E-004
 -1.200676811174841E-005  1.826359901756338E-005
         179 -2.373070061423284E-005  4.604508470339027E-004
 -2.463414713559822E-004  3.127675809225533E-004
 -7.575366743013688E-006  1.632737209415295E-005
         180  2.038747194639095E-004  3.983384495892032E-004
 -9.231979996324455E-005  3.981515280872815E-004
 -5.234575327977851E-006  1.296604989780079E-005
         181  3.629501478406504E-004  2.301730406465375E-004
  9.029206257125374E-005  4.060479156165249E-004
 -5.293031127169018E-006  9.507607852790816E-006
         182  4.080024688163681E-004  9.556045786667832E-006
  2.610880567746582E-004  3.278974260171195E-004
 -7.423027888382470E-006  7.007018518998779E-006
         183  3.308387294166970E-004 -1.930955564628628E-004
  3.782379379647268E-004  1.780088347011510E-004
 -1.094335205437308E-005  6.600843448052939E-006
         184  1.639538518433192E-004 -3.155720496956175E-004
  4.129639334207983E-004 -9.321891533808679E-006
 -1.439830955149407E-005  8.738304832303607E-006
         185 -3.222198142358245E-005 -3.253775833931632E-004
  3.573347888942106E-004 -1.897646561117742E-004
 -1.649337052054249E-005  1.283135196946821E-005
         186 -1.910262692265253E-004 -2.289213441074464E-004
  2.266099398426071E-004 -3.212839143853705E-004
 -1.643162720673299E-005  1.790548987025618E-005
         187 -2.614980067851166E-004 -6.834311615792690E-005
  5.396513392031650E-005 -3.748411429166290E-004
 -1.439559088957299E-005  2.285594284886562E-005
         188 -2.263735387878341E-004  9.330712280145304E-005
 -1.165036298603479E-004 -3.417639123167308E-004
 -1.049820973057796E-005  2.701755049441571E-005
         189 -1.080460301089013E-004  1.958883825602563E-004
 -2.440562229984934E-004 -2.380988502457375E-004
 -5.201654163438593E-006  2.939738585327911E-005
         190  4.143429089943438E-005  2.044355930930332E-004
 -3.037446397612595E-004 -9.673673159667834E-005
  4.746958588008716E-008  2.975467321570624E-005
         191  1.599967241631586E-004  1.209864738903741E-004
 -2.920797521419396E-004  4.371292063724642E-005
  4.265710288053549E-006  2.892253472114387E-005
         192  1.993922259420750E-004 -1.589578439620566E-005
 -2.241370357975335E-004  1.523463044909308E-004
  7.909727869706161E-006  2.799212948560520E-005
         193  1.444358183494071E-004 -1.470878050337157E-004
 -1.260411913088588E-004  2.107731039710524E-004
  1.156304570661172E-005  2.668856179092736E-005
         194  1.791287058099684E-005 -2.165114681642797E-004
 -2.765300120835656E-005  2.183115815672320E-004
  1.474068284841937E-005  2.488741796926928E-005
         195 -1.280298805305830E-004 -1.925330411091236E-004
  4.986038566057601E-005  1.894768066184812E-004
  1.776231933819658E-005  2.298360702814320E-005
         196 -2.326650133623192E-004 -8.171534397707318E-005
  9.931980258557519E-005  1.443563109412048E-004
  2.103087258385070E-005  2.070639187784308E-005
         197 -2.512785487604283E-004  7.519183344753125E-005
  1.262505303112332E-004  9.847778230770648E-005
  2.430244321353326E-005  1.727255407633747E-005
         198 -1.708723603157198E-004  2.179959945937790E-004
  1.412396197089969E-004  5.793135777472538E-005
  2.653109766771407E-005  1.252045377721246E-005
         199 -1.762198517580909E-005  2.894378912325210E-004
  1.534444071153857E-004  1.901057460848067E-005
  2.708200160652636E-005  7.302253541969512E-006
         200  1.533836338142436E-004  2.591888894552649E-004
  1.627863621295021E-004 -2.751350816733893E-005
  2.594749225973679E-005  2.421713040488679E-006
         201  2.798789711251447E-004  1.342409271466089E-004
  1.600485501276310E-004 -8.692648332015186E-005
  2.338583998536364E-005 -1.513964997767406E-006
         202  3.142593320267128E-004 -4.344260905487235E-005
  1.315103909564100E-004 -1.554435121811705E-004
  1.989496083930040E-005 -3.833744924486456E-006
         203  2.424567336158797E-004 -2.115185115147222E-004
  6.679579221326196E-005 -2.179719810306725E-004
  1.643737727935645E-005 -4.212875077765978E-006
         204  8.851172993315838E-005 -3.118747456391402E-004
 -3.436277194967990E-005 -2.520081190606454E-004
  1.401686666121719E-005 -3.000094329467900E-006
         205 -9.548034414493636E-005 -3.097913935044331E-004
 -1.566058890514209E-004 -2.337928972902608E-004
  1.331579344082537E-005 -9.531277385276778E-007
         206 -2.460418976336459E-004 -2.064500624792416E-004
 -2.689153160115442E-004 -1.507117329995394E-004
  1.457383165600343E-005  8.041841125549596E-007
         207 -3.126756532775421E-004 -3.982505380223929E-005
 -3.340360385435019E-004 -1.054426748672638E-005
  1.727115918550862E-005  1.137759429147867E-006
         208 -2.764464118554597E-004  1.312016877622041E-004
 -3.229710245489203E-004  1.567283026477846E-004
  2.027481987916777E-005 -5.195966113671962E-007
         209 -1.556929489493205E-004  2.483517570596208E-004
 -2.267545894952646E-004  3.085662904585545E-004
  2.240028396095250E-005 -3.920362036217281E-006
         210  1.218125007600162E-006  2.765935060334839E-004
 -5.947449195490170E-005  4.011519689725612E-004
  2.301866099563195E-005 -8.293215787225455E-006
         211  1.378234650127533E-004  2.166302934573975E-004
  1.416282396889511E-004  4.018331218024826E-004
  2.185737133530842E-005 -1.284441441259817E-005
         212  2.107318026133684E-004  9.953033328699292E-005
  3.256623712560015E-004  3.019323228127196E-004
  1.897025970781110E-005 -1.669917481842450E-005
         213  2.032265405553691E-004 -2.502072411314858E-005
  4.430553131245853E-004  1.206558570857727E-004
  1.496782124406786E-005 -1.900348105535710E-005
         214  1.328592039220791E-004 -1.089852600430020E-004
  4.605847401326734E-004 -9.967769026957711E-005
  1.096676123118162E-005 -1.935633365065191E-005
         215  4.180811599220209E-005 -1.276830333839079E-004
  3.697888550658070E-004 -3.053884665571553E-004
  8.091470202438120E-006 -1.844854101612727E-005
         216 -2.365844667004855E-005 -8.943290671697972E-005
  1.911985900821577E-004 -4.441197639229389E-004
  6.447605470362249E-006 -1.733280180455036E-005
         217 -3.588822143593750E-005 -3.042731206814646E-005
 -3.075311534406373E-005 -4.824769988620331E-004
  5.733944020645618E-006 -1.647010377093553E-005
         218  1.429996838195304E-007  5.758808861743249E-006
 -2.425115131654703E-004 -4.137585610878268E-004
  5.579575468484469E-006 -1.629581090689928E-005
         219  5.254412299535793E-005 -8.401073867244010E-006
 -3.957389985682249E-004 -2.580961878463353E-004
  5.522712236934434E-006 -1.702478750630098E-005
         220  7.817365057515657E-005 -7.324832193745090E-005
 -4.591436270949232E-004 -5.430853700747202E-005
  4.874680694013037E-006 -1.861747787228589E-005
         221  4.153343135899395E-005 -1.578919565792093E-004
 -4.233177657520403E-004  1.495579610387701E-004
  2.976588882340972E-006 -2.038049847640852E-005
         222 -6.397059801732096E-005 -2.113998990811289E-004
 -3.035142804959170E-004  3.081026272631263E-004
  8.862387194076004E-008 -2.143309411116733E-005
         223 -2.082248665365664E-004 -1.861465689396185E-004
 -1.339037151600420E-004  3.910574830312914E-004
 -3.165976584370874E-006 -2.134806696768363E-005
         224 -3.316754396408445E-004 -6.152588328675242E-005
  4.347213105929918E-005  3.896578474063701E-004
 -6.143091222489055E-006 -2.013300472884734E-005
         225 -3.685910074015206E-004  1.387559381865836E-004
  1.911748254457278E-004  3.157955899925425E-004
 -8.367480384638772E-006 -1.814107257948578E-005
         226 -2.785440000656049E-004  3.517088820888001E-004
  2.836279540593216E-004  1.953622565849331E-004
 -9.423337889335297E-006 -1.581559431235928E-005
         227 -6.485497003901118E-005  4.969573829579009E-004
  3.122154971909134E-004  6.170053813930082E-005
 -9.409587249044907E-006 -1.402125324134787E-005
         228  2.191442387789192E-004  5.048695282174537E-004
  2.863995245890611E-004 -5.591772989229164E-005
 -8.981948095883858E-006 -1.322149055749041E-005
         229  4.838703182588542E-004  3.476596583054120E-004
  2.264361363144509E-004 -1.400232036981195E-004
 -8.787018889736677E-006 -1.341704610852634E-005
         230  6.349129995602784E-004  5.419918738023589E-005
  1.550008750011174E-004 -1.878848703711382E-004
 -9.456404178311632E-006 -1.419893170521437E-005
         231  6.057586320706610E-004 -2.948687852095425E-004
  8.834332496589460E-005 -2.082632331007178E-004
 -1.115141196954453E-005 -1.496575532329674E-005
         232  3.860912920614422E-004 -5.893205681678502E-004
  3.246639465511924E-005 -2.151844796242705E-004
 -1.383171239160211E-005 -1.514382633756504E-005
         233  3.109311532304262E-005 -7.292187848903196E-004
 -1.841964207051946E-005 -2.202970288125860E-004
 -1.706984332595023E-005 -1.401304946982178E-005
         234 -3.561487579070028E-004 -6.593908427919567E-004
 -7.644948785936900E-005 -2.251619934471277E-004
 -1.994334510701765E-005 -1.144368181379941E-005
         235 -6.549567736347116E-004 -3.902636147743392E-004
 -1.518404386977317E-004 -2.193341447555419E-004
 -2.169772796080456E-005 -7.862623964375509E-006
         236 -7.688525833802917E-004  5.453357209762610E-007
 -2.438989560001227E-004 -1.833306278917742E-004
 -2.202573109959550E-005 -4.029980936463215E-006
         237 -6.599181413063872E-004  3.946860385374411E-004
 -3.357113495467665E-004 -9.868555724390608E-005
 -2.108742627030683E-005 -6.259431420016403E-007
         238 -3.608888592906058E-004  6.715852763690051E-004
 -3.965600048310086E-004  4.133441570282514E-005
 -1.919774748189569E-005  1.789174089626440E-006
         239  3.414352188927586E-005  7.485982764320014E-004
 -3.903037827103580E-004  2.222416141624674E-004
 -1.708589379103629E-005  2.815255102848738E-006
         240  4.029451268271945E-004  6.092143646800089E-004
 -2.907594631921810E-004  4.060825943167804E-004
 -1.565190815735736E-005  2.624529274074912E-006
         241  6.363699118160502E-004  3.050430175912879E-004
 -9.616981408699402E-005  5.394757091505336E-004
 -1.549603418349792E-005  1.921074592803203E-006
         242  6.723517435671125E-004 -6.274021233798690E-005
  1.629813589130141E-004  5.713773437576285E-004
 -1.667705928946996E-005  1.683882003401497E-006
         243  5.156879028013181E-004 -3.785640291380096E-004
  4.300232663458372E-004  4.707037851025747E-004
 -1.857427833048547E-005  2.676193921630516E-006
         244  2.320456235342667E-004 -5.533087843049891E-004
  6.331282087053212E-004  2.392636698541753E-004
 -2.031544488816798E-005  5.087824829027970E-006
         245 -7.997899623625470E-005 -5.512302658111631E-004
  7.061592060465836E-004 -8.014458422817515E-005
 -2.116412146519151E-005  8.648060816611774E-006
         246 -3.245026113834177E-004 -3.957292825571797E-004
  6.130301421119289E-004 -4.105451650140955E-004
 -2.066343107512167E-005  1.271884747100401E-005
         247 -4.390315786231710E-004 -1.542262940218192E-004
  3.656567484819542E-004 -6.638952856839323E-004
 -1.874444461648589E-005  1.678102756999152E-005
         248 -4.087913845327292E-004  8.909224835350832E-005
  2.088843249821439E-005 -7.709132644253302E-004
 -1.528865684206853E-005  2.013974120865892E-005
         249 -2.651768429699478E-004  2.604353112885102E-004
 -3.360858946302664E-004 -7.008307297779143E-004
 -1.098118847660309E-005  2.192077610667385E-005
         250 -7.077699119698029E-005  3.186674565880482E-004
 -6.163703764305741E-004 -4.713844863361252E-004
 -6.749179488148351E-006  2.216211060196450E-005
         251  1.051445946890389E-004  2.640315434851245E-004
 -7.540065172098455E-004 -1.429607733376158E-004
 -3.211909616927175E-006  2.130479606797717E-005
         252  2.089681927555235E-004  1.314419231751128E-004
 -7.252059131201279E-004  2.015108462441464E-004
 -4.518224838357507E-007  1.993344997328933E-005
         253  2.155057668047168E-004 -2.471893349715251E-005
 -5.502909113708458E-004  4.840579951364931E-004
  1.611991340507691E-006  1.817564385306129E-005
         254  1.318666078888914E-004 -1.473673271251901E-004
 -2.814719696066838E-004  6.508085196687612E-004
  2.781459357564865E-006  1.644890847426093E-005
         255 -6.269451923140877E-006 -1.928853833550293E-004
  1.506533713488238E-005  6.827656353443557E-004
  3.447466946797009E-006  1.519834495037325E-005
         256 -1.454659608390928E-004 -1.434604863408507E-004
  2.801221843580551E-004  5.939571794399502E-004
  4.132227136813358E-006  1.438371600451041E-005
