   409.600000000000     
         256           1           3
  1.124309127438499E-002   39.5028471626942        117.204653235133     
   39.0000000000000        116.000000000000        6351.00000000000     
           0  0.000000000000000E+000  0.000000000000000E+000
  0.000000000000000E+000  0.000000000000000E+000
  0.000000000000000E+000  0.000000000000000E+000
           1 -2.070241727825199E-006  4.140915348545787E-007
  8.562679868847064E-006  6.430866995396243E-008
 -5.520668080555176E-006  2.605002763532553E-007
           2 -2.483264786995355E-006  1.148322364963787E-006
  8.431330900402224E-006  1.202148036035387E-007
 -5.848704148962377E-006  6.835215719374192E-007
           3 -2.858098387837900E-006  2.592079336505888E-006
  8.010327003884670E-006  3.003706915266014E-007
 -6.234723904664143E-006  1.423877799131925E-006
           4 -2.529577489620355E-006  4.922130324723612E-006
  7.225092668362777E-006  1.059008945676074E-006
 -6.459739597801338E-006  2.496547806156644E-006
           5 -6.285920060306006E-007  7.761427238101999E-006
  6.447884432175110E-006  3.065956444124398E-006
 -6.344623860268777E-006  3.782546420892095E-006
           6  3.475004853580987E-006  1.005530204333065E-005
  6.739707153620850E-006  6.684573480923895E-006
 -5.802308074358556E-006  5.086084144653178E-006
           7  9.687391988336322E-006  1.022314409250780E-005
  9.496379819801452E-006  1.160313877920660E-005
 -4.902407713664022E-006  6.194684591407330E-006
           8  1.680841967169726E-005  6.709856032933235E-006
  1.615564414890427E-005  1.645207404713041E-005
 -3.805103799583547E-006  7.032400385545902E-006
           9  2.268185392957004E-005 -1.314532756066296E-006
  2.727309206868973E-005  1.858514454062712E-005
 -2.608544202843160E-006  7.618964107308437E-006
          10  2.445332741581102E-005 -1.343741574360081E-005
  4.170067076361324E-005  1.517697411711538E-005
 -1.393473570522710E-006  7.962145855138388E-006
          11  1.951143561335329E-005 -2.747536267484549E-005
  5.673545856492449E-005  3.658745649649530E-006
 -2.391192584363348E-007  8.129207632080604E-006
          12  6.221366327556656E-006 -3.960699310087661E-005
  6.760570809089156E-005 -1.711910498593734E-005
  8.442073504169978E-007  8.239739740471866E-006
          13 -1.466023394841633E-005 -4.459783339705072E-005
  6.932251668101873E-005 -4.529873181708992E-005
  1.933279387378365E-006  8.418463990050408E-006
          14 -3.892992305005897E-005 -3.775972949414526E-005
  5.674841804706224E-005 -7.664471553076614E-005
  3.298831385858398E-006  8.683432391267964E-006
          15 -5.983691868981032E-005 -1.687776024687599E-005
  2.752929072607254E-005 -1.031429758661921E-004
  5.132981177745903E-006  8.787435727642572E-006
          16 -6.875096826266128E-005  1.671583620325674E-005
 -1.619885775806115E-005 -1.150855865169913E-004
  7.457204139016644E-006  8.364802743955679E-006
          17 -5.752278345881208E-005  5.543765181906020E-005
 -6.549479351777130E-005 -1.038112419270786E-004
  9.999899320357022E-006  6.997041666537781E-006
          18 -2.304226292476187E-005  8.724144655368944E-005
 -1.077856326217041E-004 -6.781450539550481E-005
  1.227309408418331E-005  4.587750174354613E-006
          19  3.089922942289149E-005  9.715890947646088E-005
 -1.295470022790563E-004 -1.042704551238293E-005
  1.381361888337118E-005  1.156723158031097E-006
          20  8.982683052086896E-005  7.250149677769658E-005
 -1.182914578693479E-004  5.570681001592180E-005
  1.404699337908725E-005 -3.015841881031276E-006
          21  1.309325191044470E-004  1.058427058159386E-005
 -7.070535926614916E-005  1.106218391176893E-004
  1.260243131687220E-005 -7.287333702748693E-006
          22  1.301097173482737E-004 -7.598391956827547E-005
  4.900126672929465E-006  1.322145489219635E-004
  9.372928850850619E-006 -1.078113304292087E-005
          23  7.146818670152037E-005 -1.588163023845642E-004
  8.435362052689895E-005  1.057079333962512E-004
  4.966253480613035E-006 -1.255390223918625E-005
          24 -4.075099223431468E-005 -1.977036052263626E-004
  1.369918625490842E-004  3.389249995757213E-005
  4.230337676968722E-007 -1.228972075627246E-005
          25 -1.726904552017155E-004 -1.571404034694197E-004
  1.357406813645424E-004 -6.083416037378395E-005
 -3.262745510926017E-006 -1.018172924648632E-005
          26 -2.668306484528597E-004 -2.913438888665097E-005
  7.293175310133684E-005 -1.384642811655480E-004
 -5.294612843619800E-006 -7.014176983638483E-006
          27 -2.648333473817197E-004  1.518820950237580E-004
 -3.022789528748936E-005 -1.594520301108175E-004
 -5.467127334917067E-006 -3.841709731714245E-006
          28 -1.400693355733284E-004  3.120159547459211E-004
 -1.267715869525128E-004 -1.055207057510981E-004
 -4.236746174080757E-006 -1.731525912485322E-006
          29  7.650244854243409E-005  3.688470641429507E-004
 -1.654611350546007E-004  4.251212488456786E-006
 -2.793447390786144E-006 -1.156488645889614E-006
          30  3.005792851842140E-004  2.744114071866943E-004
 -1.181274010501518E-004  1.188268484287150E-004
 -2.141328657951155E-006 -1.504335833682398E-006
          31  4.276451852216953E-004  4.852226361429815E-005
  2.489682990087013E-006  1.760493302262663E-004
 -2.477732453193043E-006 -1.797267290502417E-006
          32  3.871775821809832E-004 -2.192958285368761E-004
  1.412426751222795E-004  1.347323587653542E-004
 -3.250234095735304E-006 -1.288388112688008E-006
          33  1.848712372332014E-004 -4.097923112801467E-004
  2.249701112213677E-004  1.679774114864937E-006
 -3.568928716701486E-006  3.879068059658799E-008
          34 -9.413273906942443E-005 -4.333643905496899E-004
  2.010373242875527E-004 -1.666625411369586E-004
 -2.896239508416101E-006  1.631321803139143E-006
          35 -3.238064368908390E-004 -2.783751044027802E-004
  6.714252722737897E-005 -2.898830598746251E-004
 -1.104403468353015E-006  2.643291962049518E-006
          36 -4.012803575427879E-004 -1.982931475161432E-005
 -1.240136967388202E-004 -3.040354163195536E-004
  1.172466227403029E-006  2.236335373958136E-006
          37 -2.987595283716273E-004  2.189246019254149E-004
 -2.893262993154090E-004 -1.952625448462734E-004
  2.786685065674662E-006  3.035772700412952E-007
          38 -7.561047653008365E-005  3.278177695710234E-004
 -3.565663508208935E-004 -6.358255414429282E-006
  2.734507355677298E-006 -2.439844065286400E-006
          39  1.522687129002468E-004  2.642064478130241E-004
 -2.975228590227831E-004  1.830499389146264E-004
  7.882161228163174E-007 -4.602024627817469E-006
          40  2.728015882775097E-004  7.193261500835077E-005
 -1.421981403808702E-004  2.954086927286166E-004
 -2.208800095493134E-006 -5.088830341442944E-006
          41  2.312183770061371E-004 -1.450738776334189E-004
  3.985701094947250E-005  2.915894720307880E-004
 -5.048332279570531E-006 -3.610007892778048E-006
          42  5.413321179300363E-005 -2.741455886716348E-004
  1.712368739688061E-004  1.845483158251604E-004
 -6.508098528059043E-006 -6.056622648827847E-007
          43 -1.659607876041435E-004 -2.484272721068630E-004
  2.035734231135444E-004  3.207125954699724E-005
 -5.961493886305018E-006  2.772102106991333E-006
          44 -3.158546181838085E-004 -7.817295032182977E-005
  1.353107511162867E-004 -9.387674576197620E-005
 -3.555008273622077E-006  5.304491833195993E-006
          45 -3.180263736939687E-004  1.555020021753489E-004
  1.066749316444805E-005 -1.372308073356987E-004
 -1.058496644399254E-007  6.002623175572773E-006
          46 -1.660127528584501E-004  3.426158506039387E-004
 -1.023756091608735E-004 -8.760085970263920E-005
  3.060714499120740E-006  4.695891994085835E-006
          47  7.642677367675771E-005  3.956214076727149E-004
 -1.495954242894500E-004  2.275634283463314E-005
  4.949300499597867E-006  1.947650814017214E-006
          48  3.056156134681023E-004  2.865864015158846E-004
 -1.097407719669600E-004  1.361741631188329E-004
  5.040239778153380E-006 -1.254985399286593E-006
          49  4.247036360814585E-004  5.832039467772985E-005
 -3.200729278454770E-006  1.973380591816378E-004
  3.550166630379949E-006 -3.850890935375937E-006
          50  3.843029041703086E-004 -1.980980842605647E-004
  1.236085695889532E-004  1.754851295248774E-004
  1.095763077615496E-006 -5.264998398695418E-006
          51  2.002192738025608E-004 -3.814419148856211E-004
  2.109791207458295E-004  7.501388117745648E-005
 -1.507945469480871E-006 -5.238393153698641E-006
          52 -5.537681752888428E-005 -4.216217999788830E-004
  2.182817772041299E-004 -5.989154938482493E-005
 -3.487102555043696E-006 -4.113427630448222E-006
          53 -2.836747484075582E-004 -3.054802727277093E-004
  1.428861710222993E-004 -1.732616164808729E-004
 -4.565619520689695E-006 -2.498280927883875E-006
          54 -3.995194418755371E-004 -8.122091711831514E-005
  1.603052742555104E-005 -2.194507143899412E-004
 -4.769634478403523E-006 -1.008898582527000E-006
          55 -3.635639412475939E-004  1.645640891397972E-004
 -1.123754206391613E-004 -1.848487690463727E-004
 -4.611537441686204E-006  1.226555192180006E-008
          56 -1.945902245110724E-004  3.403950172045211E-004
 -1.972041000167886E-004 -8.346712351271094E-005
 -4.476913586003832E-006  7.254515021949018E-007
          57  3.997346875175142E-005  3.853174167308665E-004
 -2.065273260937282E-004  4.663485149466987E-005
 -4.511110127903397E-006  1.323920050934253E-006
          58  2.534720191891728E-004  2.905133670033580E-004
 -1.404169108994872E-004  1.549972056704134E-004
 -4.697835397978345E-006  2.139305662204243E-006
          59  3.742430061808404E-004  9.576879587460340E-005
 -2.678013045407446E-005  2.027899557003078E-004
 -4.805701435232119E-006  3.304135343488253E-006
          60  3.663047047104392E-004 -1.291016377877877E-004
  8.795801862577246E-005  1.763070547754125E-004
 -4.562994198389675E-006  4.898494306725809E-006
          61  2.386060147195513E-004 -3.092057882312230E-004
  1.630073935795088E-004  9.346616863645754E-005
 -3.473792713586903E-006  6.714831736543020E-006
          62  3.816081953124549E-005 -3.893684539576004E-004
  1.767049176363118E-004 -1.363882747167164E-005
 -1.474615282326423E-006  8.114652646061473E-006
          63 -1.681981922578357E-004 -3.513228190387104E-004
  1.276965737029712E-004 -1.048888862364154E-004
  1.150276631802380E-006  8.657153150546061E-006
          64 -3.184802607940043E-004 -2.153308579651954E-004
  3.935634289685011E-005 -1.489920229820087E-004
  3.911170858985671E-006  8.094086695420847E-006
          65 -3.744581211373637E-004 -2.981784876442254E-005
 -5.393659003725854E-005 -1.352668382845232E-004
  6.340771094574837E-006  6.547145398287805E-006
          66 -3.316753966865159E-004  1.487383888365682E-004
 -1.193998450843376E-004 -7.475745982960019E-005
  8.114659182101003E-006  4.052604774314137E-006
          67 -2.137229133542135E-004  2.751045419520492E-004
 -1.402491763373367E-004  7.372788575808307E-006
  8.673128801676444E-006  1.015795495054920E-006
          68 -6.002204331039860E-005  3.249005421330499E-004
 -1.146514137805444E-004  8.406788653650447E-005
  7.985212386875545E-006 -1.846801525068777E-006
          69  8.691024490548225E-005  2.976401984551573E-004
 -5.571042611298311E-005  1.322958293086672E-004
  6.337739368044071E-006 -4.074013818917151E-006
          70  1.945768641723423E-004  2.129449432313923E-004
  1.367217752558590E-005  1.417067383513512E-004
  4.202327200591316E-006 -5.424329493161921E-006
          71  2.472653107015523E-004  9.940812658645591E-005
  7.146046475622505E-005  1.179985660518673E-004
  1.829622693851480E-006 -5.937887697421585E-006
          72  2.443891244961773E-004 -1.490286618141718E-005
  1.055960706486322E-004  7.564557145909555E-005
 -4.445680640535102E-007 -5.466551989034294E-006
          73  1.961310123050087E-004 -1.083314053889313E-004
  1.141089731374430E-004  3.182749535000782E-005
 -2.119249095252625E-006 -4.270587018624926E-006
          74  1.176283829009272E-004 -1.664535823070937E-004
  1.058061267748753E-004 -1.841782497001248E-006
 -3.130510236616177E-006 -2.737347042197196E-006
          75  2.760171593566114E-005 -1.820907521072102E-004
  9.184972383296548E-005 -2.094618011024250E-005
 -3.488190885714574E-006 -1.155298641090492E-006
          76 -5.455149421324174E-005 -1.556935119713155E-004
  8.267139825003170E-005 -3.137663569635043E-005
 -3.341042700179758E-006  3.015998399000367E-007
          77 -1.109243891640343E-004 -9.623078009200661E-005
  7.770672744934548E-005 -4.099022529968708E-005
 -2.739267640399291E-006  1.560476940123638E-006
          78 -1.296677223285713E-004 -1.957136112582121E-005
  7.672301755263247E-005 -5.262961532478295E-005
 -1.818652659236483E-006  2.415440495991424E-006
          79 -1.070549389372117E-004  5.467090472075354E-005
  7.469237158155475E-005 -7.216018015528971E-005
 -7.766574889791301E-007  2.895370042158842E-006
          80 -4.749831183237108E-005  1.071094963743728E-004
  6.347506751256859E-005 -9.757246178582805E-005
  2.910374366076041E-007  3.007493198668928E-006
          81  3.574188191267864E-005  1.190656280369553E-004
  3.829592965433244E-005 -1.220228884275909E-004
  1.234388666162933E-006  2.806382568281303E-006
          82  1.178375787085550E-004  7.913133554255725E-005
  1.334561384252941E-006 -1.339420152914006E-004
  2.058979611846824E-006  2.389007192893249E-006
          83  1.681397021648706E-004 -7.638215664708535E-006
 -3.640660753181111E-005 -1.317964025312801E-004
  2.682275909601298E-006  1.777859692845811E-006
          84  1.623112611881097E-004 -1.195330660683876E-004
 -7.163361910454128E-005 -1.187039670180524E-004
  3.092306452821971E-006  1.090568857439800E-006
          85  8.826408222888059E-005 -2.217447872668257E-004
 -1.005782807498833E-004 -9.618779422451087E-005
  3.324175081387853E-006  3.471072359501373E-007
          86 -4.226914293301071E-005 -2.736671158498002E-004
 -1.230410650851825E-004 -6.864559560087990E-005
  3.366246310450256E-006 -3.496072173340631E-007
          87 -1.950133588645862E-004 -2.474821940111819E-004
 -1.386533266603695E-004 -3.715044493552191E-005
  3.339424871768757E-006 -1.022950758321714E-006
          88 -3.242606979541153E-004 -1.372527632908574E-004
 -1.505738976692279E-004 -3.931688808511051E-006
  3.196276463186166E-006 -1.741616099733494E-006
          89 -3.846348632088531E-004  3.744963570227337E-005
 -1.606549879900908E-004  3.803196983327620E-005
  2.902804911119285E-006 -2.461895362271288E-006
          90 -3.460121350054191E-004  2.318698696188109E-004
 -1.588283556057624E-004  9.278436581261540E-005
  2.385769094827068E-006 -3.196741398559001E-006
          91 -2.073493275421267E-004  3.904369094642317E-004
 -1.349931014040929E-004  1.565022186790923E-004
  1.609571807928386E-006 -3.800739482308064E-006
          92  3.263030664739599E-006  4.612929888879244E-004
 -7.977831980503046E-005  2.172915978305724E-004
  6.025001966537605E-007 -4.199024540212416E-006
          93  2.287562287711599E-004  4.129809046849490E-004
  6.437419497283672E-006  2.581134969240334E-004
 -6.415460668328664E-007 -4.205790531447872E-006
          94  4.002242123907818E-004  2.527178937680839E-004
  1.184335143793488E-004  2.632834106075616E-004
 -1.817877380462279E-006 -3.669097379466603E-006
          95  4.643026672017182E-004  2.712239767001068E-005
  2.378107274914386E-004  2.127838254991443E-004
 -2.694963607195675E-006 -2.672375370304862E-006
          96  4.024719438419895E-004 -1.953803981947025E-004
  3.322245971035547E-004  1.034553734011611E-004
 -3.032283111202465E-006 -1.370654551537168E-006
          97  2.380307583094707E-004 -3.465394257661270E-004
  3.709471300438350E-004 -4.979280903361952E-005
 -2.751675810781221E-006 -1.046380402240233E-007
          98  2.882432849456188E-005 -3.842905643101513E-004
  3.332121183998984E-004 -2.133124321316872E-004
 -1.878542178387495E-006  9.454717302889295E-007
          99 -1.550050214125411E-004 -3.062318613662104E-004
  2.218862770845161E-004 -3.490489623727402E-004
 -4.858880848350361E-007  1.328005346790817E-006
         100 -2.541784207082716E-004 -1.498686035775636E-004
  5.407291404773316E-005 -4.226203048629154E-004
  8.699931046405006E-007  8.140128540631404E-007
         101 -2.421881178378847E-004  1.896252000460241E-005
 -1.325107722068733E-004 -4.092653270858268E-004
  1.745808121718686E-006 -4.141124405568450E-007
         102 -1.382773892828204E-004  1.318800452878314E-004
 -2.913349507704734E-004 -3.103364108236257E-004
  1.776539954853758E-006 -1.996369364435205E-006
         103  1.006524109756626E-006  1.471435312295121E-004
 -3.825064960940056E-004 -1.512810778702156E-004
  9.915721469389429E-007 -3.492758265168216E-006
         104  1.053748401238847E-004  6.750260007902979E-005
 -3.873761587036292E-004  2.441988112182803E-005
 -6.479604864126616E-007 -4.574402931465354E-006
         105  1.227379667756075E-004 -6.035717927027263E-005
 -3.120594171566370E-004  1.722762448023864E-004
 -2.849654676236875E-006 -4.645303737947334E-006
         106  4.221703258308283E-005 -1.678800111732441E-004
 -1.845105383595459E-004  2.570227112658980E-004
 -4.944988361844007E-006 -3.582436932385457E-006
         107 -1.015046973318076E-004 -1.934328034186888E-004
 -4.830241962236756E-005  2.652043613363919E-004
 -6.388696676871536E-006 -1.530755629255992E-006
         108 -2.395610838808792E-004 -1.102636065488054E-004
  5.629680771280542E-005  2.121354101832881E-004
 -6.756236634421050E-006  1.052006941731245E-006
         109 -2.993968350814412E-004  5.715569525788434E-005
  1.086446651683218E-004  1.287627705277075E-004
 -5.924369058555714E-006  3.632862896991111E-006
         110 -2.386721106910713E-004  2.419529240595031E-004
  1.066769272754970E-004  4.964141830453843E-005
 -3.929730341556640E-006  5.632945953126006E-006
         111 -6.601440267926403E-005  3.620873756714782E-004
  7.107289775472601E-005  2.109842363887809E-006
 -1.233544615186416E-006  6.498309766334571E-006
         112  1.579539084345052E-004  3.560179286820493E-004
  2.953242942468172E-005 -7.611817560536650E-006
  1.550583800051548E-006  6.083109778439163E-006
         113  3.457586324752252E-004  2.128763724505850E-004
  6.413985934871118E-006  1.108838712722565E-005
  3.865989431534658E-006  4.471162720043286E-006
         114  4.192329942226778E-004 -2.389676707284232E-005
  1.274889291881041E-005  3.416025531584813E-005
  5.174822194106934E-006  2.011153897949747E-006
         115  3.377354366078955E-004 -2.710161258095932E-004
  4.200031414132502E-005  4.014108449663708E-005
  5.234357811485876E-006 -7.349871122452329E-007
         116  1.173415638954565E-004 -4.308155067764455E-004
  7.362220655980762E-005  1.299619055307626E-005
  4.060759553583198E-006 -3.153758998836687E-006
         117 -1.659022383742606E-004 -4.315644826580059E-004
  7.768971040344939E-005 -4.028745403651930E-005
  2.006787391146327E-006 -4.722020751113413E-006
         118 -4.060479314350929E-004 -2.603143130421474E-004
  4.045900393028766E-005 -9.333518550822591E-005
 -4.365588898531905E-007 -5.262349641309775E-006
         119 -5.055008766137948E-004  2.999774185624005E-005
 -3.367675634496570E-005 -1.149894925385357E-004
 -2.821296563516194E-006 -4.712831092284329E-006
         120 -4.154198992189067E-004  3.362351242398047E-004
 -1.152048121770384E-004 -8.368457014852860E-005
 -4.673899235145985E-006 -3.270554864409916E-006
         121 -1.556981961020364E-004  5.428720853397674E-004
 -1.707053047280628E-004 -3.461742563569685E-006
 -5.765051647946655E-006 -1.307425508334983E-006
         122  1.874445049155799E-004  5.652876420687551E-004
 -1.724637392226086E-004  1.083080670615389E-004
 -5.985034503719485E-006  8.267801972354210E-007
         123  4.932789216190404E-004  3.840541688968061E-004
 -1.038161758382769E-004  2.133070278251533E-004
 -5.475452446073862E-006  2.772645539833295E-006
         124  6.493385954074277E-004  5.270300697336236E-005
  2.426695563796364E-005  2.694648024673492E-004
 -4.383667505608485E-006  4.386116278058089E-006
         125  5.924825158870092E-004 -3.183987839137208E-004
  1.766540458427006E-004  2.432928078766749E-004
 -2.858690653222900E-006  5.465135185604790E-006
         126  3.344003226728997E-004 -6.010303481397268E-004
  2.978327808446396E-004  1.310569166820469E-004
 -1.183770941664826E-006  6.001891797007645E-006
         127 -4.350481541104956E-005 -6.943740372670088E-004
  3.455526255553581E-004 -3.780755024080293E-005
  5.314254273456537E-007  6.004899844211461E-006
         128 -4.120462292943452E-004 -5.590732506013741E-004
  2.948419606653445E-004 -2.170053755225323E-004
  2.119196185253192E-006  5.525147564522983E-006
         129 -6.407520009656543E-004 -2.408241768359308E-004
  1.521987540267108E-004 -3.487546515557210E-004
  3.538595669509255E-006  4.615396883421805E-006
         130 -6.506080146627972E-004  1.472412611390058E-004
 -4.485627200947339E-005 -3.895538047691148E-004
  4.584287236927090E-006  3.245370296005071E-006
         131 -4.429524175020893E-004  4.686427413449140E-004
 -2.379349217964658E-004 -3.198228570405443E-004
  5.138911821601505E-006  1.617961033466954E-006
         132 -9.444088244594966E-005  6.132702985056720E-004
 -3.675544828294713E-004 -1.613087893112138E-004
  5.101448970383057E-006 -1.768747148162604E-007
         133  2.690921105280032E-004  5.327086841188869E-004
 -3.991211470072707E-004  3.988163862244019E-005
  4.345742731233590E-006 -1.846711790142285E-006
         134  5.159551734204995E-004  2.593191368054692E-004
 -3.240303587964194E-004  2.261861920243158E-004
  2.987072992896330E-006 -3.119079917899676E-006
         135  5.565420619362829E-004 -1.047124150478491E-004
 -1.684229181564760E-004  3.433700700877272E-004
  1.174930690608930E-006 -3.712298374904317E-006
         136  3.754578631307765E-004 -4.240652369857185E-004
  1.688719142447712E-005  3.604343030771883E-004
 -7.328410983590512E-007 -3.485811159865248E-006
         137  3.789276539935354E-005 -5.776626964865757E-004
  1.708659856242650E-004  2.812134158832199E-004
 -2.441711131707647E-006 -2.425979927622416E-006
         138 -3.320732176601227E-004 -5.036742290761156E-004
  2.489667870825728E-004  1.446029486054287E-004
 -3.507196159542143E-006 -5.884453337635484E-007
         139 -5.972206882109246E-004 -2.226849595001108E-004
  2.374980715590445E-004  3.971417291163827E-006
 -3.588155480966135E-006  1.599648350529988E-006
         140 -6.559947172359634E-004  1.705824359225486E-004
  1.544788120448991E-004 -8.941986671789940E-005
 -2.607130077443381E-006  3.654472147246169E-006
         141 -4.776641835783980E-004  5.397177296643209E-004
  4.462051736461388E-005 -1.046288593626880E-004
 -7.248427068368846E-007  5.066991981486394E-006
         142 -1.139718172499196E-004  7.544357490802448E-004
 -3.751928518968565E-005 -4.432122296550835E-005
  1.649661321301503E-006  5.511688556797643E-006
         143  3.199673394301436E-004  7.353925952535265E-004
 -5.139291719659995E-005  5.676573155326963E-005
  4.074378922064598E-006  4.842649302745473E-006
         144  6.842316294733287E-004  4.792276669680743E-004
  1.588398195030233E-005  1.466401362946297E-004
  5.989784469456395E-006  3.131509361048205E-006
         145  8.590737357085028E-004  6.018510912375298E-005
  1.427022821750579E-004  1.740578498368038E-004
  6.983243089679503E-006  7.655826680141296E-007
         146  7.852912192277415E-004 -3.939564912909691E-004
  2.805923677726335E-004  1.102074378410785E-004
  6.904221921913163E-006 -1.772934439822194E-006
         147  4.820625825271913E-004 -7.446379752792831E-004
  3.698467941189159E-004 -4.164716436240015E-005
  5.831785951674939E-006 -3.996486947867317E-006
         148  3.951198775921005E-005 -8.857536211598447E-004
  3.623299041702085E-004 -2.403717911881151E-004
  4.035324537398212E-006 -5.571570516163949E-006
         149 -4.104506279195021E-004 -7.756942388336814E-004
  2.408764239846019E-004 -4.253813864919827E-004
  1.858594495356689E-006 -6.288161571024176E-006
         150 -7.339526842746303E-004 -4.488455418039026E-004
  2.280245720823694E-005 -5.308775623698257E-004
 -2.738501158323801E-007 -6.112422668093522E-006
         151 -8.352391791328024E-004 -5.627808133743090E-006
 -2.338042697844224E-004 -5.105220632403087E-004
 -2.040009790168335E-006 -5.267755241630687E-006
         152 -6.871994475659328E-004  4.159106861605294E-004
 -4.566725772552975E-004 -3.584512803964974E-004
 -3.324667273635788E-006 -3.996633428706704E-006
         153 -3.431872091317017E-004  6.858038980471681E-004
 -5.778817037653038E-004 -1.086849390522961E-004
 -4.097587103575785E-006 -2.479676523833963E-006
         154  8.289356241769731E-005  7.236432479908780E-004
 -5.626609787695021E-004  1.706059602838752E-004
 -4.378414982584809E-006 -8.441346307126887E-007
         155  4.499360919362437E-004  5.235137436239763E-004
 -4.134415731980638E-004  4.116742571238268E-004
 -4.094722089901627E-006  7.859342898549188E-007
         156  6.370422491425724E-004  1.598001094195374E-004
 -1.642239293877824E-004  5.498392919697959E-004
 -3.311450684900268E-006  2.209631167776905E-006
         157  5.850626866692320E-004 -2.400153180248395E-004
  1.202456155463130E-004  5.477726790519790E-004
 -2.103421990274889E-006  3.361938180308167E-006
         158  3.125206252038770E-004 -5.354238541488666E-004
  3.620749940759825E-004  4.036122201092955E-004
 -4.911055632030924E-007  4.072885995580824E-006
         159 -8.374127298687248E-005 -6.156095048920743E-004
  4.925984377904128E-004  1.670482699638657E-004
  1.409755766796785E-006  4.207769069682320E-006
         160 -4.567462621952910E-004 -4.439129715537046E-004
  4.900799573270557E-004 -9.266108537982166E-005
  3.389093229923618E-006  3.550708568280358E-006
         161 -6.609714503178555E-004 -7.576722159185405E-005
  3.623676319083651E-004 -3.081440553853601E-004
  5.054100852681524E-006  2.090649091238203E-006
         162 -6.065852258796869E-004  3.557405048135842E-004
  1.530631196963203E-004 -4.233024750286977E-004
  6.134760048220262E-006 -3.808644503796485E-008
         163 -2.978869661025196E-004  6.847404219152187E-004
 -7.444583635872605E-005 -4.145335990775436E-004
  6.295404890295512E-006 -2.587583040439859E-006
         164  1.622979962623639E-004  7.763637858384592E-004
 -2.510956346933342E-004 -2.946925546782188E-004
  5.420602893010423E-006 -5.141006425847458E-006
         165  6.100172673723430E-004  5.774668334887388E-004
 -3.310150300980301E-004 -1.141071993405891E-004
  3.511581016323676E-006 -7.281675069922333E-006
         166  8.734168903523098E-004  1.385526256585004E-004
 -3.034644636808607E-004  6.670532536039971E-005
  8.131400182736214E-007 -8.528659406387062E-006
         167  8.362737679199370E-004 -3.933705369657956E-004
 -1.900363418422813E-004  1.904176564328347E-004
 -2.225127538989195E-006 -8.656126510261968E-006
         168  4.895643588800957E-004 -8.245600253585121E-004
 -4.124592332607515E-005  2.236922190820242E-004
 -5.133568427871216E-006 -7.593821795282138E-006
         169 -5.918345435482845E-005 -9.870221039637475E-004
  8.454498513823007E-005  1.684779705846711E-004
 -7.435597518976826E-006 -5.498189089048147E-006
         170 -6.194358540897403E-004 -8.030177352192256E-004
  1.433259737768567E-004  6.082018042589615E-005
 -8.783303192728255E-006 -2.677287801336537E-006
         171 -9.856265436338722E-004 -3.208739945352753E-004
  1.237171924121940E-004 -4.742363203881270E-005
 -8.916079679941970E-006  4.123595417002606E-007
         172 -1.014478027004017E-003  2.988216187845685E-004
  4.550362833716286E-005 -1.109212380571262E-004
 -7.882813533265063E-006  3.207515387287009E-006
         173 -6.792082571555222E-004  8.375126808467263E-004
 -4.957732451487063E-005 -1.049738590409657E-004
 -5.961533237632010E-006  5.303007988214256E-006
         174 -8.597302535724479E-005  1.096174958759428E-003
 -1.126926188709755E-004 -3.531346960233195E-005
 -3.532951420124441E-006  6.453282257639487E-006
         175  5.607897931475431E-004  9.719998421876592E-004
 -1.086450046687775E-004  6.177594711503212E-005
 -1.011470100533592E-006  6.614546016510501E-006
         176  1.032624819157227E-003  4.973190524197368E-004
 -3.289106278407757E-005  1.352779432083294E-004
  1.245521520010009E-006  5.857592324722998E-006
         177  1.157868201907689E-003 -1.696686081269889E-004
  8.595860049169625E-005  1.401941204994767E-004
  2.908005954116518E-006  4.405285629355574E-006
         178  8.857688989456186E-004 -7.991449506795084E-004
  1.942367771317227E-004  5.762029994647607E-005
  3.819634546249737E-006  2.595732088535907E-006
         179  3.054418282803471E-004 -1.173960501254704E-003
  2.357487192474940E-004 -9.346838368277746E-005
  3.976235360050919E-006  7.394120415532906E-007
         180 -3.883707510387035E-004 -1.165213940667698E-003
  1.733588048693807E-004 -2.624743895266133E-004
  3.492497938842673E-006 -9.013203933126368E-007
         181 -9.625724350844836E-004 -7.758782498980407E-004
  7.324359687316549E-006 -3.815978472017760E-004
  2.523072845518859E-006 -2.177135731039103E-006
         182 -1.227894052818927E-003 -1.384558536455125E-004
 -2.216530075916345E-004 -3.943969591727165E-004
  1.228884459943709E-006 -2.979637492973829E-006
         183 -1.102169199213194E-003  5.334151482726724E-004
 -4.465376990240759E-004 -2.723843403199027E-004
 -2.021234917545536E-007 -3.262505700034409E-006
         184 -6.362749568242306E-004  1.019117123297125E-003
 -5.881770132119698E-004 -3.064521793863921E-005
 -1.615624888195377E-006 -3.036338963116262E-006
         185  5.301193328248276E-006  1.164651427951110E-003
 -5.875854009729212E-004  2.713952931567212E-004
 -2.862705994431675E-006 -2.337136221408444E-006
         186  6.002558057384326E-004  9.387663840386264E-004
 -4.260689801236394E-004  5.480781952102103E-004
 -3.798924890667277E-006 -1.229059881870766E-006
         187  9.551891436387116E-004  4.419315689084052E-004
 -1.390501416334934E-004  7.152107635703641E-004
 -4.298318589642444E-006  1.813719915804955E-007
         188  9.712401356879950E-004 -1.405120597593056E-004
  2.029819142719007E-004  7.239806832693178E-004
 -4.243014060749604E-006  1.726783552059046E-006
         189  6.706349855875511E-004 -6.048758472507788E-004
  5.130944618757966E-004  5.631372342837117E-004
 -3.591815611922423E-006  3.173857750009996E-006
         190  1.863545001457173E-004 -8.007141807434976E-004
  7.082262426191435E-004  2.710892114973369E-004
 -2.424362422074776E-006  4.294926058631463E-006
         191 -2.933268700857574E-004 -6.845172376380837E-004
  7.363142173260902E-004 -7.797900792956326E-005
 -9.012032435583599E-007  4.898802013057512E-006
         192 -5.950939721071359E-004 -3.251715548205106E-004
  5.922545986070046E-004 -3.852595369352946E-004
  7.742883400191280E-007  4.880480691528934E-006
         193 -6.178756610717105E-004  1.258078167953065E-004
  3.319968028476513E-004 -5.731272110811008E-004
  2.338185819876505E-006  4.164096479534422E-006
         194 -3.652247297014733E-004  4.877131156186989E-004
  3.281910336862133E-005 -6.097018193280243E-004
  3.429087554408587E-006  2.847513579137608E-006
         195  5.512474735194691E-005  6.160310259300725E-004
 -2.246327121300528E-004 -5.040160869432563E-004
  3.840480816716585E-006  1.221540998414936E-006
         196  4.709013759817267E-004  4.552571080567627E-004
 -3.808692335067177E-004 -3.039865763416717E-004
  3.498193230674765E-006 -3.750493648393869E-007
         197  7.081277506911209E-004  6.418551497075130E-005
 -4.075746878893822E-004 -7.962160744312498E-005
  2.509236664846036E-006 -1.620042562206911E-006
         198  6.635917647626888E-004 -4.075820509264712E-004
 -3.245271939911072E-004  9.396873654541456E-005
  1.060047144085837E-006 -2.279601674474354E-006
         199  3.386512094049836E-004 -7.806343076501547E-004
 -1.886955693431012E-004  1.751813773958269E-004
 -5.350371922803181E-007 -2.148670629315940E-006
         200 -1.638762809932580E-004 -9.066152291330562E-004
 -6.420262262373803E-005  1.619111677679239E-004
 -1.872944509517053E-006 -1.254352707043845E-006
         201 -6.721199135171553E-004 -7.198360055645374E-004
 -8.230441776478114E-007  8.947247223058448E-005
 -2.628430142910962E-006  1.984526799093846E-007
         202 -1.003452311139381E-003 -2.648464336032010E-004
 -1.620920480154630E-005  1.215901952597206E-005
 -2.614284527109049E-006  1.873378184489814E-006
         203 -1.030327953388619E-003  3.150026521570060E-004
 -9.189623814967453E-005 -1.558317360999294E-005
 -1.829587350574707E-006  3.430881371427062E-006
         204 -7.297948008702575E-004  8.260741356491995E-004
 -1.771316230489723E-004  3.615286987299492E-005
 -3.562459812707979E-007  4.539535909716952E-006
         205 -1.933777949019116E-004  1.095698693234847E-003
 -2.147347699260711E-004  1.580325040387068E-004
  1.525662400752917E-006  4.909732812299965E-006
         206  4.068886712078197E-004  1.031760579617924E-003
 -1.638536829635234E-004  3.083776855401128E-004
  3.442723150292273E-006  4.453628811395406E-006
         207  8.757984317007746E-004  6.531466755913579E-004
 -1.400116044461320E-005  4.263442517374615E-004
  5.043786307282313E-006  3.246746919110044E-006
         208  1.061535239767182E-003  8.497378537200968E-005
  2.054934899673956E-004  4.508133991128092E-004
  6.079003730356472E-006  1.512077037071810E-006
         209  9.076069966679794E-004 -4.847343398698361E-004
  4.301082919314702E-004  3.476772918422094E-004
  6.404187975189456E-006 -5.100217858555046E-007
         210  4.712172786505591E-004 -8.678239579137994E-004
  5.840128670943263E-004  1.268045066723107E-004
  5.954730746257793E-006 -2.506920893446962E-006
         211 -9.398231264966345E-005 -9.396253354179732E-004
  6.071438131161935E-004 -1.584870601376132E-004
  4.842815611682296E-006 -4.180584937593543E-006
         212 -5.911740028450040E-004 -6.847762795848425E-004
  4.794180566767860E-004 -4.282586492079298E-004
  3.257870686110236E-006 -5.342861813894814E-006
         213 -8.508364561416405E-004 -1.996298524267560E-004
  2.267938581567644E-004 -6.020459916762707E-004
  1.426718851666385E-006 -5.906200405322291E-006
         214 -7.852715123444075E-004  3.423143738931246E-004
 -8.179500053230736E-005 -6.243977302009627E-004
 -4.670279593873402E-007 -5.852804977492999E-006
         215 -4.176660973303787E-004  7.469532471024141E-004
 -3.585141948719193E-004 -4.875655902620911E-004
 -2.229320819997885E-006 -5.189273872402563E-006
         216  1.224204686519761E-004  8.632989563630771E-004
 -5.228382236476781E-004 -2.296270579090866E-004
 -3.683319570211462E-006 -3.999998313172194E-006
         217  6.388719820195675E-004  6.393471635954222E-004
 -5.261965459248735E-004  6.959479259470798E-005
 -4.689768376886507E-006 -2.376435050848755E-006
         218  9.369139388266946E-004  1.445738943991252E-004
 -3.725589339202100E-004  3.167395241947256E-004
 -5.109018815650284E-006 -4.543259685921595E-007
         219  8.939085599984242E-004 -4.488027756416532E-004
 -1.171110153626352E-004  4.340363837517503E-004
 -4.819580649624583E-006  1.575283805782438E-006
         220  5.078137652937299E-004 -9.269487313886196E-004
  1.489326617406520E-004  3.915907650890756E-004
 -3.761255967237555E-006  3.443358332232480E-006
         221 -1.012438833646589E-004 -1.110224757572485E-003
  3.400648499920137E-004  2.135732033503680E-004
 -2.002022546405160E-006  4.848978546032847E-006
         222 -7.309512802488305E-004 -9.155550818726728E-004
  3.952760101076629E-004 -3.701839800325103E-005
  2.850561356229628E-007  5.508691577639706E-006
         223 -1.162738630798321E-003 -3.860098923251539E-004
  2.976483152464484E-004 -2.715437246957430E-004
  2.785993454562652E-006  5.193802445821060E-006
         224 -1.233606007451394E-003  3.183564042497120E-004
  8.191871571169555E-005 -4.067856282678022E-004
  5.060626499135983E-006  3.824306064939174E-006
         225 -8.946312898710921E-004  9.666352682450993E-004
 -1.728584509853446E-004 -3.911555784257715E-004
  6.641484522353168E-006  1.542173147223996E-006
         226 -2.362381600457963E-004  1.334258810573501E-003
 -3.724468883546850E-004 -2.321008447233810E-004
  7.165294825158629E-006 -1.285720492603157E-006
         227  5.381905588517910E-004  1.279677985289583E-003
 -4.478652132655035E-004  1.336084792881534E-005
  6.460800117893149E-006 -4.156931982760166E-006
         228  1.172160832131614E-003  7.966402565556996E-004
 -3.716993287040100E-004  2.609112016222474E-004
  4.604214051232258E-006 -6.529466012453579E-006
         229  1.443407566282532E-003  2.712236731374933E-005
 -1.687710064318107E-004  4.258297634511467E-004
  1.916930464490748E-006 -7.937077966678141E-006
         230  1.244103115935688E-003 -7.823582540825856E-004
  9.492113583611717E-005  4.500538274146678E-004
 -1.089760189210921E-006 -8.111745620144304E-006
         231  6.209241507534170E-004 -1.362562758738263E-003
  3.282086539286065E-004  3.212035523497920E-004
 -3.844316268733724E-006 -7.067744253794865E-006
         232 -2.360050159187725E-004 -1.509365566103855E-003
  4.495412765274017E-004  8.440044032040037E-005
 -5.860872146805384E-006 -5.069063485029709E-006
         233 -1.049505892844543E-003 -1.156356431193211E-003
  4.180253712330849E-004 -1.793063437851039E-004
 -6.848758340472719E-006 -2.562657396721219E-006
         234 -1.548611903274949E-003 -4.017138526747023E-004
  2.449152733902663E-004 -3.790325068222235E-004
 -6.765190023630088E-006 -4.793362954954452E-008
         235 -1.556361426230764E-003  5.219026942748242E-004
 -8.949544011273180E-006 -4.471286146402979E-004
 -5.788424717514557E-006  2.047392083890485E-006
         236 -1.050761127127427E-003  1.316418909328023E-003
 -2.571924987891522E-004 -3.602618941901137E-004
 -4.254356877203358E-006  3.470608775613974E-006
         237 -1.807542587038039E-004  1.717108512688070E-003
 -4.120630427771632E-004 -1.469588984318159E-004
 -2.501330626151352E-006  4.163928570032316E-006
         238  7.825067915797667E-004  1.583570295613221E-003
 -4.173645906303517E-004  1.179252497410246E-004
 -8.089708570811007E-007  4.201678529476729E-006
         239  1.532480951197159E-003  9.455070664499533E-004
 -2.683327279071285E-004  3.411644654728732E-004
  6.529098806761953E-007  3.744983837397175E-006
         240  1.827147137824206E-003 -2.707160951132122E-006
 -1.312523327234363E-005  4.411592219811066E-004
  1.821623304790020E-006  2.938321128342031E-006
         241  1.570483766182950E-003 -9.664478416799089E-004
  2.617749628773252E-004  3.760181722249361E-004
  2.709484556556976E-006  1.879713557767557E-006
         242  8.408646128774310E-004 -1.647077567114887E-003
  4.580211849419122E-004  1.586772373417646E-004
  3.299508919300693E-006  5.474101943271213E-007
         243 -1.341706902033199E-004 -1.836005258466288E-003
  5.000467874185324E-004 -1.421330779587820E-004
  3.436704023324051E-006 -1.047708679995627E-006
         244 -1.051076730163224E-003 -1.482736183255683E-003
  3.647041000508197E-004 -4.262833026847375E-004
  2.945600658645381E-006 -2.770020944218358E-006
         245 -1.630409207641251E-003 -7.099201650493292E-004
  8.800158915506378E-005 -5.989629842329536E-004
  1.692864818600404E-006 -4.345300292499784E-006
         246 -1.707528467461082E-003  2.293485913446399E-004
 -2.501851987219103E-004 -5.988371726991765E-004
 -3.047343476453934E-007 -5.420462950496344E-006
         247 -1.285413043686326E-003  1.038103124820536E-003
 -5.468364329424351E-004 -4.161379924419825E-004
 -2.870229129623450E-006 -5.589126473311477E-006
         248 -5.261394899918040E-004  1.477182950756451E-003
 -7.101459232241676E-004 -9.955981903295897E-005
 -5.519973474541061E-006 -4.522352437648027E-006
         249  3.103003347711814E-004  1.438393927795381E-003
 -6.875802507856047E-004  2.604682394190930E-004
 -7.623209393358847E-006 -2.229515685377867E-006
         250  9.539715803714567E-004  9.755192190105753E-004
 -4.853598900049366E-004  5.588099279265342E-004
 -8.607614058591572E-006  9.705884318679849E-007
         251  1.218515173344529E-003  2.796875441710945E-004
 -1.639135870895703E-004  7.125140750595158E-004
 -8.103441705280460E-006  4.499769030696066E-006
         252  1.061472472276826E-003 -3.965045387465404E-004
  1.814603568760832E-004  6.831222585841090E-004
 -6.029806186535233E-006  7.643758359536919E-006
         253  5.862059139198293E-004 -8.317914538983683E-004
  4.526228541837855E-004  4.935359287031008E-004
 -2.671283357251734E-006  9.668716017045925E-006
         254 -5.521760697212226E-006 -9.086309914713920E-004
  5.852672284527606E-004  2.105524148570899E-004
  1.326805705527607E-006  1.008213141544865E-005
         255 -4.921508573343886E-004 -6.459318389099199E-004
  5.587779482969121E-004 -7.981071074722763E-005
  5.194201862902647E-006  8.759237649123630E-006
         256 -7.113197272974175E-004 -1.791735048068483E-004
  4.013643552313367E-004 -2.957591611703368E-004
  8.202037159235530E-006  5.913274453204265E-006
