   5120.00000000000     
         256           1           3
  8.994473019507991E-004   40.3431419250125        114.603535954391     
   18.8300000000000        145.590000000000        6160.02000000000     
           0  0.000000000000000E+000  0.000000000000000E+000
  0.000000000000000E+000  0.000000000000000E+000
  0.000000000000000E+000  0.000000000000000E+000
           1  0.000000000000000E+000  0.000000000000000E+000
  2.179353820810991E-009  1.605049324958546E-010
 -2.020937235570970E-008  2.754029463230914E-011
           2  0.000000000000000E+000  0.000000000000000E+000
  2.095296369465801E-009  6.350332516532629E-010
 -2.243401792809142E-008 -9.443112463906243E-010
           3  0.000000000000000E+000  0.000000000000000E+000
  2.208663600550494E-009  1.395771839714531E-009
 -2.734181697898735E-008  5.714238384738685E-010
           4  0.000000000000000E+000  0.000000000000000E+000
  2.971232275186267E-009  2.409259056496483E-009
 -3.353261070708028E-008  8.068820365230745E-009
           5  0.000000000000000E+000  0.000000000000000E+000
  4.897586865728662E-009  3.073329438901781E-009
 -3.388914726282216E-008  2.376988273125324E-008
           6  0.000000000000000E+000  0.000000000000000E+000
  7.692965966222400E-009  1.747356350210861E-009
 -1.860895404848910E-008  4.027759747670341E-008
           7  0.000000000000000E+000  0.000000000000000E+000
  8.296685298298561E-009 -1.279782362274317E-009
  1.070002125719685E-008  4.189428831061528E-008
           8  0.000000000000000E+000  0.000000000000000E+000
  7.502433420035478E-009 -3.937147410275941E-009
  3.912431969457176E-008  1.274409285333373E-008
           9  0.000000000000000E+000  0.000000000000000E+000
  4.962322440594134E-009 -5.684278803587028E-009
  2.909280549455065E-008 -4.010592474361926E-008
          10  0.000000000000000E+000  0.000000000000000E+000
  2.368903001119677E-009 -4.914170938445419E-009
 -3.432658264869032E-008 -6.690768410697624E-008
          11  0.000000000000000E+000  0.000000000000000E+000
  1.598543559042019E-009 -4.376021462749592E-009
 -1.082959401904061E-007 -1.975563192728988E-008
          12  0.000000000000000E+000  0.000000000000000E+000
 -1.348518273407327E-009 -8.909499891835867E-010
 -1.089853813029242E-007  9.874109926382016E-008
          13  0.000000000000000E+000  0.000000000000000E+000
  3.554502802804034E-009  3.320998907456102E-009
  1.974013105554835E-008  1.660340334443582E-007
          14  0.000000000000000E+000  0.000000000000000E+000
  9.350235909304740E-009 -1.782814855582230E-011
  1.577728580102091E-007  7.735242971407388E-008
          15  0.000000000000000E+000  0.000000000000000E+000
  9.726455289721695E-009 -6.635719710203470E-009
  1.530047611476923E-007 -1.058129455157802E-007
          16  0.000000000000000E+000  0.000000000000000E+000
  5.267487481929996E-009 -1.247530386453882E-008
 -2.660558998941553E-008 -2.090820532516354E-007
          17  0.000000000000000E+000  0.000000000000000E+000
 -6.923416480617800E-009 -1.091494195658703E-008
 -2.299818693656697E-007 -8.541465744578198E-008
          18  0.000000000000000E+000  0.000000000000000E+000
 -7.424558103111734E-009  1.854922487130180E-009
 -2.123212960359209E-007  1.638667296460240E-007
          19  0.000000000000000E+000  0.000000000000000E+000
  2.147788546998881E-009  6.446201440987791E-009
  1.524945867627402E-008  2.809945101847719E-007
          20  0.000000000000000E+000  0.000000000000000E+000
  1.007384795584751E-008  1.509932784243198E-009
  2.471473116011992E-007  1.449714200955694E-007
          21  0.000000000000000E+000  0.000000000000000E+000
  1.149452419433537E-008 -7.358401120613088E-009
  2.539756391323130E-007 -1.395493646401601E-007
          22  0.000000000000000E+000  0.000000000000000E+000
  3.726216251357816E-009 -1.726701440877034E-008
 -6.015756308301475E-009 -2.990847863211979E-007
          23  0.000000000000000E+000  0.000000000000000E+000
 -1.058523370018993E-008 -8.714315497573079E-009
 -2.634593449752376E-007 -1.368402258370983E-007
          24  0.000000000000000E+000  0.000000000000000E+000
 -5.558947875105975E-009  3.281601777846525E-009
 -2.658344326274786E-007  1.422541668378564E-007
          25  0.000000000000000E+000  0.000000000000000E+000
  4.274894983854056E-009  3.622226975770265E-009
 -4.206880358429684E-008  3.063814863949669E-007
          26  0.000000000000000E+000  0.000000000000000E+000
  9.498097310440268E-009 -3.394646530123621E-009
  2.228481727039858E-007  2.104099135011808E-007
          27  0.000000000000000E+000  0.000000000000000E+000
  7.263453617769200E-009 -1.432539028569640E-008
  2.786551862972045E-007 -6.681199497676734E-008
          28  0.000000000000000E+000  0.000000000000000E+000
 -1.077700511273757E-008 -1.362296955183150E-008
  9.036082209945420E-008 -2.335537520849491E-007
          29  0.000000000000000E+000  0.000000000000000E+000
 -8.831780038169677E-009  2.110266941341126E-009
 -1.375637527895180E-007 -2.163682732664300E-007
          30  0.000000000000000E+000  0.000000000000000E+000
  1.660404069375535E-009  3.653112687409541E-009
 -2.810721780925558E-007  8.870226107622700E-010
          31  0.000000000000000E+000  0.000000000000000E+000
  6.851241266041162E-009 -2.654090204171937E-009
 -1.612427266131573E-007  2.528947242613886E-007
          32  0.000000000000000E+000  0.000000000000000E+000
  5.838454689140094E-009 -1.113475714017210E-008
  1.163101923689937E-007  2.758217249528920E-007
          33  0.000000000000000E+000  0.000000000000000E+000
 -7.991485553538040E-009 -1.669216433710875E-008
  2.753733919765255E-007  7.365580037602439E-008
          34  0.000000000000000E+000  0.000000000000000E+000
 -1.375920470501820E-008 -7.715450592356073E-010
  2.215092661108720E-007 -1.912272767724746E-007
          35  0.000000000000000E+000  0.000000000000000E+000
 -4.273977383108826E-009  5.651931745231295E-009
 -6.926493006330542E-008 -2.795279632351045E-007
          36  0.000000000000000E+000  0.000000000000000E+000
  3.453436444203576E-009  2.931729773835543E-009
 -2.702033219870181E-007 -5.755731736406929E-008
          37  0.000000000000000E+000  0.000000000000000E+000
  6.846083948824194E-009 -3.908090668920195E-009
 -1.720456689972878E-007  2.020143021995171E-007
          38  0.000000000000000E+000  0.000000000000000E+000
  3.595381084085617E-009 -1.369040252962562E-008
  7.469791308433920E-008  2.403439230444480E-007
          39  0.000000000000000E+000  0.000000000000000E+000
 -1.189649860034168E-008 -1.195395418366831E-008
  2.392682182186566E-007  7.351563111109975E-008
          40  0.000000000000000E+000  0.000000000000000E+000
 -1.121255120285739E-008 -2.744083250067914E-010
  1.571904661326049E-007 -1.753009971932219E-007
          41  0.000000000000000E+000  0.000000000000000E+000
 -5.877828162360628E-009  3.420010266078663E-009
 -9.494501694134946E-008 -1.744778685010175E-007
          42  0.000000000000000E+000  0.000000000000000E+000
 -8.021799283150315E-012  3.589743669157349E-009
 -1.706726379282790E-007  3.401405088505037E-008
          43  0.000000000000000E+000  0.000000000000000E+000
  5.292417963132108E-009 -2.184287815256997E-009
 -2.895707932810614E-008  1.632189729336520E-007
          44  0.000000000000000E+000  0.000000000000000E+000
 -1.045648490862451E-009 -1.103323551780772E-008
  1.346648441233117E-007  1.024716932479093E-007
          45  0.000000000000000E+000  0.000000000000000E+000
 -6.488997610434526E-009 -7.013841141704685E-009
  1.409703908240307E-007 -9.708868649526103E-008
          46  0.000000000000000E+000  0.000000000000000E+000
 -9.163402929788309E-009 -5.111977524511902E-009
 -6.025940112826721E-008 -1.406379817478836E-007
          47  0.000000000000000E+000  0.000000000000000E+000
 -1.048495075302680E-008  7.256634625629921E-010
 -1.483084117146444E-007  2.901347923670957E-008
          48  0.000000000000000E+000  0.000000000000000E+000
 -4.983098374763897E-009  5.148488110759147E-009
 -2.970824859623328E-008  1.656111950144297E-007
          49  0.000000000000000E+000  0.000000000000000E+000
  4.048786269257807E-010  1.276747514403241E-009
  1.462911236088803E-007  1.234734078472577E-007
          50  0.000000000000000E+000  0.000000000000000E+000
  1.676789837723235E-010 -2.424284764962778E-009
  2.004469212508436E-007 -7.026372881667274E-008
          51  0.000000000000000E+000  0.000000000000000E+000
 -2.891999282582652E-009 -6.420523846687193E-009
  3.516643962661194E-008 -2.096127027955301E-007
          52  0.000000000000000E+000  0.000000000000000E+000
 -8.956475187266468E-009 -5.006669903689648E-009
 -1.662141679774680E-007 -1.287840951292016E-007
          53  0.000000000000000E+000  0.000000000000000E+000
 -1.052351571848558E-008  1.138823560491444E-009
 -2.020072055913042E-007  9.222514157073598E-008
          54  0.000000000000000E+000  0.000000000000000E+000
 -6.240280208057307E-009  5.314902869811579E-009
 -2.088884659613519E-008  2.472447683732195E-007
          55  0.000000000000000E+000  0.000000000000000E+000
 -1.029336117363584E-009  3.567429149214519E-009
  2.202007365145322E-007  1.659216096916953E-007
          56  0.000000000000000E+000  0.000000000000000E+000
 -6.564393934886929E-010 -9.602262826252916E-010
  2.784787136177253E-007 -9.322760660103943E-008
          57  0.000000000000000E+000  0.000000000000000E+000
 -3.842202523073315E-009 -3.398951934948821E-009
  8.034076182697415E-008 -2.945162136053783E-007
          58  0.000000000000000E+000  0.000000000000000E+000
 -7.925127664124695E-009 -2.022234181700839E-009
 -2.182809856738359E-007 -2.242055752660225E-007
          59  0.000000000000000E+000  0.000000000000000E+000
 -9.173428070312506E-009  2.507053503788272E-009
 -3.108470584741448E-007  9.175133441096975E-008
          60  0.000000000000000E+000  0.000000000000000E+000
 -5.707695076660264E-009  6.816494808833787E-009
 -6.499069027982930E-008  3.359526294312342E-007
          61  0.000000000000000E+000  0.000000000000000E+000
  2.711589163948790E-010  3.392740098775918E-009
  2.664431232079385E-007  2.429759124405983E-007
          62  0.000000000000000E+000  0.000000000000000E+000
 -1.624528321237345E-009 -3.479983586108424E-010
  3.918012667009685E-007 -1.024956754698074E-007
          63  0.000000000000000E+000  0.000000000000000E+000
 -4.604803440171136E-009 -2.320945642648108E-009
  1.060500165983348E-007 -4.199511494573324E-007
          64  0.000000000000000E+000  0.000000000000000E+000
 -1.005087023071235E-008 -7.166192134101156E-011
 -3.251251779727810E-007 -2.809190701339183E-007
          65  0.000000000000000E+000  0.000000000000000E+000
 -1.074886681578170E-008  8.514172343387155E-009
 -3.794413758307977E-007  1.664082619167644E-007
          66  0.000000000000000E+000  0.000000000000000E+000
  9.178031724721015E-010  1.147846159999869E-008
 -3.339519325643685E-008  4.089091161713739E-007
          67  0.000000000000000E+000  0.000000000000000E+000
  3.367926764397083E-009  4.168908456613277E-009
  3.891846437819507E-007  2.498482598255407E-007
          68  0.000000000000000E+000  0.000000000000000E+000
  2.606147819023230E-009 -2.644679248357982E-009
  4.034209146071888E-007 -2.626067412719929E-007
          69  0.000000000000000E+000  0.000000000000000E+000
 -7.099768585316774E-009 -5.834579040007127E-009
 -4.932121124671327E-008 -4.464977723730595E-007
          70  0.000000000000000E+000  0.000000000000000E+000
 -1.495996188718940E-008  3.659628083978516E-009
 -3.685540679087751E-007 -1.571782585071637E-007
          71  0.000000000000000E+000  0.000000000000000E+000
 -6.765593366084792E-009  1.694582800277359E-008
 -2.983746916797685E-007  2.089296906072014E-007
          72  0.000000000000000E+000  0.000000000000000E+000
  4.310348822780732E-009  1.078184891726951E-008
  2.936604001143148E-008  3.924255110430060E-007
          73  0.000000000000000E+000  0.000000000000000E+000
  8.081588198676136E-009  3.905071183259178E-009
  3.827306084185963E-007  1.271069103169139E-007
          74  0.000000000000000E+000  0.000000000000000E+000
  2.320327835804974E-009 -6.348267308699434E-009
  2.676989660570299E-007 -2.439879490051208E-007
          75  0.000000000000000E+000  0.000000000000000E+000
 -1.050763452966167E-008 -4.001153294281823E-009
 -2.215689396345087E-008 -3.193061183684279E-007
          76  0.000000000000000E+000  0.000000000000000E+000
 -1.379046595162472E-008  1.009924933593556E-008
 -2.364245421036919E-007 -1.876672313830832E-007
          77  0.000000000000000E+000  0.000000000000000E+000
  1.002446587490301E-009  1.540345071708343E-008
 -3.200190988186815E-007  7.783800579667185E-008
          78  0.000000000000000E+000  0.000000000000000E+000
  5.555344441515206E-009  1.010302671476483E-008
 -5.091055736350839E-008  3.199292477755825E-007
          79  0.000000000000000E+000  0.000000000000000E+000
  7.635470649903593E-009  8.356927267472501E-010
  1.971379878312501E-007  1.959367502643545E-007
          80  0.000000000000000E+000  0.000000000000000E+000
 -2.294505497824985E-009 -3.175050601712504E-009
  3.157670285638843E-007  2.694603097408210E-009
          81  0.000000000000000E+000  0.000000000000000E+000
 -8.427221278317059E-009  5.398525573908093E-009
  2.466038242199703E-007 -3.164508842800522E-007
          82  0.000000000000000E+000  0.000000000000000E+000
  1.010154434112796E-009  1.339919576609564E-008
 -1.765408327743387E-007 -4.397098589373385E-007
          83  0.000000000000000E+000  0.000000000000000E+000
  4.186730980170499E-009  7.396916374448650E-009
 -4.472839485162766E-007 -4.195942323407699E-008
          84  0.000000000000000E+000  0.000000000000000E+000
  6.086573728433955E-009  3.411144376487825E-009
 -2.940938769019614E-007  3.206172459336527E-007
          85  0.000000000000000E+000  0.000000000000000E+000
  8.743770751513586E-010  5.443946784056592E-010
  1.443688864777824E-007  4.605887634419294E-007
          86  0.000000000000000E+000  0.000000000000000E+000
 -1.829741755534739E-009  4.654506114568268E-009
  5.090877461247454E-007  6.414991206905481E-008
          87  0.000000000000000E+000  0.000000000000000E+000
  1.354892238655343E-009  9.281872714383926E-009
  2.743263017054788E-007 -4.362045376952632E-007
          88  0.000000000000000E+000  0.000000000000000E+000
  5.859240717352926E-009  4.212608539517127E-009
 -2.417099429352866E-007 -3.914163237956590E-007
          89  0.000000000000000E+000  0.000000000000000E+000
  4.729629893700584E-009  3.549151088216962E-009
 -3.844057005537088E-007 -3.570691631865361E-008
          90  0.000000000000000E+000  0.000000000000000E+000
  3.415284684399783E-009  1.055730662482276E-009
 -2.264063609169037E-007  2.836634711889091E-007
          91  0.000000000000000E+000  0.000000000000000E+000
  1.038382360159153E-009  2.296339086839349E-009
  1.435841331436205E-007  2.825207044350976E-007
          92  0.000000000000000E+000  0.000000000000000E+000
  8.812285224616324E-010  3.924569424829552E-009
  2.531886382008092E-007 -2.411742846794151E-008
          93  0.000000000000000E+000  0.000000000000000E+000
  3.155452387834967E-009  6.089843823509788E-009
  5.154068882371577E-008 -1.813640152290877E-007
          94  0.000000000000000E+000  0.000000000000000E+000
  3.210634458520982E-009  3.981648991695922E-009
 -6.291067976223889E-008 -5.895989114227158E-008
          95  0.000000000000000E+000  0.000000000000000E+000
  5.148926883865329E-009  4.365909486790429E-009
 -2.712664633562768E-008 -2.222112891078723E-008
          96  0.000000000000000E+000  0.000000000000000E+000
  5.028425927206998E-009  2.581889728829191E-009
  1.403449516475577E-008 -2.942421441437031E-008
          97  0.000000000000000E+000  0.000000000000000E+000
  4.904876018968604E-009  1.758407898538128E-009
 -3.378949922627812E-008 -1.290658105838089E-007
          98  0.000000000000000E+000  0.000000000000000E+000
  3.431143993828086E-009  1.275793406212343E-009
 -2.256846872943451E-007 -5.589485548471113E-008
          99  0.000000000000000E+000  0.000000000000000E+000
  2.662046670254221E-009  9.163875307452045E-010
 -1.960127768948132E-007  2.454350760565506E-007
         100  0.000000000000000E+000  0.000000000000000E+000
  1.704351766959872E-009  4.392873332533708E-009
  1.624484719078282E-007  3.044335799546080E-007
         101  0.000000000000000E+000  0.000000000000000E+000
  4.583170654875181E-009  5.964210249370672E-009
  3.886859309006498E-007  1.275149562536661E-008
         102  0.000000000000000E+000  0.000000000000000E+000
  8.810282993971713E-009  4.853136908161341E-009
  2.366487650931126E-007 -4.014719627718897E-007
         103  0.000000000000000E+000  0.000000000000000E+000
  9.944714366008833E-009 -3.927208435382198E-010
 -2.681489992063088E-007 -4.527406336197950E-007
         104  0.000000000000000E+000  0.000000000000000E+000
  6.448455923951516E-009 -4.100239497983159E-009
 -5.527332574331640E-007 -1.741752842687674E-010
         105  0.000000000000000E+000  0.000000000000000E+000
  1.139525712424164E-009 -2.261680129343766E-009
 -2.884200111415036E-007  4.610799032613849E-007
         106  0.000000000000000E+000  0.000000000000000E+000
  9.239628454904215E-010  2.383663318310541E-009
  2.319658407496887E-007  4.859111074492668E-007
         107  0.000000000000000E+000  0.000000000000000E+000
  4.708614986611124E-009  5.070044086180278E-009
  5.390550672703558E-007  4.665619603329307E-008
         108  0.000000000000000E+000  0.000000000000000E+000
  9.349466010473827E-009  3.048322970426967E-009
  3.197911127872982E-007 -4.486677866464958E-007
         109  0.000000000000000E+000  0.000000000000000E+000
  1.001110135022569E-008 -2.180658937511006E-009
 -2.188672187807309E-007 -5.251104766518760E-007
         110  0.000000000000000E+000  0.000000000000000E+000
  6.338340512471340E-009 -5.034618157746614E-009
 -5.797794536346555E-007 -1.058791956418521E-007
         111  0.000000000000000E+000  0.000000000000000E+000
  2.508212307895713E-009 -3.493891230585190E-009
 -3.966718721867960E-007  4.433202631202382E-007
         112  0.000000000000000E+000  0.000000000000000E+000
  2.416817168154520E-009 -4.200103051553542E-010
  1.691193751456731E-007  5.435979393985494E-007
         113  0.000000000000000E+000  0.000000000000000E+000
  4.531208119242777E-009  1.443325911154246E-009
  5.343330483888637E-007  1.231323396903658E-007
         114  0.000000000000000E+000  0.000000000000000E+000
  8.343994254999753E-009  2.596511273345623E-010
  3.612767677767196E-007 -4.140418539262670E-007
         115  0.000000000000000E+000  0.000000000000000E+000
  7.808495305432252E-009 -4.597403986939048E-009
 -2.090739288262861E-007 -5.250142308686146E-007
         116  0.000000000000000E+000  0.000000000000000E+000
  4.486947559158647E-009 -5.438378546248731E-009
 -5.868762778692826E-007 -4.302695058122722E-008
         117  0.000000000000000E+000  0.000000000000000E+000
  3.279738920815522E-009 -2.834641514115072E-009
 -2.715842216135490E-007  4.776870841621343E-007
         118  0.000000000000000E+000  0.000000000000000E+000
  4.365156560030708E-009 -2.289923742814863E-009
  2.676695522071892E-007  4.323320023637683E-007
         119  0.000000000000000E+000  0.000000000000000E+000
  6.632294645040701E-009 -2.012855772457781E-009
  5.034314854387141E-007 -6.911299656848740E-008
         120  0.000000000000000E+000  0.000000000000000E+000
  7.555689873539601E-009 -7.648523862949201E-009
  9.524330429024880E-008 -5.182457721193141E-007
         121  0.000000000000000E+000  0.000000000000000E+000
  1.509067002926594E-009 -8.335301276591521E-009
 -5.067875078416292E-007 -2.578224839865669E-007
         122  0.000000000000000E+000  0.000000000000000E+000
 -6.528797219901082E-010 -3.054852600453593E-009
 -3.809375071359363E-007  4.044977161023378E-007
         123  0.000000000000000E+000  0.000000000000000E+000
  3.002215263410514E-009 -1.534755624946583E-009
  1.995319251192030E-007  4.914523749591334E-007
         124  0.000000000000000E+000  0.000000000000000E+000
  5.893290333543493E-009 -1.712451134732538E-009
  5.627145247993441E-007  4.981920671047682E-010
         125  0.000000000000000E+000  0.000000000000000E+000
  9.198768914622179E-009 -7.885861401209213E-009
  1.731659179064199E-007 -5.877761899446128E-007
         126  0.000000000000000E+000  0.000000000000000E+000
  4.173988044295386E-010 -1.225214298606207E-008
 -5.563220992035315E-007 -3.705715892006981E-007
         127  0.000000000000000E+000  0.000000000000000E+000
 -4.621065604348114E-009 -5.610602329018500E-009
 -5.490144223470651E-007  4.437849996924711E-007
         128  0.000000000000000E+000  0.000000000000000E+000
  7.970382701374047E-010 -9.742447320919308E-010
  1.658752540340654E-007  6.354745356073645E-007
         129  0.000000000000000E+000  0.000000000000000E+000
  3.564257544022637E-009 -2.793834486832243E-009
  6.441974566366950E-007  1.618849777927293E-007
         130  0.000000000000000E+000  0.000000000000000E+000
  6.695145872896808E-009 -5.657535040539625E-009
  4.291138065046340E-007 -5.722191969744519E-007
         131  0.000000000000000E+000  0.000000000000000E+000
  2.330649007955571E-009 -1.382232018842753E-008
 -4.179820436893790E-007 -6.270209465962556E-007
         132  0.000000000000000E+000  0.000000000000000E+000
 -6.346842344166557E-009 -8.195159928382472E-009
 -7.680056019517636E-007  1.806819690530610E-007
         133  0.000000000000000E+000  0.000000000000000E+000
 -1.707912104025263E-009 -5.450209943794719E-011
 -1.105778869048030E-007  7.304043023160284E-007
         134  0.000000000000000E+000  0.000000000000000E+000
  4.064507787905368E-009 -4.544722159969937E-009
  5.363072628694614E-007  4.465158912431801E-007
         135  0.000000000000000E+000  0.000000000000000E+000
  3.769527251007062E-009 -8.649593815312669E-009
  6.715189420078922E-007 -2.914901809954108E-007
         136  0.000000000000000E+000  0.000000000000000E+000
 -7.786027890881562E-010 -1.540866223259334E-008
 -4.214337941798851E-008 -7.332161910378053E-007
         137  0.000000000000000E+000  0.000000000000000E+000
 -1.267575389366691E-008 -8.973781677072239E-009
 -6.803402789922598E-007 -2.084023583314390E-007
         138  0.000000000000000E+000  0.000000000000000E+000
 -7.389810470712296E-009  3.821781412078323E-009
 -4.193409552502047E-007  4.842314453029610E-007
         139  0.000000000000000E+000  0.000000000000000E+000
  3.691280801065124E-009 -3.413241668763462E-011
  1.388773117321342E-007  6.052788248323134E-007
         140  0.000000000000000E+000  0.000000000000000E+000
  4.136902258678112E-009 -7.726180770611785E-009
  6.374393133731572E-007  2.072612325690864E-007
         141  0.000000000000000E+000  0.000000000000000E+000
 -1.030628040008390E-009 -1.434193891619753E-008
  4.604268243236326E-007 -4.702143321741423E-007
         142  0.000000000000000E+000  0.000000000000000E+000
 -1.360401653948999E-008 -1.138645287239839E-008
 -1.838835232291308E-007 -5.965512106705405E-007
         143  0.000000000000000E+000  0.000000000000000E+000
 -1.327953914789070E-008  2.223616701016865E-009
 -5.980548582799288E-007 -1.380697965122399E-007
         144  0.000000000000000E+000  0.000000000000000E+000
 -1.580713879607196E-009  4.690450840108219E-009
 -4.983196163312832E-007  4.452305413655165E-007
         145  0.000000000000000E+000  0.000000000000000E+000
  2.075261510482843E-009 -2.139996886624307E-009
  1.634160612297865E-007  7.605635960029057E-007
         146  0.000000000000000E+000  0.000000000000000E+000
  4.509221434424739E-010 -7.270011358580940E-009
  7.904665250572550E-007  2.104513924498659E-007
         147  0.000000000000000E+000  0.000000000000000E+000
 -5.308323570335450E-009 -1.038806062432143E-008
  5.512936571279066E-007 -5.794335728205771E-007
         148  0.000000000000000E+000  0.000000000000000E+000
 -1.200269910961367E-008 -4.645214809791826E-009
 -2.237391858519785E-007 -7.501534616986370E-007
         149  0.000000000000000E+000  0.000000000000000E+000
 -8.154131656852956E-009  2.715517251727318E-009
 -7.534696980228867E-007 -1.803675554180033E-007
         150  0.000000000000000E+000  0.000000000000000E+000
 -2.010325346794746E-009  6.598305581807472E-010
 -5.627484128930103E-007  5.954477623396286E-007
         151  0.000000000000000E+000  0.000000000000000E+000
 -2.018760780609517E-009 -2.923989956779641E-009
  2.762231345904826E-007  7.925835066484729E-007
         152  0.000000000000000E+000  0.000000000000000E+000
 -3.801609229948817E-009 -5.306219885475474E-009
  7.814864771522652E-007  1.418416527259725E-007
         153  0.000000000000000E+000  0.000000000000000E+000
 -8.474762783909185E-009 -5.144566592178082E-009
  4.923090915582303E-007 -5.359566971961988E-007
         154  0.000000000000000E+000  0.000000000000000E+000
 -9.304259844965600E-009  4.107412187874196E-010
 -1.783920270073399E-007 -6.417406029394424E-007
         155  0.000000000000000E+000  0.000000000000000E+000
 -4.681282542329258E-009  1.702957496936394E-009
 -6.028072099454361E-007 -1.543184248603544E-007
         156  0.000000000000000E+000  0.000000000000000E+000
 -3.639891580849646E-009 -1.347061336695190E-009
 -3.770843896083056E-007  4.217132401804417E-007
         157  0.000000000000000E+000  0.000000000000000E+000
 -5.483863048204107E-009 -2.994231799738082E-009
  1.449514177379739E-007  4.682251074284013E-007
         158  0.000000000000000E+000  0.000000000000000E+000
 -8.381743604305016E-009 -2.304901802301598E-009
  3.916586439700022E-007  1.302194213365218E-007
         159  0.000000000000000E+000  0.000000000000000E+000
 -9.488210889466329E-009  1.106408806865731E-009
  2.763234264138659E-007 -1.724020745125190E-007
         160  0.000000000000000E+000  0.000000000000000E+000
 -7.063232647108784E-009  3.918211571741640E-009
  6.671032619868257E-008 -2.284653422266122E-007
         161  0.000000000000000E+000  0.000000000000000E+000
 -3.843706287660906E-009  2.758596162769311E-009
 -5.758430928385498E-008 -1.957508187518547E-007
         162  0.000000000000000E+000  0.000000000000000E+000
 -4.104110985121265E-009  1.628260421458561E-010
 -1.769470894547400E-007 -1.165125167164286E-007
         163  0.000000000000000E+000  0.000000000000000E+000
 -6.202193941228065E-009 -2.886849210277599E-010
 -2.337773682477320E-007  5.850346084894328E-008
         164  0.000000000000000E+000  0.000000000000000E+000
 -7.305040931829331E-009  5.854437936085448E-010
 -1.151431396483005E-007  2.783307619144709E-007
         165  0.000000000000000E+000  0.000000000000000E+000
 -8.667430469257365E-009  2.316730576323494E-009
  2.087998366260365E-007  3.045196372690032E-007
         166  0.000000000000000E+000  0.000000000000000E+000
 -7.036385047691617E-009  5.268689635903548E-009
  4.266953904114315E-007 -4.314702772926058E-008
         167  0.000000000000000E+000  0.000000000000000E+000
 -5.212525343419460E-009  4.139959016073461E-009
  1.399940607870990E-007 -3.753840620673686E-007
         168  0.000000000000000E+000  0.000000000000000E+000
 -5.990503266584223E-009  4.471137780747692E-009
 -2.039140485465721E-007 -2.518844314267542E-007
         169  0.000000000000000E+000  0.000000000000000E+000
 -4.288580478240561E-009  6.098881527697130E-009
 -2.682028129225528E-007  4.340355391164564E-008
         170  0.000000000000000E+000  0.000000000000000E+000
 -2.679634647507861E-009  3.162635115797009E-009
 -4.092679743100725E-008  2.390132869245629E-007
         171  0.000000000000000E+000  0.000000000000000E+000
 -5.624121092750899E-009  2.752592920953197E-009
  2.240537471977476E-007  8.109670668164004E-008
         172  0.000000000000000E+000  0.000000000000000E+000
 -6.096497391449428E-009  3.197540961171715E-009
  4.049727061557859E-008 -2.183258181053924E-007
         173  0.000000000000000E+000  0.000000000000000E+000
 -9.631650321647604E-009  6.016425365786123E-009
 -2.002421433705473E-007  3.405293596565136E-008
         174  0.000000000000000E+000  0.000000000000000E+000
 -6.334191695735798E-009  1.328308770124544E-008
  4.419261530529179E-008  2.495326894436308E-007
         175  0.000000000000000E+000  0.000000000000000E+000
  2.971104887215033E-009  1.119652733452374E-008
  3.629492801822695E-007  8.998301924701679E-008
         176  0.000000000000000E+000  0.000000000000000E+000
  3.230612168359403E-009  4.335501394393866E-009
  3.617448639433030E-007 -3.974549273345945E-007
         177  0.000000000000000E+000  0.000000000000000E+000
  7.153831280725036E-010 -2.113290324066694E-010
 -3.112685760816654E-007 -6.741470941410704E-007
         178  0.000000000000000E+000  0.000000000000000E+000
 -8.518028327243886E-009  2.117751671569071E-010
 -8.289852794969309E-007  1.131355954226913E-007
         179  0.000000000000000E+000  0.000000000000000E+000
 -1.031830033503132E-008  1.110338692443607E-008
 -1.985745220036446E-007  8.142350367437931E-007
         180  0.000000000000000E+000  0.000000000000000E+000
  4.700031386876311E-010  1.661584209777742E-008
  6.565729143216922E-007  5.680582458322601E-007
         181  0.000000000000000E+000  0.000000000000000E+000
  7.374585954318997E-009  8.782634542923826E-009
  8.744477114482167E-007 -3.401369948056032E-007
         182  0.000000000000000E+000  0.000000000000000E+000
  5.532500491400372E-009  2.031036249918862E-009
  1.150054471647114E-007 -1.013877564263958E-006
         183  0.000000000000000E+000  0.000000000000000E+000
 -2.412036619598332E-009 -1.791309923868743E-009
 -8.990610962282265E-007 -4.926613216847184E-007
         184  0.000000000000000E+000  0.000000000000000E+000
 -8.732901740976072E-009  6.804705203260931E-009
 -6.987417246905484E-007  5.406242928208579E-007
         185  0.000000000000000E+000  0.000000000000000E+000
 -2.514077902836165E-009  1.557059085470700E-008
  1.097557503261335E-007  7.439178515827515E-007
         186  0.000000000000000E+000  0.000000000000000E+000
  7.965382307643981E-009  1.193869390886075E-008
  6.595120393488933E-007  2.682858115731326E-007
         187  0.000000000000000E+000  0.000000000000000E+000
  7.272361169795157E-009  3.870114871968982E-009
  5.451550496802149E-007 -4.412037340675613E-007
         188  0.000000000000000E+000  0.000000000000000E+000
  2.160866405989670E-009  7.591370464989481E-011
 -1.772925950416101E-007 -6.371594114311050E-007
         189  0.000000000000000E+000  0.000000000000000E+000
 -5.166129236714931E-009  5.530467390982909E-009
 -4.561341350095324E-007 -8.041288769981529E-008
         190  0.000000000000000E+000  0.000000000000000E+000
 -4.065885279241505E-010  1.469862181077240E-008
 -2.395767488052263E-007  1.643407445324030E-007
         191  0.000000000000000E+000  0.000000000000000E+000
  1.072287578692710E-008  1.266174328669125E-008
 -5.979715356215753E-008  2.419464316679276E-007
         192  0.000000000000000E+000  0.000000000000000E+000
  1.167265557300677E-008  3.070321354058219E-009
  1.375662714127554E-007  1.766847177496392E-007
         193  0.000000000000000E+000  0.000000000000000E+000
  6.205568571487692E-009 -1.773621247668396E-009
  1.782679908798335E-007  1.828440862304325E-008
         194  0.000000000000000E+000  0.000000000000000E+000
 -1.364600493568258E-009  1.829661733200940E-009
  2.556278352815334E-007 -8.794136956249721E-008
         195  0.000000000000000E+000  0.000000000000000E+000
  9.163305659255222E-010  9.319714202638109E-009
  7.833834837670147E-008 -4.478881625842233E-007
         196  0.000000000000000E+000  0.000000000000000E+000
  8.122089560117333E-009  1.023084680038231E-008
 -4.652513945599360E-007 -3.045785570596877E-007
         197  0.000000000000000E+000  0.000000000000000E+000
  1.152198694286465E-008  4.098908357657189E-009
 -5.044676516276448E-007  3.039326065697802E-007
         198  0.000000000000000E+000  0.000000000000000E+000
  8.971507038991378E-009  6.990218251774750E-011
  5.992308107857059E-008  5.955638920746084E-007
         199  0.000000000000000E+000  0.000000000000000E+000
  5.120125617204886E-009 -8.020607099768228E-010
  5.909382289128490E-007  2.256272610429825E-007
         200  0.000000000000000E+000  0.000000000000000E+000
  3.654616919801049E-009  2.137458012645793E-009
  5.048517098052972E-007 -5.129039914365679E-007
         201  0.000000000000000E+000  0.000000000000000E+000
  4.901884403697592E-009  3.322339244734347E-009
 -3.007104212471039E-007 -7.195662307734165E-007
         202  0.000000000000000E+000  0.000000000000000E+000
  6.462296237519837E-009  3.622474877379776E-009
 -7.827801129308981E-007 -3.809698989283761E-008
         203  0.000000000000000E+000  0.000000000000000E+000
  7.454466316101587E-009  2.552118948931338E-009
 -3.825176378168432E-007  6.529013029102708E-007
         204  0.000000000000000E+000  0.000000000000000E+000
  8.115574129369820E-009  1.618659824774838E-009
  3.844840821996376E-007  6.103624506846773E-007
         205  0.000000000000000E+000  0.000000000000000E+000
  7.949796790715349E-009  2.716783268778081E-010
  7.086653008284090E-007 -6.244990895098159E-008
         206  0.000000000000000E+000  0.000000000000000E+000
  7.759446214980593E-009 -6.079160410950400E-010
  2.584218630982420E-007 -6.660494523462222E-007
         207  0.000000000000000E+000  0.000000000000000E+000
  6.701195582819397E-009 -1.662540773672262E-009
 -4.513663906516671E-007 -5.286988850865587E-007
         208  0.000000000000000E+000  0.000000000000000E+000
  5.394068350074768E-009 -1.071343524570948E-009
 -6.444362254069867E-007  1.020431668134805E-007
         209  0.000000000000000E+000  0.000000000000000E+000
  5.631681263480469E-009  2.022714931030753E-010
 -2.410509014672506E-007  5.410191289645601E-007
         210  0.000000000000000E+000  0.000000000000000E+000
  7.293291347227842E-009  3.759676470395732E-010
  2.762121304650073E-007  4.302905556440528E-007
         211  0.000000000000000E+000  0.000000000000000E+000
  8.551363421410885E-009 -8.617336658043136E-010
  4.400244394148749E-007  3.029339201601478E-008
         212  0.000000000000000E+000  0.000000000000000E+000
  8.905189778979245E-009 -3.583227235573889E-009
  2.810657284620257E-007 -3.164961794596117E-007
         213  0.000000000000000E+000  0.000000000000000E+000
  6.218536093002971E-009 -4.849661507476281E-009
 -8.672671067587608E-008 -4.202619287903028E-007
         214  0.000000000000000E+000  0.000000000000000E+000
  4.897444375225211E-009 -3.959356442757051E-009
 -3.946813096030673E-007 -2.008074989533465E-007
         215  0.000000000000000E+000  0.000000000000000E+000
  5.062857964429949E-009 -2.815941001953394E-009
 -4.247492786974606E-007  1.643222153365757E-007
         216  0.000000000000000E+000  0.000000000000000E+000
  5.494875694431901E-009 -2.609688775356817E-009
 -1.510124071162379E-007  4.903300020131390E-007
         217  0.000000000000000E+000  0.000000000000000E+000
  7.733166079051585E-009 -3.055633601659356E-009
  3.712946625482874E-007  3.667195459089099E-007
         218  0.000000000000000E+000  0.000000000000000E+000
  6.340413588355550E-009 -6.959989853891213E-009
  4.275349120745976E-007 -1.548501712764040E-007
         219  0.000000000000000E+000  0.000000000000000E+000
  3.583641213179433E-009 -5.635938758188999E-009
  6.151990705837759E-008 -3.788531298255176E-007
         220  0.000000000000000E+000  0.000000000000000E+000
  3.747972578646816E-009 -3.874198221026406E-009
 -2.396250684060281E-007 -2.198058122651860E-007
         221  0.000000000000000E+000  0.000000000000000E+000
  5.766753488106975E-009 -4.153292198021018E-009
 -3.089893044146887E-007  5.464880663642313E-008
         222  0.000000000000000E+000  0.000000000000000E+000
  6.932552451060807E-009 -5.316146110441072E-009
 -5.593874200400559E-008  2.435431566587422E-007
         223  0.000000000000000E+000  0.000000000000000E+000
  6.910415834134720E-009 -1.083236128911198E-008
  5.604260506769241E-008  3.014632885844661E-008
         224  0.000000000000000E+000  0.000000000000000E+000
 -9.514722308990910E-010 -1.088921754515146E-008
 -1.102110286091965E-007  7.418238583839444E-008
         225  0.000000000000000E+000  0.000000000000000E+000
 -2.352237520474946E-009 -4.991266022661378E-009
  3.007791903049313E-008  2.646696544497368E-007
         226  0.000000000000000E+000  0.000000000000000E+000
  1.933884863464395E-009 -1.900376997227464E-009
  3.012389971469604E-007  1.232483835295866E-007
         227  0.000000000000000E+000  0.000000000000000E+000
  5.730443514654213E-009 -3.541212110018443E-009
  3.656541095663563E-007 -1.867610543378655E-007
         228  0.000000000000000E+000  0.000000000000000E+000
  8.566173056168815E-009 -1.039692325978441E-008
 -2.027986866494835E-009 -6.153101553064283E-007
         229  0.000000000000000E+000  0.000000000000000E+000
 -1.018787059011833E-009 -1.585484680346121E-008
 -7.278594062694206E-007 -2.665553201891869E-007
         230  0.000000000000000E+000  0.000000000000000E+000
 -7.397320596731443E-009 -9.195452902527066E-009
 -5.996199508354518E-007  5.996828162860908E-007
         231  0.000000000000000E+000  0.000000000000000E+000
 -5.367291809064596E-009 -1.945228794386254E-009
  2.415696121828721E-007  8.171538017035927E-007
         232  0.000000000000000E+000  0.000000000000000E+000
  6.563792645609970E-011 -2.365630601533782E-010
  8.203166926987807E-007  2.499154966633173E-007
         233  0.000000000000000E+000  0.000000000000000E+000
  6.550308189070195E-009 -3.755517539174475E-009
  6.328812718973124E-007 -6.519528699927500E-007
         234  0.000000000000000E+000  0.000000000000000E+000
  3.029980048470165E-009 -1.401882386576393E-008
 -3.534729359124124E-007 -7.864731873047593E-007
         235  0.000000000000000E+000  0.000000000000000E+000
 -6.577588295458931E-009 -1.094604405813699E-008
 -7.286693486810844E-007 -1.132340942513164E-008
         236  0.000000000000000E+000  0.000000000000000E+000
 -6.655982426648783E-009 -4.409637315275556E-009
 -3.266182179646122E-007  5.015820520613288E-007
         237  0.000000000000000E+000  0.000000000000000E+000
 -2.504433864636243E-009 -2.577508718520852E-009
  1.264649304861573E-007  4.679374576132740E-007
         238  0.000000000000000E+000  0.000000000000000E+000
  1.282754683651926E-010 -3.658980486789755E-009
  4.096057900825295E-007  2.029147021981555E-007
         239  0.000000000000000E+000  0.000000000000000E+000
  1.350090102410799E-009 -9.091566112953850E-009
  2.995121206151836E-007 -1.780913170144564E-007
         240  0.000000000000000E+000  0.000000000000000E+000
 -6.749475473112872E-009 -1.041403804972715E-008
  8.504082738558186E-008 -1.820630696399004E-007
         241  0.000000000000000E+000  0.000000000000000E+000
 -7.479357788320025E-009 -3.611793201671698E-009
  2.716982230848110E-008 -2.442087455291503E-007
         242  0.000000000000000E+000  0.000000000000000E+000
 -3.026609099025357E-009 -2.360343056328861E-009
 -2.559568593061386E-007 -2.640574430636530E-007
         243  0.000000000000000E+000  0.000000000000000E+000
 -1.810678511560101E-009 -5.269738981104268E-009
 -4.359338036467069E-007  1.262959871744471E-007
         244  0.000000000000000E+000  0.000000000000000E+000
 -2.534123043439087E-009 -8.412993425985285E-009
 -1.802012298124304E-007  4.541986999299300E-007
         245  0.000000000000000E+000  0.000000000000000E+000
 -9.381911189741643E-009 -9.419898374180095E-009
  2.941468663679835E-007  5.310224921539267E-007
         246  0.000000000000000E+000  0.000000000000000E+000
 -1.121845057196740E-008 -1.822653653053667E-009
  7.160739509246729E-007  8.433507469932491E-009
         247  0.000000000000000E+000  0.000000000000000E+000
 -6.051166811024370E-009  1.160920202838018E-009
  3.385057853957242E-007 -6.679675668168846E-007
         248  0.000000000000000E+000  0.000000000000000E+000
 -3.042435342093863E-009 -1.624388209426176E-009
 -4.457932410682458E-007 -5.649789084440795E-007
         249  0.000000000000000E+000  0.000000000000000E+000
 -3.476248731815617E-009 -4.464473938582633E-009
 -6.828936875880374E-007  1.269943601458917E-007
         250  0.000000000000000E+000  0.000000000000000E+000
 -7.147324410484045E-009 -6.229593814328618E-009
 -2.035132223576597E-007  6.854159742918059E-007
         251  0.000000000000000E+000  0.000000000000000E+000
 -1.029843523658508E-008 -2.257594216790642E-009
  5.276794958067883E-007  4.697973657131701E-007
         252  0.000000000000000E+000  0.000000000000000E+000
 -7.967514204317523E-009  8.030886148491297E-010
  5.859428772668723E-007 -2.385349930114540E-007
         253  0.000000000000000E+000  0.000000000000000E+000
 -5.896079822973415E-009  1.767695615053112E-010
  4.480769557063279E-008 -5.248408664550062E-007
         254  0.000000000000000E+000  0.000000000000000E+000
 -6.295124228027385E-009 -6.742355879010111E-010
 -3.563225366615821E-007 -2.236039289068994E-007
         255  0.000000000000000E+000  0.000000000000000E+000
 -6.765261302700175E-009 -2.268871236033604E-010
 -3.046600424577236E-007  1.800618579699992E-007
         256  0.000000000000000E+000  0.000000000000000E+000
 -6.795893133661136E-009  3.854439066149559E-010
  1.620633589479995E-008  3.145734486962665E-007
