   409.600000000000     
         256           1           3
  1.124309127438499E-002   40.9609744109816        112.613581627458     
   39.0000000000000        116.000000000000        6351.00000000000     
           0  0.000000000000000E+000  0.000000000000000E+000
  0.000000000000000E+000  0.000000000000000E+000
  0.000000000000000E+000  0.000000000000000E+000
           1  4.688263970032362E-010 -4.736699951345322E-009
 -1.050686169814254E-006  5.709476164884711E-008
  3.059310962983453E-006 -2.980399374926441E-007
           2 -2.138681750779622E-008 -5.598110024643861E-008
 -1.071977459399676E-006  1.289378311331620E-007
  3.093897336894587E-006 -8.292909096197921E-007
           3 -1.723275528268430E-007  1.736457302471420E-008
 -1.172578678799641E-006  2.042147151365005E-007
  2.777733509807717E-006 -1.390802749806834E-006
           4 -1.261793410172198E-008  3.074212884460534E-007
 -1.298281631161422E-006  5.894130293723663E-007
  2.290096826408566E-006 -1.621122025180984E-006
           5  4.426296024502453E-007  3.048344319731541E-008
 -7.723729117082948E-007  1.113996729007292E-006
  2.007623504157922E-006 -1.679901776742783E-006
           6 -1.101588257822278E-008 -6.277808410993348E-007
  1.398182704253056E-007  5.966153107895540E-007
  1.738329841354478E-006 -1.840803519694408E-006
           7 -9.789059704364264E-007  8.829909305493508E-008
 -3.506419141995484E-007 -6.269606658917481E-007
  1.235015805318128E-006 -1.914050653622765E-006
           8  6.428555540681323E-008  1.581349462215481E-006
 -1.850626132091353E-006 -1.667402400134345E-007
  7.201946925006828E-007 -1.448569193510706E-006
           9  2.402289277296112E-006  2.885645869712644E-007
 -1.364584079070867E-006  1.494176342860441E-006
  1.036154934621036E-006 -5.365561263796088E-007
          10  1.103995658210842E-006 -3.252433023673604E-006
  4.439037438392717E-007  6.505434945149384E-007
  2.354240253520425E-006 -5.217589600313813E-007
          11 -3.811467816393671E-006 -2.321758336671776E-006
 -1.275670316286935E-006 -1.813636059454369E-006
  3.175605142134961E-006 -2.018400113564894E-006
          12 -3.685934190793951E-006  3.888769335017281E-006
 -5.496981797409858E-006  7.206695998104013E-007
  2.378684379913367E-006 -3.785263927705494E-006
          13  3.602543570104837E-006  4.813529494793268E-006
 -3.044848585390603E-006  7.714221072610018E-006
  2.885585520826946E-007 -4.196213994074237E-006
          14  5.410504766439989E-006 -3.398841422734607E-006
  6.778859384963674E-006  6.718158169398963E-006
 -9.469750321819866E-007 -2.840696034534536E-006
          15 -3.797715533112103E-006 -5.524965980649465E-006
  8.166689537576574E-006 -5.339759435217939E-006
 -3.908303401316090E-007 -1.491023546858263E-006
          16 -5.660981056214524E-006  5.241018643419120E-006
 -5.184861231810374E-006 -9.220050455893498E-006
  7.957433898586756E-007 -1.664996392846275E-006
          17  7.801355991336605E-006  6.367587305886492E-006
 -1.103115833141573E-005  4.640293812368469E-006
  7.952224183093557E-007 -2.849595255669391E-006
          18  8.027940181590902E-006 -1.100591278565870E-005
  2.570424114676023E-006  1.120566501001265E-005
  4.673044396295979E-008 -3.337571315838874E-006
          19 -1.420380489825070E-005 -1.057332651280593E-005
  8.037379140318475E-006 -2.240212536452400E-006
 -5.753606278648721E-007 -3.534387886923221E-006
          20 -1.329919900884662E-005  1.695168250550474E-005
 -6.398687493799688E-006 -4.371876582822425E-006
 -1.760053238581591E-006 -3.724871796981103E-006
          21  1.919396019510379E-005  1.499574427090153E-005
 -3.905402795203849E-006  1.286295440173520E-005
 -3.238090894919969E-006 -2.605232417291863E-006
          22  1.454206639572081E-005 -2.121016234857913E-005
  1.718337054190973E-005  5.223285988446819E-006
 -2.765022227507490E-006 -2.564053787293211E-007
          23 -2.349582920432513E-005 -1.115701676247823E-005
  4.397499916997280E-006 -1.891835706778973E-005
 -3.303285761758271E-007 -3.252978401436650E-007
          24 -4.520456311244053E-006  2.590308091033859E-005
 -2.042990219179520E-005 -4.995787469891631E-007
 -4.916540546490249E-007 -2.744215111456606E-006
          25  2.727222904783575E-005 -4.842798824290528E-006
  4.151635497060320E-006  2.133983946456544E-005
 -2.915439881001359E-006 -2.561287920543571E-006
          26 -1.561655238843055E-005 -2.569706677409244E-005
  1.853531440883509E-005 -9.200764165610344E-006
 -2.835341886570145E-006 -4.479638479441908E-007
          27 -1.926588047078918E-005  2.579453486903779E-005
 -1.585659030004243E-005 -1.137746302898661E-005
 -1.616047200569041E-006 -8.316070319026864E-007
          28  3.281977409189755E-005  7.090817863443409E-006
 -2.865516856906561E-006  2.247407798892337E-005
 -2.736752086307876E-006 -1.189491552755052E-006
          29 -9.497920509053829E-006 -3.385655086486006E-005
  2.392204521751537E-005 -5.472153201938971E-006
 -2.575563013329107E-006  5.149203648578285E-007
          30 -2.696493070749926E-005  2.654205894032745E-005
 -1.434916674520955E-005 -1.754956433915137E-005
 -9.869354410250681E-007 -1.576382529364898E-007
          31  3.862878293588835E-005  1.233773820919351E-005
 -6.300608553259782E-006  2.246548411996702E-005
 -2.343718525969635E-006 -1.217125524446039E-006
          32 -7.028421421993320E-006 -4.101456096854796E-005
  2.482828575133264E-005 -5.684638893338815E-006
 -2.852567230068499E-006  5.358661103322915E-007
          33 -3.186105806957159E-005  2.576227019438136E-005
 -1.652854626287554E-005 -1.834761065683840E-005
 -1.391276675491115E-006  3.900660222857116E-007
          34  3.772269164192608E-005  1.343366949988465E-005
 -5.845271763554513E-006  2.433149541503913E-005
 -2.376740524480790E-006 -3.744898457659684E-007
          35 -8.348329113910277E-006 -3.838926746021064E-005
  2.499918627393133E-005 -7.311951284628443E-006
 -2.499612559763161E-006  1.132371836758616E-006
          36 -2.694275413710272E-005  2.617605856880565E-005
 -1.791431727567962E-005 -1.655935341291597E-005
 -1.255792662339421E-006  6.165347468053133E-007
          37  3.418951918711438E-005  6.777441811128207E-006
 -2.876572313637814E-006  2.412945618878186E-005
 -2.519830013295099E-006  1.223275161351025E-007
          38 -1.561025760153994E-005 -3.004593155674697E-005
  2.282820107882659E-005 -9.922318783101364E-006
 -2.446685214060175E-006  1.867810054871225E-006
          39 -1.549350747712328E-005  3.298289078815405E-005
 -1.881691837426055E-005 -1.241803546186942E-005
 -9.941965014574440E-007  1.429058570700614E-006
          40  3.988196512665459E-005 -4.626168675954900E-006
  2.828790166811270E-006  2.344732572248438E-005
 -1.822393478754170E-006  8.470535318755805E-007
          41 -2.417203758795255E-005 -3.450511257897394E-005
  2.235450723071772E-005 -1.567553830366541E-005
 -1.699877218953183E-006  1.994164260854568E-006
          42 -1.921653191236633E-005  3.784252940088866E-005
 -2.241135954219288E-005 -1.393682431991346E-005
 -7.433327707234444E-007  1.437306391294389E-006
          43  4.259480564809630E-005 -7.088658278618748E-007
 -6.551619171576390E-007  2.371671932848082E-005
 -1.729422670664384E-006  1.137968342006733E-006
          44 -1.902468810683168E-005 -3.796582767916828E-005
  1.992753019329202E-005 -1.155973986024332E-005
 -1.520520947329295E-006  2.509747835633094E-006
          45 -2.581907315672010E-005  3.047110414105414E-005
 -1.882732176765569E-005 -1.063763987183354E-005
 -3.487251946794278E-007  2.149028661702793E-006
          46  3.222969889893599E-005  9.727648860238997E-006
  1.890345239413383E-006  2.155704052403600E-005
 -8.223952087597625E-007  1.779281222251711E-006
          47 -6.044725980854797E-006 -2.458338025771904E-005
  2.002539949201986E-005 -1.241006086577614E-005
 -4.448923519203192E-007  2.573463897954489E-006
          48 -1.021264076691072E-005  1.779343883025856E-005
 -1.767128981097696E-005 -1.303924342441753E-005
  4.365284614916114E-007  1.929050129504431E-006
          49  2.293189758960715E-005 -7.105293438761431E-006
 -1.433304675007946E-006  1.880671014184702E-005
 -1.857957030838262E-007  1.417084094182691E-006
          50 -2.344434753046781E-005 -2.052304032347501E-005
  1.735791153426498E-005 -9.878605360685266E-006
 -2.412331240148888E-007  2.120349543032955E-006
          51 -1.159977976750636E-005  3.565667186665745E-005
 -1.691105130723737E-005 -1.249147907124647E-005
  4.149890083624481E-007  1.918208927847750E-006
          52  4.203919327413147E-005 -1.216761798101464E-006
 -3.586477836553411E-006  1.980695994863109E-005
 -9.247128082292941E-009  1.685855748576167E-006
          53 -1.475109474952132E-005 -4.230004100467544E-005
  2.005449887543965E-005 -6.036766782806001E-006
  2.473347471064698E-007  2.547459397891850E-006
          54 -3.710424781632808E-005  2.599296693251080E-005
 -1.266784380412072E-005 -1.700266847130208E-005
  1.398426918307497E-006  2.167114477062768E-006
          55  3.266043713718242E-005  2.808384995545748E-005
 -9.791986693387902E-006  1.602645386379265E-005
  1.157139391411527E-006  1.238850987377219E-006
          56  1.754775177589786E-005 -3.386638307002451E-005
  1.772234729250671E-005  9.201410558077137E-007
  8.079089043748439E-007  1.540333133844626E-006
          57 -2.999090964126970E-005 -7.831459245739732E-006
 -6.012153605560905E-006 -1.690320738496096E-005
  1.249001783637066E-006  1.424313659826916E-006
          58 -8.900243993973530E-007  2.211306214824813E-005
 -1.199486911493505E-005  1.020405664974759E-005
  8.919203444759552E-007  1.012264523204539E-006
          59  1.166840254626605E-005 -1.915158313184268E-006
  1.321999238542450E-005  4.637768217866893E-006
  5.929683212256266E-007  1.681240604524123E-006
          60 -2.258387720687411E-007 -4.005850314847828E-007
 -1.628254723033677E-006 -1.430169847646009E-005
  1.462767325816113E-006  2.090387183201713E-006
          61  1.001143876499616E-005 -5.185547026962837E-006
 -1.114008628638515E-005  5.879773762907998E-006
  2.049533885759943E-006  1.474528039575012E-006
          62 -1.299702927752324E-005 -1.808909695278650E-005
  1.001498652267499E-005  4.250394563417436E-006
  2.069857229584676E-006  1.123496759734535E-006
          63 -2.253002296384398E-005  2.180179271712460E-005
 -2.543186784254225E-006 -1.392913847629488E-005
  2.259265878452484E-006  7.211945765011421E-007
          64  3.037997037536765E-005  2.251810547744380E-005
 -1.499105354569684E-005  7.263140209523613E-006
  1.884956430959568E-006  1.869953052079812E-007
          65  1.813709942538169E-005 -3.788620256879982E-005
  1.138633941869680E-005  1.204465675484683E-005
  1.434500646932515E-006  5.799485610723024E-007
          66 -4.390541603553884E-005 -1.040377066697930E-005
  7.640334106998254E-006 -1.545897218458854E-005
  2.018013665782501E-006  9.853176254339968E-007
          67 -9.133477543132970E-007  4.811053582838656E-005
 -1.737541884260699E-005 -3.634240568629348E-006
  2.610349083359504E-006  4.501533624225269E-007
          68  5.005061704632174E-005 -8.528525999228559E-006
  1.354503283853887E-006  1.589559954055665E-005
  2.546769751509554E-006 -7.043602819110090E-008
          69 -1.644768054629383E-005 -4.929537394417168E-005
  1.353571886150493E-005 -8.155277862761175E-006
  2.685097152586253E-006 -3.433030846691973E-007
          70 -4.572205241759434E-005  2.211719100486703E-005
 -1.392477364598979E-005 -1.267422730109940E-005
  2.685448653930758E-006 -1.165428204562925E-006
          71  2.567027281030174E-005  3.970384456955492E-005
 -1.194734635186018E-005  1.558548412574261E-005
  1.802256767686676E-006 -1.671571571865125E-006
          72  3.207425867509992E-005 -2.766016626794847E-005
  1.434625773148187E-005  8.738541905505210E-006
  1.225196306454559E-006 -1.112752251015308E-006
          73 -2.858157529810215E-005 -2.411846150727375E-005
  3.982944447603432E-006 -1.301122904304252E-005
  1.707544504206988E-006 -8.842943348991907E-007
          74 -1.718910023981857E-005  2.878690417735134E-005
 -1.182726182024299E-005 -8.408593553424532E-007
  1.809213978105427E-006 -1.482030290593712E-006
          75  2.849428249747247E-005  1.217703706446737E-005
  5.330386015147065E-007  9.016710728348681E-006
  1.333775510702908E-006 -1.775862856974564E-006
          76  9.256895275118977E-006 -2.784949210946700E-005
  5.062644076760436E-006 -2.113389109514302E-006
  1.054963125703931E-006 -1.763121225903362E-006
          77 -2.708859392494899E-005 -8.177503579966296E-006
 -3.961971393356570E-006 -2.722784590805054E-006
  8.233767861726886E-007 -1.838128626927855E-006
          78 -8.418526024779698E-006  2.683794333865669E-005
 -2.644152286074261E-006  3.849022008279286E-006
  4.413384278855922E-007 -1.780388982104683E-006
          79  2.764770653735891E-005  9.227839106574975E-006
  1.638633531011878E-006  2.789570945975693E-006
  2.836905575088260E-007 -1.456768778103445E-006
          80  1.005506984094017E-005 -2.960498661307162E-005
  2.333742629880682E-006  3.891695088056012E-007
  5.003911400842534E-007 -1.339134071549020E-006
          81 -3.244190908441366E-005 -1.053920508407962E-005
  1.109246215042883E-006 -3.409759913620764E-006
  5.545507049560520E-007 -1.602589573326680E-006
          82 -1.014146612434523E-005  3.567562008463718E-005
 -6.649103101101560E-006 -2.053176357331251E-006
  2.428496958467181E-007 -1.856713651763608E-006
          83  3.858293801064858E-005  8.136980201543892E-006
 -4.221676261094807E-006  9.827086192702863E-006
 -2.257549579229346E-007 -1.717355499702792E-006
          84  4.090636008028345E-006 -4.066356221652846E-005
  1.110939062054390E-005  5.606061696285403E-006
 -3.037929875238493E-007 -1.240406442805844E-006
          85 -4.194306108705824E-005  2.141725431400973E-006
  4.453256488958911E-006 -1.164227331903261E-005
  6.903283298316151E-008 -1.147222654571665E-006
          86  1.030542492623841E-005  4.251214815887958E-005
 -1.267948973689205E-005 -1.554777177038715E-006
  1.164721570018102E-007 -1.524299553752623E-006
          87  4.213458430145210E-005 -1.948426364676415E-005
  1.545728353538691E-006  1.312389724294209E-005
 -2.666758526924425E-007 -1.615573183356538E-006
          88 -2.831352147778928E-005 -4.036108132076060E-005
  1.198276405548793E-005 -5.593837234877925E-006
 -3.773288331701876E-007 -1.385757973323094E-006
          89 -3.658095432213594E-005  3.574845527565799E-005
 -1.121932357855353E-005 -1.033930987461411E-005
 -3.013115610004137E-007 -1.472749023669185E-006
          90  4.125305797893222E-005  3.006628093546341E-005
 -9.565591753101627E-006  1.637189566212836E-005
 -6.382692672167513E-007 -1.547407164569394E-006
          91  2.060484750417934E-005 -4.455340894303383E-005
  1.870131286197328E-005  8.154183301283894E-006
 -7.346166281344235E-007 -1.148499226628454E-006
          92 -4.564750807409490E-005 -8.955353539123436E-006
  4.049797494649945E-006 -1.897115246298954E-005
 -3.348179091858308E-007 -1.204850089416579E-006
          93  3.605169696713595E-006  4.458666648245485E-005
 -1.950981576177212E-005  2.060792790173068E-006
 -5.615993662033740E-007 -1.731187400666920E-006
          94  4.094689815750874E-005 -1.575906194083881E-005
  7.527818978439179E-006  1.996064571580233E-005
 -1.211110222139887E-006 -1.544430258834398E-006
          95 -2.633852173908299E-005 -3.401157355286200E-005
  1.851038579906764E-005 -1.169554364827690E-005
 -1.081372390663508E-006 -1.016511119618228E-006
          96 -2.345696795076641E-005  3.468474476137825E-005
 -1.578601295807412E-005 -1.514748283067017E-005
 -7.435172367826680E-007 -1.339364325276321E-006
          97  4.077807229617781E-005  9.608382142052750E-006
 -1.150526716127636E-005  1.920418804020903E-005
 -1.352788322914443E-006 -1.752254859305651E-006
          98 -6.560754064757996E-006 -4.462638719118430E-005
  1.988716129553691E-005  7.125515121335210E-006
 -1.932155130225005E-006 -1.185807375975045E-006
          99 -4.579741135647964E-005  2.344694280358217E-005
  5.435631507562868E-008 -1.809438869118004E-005
 -1.655958457128838E-006 -7.453291666947360E-007
         100  3.929957744416592E-005  4.354680645933073E-005
 -1.684572202256923E-005  9.218326726849472E-006
 -1.621956709420517E-006 -9.682989567760106E-007
         101  3.710361784115322E-005 -5.291795358055998E-005
  1.712035389999815E-005  1.670342022398310E-005
 -2.036497276536518E-006 -8.359787429883021E-007
         102 -6.380455929260275E-005 -2.605231162851999E-005
  1.478227648452752E-005 -2.141427692502553E-005
 -2.055787814664716E-006 -4.789895195483264E-007
         103 -1.082435474542605E-005  7.184818808024271E-005
 -2.389519576441099E-005 -9.258842068043895E-006
 -2.160156628259671E-006 -4.929852557169921E-007
         104  7.693153458422540E-005 -7.179625409774133E-006
 -2.021268624827806E-006  2.633572316947065E-005
 -2.604456680741527E-006 -6.707908272613656E-008
         105 -2.601113319730831E-005 -7.859775631296510E-005
  2.734448192821754E-005 -4.703973643342021E-006
 -2.329341016391757E-006  6.857128227017690E-007
         106 -7.600481147674161E-005  4.381153677350651E-005
 -1.147709951529687E-005 -2.532150997798731E-005
 -1.802996149990158E-006  6.046849016402636E-007
         107  5.932497349746676E-005  6.827753783655127E-005
 -2.184562488195299E-005  1.901309372961117E-005
 -2.140813795016127E-006  4.533636459645736E-007
         108  5.501439091047251E-005 -7.191020186171697E-005
  2.510504919555438E-005  1.870444669981961E-005
 -2.293446489376066E-006  1.228478545877960E-006
         109 -8.122261978849416E-005 -3.693037507687112E-005
  1.424306720103210E-005 -2.691793589141877E-005
 -1.479320899306211E-006  1.579770399692895E-006
         110 -1.578323894506613E-005  8.702702630982306E-005
 -2.566851802605207E-005 -6.024628475354850E-006
 -1.207652791166851E-006  1.025501211998290E-006
         111  8.875757313765399E-005 -6.262724576336671E-006
  4.798832064388891E-006  2.461016646151235E-005
 -1.726819037467933E-006  1.099475790871516E-006
         112 -2.711413115012764E-005 -8.549263952344435E-005
  2.395669219261959E-005 -1.421220507825053E-005
 -1.527771782195314E-006  1.779959392293789E-006
         113 -7.656662053504911E-005  4.513122343772835E-005
 -2.070130347515346E-005 -2.119123090458838E-005
 -9.275763776094513E-007  1.719057859335223E-006
         114  5.950766901672320E-005  6.222669116461459E-005
 -1.565808965235792E-005  2.558640396289179E-005
 -1.027006085044469E-006  1.535609044167504E-006
         115  4.352853619527877E-005 -7.007149548370069E-005
  2.914256188406718E-005  9.429753013443006E-006
 -9.186059041932436E-007  1.953168333247614E-006
         116 -7.652005855092211E-005 -2.231446959850241E-005
  3.162842052307642E-006 -2.945353472876326E-005
 -3.001183197227675E-007  1.840027298530683E-006
         117 -9.531087715658565E-007  7.845633787815839E-005
 -2.647313777486417E-005  4.427658771356063E-006
 -4.277165898352033E-007  1.340191921882758E-006
         118  7.563623242888402E-005 -1.850312823569824E-005
  1.313606506340071E-005  2.297422298226771E-005
 -8.612169096206702E-007  1.679172551408108E-006
         119 -3.483764976666133E-005 -6.813464254534969E-005
  2.012707376996956E-005 -1.961872673516850E-005
 -3.852914504986519E-007  2.227411177489454E-006
         120 -5.651285060342272E-005  4.745948443057540E-005
 -2.192663479058573E-005 -1.587681606687148E-005
  1.455484898111329E-007  1.890645462636063E-006
         121  5.604970182036122E-005  4.227033315171297E-005
 -8.721047865585642E-006  2.198578309438762E-005
 -1.156150037670786E-007  1.715789248848128E-006
         122  2.742097277127185E-005 -6.071100900789050E-005
  2.206089432813576E-005  1.024966124852966E-006
  5.582469311687088E-008  2.171238556357725E-006
         123 -6.155423770272259E-005 -1.360415059244001E-005
 -4.565017024208118E-006 -2.122388818384358E-005
  6.891249367556239E-007  1.981465571416807E-006
         124 -1.958805537757370E-006  5.860883888824058E-005
 -1.782202126113834E-005  8.256468232564336E-006
  5.521330109961998E-007  1.521586145859204E-006
         125  5.238850853314030E-005 -6.914654908300003E-006
  1.134182772862294E-005  1.332245653459178E-005
  3.341456645634940E-007  1.829434371370861E-006
         126 -1.309785537394026E-005 -4.415300864804013E-005
  9.747291031948807E-006 -1.266041649767882E-005
  8.593394397676582E-007  2.088869290065003E-006
         127 -3.537012297839559E-005  1.704906095698430E-005
 -1.056218204968668E-005 -6.398028689366068E-006
  1.214799707002516E-006  1.688216885951431E-006
         128  1.890077051099657E-005  2.749259270397257E-005
 -1.496629411080416E-006  6.740564262126146E-006
  1.088323460587640E-006  1.560540984764806E-006
         129  2.177718662303569E-005 -1.882760888584820E-005
  4.478590202180087E-006 -3.325410018451383E-006
  1.349693186433428E-006  1.705304591016176E-006
         130 -1.738324268281618E-005 -1.856551481329867E-005
 -4.821092194271358E-006 -3.992396158203522E-006
  1.739302825404707E-006  1.394877214696826E-006
         131 -1.724777729761388E-005  1.535983174169845E-005
 -2.529586188314335E-006  2.736685313570690E-006
  1.679624128533989E-006  1.000565291135833E-006
         132  1.377722105893225E-005  1.693253987466312E-005
  3.942284553177927E-009 -2.195849740843004E-007
  1.555357311786325E-006  9.712772166644737E-007
         133  1.681678704252528E-005 -1.392034269178096E-005
 -1.714706494050378E-006  1.834399321616343E-006
  1.696460750533638E-006  1.002990128728110E-006
         134 -1.668978590780321E-005 -1.624329924209716E-005
  4.027875196594110E-006  8.224969054373690E-007
  1.908260678403562E-006  8.483462642862588E-007
         135 -1.497796929467512E-005  2.217436050985941E-005
 -7.240688272812816E-007 -6.714400145461468E-006
  2.036112213523058E-006  5.895713269792454E-007
         136  2.977183288325841E-005  1.288738902030158E-005
 -7.581586033682785E-006  2.466264811855601E-006
  2.020314128502456E-006  2.970071961318331E-007
         137  9.567127372717925E-006 -3.834672128809955E-005
  6.498718491718211E-006  5.632394145878172E-006
  1.906296674933050E-006  1.722782034499901E-007
         138 -4.656814332968589E-005 -4.311607190364644E-006
  3.425581648021816E-006 -1.343856718735194E-005
  1.987016176442354E-006  1.173904040252148E-007
         139  3.566529253836413E-006  5.333146115646734E-005
 -2.020596332491321E-005 -2.790055021736136E-006
  2.050273994218199E-006 -1.807940541441855E-007
         140  5.799020067943847E-005 -1.437445099184312E-005
 -1.713299832146354E-006  2.383687435216039E-005
  1.819255479452945E-006 -3.680546561916284E-007
         141 -2.773215033423693E-005 -6.027880540723724E-005
  2.512899259924382E-005 -2.133065060631752E-006
  1.793911738672201E-006 -2.404234363194139E-007
         142 -6.011205378071021E-005  4.254092540568623E-005
 -7.544170194553018E-006 -2.594130884324491E-005
  2.058225802728207E-006 -4.128565437176121E-007
         143  5.729287780773615E-005  5.738503137404349E-005
 -2.531750943147290E-005  1.224389197525714E-005
  1.955356950946807E-006 -8.062318718548177E-007
         144  5.193244690347000E-005 -7.045793725053548E-005
  1.681617481445855E-005  2.148193656017269E-005
  1.759436336160657E-006 -8.049898879030092E-007
         145 -8.090561432579699E-005 -4.373850213362513E-005
  1.579454843466390E-005 -2.272418415016882E-005
  1.967432565345007E-006 -8.867148483552229E-007
         146 -3.301482738680969E-005  8.809279916594780E-005
 -2.838265586556184E-005 -1.101794163006484E-005
  1.917109764779844E-006 -1.400491285107837E-006
         147  9.179416062604974E-005  2.031240014148545E-005
 -6.585950414049258E-006  3.075620585468944E-005
  1.414863047750353E-006 -1.491647907358478E-006
         148  6.641484933858199E-006 -9.195367329693858E-005
  3.004919454465023E-005 -2.163865533436408E-008
  1.490762847672759E-006 -1.163678181015873E-006
         149 -8.867329134771635E-005  6.815618659114738E-006
 -8.276788624390587E-006 -2.920310290216428E-005
  1.933355534579716E-006 -1.563255935968198E-006
         150  1.907423211940443E-005  8.213051468390673E-005
 -2.853632294135532E-005  1.476036935548799E-005
  1.565408683874119E-006 -2.261114083044652E-006
         151  7.252590687631942E-005 -2.937965467226983E-005
  1.851776049708696E-005  2.541642984141386E-005
  1.005361151792104E-006 -2.187816888264479E-006
         152 -3.711033128003136E-005 -6.042045617159629E-005
  1.924202292986100E-005 -2.207306065146707E-005
  1.133205806298494E-006 -2.104444991911361E-006
         153 -4.673438955356613E-005  4.202453677143169E-005
 -2.622810800055447E-005 -1.322309973567228E-005
  1.090227139385984E-006 -2.686009902826955E-006
         154  4.407939176604271E-005  3.234215198815991E-005
 -9.085264859167410E-006  2.825738640552015E-005
  3.351954099272820E-007 -2.985234935598166E-006
         155  1.804162406385106E-005 -4.321556444931061E-005
  2.646947612983082E-005  4.597936427306931E-006
 -8.655773639088527E-008 -2.647291662571817E-006
         156 -3.953796707548732E-005 -4.632087010063482E-006
 -1.927900751102735E-006 -2.360265125281885E-005
 -6.374398981327575E-008 -2.690105183767722E-006
         157  7.273029830286627E-006  3.357015196533405E-005
 -2.209076211407301E-005  8.053786322356016E-006
 -5.498093391338564E-007 -3.009218877981793E-006
         158  2.592838266149918E-005 -1.735242707541772E-005
  1.099770485070916E-005  2.023732995851374E-005
 -1.280112516736031E-006 -2.722695498215170E-006
         159 -2.513531209724149E-005 -1.715609638658175E-005
  1.540685937393499E-005 -1.239098934175816E-005
 -1.406453027294335E-006 -2.178810217825669E-006
         160 -7.941308808090921E-006  3.012758533061467E-005
 -1.514694075362556E-005 -9.270672590416241E-006
 -1.371606463921933E-006 -2.156877190062506E-006
         161  3.214810960675715E-005 -1.144865767386562E-006
 -5.267268476493242E-006  1.835000273027494E-005
 -1.833335193144531E-006 -2.100816915017498E-006
         162 -9.728994206655929E-006 -3.125132483562597E-005
  1.865535792100489E-005  3.280187417038466E-006
 -2.104261931646924E-006 -1.554627417806909E-006
         163 -2.768576321885470E-005  1.731208670779092E-005
  2.877456209833011E-007 -1.626697276095907E-005
 -1.929896021209532E-006 -1.198026933777489E-006
         164  2.313789654902173E-005  2.210434474692718E-005
 -1.422563832970922E-005  4.044050770142279E-006
 -1.922743658602253E-006 -1.186612581394425E-006
         165  1.538748243708832E-005 -2.655144272437746E-005
  6.847843421842260E-006  1.347196944850663E-005
 -2.156430393788091E-006 -9.732588133400844E-007
         166 -2.707944426635578E-005 -8.285552898220960E-006
  1.170812815323385E-005 -7.362133993682035E-006
 -2.127151145108653E-006 -5.557759763003238E-007
         167 -1.511008295835562E-006  2.454444549035804E-005
 -7.922092366943775E-006 -8.269038422733682E-006
 -1.895880843373651E-006 -4.040385129278498E-007
         168  1.932737516976213E-005 -4.173908974401836E-006
 -5.615506706287403E-006  9.450701777960911E-006
 -1.881639782931401E-006 -4.308840668658330E-007
         169 -8.017099950699018E-006 -1.231086787818822E-005
  9.627417972335849E-006  5.065032806866889E-006
 -1.987980964985335E-006 -2.972279709941159E-007
         170 -4.554169174853082E-006  9.312628464608464E-006
  4.504234706386889E-006 -7.408323759936296E-006
 -1.976838897898014E-006 -8.677169697702282E-008
         171  7.482186074239539E-006 -2.967206918337246E-006
 -5.214111107008753E-006 -2.424664594233925E-006
 -1.918641432839816E-006  3.701865892815652E-008
         172 -9.418174912387636E-006 -2.346912419186844E-006
 -9.785936993087204E-007  5.110180703443970E-006
 -1.929526044006725E-006  1.521353962698639E-007
         173  5.601163205409491E-006  1.409606606852389E-005
  5.609669510031132E-006  2.245072552663488E-006
 -1.906423327042720E-006  3.518993955725189E-007
         174  1.637116321119665E-005 -1.517545483597564E-005
  4.660017788099439E-006 -4.699050066235737E-006
 -1.740637678962121E-006  4.898313586677997E-007
         175 -2.480800917668586E-005 -1.567027322007227E-005
 -3.452911513395665E-006 -5.806788054586904E-006
 -1.657418223950979E-006  4.064863905058875E-007
         176 -1.153146172534280E-005  3.296874694371920E-005
 -6.245351572560876E-006  3.741790465318655E-006
 -1.866255706182893E-006  4.239119988702623E-007
         177  3.850445993534042E-005  3.866184486272550E-006
  4.590945815912904E-006  7.335721342011206E-006
 -1.955089720698011E-006  7.770874947902061E-007
         178 -6.715713168349196E-006 -4.078998028952901E-005
  7.561202875864198E-006 -4.099420439686447E-006
 -1.714932262598961E-006  9.807203774006907E-007
         179 -3.972412690553058E-005  1.881860369942196E-005
 -3.473140102169147E-006 -4.679630374687407E-006
 -1.688067532631920E-006  9.002094267734634E-007
         180  3.056395340879033E-005  3.550240136189263E-005
  5.192645912367312E-008  5.295662502728344E-006
 -1.899404041032343E-006  1.127257670265989E-006
         181  2.831973195604596E-005 -4.008507339160543E-005
  8.608669099006948E-006 -3.386817482851091E-006
 -1.719656959941043E-006  1.570934511086854E-006
         182 -4.586964995640768E-005 -1.835267455460448E-005
 -5.106570960954232E-006 -9.917956010798664E-006
 -1.366353249443587E-006  1.567087959951865E-006
         183 -6.133802205724702E-006  4.711109999648358E-005
 -8.533491513406115E-006  7.864874166895888E-006
 -1.493939853080651E-006  1.480326196437543E-006
         184  4.386004276449616E-005 -7.332516947085253E-006
  1.213728701192389E-005  6.995142500525275E-006
 -1.625980001488377E-006  1.901983113512836E-006
         185 -2.064760704072535E-005 -3.660396064221359E-005
  5.973070126566369E-006 -1.534700676717304E-005
 -1.275023615443579E-006  2.291801118309073E-006
         186 -2.587212670092547E-005  3.208050660599692E-005
 -1.645470873376936E-005 -3.318088630063084E-006
 -9.987866626628200E-007  2.322356033661744E-006
         187  4.002901595407266E-005  1.226785706226950E-005
  1.135884560596777E-006  1.768954163776508E-005
 -9.291908334921187E-007  2.558810078101200E-006
         188 -3.470331073759728E-006 -4.374130541705154E-005
  1.964257939078428E-005 -4.258224383459857E-006
 -4.755834714251440E-007  2.931794472919112E-006
         189 -4.348695997046759E-005  2.059742978743306E-005
 -4.522909696291648E-006 -1.893202731011712E-005
  1.180769368298353E-007  2.813855287707324E-006
         190  3.803972229981616E-005  4.000989737138823E-005
 -1.344868540018148E-005  4.957812503441500E-006
  2.636204611912662E-007  2.624586091320007E-006
         191  3.437791769362702E-005 -5.418864275555515E-005
  8.454156854620925E-006  6.335141617769707E-006
  4.776724231712403E-007  2.775762719775663E-006
         192 -6.753733118784755E-005 -2.759377340552640E-005
  1.517278175521228E-006 -1.324600996688825E-005
  1.005288565565604E-006  2.741566180350386E-006
         193 -2.010331125850187E-005  7.705519290390711E-005
 -1.580819237647117E-005  1.517181179923640E-006
  1.320630326373398E-006  2.403826591099407E-006
         194  8.220682743859744E-005  1.204734421952159E-005
  5.033273364991276E-006  1.661008499222502E-005
  1.423156757205006E-006  2.257283305793713E-006
         195  3.929698213626965E-006 -8.327099237836109E-005
  1.821461644122809E-005 -8.358528572375143E-006
  1.754118542806408E-006  2.184256741784872E-006
         196 -8.136532662671831E-005  3.590386420445376E-006
 -8.944914391586218E-006 -1.988059220160945E-005
  2.079685890743493E-006  1.795792710100787E-006
         197  9.874344116326347E-006  7.755777754782840E-005
 -1.882370902383739E-005  7.527602137804015E-006
  2.068313666069660E-006  1.428985452204607E-006
         198  7.250958130533523E-005 -1.430411782194017E-005
  7.324845725953641E-006  1.562417605546955E-005
  2.106956678444595E-006  1.309562794508398E-006
         199 -1.673086521303491E-005 -6.656270632922089E-005
  1.382902033508679E-005 -8.549784667455171E-006
  2.309446641048138E-006  1.046251770506077E-006
         200 -5.980260113102509E-005  1.775402742459009E-005
 -7.750679268402286E-006 -1.417026658432602E-005
  2.244002627461369E-006  6.442240065070277E-007
         201  1.833248616229116E-005  5.231754611391822E-005
 -1.347884985063716E-005  3.935393363096582E-006
  2.043723818926243E-006  5.702738797972194E-007
         202  4.465328006040485E-005 -1.931513266375373E-005
  4.837944796750469E-007  9.815144370489598E-006
  2.178452805030874E-006  6.239309347333356E-007
         203 -2.122042141663311E-005 -3.766648381304158E-005
  5.400827192697441E-006 -2.654645350178637E-008
  2.448055507939307E-006  3.448673002927636E-007
         204 -3.196507009052582E-005  2.393241629522171E-005
 -1.397136623725911E-006 -2.298780540957999E-006
  2.400400545781645E-006 -1.093174979800054E-007
         205  2.677117182864350E-005  2.756298863667046E-005
  6.727381529864564E-007  3.208356014379585E-006
  2.139238367318780E-006 -2.944158814684159E-007
         206  2.372210550443524E-005 -2.893249683935494E-005
  6.822591413928599E-006 -4.503398568893388E-006
  2.102788982044612E-006 -2.633391224718833E-007
         207 -2.992258503532205E-005 -1.921339174152829E-005
 -6.834443642066290E-006 -1.293938392201477E-005
  2.263625507811072E-006 -4.512627374765691E-007
         208 -1.290029501195086E-005  2.973315459151913E-005
 -1.844541580183795E-005  5.705163079410517E-006
  2.201732574965682E-006 -8.388584105718818E-007
         209  2.870257756608648E-005  4.396256906694374E-006
  3.699350867605310E-006  1.975303453557292E-005
  1.919947216271581E-006 -1.021517762668046E-006
         210 -5.635490971770918E-006 -2.714796347219446E-005
  1.772677199351235E-005 -4.664410520802668E-006
  1.823601423060321E-006 -9.929411760342448E-007
         211 -2.501290316696518E-005  1.571453858010395E-005
 -8.556779006037309E-006 -1.577903289450053E-005
  1.904912236262021E-006 -1.139631751617332E-006
         212  2.420549369043917E-005  2.162312607042296E-005
 -1.443791088584362E-005  1.266542299438345E-005
  1.826828371814333E-006 -1.445306669121310E-006
         213  1.583358388617265E-005 -2.984521229856994E-005
  1.633241384031144E-005  1.177528686187919E-005
  1.630028040239997E-006 -1.637412452616595E-006
         214 -3.207787636000980E-005 -6.642303131591629E-006
  8.042352617343992E-006 -2.064937383079037E-005
  1.502232946082730E-006 -1.830555085922108E-006
         215  6.213021909679165E-006  3.110570140349394E-005
 -2.436790281603027E-005 -5.499601563694470E-006
  1.184891894702933E-006 -2.109584935897816E-006
         216  2.750740932962891E-005 -2.205627276631060E-005
 -3.594414041675172E-006  2.418440659607463E-005
  7.086693809908256E-007 -2.037441170765998E-006
         217 -3.929267972153944E-005 -2.164240070127305E-005
  1.955976490108673E-005 -9.834932340452265E-007
  6.777950230179664E-007 -1.757106128167794E-006
         218 -1.346038352097046E-005  5.572526201191409E-005
 -9.007030944779751E-006 -1.393533226631323E-005
  8.204248881395301E-007 -1.958359899648152E-006
         219  6.920204708719953E-005  2.722673530824690E-006
 -9.578874215851083E-006  1.728305572783917E-005
  4.791737721817106E-007 -2.279718935888371E-006
         220 -1.074992742394235E-005 -7.829181043008486E-005
  2.327431428166506E-005  4.933868438479521E-006
  6.023521917266050E-008 -2.144377275429926E-006
         221 -8.230099025589281E-005  2.684111189318540E-005
 -1.418403267764588E-006 -2.780066535880046E-005
  2.518508080940597E-008 -2.005158516088012E-006
         222  4.469872713531267E-005  8.113305158847356E-005
 -3.167477153598616E-005  7.669400622347066E-006
 -1.484454836542537E-007 -2.172769503208174E-006
         223  7.516134136767808E-005 -6.285971736769247E-005
  1.230084468818264E-005  3.303686815000076E-005
 -5.905709872971326E-007 -2.037780985227864E-006
         224 -7.965746386281891E-005 -6.485490012490597E-005
  3.015774318621155E-005 -1.707561287871277E-005
 -6.173118912111911E-007 -1.640496017274282E-006
         225 -5.050781117495212E-005  9.348294018595513E-005
 -2.363672808766484E-005 -2.493057200824718E-005
 -4.154469324674066E-007 -1.696123080513390E-006
         226  1.029413016542700E-004  3.244368496984886E-005
 -2.018013160240417E-005  3.004533482307401E-005
 -6.369083342172548E-007 -1.918566326929615E-006
         227  1.127991665979914E-005 -1.071615285429837E-004
  3.334236353190519E-005  1.543786585334526E-005
 -9.591168363443123E-007 -1.783266666693060E-006
         228 -1.058806861783489E-004  1.203552987769013E-005
  8.713422487568648E-006 -3.376084542557720E-005
 -1.027123048648840E-006 -1.638290447559865E-006
         229  3.622664953354581E-005  9.929911306767145E-005
 -3.321508138357867E-005 -9.448407459927813E-007
 -1.211570441205809E-006 -1.619515834111722E-006
         230  8.801928722569533E-005 -5.967412904394283E-005
  5.172298802943772E-006  3.133914404326724E-005
 -1.413686451615366E-006 -1.348607216721837E-006
         231 -8.065873560011866E-005 -7.309327009433023E-005
  2.614379728977067E-005 -9.787657084549460E-006
 -1.257991097426237E-006 -1.125890552557836E-006
         232 -5.583672325902479E-005  9.770075164122775E-005
 -1.515809643669202E-005 -1.823197474561444E-005
 -1.179557794018925E-006 -1.327694444522099E-006
         233  1.096002713544689E-004  3.749813223172181E-005
 -1.075291942452470E-005  2.112269792488254E-005
 -1.548009463137859E-006 -1.463988416915757E-006
         234  1.924133431845635E-005 -1.153664310847016E-004
  2.504275025708858E-005  4.825665330282307E-006
 -1.917647012302329E-006 -1.189809203539040E-006
         235 -1.144372950263026E-004 -2.062462922928330E-006
 -1.280192229512174E-006 -2.630581147484672E-005
 -1.975560266019381E-006 -8.422255183500871E-007
         236  1.335514552785090E-005  1.067628675238478E-004
 -2.710737038619371E-005  7.711471547349870E-006
 -1.937395391847121E-006 -6.669815937319459E-007
         237  9.288241418437723E-005 -2.663807745878355E-005
  1.154908031985721E-005  2.812222804287355E-005
 -1.943914984431453E-006 -5.846138220549570E-007
         238 -3.758861251556954E-005 -7.399275739901485E-005
  2.686364084275346E-005 -1.147740029499228E-005
 -2.058802378125623E-006 -5.640770276846974E-007
         239 -5.201166570031222E-005  4.613460044824864E-005
 -1.007145708505045E-005 -2.179680019322229E-005
 -2.357567084466165E-006 -4.229679053898504E-007
         240  5.231959442769239E-005  2.931185586708923E-005
 -1.520697288204583E-005  9.551338918551432E-006
 -2.589664467888847E-006  1.943690229125541E-008
         241  8.316444234525436E-006 -5.615967952887759E-005
  8.584919922443811E-006  9.562478918914422E-006
 -2.506107866838533E-006  5.022135985732420E-007
         242 -5.751617463803056E-005  8.841575453558808E-006
  3.894465353602470E-006 -5.727598453691066E-006
 -2.322391920497085E-006  7.898679066072610E-007
         243  2.061330478611713E-005  5.615902993499041E-005
 -3.079189630251733E-006  3.302869568875217E-006
 -2.189300408780028E-006  1.032476130769178E-006
         244  5.188933343965691E-005 -2.627414141057003E-005
  9.788380535220556E-006  3.443955126008452E-006
 -2.000626101079570E-006  1.258147466125889E-006
         245 -2.600234019434853E-005 -4.472874538123979E-005
  5.881747416217477E-006 -1.204375624196979E-005
 -1.849777542493503E-006  1.402752170861458E-006
         246 -3.506058195629052E-005  2.075232613186805E-005
 -1.032041484822731E-005 -7.192309819662675E-006
 -1.752443227044878E-006  1.642353750536450E-006
         247  1.196762208276261E-005  2.380483998517338E-005
 -6.951781266688018E-006  7.493807998403322E-006
 -1.454061676147063E-006  1.970489778229916E-006
         248  1.238545276041653E-005 -1.365529142720224E-006
  4.280331212056470E-006  7.304381477822735E-006
 -9.671729212981024E-007  2.043358318112537E-006
         249  9.357001845760331E-006 -2.387277019211305E-006
  8.252887047890194E-006  9.607500229203224E-007
 -6.759506966988850E-007  1.866591166448544E-006
         250  4.771515082052031E-006 -1.889991412770629E-005
  7.790303085206265E-006 -7.290133065723095E-006
 -5.852702223954871E-007  1.787671318491015E-006
         251 -2.640376114747278E-005 -7.975059289319206E-006
 -3.909771301367502E-006 -1.297266775956197E-005
 -4.354837728152298E-007  1.801559075809451E-006
         252 -6.709485800621887E-006  3.128043977386922E-005
 -1.476598715998580E-005  8.502917818831911E-007
 -2.817549403288629E-007  1.743612768746880E-006
         253  3.327891220975017E-005  1.160882673231163E-006
 -2.270780165418327E-007  1.482797693995087E-005
 -1.931315313898024E-007  1.730791714798575E-006
         254 -8.059561492924767E-006 -3.247219238954631E-005
  1.446282750032566E-005  6.918912967285821E-007
 -1.342373100259075E-008  1.752334922739628E-006
         255 -2.909516572216163E-005  2.011199940938527E-005
  1.663691370128683E-006 -1.222223155762460E-005
  1.692401818680257E-007  1.636306377961938E-006
         256  3.388510180414397E-005  2.356977130531475E-005
 -7.090585568881652E-006 -1.498691465210018E-006
  2.170590110757023E-007  1.538273478712537E-006
