   409.600000000000     
         256           1           3
  1.124309127438499E-002   39.7546162308872        115.635163521767     
   39.0000000000000        116.000000000000        6351.00000000000     
           0  0.000000000000000E+000  0.000000000000000E+000
  0.000000000000000E+000  0.000000000000000E+000
  0.000000000000000E+000  0.000000000000000E+000
           1  6.760614546998075E-007 -8.008198154590780E-008
  8.222423068551421E-007  2.692836347649252E-007
  3.292483991280968E-005 -4.500664494530938E-007
           2  9.497673307130732E-007 -2.322351741515281E-007
  5.458190174309958E-007  7.303451350913319E-007
  3.361965726548975E-005 -9.509339841521770E-007
           3  1.397882003187022E-006 -7.082820769031718E-007
  2.922087001073501E-007  1.539785675850632E-006
  3.482435518355112E-005 -1.618603525023423E-006
           4  1.754702486555586E-006 -1.695760941803965E-006
  3.055270825303493E-007  2.677905250051203E-006
  3.658963156578586E-005 -2.585918618548415E-006
           5  1.647849995833342E-006 -3.180236595887170E-006
  7.506973829294014E-007  3.993889231823241E-006
  3.897220093913389E-005 -4.104432174806911E-006
           6  7.403517270914758E-007 -4.930422448696609E-006
  1.699513031392077E-006  5.278291675601668E-006
  4.186057891317580E-005 -6.412678629276174E-006
           7 -1.194416254591042E-006 -6.543904714576008E-006
  3.044700454788589E-006  6.332043740875471E-006
  4.523959704644510E-005 -9.865699755417652E-006
           8 -4.181539788940544E-006 -7.470611954077670E-006
  4.618499615042808E-006  7.146935888785520E-006
  4.870722542536158E-005 -1.503062049459991E-005
           9 -7.956639300912889E-006 -7.147567960345908E-006
  6.390559614820426E-006  7.811932391402735E-006
  5.144731486142852E-005 -2.196189999719678E-005
          10 -1.199584052046905E-005 -5.105997390615607E-006
  8.401703495330777E-006  8.423256364389358E-006
  5.290534728811957E-005 -3.059741481776017E-005
          11 -1.549434752336260E-005 -1.114611865111586E-006
  1.086043880934207E-005  9.038299887391192E-006
  5.242443637701477E-005 -4.051945552678183E-005
          12 -1.753594553482381E-005  4.666877740825140E-006
  1.401120759032085E-005  9.561284946153921E-006
  4.997311524009632E-005 -5.131282138701163E-005
          13 -1.723983131589314E-005  1.166589643357518E-005
  1.825005152351777E-005  9.832940929014972E-006
  4.433107847919596E-005 -6.339146151806922E-005
          14 -1.393940804442156E-005  1.882424028715420E-005
  2.401523322256049E-005  9.186462123818494E-006
  3.441132290620698E-005 -7.481801527937905E-005
          15 -7.571230891447797E-006  2.473489119161589E-005
  3.135137546626500E-005  6.543517187139315E-006
  2.037255345684936E-005 -8.348385120037103E-005
          16  1.350102809620627E-006  2.806740463578200E-005
  3.968607687016713E-005  7.063014729994627E-007
  4.218868208073068E-006 -8.777815950454733E-005
          17  1.166054676477963E-005  2.747227133124146E-005
  4.786807951525669E-005 -9.491034693816966E-006
 -1.287890115828150E-005 -8.894657465988837E-005
          18  2.124484877144050E-005  2.233648193975975E-005
  5.377713489652790E-005 -2.489523990657903E-005
 -3.153087246514746E-005 -8.490478841810145E-005
          19  2.778344258203211E-005  1.328805335237019E-005
  5.467353530453318E-005 -4.526841503185512E-005
 -4.841984758569199E-005 -7.458935987050987E-005
          20  2.931043947669617E-005  2.257429740292267E-006
  4.748819885581191E-005 -6.910306846464913E-005
 -6.101229282006264E-005 -5.944766241119706E-005
          21  2.516185269543450E-005 -7.508819575615599E-006
  2.940118455134947E-005 -9.296409204280210E-005
 -6.722100404819251E-005 -4.183691785964635E-005
          22  1.703744554916061E-005 -1.272870044341059E-005
 -6.988957120248788E-007 -1.114849685893827E-004
 -6.811251752792657E-005 -2.435815788772303E-005
          23  8.206640707460811E-006 -1.158062150087117E-005
 -4.112600589535323E-005 -1.183261193834889E-004
 -6.302103345324491E-005 -7.969097419081466E-006
          24  3.155208525468633E-006 -3.870038407001035E-006
 -8.669170577881003E-005 -1.077790613307837E-004
 -5.256633751911404E-005  3.664386855387832E-006
          25  6.953319626713137E-006  7.086653189487704E-006
 -1.291656216089763E-004 -7.648691167872790E-005
 -4.005248583675450E-005  9.153246336318906E-006
          26  2.176670022456740E-005  1.406739562188484E-005
 -1.577708065648442E-004 -2.534698709008121E-005
 -2.864862056693780E-005  8.152902760549972E-006
          27  4.457587004627588E-005  8.620033082061420E-006
 -1.620586292101268E-004  3.855279790830831E-005
 -2.094082330013540E-005  2.701456707353046E-006
          28  6.593606860055049E-005 -1.570639941742060E-005
 -1.356083195424332E-004  1.017336004691757E-004
 -1.823816578104220E-005 -5.236571610418631E-006
          29  7.201350909494107E-005 -5.759259801914418E-005
 -8.102669071662891E-005  1.476401511921335E-004
 -2.168498862599745E-005 -1.261859428510672E-005
          30  5.111858176816861E-005 -1.066372151141449E-004
 -9.779411128433505E-006  1.634020951191415E-004
 -2.942732658537988E-005 -1.591260835620802E-005
          31 -1.529920409716665E-006 -1.451393240733432E-004
  6.113242415362287E-005  1.434195415052434E-004
 -3.840964810390590E-005 -1.376962989272541E-005
          32 -7.842522438045342E-005 -1.526865836239419E-004
  1.133414283106420E-004  9.163825480757049E-005
 -4.553117397958389E-005 -6.564143751665468E-006
          33 -1.591328700096103E-004 -1.157863336551499E-004
  1.324614993163615E-004  2.165723200347449E-005
 -4.841745943044170E-005  3.784219373313500E-006
          34 -2.171313695835647E-004 -3.483054556023425E-005
  1.134961512382500E-004 -4.641017146870157E-005
 -4.610365331166330E-005  1.450465711861286E-005
          35 -2.285929974277400E-004  7.398049946607899E-005
  6.362052465151074E-005 -9.289385951605511E-005
 -3.929451094085093E-005  2.267327490205394E-005
          36 -1.819068034865961E-004  1.823465893393479E-004
 -7.994710812866695E-007 -1.053798185016127E-004
 -3.019189055862099E-005  2.631527888151573E-005
          37 -8.244504429544278E-005  2.588175815695527E-004
 -5.939221639196162E-005 -8.221469811030338E-005
 -2.187838386791503E-005  2.533133312425881E-005
          38  4.770683345281611E-005  2.781787408394498E-004
 -9.486885786485768E-005 -3.289788834394673E-005
 -1.589247530732645E-005  2.085799839288041E-005
          39  1.750925822548453E-004  2.304998111975190E-004
 -9.751770176534676E-005  2.597948038122743E-005
 -1.435154873628147E-005  1.420148193629502E-005
          40  2.659665556850436E-004  1.252210820661837E-004
 -6.827650360088846E-005  7.507135970234301E-005
 -1.786718417128441E-005  9.003541356001776E-006
          41  2.960211831037817E-004 -1.288744893223541E-005
 -1.837625733858134E-005  9.945934317213310E-005
 -2.436294033934678E-005  7.355814936451908E-006
          42  2.562310386619121E-004 -1.499504231349219E-004
  3.542709475306330E-005  9.277723286688955E-005
 -3.125111700802045E-005  1.064662666750967E-005
          43  1.556081711252401E-004 -2.521081573986764E-004
  7.614167838364982E-005  5.839625389770435E-005
 -3.619346347833448E-005  1.734189309751368E-005
          44  1.847094601550277E-005 -2.942439777984344E-004
  9.108316513113847E-005  7.766682398013452E-006
 -3.894299420177369E-005  2.707502437538774E-005
          45 -1.215635443199471E-004 -2.664236267740842E-004
  7.545895866113264E-005 -4.240273189849365E-005
 -3.620437348892861E-005  3.891664914008007E-005
          46 -2.309045403141732E-004 -1.768076293245492E-004
  3.462362358234939E-005 -7.558869719806265E-005
 -2.842224814410006E-005  4.887726024420460E-005
          47 -2.851017151618880E-004 -4.800924345224517E-005
 -1.850809635298442E-005 -8.098790475972663E-005
 -1.721279351748075E-005  5.482147932566351E-005
          48 -2.734259748129251E-004  8.940870325610512E-005
 -6.747519581773240E-005 -5.603006495356606E-005
 -5.678292148548247E-006  5.614210263359267E-005
          49 -2.008243768878459E-004  2.041097990693653E-004
 -9.707663911719987E-005 -6.858808646028433E-006
  5.612502694319098E-006  5.508571431094242E-005
          50 -8.594326269712705E-005  2.716159157823853E-004
 -9.687498165533752E-005  5.385324124281814E-005
  1.634217225761112E-005  4.918528775190057E-005
          51  4.420931466904959E-005  2.794645349565419E-004
 -6.422896479578245E-005  1.093480413610022E-004
  2.258092781637402E-005  3.995174231453970E-005
          52  1.608296800833996E-004  2.292756080246947E-004
 -5.276971513763836E-006  1.439649969710756E-004
  2.414692219398336E-005  3.082179696694710E-005
          53  2.404267274200103E-004  1.355797630601474E-004
  6.717601646240655E-005  1.469130019536290E-004
  2.187238470757581E-005  2.416079719181032E-005
          54  2.697274199110720E-004  2.074659638613799E-005
  1.368234326095429E-004  1.148534209813555E-004
  1.938560352984621E-005  2.017723760378537E-005
          55  2.471860940816275E-004 -9.049211586147638E-005
  1.875983068329911E-004  5.193879816752989E-005
  1.566676920165208E-005  1.734168543466572E-005
          56  1.823993185390105E-004 -1.767159525224213E-004
  2.067077717463961E-004 -3.027255548922477E-005
  1.118803961465901E-005  1.810990107654401E-005
          57  9.252982653611683E-005 -2.242680313490897E-004
  1.886826857478009E-004 -1.155902023247572E-004
  8.879427358677635E-006  2.158688726804069E-005
          58 -2.260313224316814E-006 -2.289299150040213E-004
  1.356982295497815E-004 -1.877042757377078E-004
  9.941427578326680E-006  2.654947523122700E-005
          59 -8.317184579422946E-005 -1.959984749321460E-004
  5.671709219791771E-005 -2.331563950762912E-004
  1.398129520098099E-005  2.977592500358416E-005
          60 -1.371015364586102E-004 -1.381470433591236E-004
 -3.501082138391693E-005 -2.436813453243657E-004
  1.842572382563405E-005  3.152294159123827E-005
          61 -1.589726525072467E-004 -7.152701690842058E-005
 -1.236788115248289E-004 -2.171210843153649E-004
  2.459069223854442E-005  3.256427996468991E-005
          62 -1.519699172861265E-004 -1.128138683525679E-005
 -1.945248016440120E-004 -1.591959623120117E-004
  3.144600017851882E-005  3.104439175807789E-005
          63 -1.252152178833167E-004  3.195717685141584E-005
 -2.378487473727468E-004 -8.037463569847376E-005
  3.782534709590234E-005  2.724160186188973E-005
          64 -9.070913327773542E-005  5.375566016843808E-005
 -2.490257764194258E-004  6.934235633567261E-006
  4.267470998193565E-005  2.163412773978339E-005
          65 -6.013672845779047E-005  5.595418532680317E-005
 -2.282523900146497E-004  9.019524179505864E-005
  4.598349107248751E-005  1.583101472734667E-005
          66 -4.224291666387356E-005  4.573116372221090E-005
 -1.803618192819823E-004  1.574359287711400E-004
  4.837515445304860E-005  9.213858461556410E-006
          67 -4.041270003411954E-005  3.360910329151005E-005
 -1.157650893636212E-004  2.008058376081548E-004
  4.910590615044962E-005  2.470232800668121E-006
          68 -5.153560831925002E-005  2.986548225432255E-005
 -4.502588400850757E-005  2.187785456276627E-004
  4.876592380889152E-005 -3.783286233805985E-006
          69 -6.776586834081310E-005  4.107815902469317E-005
  2.291959826976722E-005  2.130285657337523E-004
  4.781294468756621E-005 -9.866205588607162E-006
          70 -7.899125569959456E-005  6.910386824014324E-005
  8.123284445252863E-005  1.876130925941997E-004
  4.570909990456833E-005 -1.564921667523032E-005
          71 -7.475085456955692E-005  1.101511977980419E-004
  1.242426252388457E-004  1.483843537571095E-004
  4.329023088126974E-005 -2.053982623942321E-005
          72 -4.767797982447356E-005  1.549551623122136E-004
  1.504716292679643E-004  1.035673605598561E-004
  4.064760678656297E-005 -2.571430895339030E-005
          73  4.529487772245143E-006  1.912545704038878E-004
  1.622848831791125E-004  5.887936058455746E-005
  3.708162221808788E-005 -3.071722121421335E-005
          74  7.779964092914720E-005  2.055670126312610E-004
  1.627575111061648E-004  1.777608399632360E-005
  3.207345337978278E-005 -3.512425638130517E-005
          75  1.608185418933069E-004  1.874720193155354E-004
  1.550315069607094E-004 -1.777437391333428E-005
  2.717750211816925E-005 -3.803281090524424E-005
          76  2.383653672193321E-004  1.328178462207826E-004
  1.429273602781729E-004 -4.727568776868048E-005
  2.232598653379650E-005 -4.169465652651996E-005
          77  2.937076490330286E-004  4.424227892900498E-005
  1.289247615855858E-004 -7.298165349827597E-005
  1.491409176589959E-005 -4.439966892744037E-005
          78  3.119023739987379E-004 -6.741023551637061E-005
  1.125213058350715E-004 -9.671402446157443E-005
  7.135149192515984E-006 -4.476181612098244E-005
          79  2.840785955261802E-004 -1.854232044234963E-004
  9.297312401580088E-005 -1.188497447064928E-004
 -2.630887662014073E-007 -4.300373150273411E-005
          80  2.085756281168039E-004 -2.899143789726563E-004
  6.925407119923435E-005 -1.395383792646222E-004
 -6.407430307341706E-006 -3.996882129565774E-005
          81  9.305973511906467E-005 -3.608266493770044E-004
  3.974300423903481E-005 -1.579600076228442E-004
 -1.285596787643589E-005 -3.616767277126037E-005
          82 -4.670631311318016E-005 -3.834313703991729E-004
  2.764962673751567E-006 -1.715383981290138E-004
 -1.778444717134979E-005 -2.907163694658544E-005
          83 -1.905978555090492E-004 -3.494278269025758E-004
 -4.112345288259681E-005 -1.759982331339950E-004
 -1.910203481843053E-005 -2.124773455618805E-005
          84 -3.144559340427211E-004 -2.589377919005305E-004
 -8.905748923274672E-005 -1.676717763513063E-004
 -1.781551260342199E-005 -1.428754522515047E-005
          85 -3.957210448768418E-004 -1.234336710889788E-004
 -1.363185547969935E-004 -1.441100478154969E-004
 -1.446614511755441E-005 -9.110008245598253E-006
          86 -4.181032048944595E-004  3.744935149458282E-005
 -1.774059726693879E-004 -1.051944228846147E-004
 -1.048677889985473E-005 -4.854191212923924E-006
          87 -3.738440737945531E-004  1.977644885035719E-004
 -2.066599582045505E-004 -5.245575439523270E-005
 -4.021934179174561E-006 -2.187271311547575E-006
          88 -2.672918674744712E-004  3.295392547518395E-004
 -2.187480195479786E-004  9.907193708937220E-006
  3.074112502507490E-006 -3.634338409354386E-006
          89 -1.139851443449399E-004  4.086579084251481E-004
 -2.104094668693231E-004  7.569175386952947E-005
  8.508738847022408E-006 -7.803192382567796E-006
          90  6.079348728762415E-005  4.180371928744598E-004
 -1.804890009587266E-004  1.378942423616449E-004
  1.156041152917801E-005 -1.407096785802393E-005
          91  2.249536635974885E-004  3.539374252549835E-004
 -1.301691967978144E-004  1.887766450029577E-004
  1.245164403030326E-005 -2.063299164552077E-005
          92  3.487685089084991E-004  2.270771465805783E-004
 -6.392053274637005E-005  2.207195285441510E-004
  1.176323890149502E-005 -2.837813545792755E-005
          93  4.089902105083289E-004  5.888537832733795E-005
  1.028037949199944E-005  2.283702930991116E-004
  6.938656097310914E-006 -3.649333116583457E-005
          94  3.926936402077194E-004 -1.202869212734653E-004
  8.340396636269455E-005  2.106035927893591E-004
 -6.530324033474745E-007 -4.219294269716665E-005
          95  3.013828014957555E-004 -2.767654399742757E-004
  1.470358855114718E-004  1.684677762843559E-004
 -9.839029257614056E-006 -4.517306353137906E-005
          96  1.506565176618065E-004 -3.799703200295805E-004
  1.924937709881382E-004  1.059430243372936E-004
 -1.921415355036549E-005 -4.544029993163502E-005
          97 -3.090783001054849E-005 -4.081047631756889E-004
  2.125258382669147E-004  3.038776655159292E-005
 -2.896995502540112E-005 -4.412470503791248E-005
          98 -2.075026759919052E-004 -3.550584667253910E-004
  2.028702900281009E-004 -4.723073434609018E-005
 -3.883548777022081E-005 -3.902096913114018E-005
          99 -3.449444836819149E-004 -2.304313969605809E-004
  1.651219674753185E-004 -1.150667472828494E-004
 -4.609414127096057E-005 -3.134371841028918E-005
         100 -4.154993461893314E-004 -5.739737849565333E-005
  1.048131350819934E-004 -1.632176313063086E-004
 -5.104650357965765E-005 -2.265479438443973E-005
         101 -4.041198622457793E-004  1.300813113036346E-004
  3.096379509511452E-005 -1.838957902311468E-004
 -5.360730174472983E-005 -1.348221030039011E-005
         102 -3.125660954827091E-004  2.948132254483236E-004
 -4.419829615874939E-005 -1.733200943242217E-004
 -5.428301799380373E-005 -4.087075371895148E-006
         103 -1.587975878245494E-004  4.039303528749468E-004
 -1.070586723296648E-004 -1.339302258646917E-004
 -5.225807047158364E-005  4.772010373227661E-006
         104  2.593306183918367E-005  4.364140129824672E-004
 -1.479908066135519E-004 -7.435855508932147E-005
 -4.859815316308834E-005  1.193383439984988E-005
         105  2.056141038536482E-004  3.880181313236106E-004
 -1.616580038582503E-004 -3.948837038822091E-006
 -4.406904098437210E-005  1.762165253871045E-005
         106  3.469130490305925E-004  2.695905065148365E-004
 -1.449759464656112E-004  6.534862156474971E-005
 -3.882606105919773E-005  2.158488955852276E-005
         107  4.244070973150867E-004  1.051631909084665E-004
 -1.015365555859438E-004  1.205285586440650E-004
 -3.419450426265104E-005  2.363239510352942E-005
         108  4.265776085528610E-004 -7.304761724588660E-005
 -4.063955093827347E-005  1.522965155935800E-004
 -3.056073396255160E-005  2.548027616249053E-005
         109  3.568152019794920E-004 -2.326744565453613E-004
  2.655396150944099E-005  1.574383488334800E-004
 -2.648472244353433E-005  2.675225590991034E-005
         110  2.311698695522524E-004 -3.464766554163823E-004
  9.030259520476056E-005  1.362444551697921E-004
 -2.317959572082170E-005  2.715417546280016E-005
         111  7.537214724633483E-005 -3.975167863929616E-004
  1.408967751193776E-004  9.202024799064069E-005
 -2.057392400523469E-005  2.725704057203583E-005
         112 -8.201670542691366E-005 -3.817792999717395E-004
  1.707248822125179E-004  3.184760831409963E-005
 -1.877977693878391E-005  2.770954379095384E-005
         113 -2.141161375395553E-004 -3.065057471480502E-004
  1.758288315603279E-004 -3.472596499683616E-005
 -1.617525962606859E-005  2.869663009224199E-005
         114 -3.000245907180308E-004 -1.895991736045338E-004
  1.569282068129096E-004 -9.812759702528220E-005
 -1.405289114305220E-005  2.836895890186206E-005
         115 -3.293531463741602E-004 -5.505979570748644E-005
  1.175594666000926E-004 -1.508944328668988E-004
 -1.286327030276317E-005  2.872126743729236E-005
         116 -3.025355523970685E-004  7.218430714837455E-005
  6.300024520413903E-005 -1.873766504715785E-004
 -1.137243121174275E-005  2.959709058014460E-005
         117 -2.303037200773305E-004  1.703925894097437E-004
 -1.771767234535178E-007 -2.043613389474385E-004
 -9.571767384604573E-006  3.086881327399675E-005
         118 -1.310094271710984E-004  2.255175146746599E-004
 -6.549631360009509E-005 -2.011712252491238E-004
 -7.221990171587721E-006  3.109911252834928E-005
         119 -2.593897448383724E-005  2.328918444754894E-004
 -1.275967507655349E-004 -1.788815835931961E-004
 -6.413004100872180E-006  3.170025366610003E-005
         120  6.430493149450433E-005  1.973104406352017E-004
 -1.818566903860274E-004 -1.388516493527711E-004
 -4.681644257078003E-006  3.411404204202305E-005
         121  1.244366189195795E-004  1.317602435523985E-004
 -2.234438199434298E-004 -8.361989374027370E-005
 -1.483470100745705E-006  3.590587371350892E-005
         122  1.468674240527752E-004  5.328062596059581E-005
 -2.487498203078244E-004 -1.702509629670480E-005
  2.572330962622995E-006  3.706713523905139E-005
         123  1.319423397595044E-004 -2.034072265921714E-005
 -2.549893600191983E-004  5.673695391659872E-005
  6.229357177494825E-006  3.710775705877271E-005
         124  8.741791354587798E-005 -7.384261628792373E-005
 -2.399717010154977E-004  1.330288205795204E-004
  9.977204154275229E-006  3.796781981558954E-005
         125  2.656532814714140E-005 -9.724644737668620E-005
 -2.017788500579200E-004  2.059297719569401E-004
  1.583226815125262E-005  3.761619629011843E-005
         126 -3.464694506760070E-005 -8.781893578723043E-005
 -1.408470768428377E-004  2.677507074900155E-004
  2.102192027274192E-005  3.510592139922872E-005
         127 -8.148746675614338E-005 -5.022467392260406E-005
 -6.023962391838915E-005  3.112833675811864E-004
  2.519265299298148E-005  3.146804172059173E-005
         128 -1.029705830169611E-004  5.129254958858510E-006
  3.469287491592760E-005  3.296186698013396E-004
  2.807161478219910E-005  2.759115997491234E-005
         129 -9.443060049390815E-005  6.400622507474677E-005
  1.356735616294199E-004  3.173837373741645E-004
  3.100321469618414E-005  2.368956782427074E-005
         130 -5.814752718558292E-005  1.123234155947908E-004
  2.317797703802804E-004  2.721292819840481E-004
  3.251126744346475E-005  1.821996777620730E-005
         131 -2.331592487557725E-006  1.384615515406475E-004
  3.113124461322196E-004  1.966279960625655E-004
  3.203818582543670E-005  1.360184107753124E-005
         132  6.030219643769124E-005  1.363644297373933E-004
  3.648381210872488E-004  9.731909681105765E-005
  3.097996392797452E-005  9.971159886298706E-006
         133  1.165730219510978E-004  1.062857228240880E-004
  3.849413087637381E-004 -1.655604741895785E-005
  2.940909799814052E-005  7.282944932183017E-006
         134  1.542336861636769E-004  5.395686452726927E-005
  3.676620855739187E-004 -1.330608991228326E-004
  2.776048922994419E-005  5.228029180087012E-006
         135  1.652678445002629E-004 -8.896170760306488E-006
  3.137016256461922E-004 -2.389600041303659E-004
  2.584290715924495E-005  4.409626463892175E-006
         136  1.489365997083105E-004 -6.891947128415860E-005
  2.294263766353413E-004 -3.225006476505400E-004
  2.489579191381032E-005  4.672959643078979E-006
         137  1.101519030951547E-004 -1.142854996968008E-004
  1.239361454073547E-004 -3.760688383192561E-004
  2.489018541119745E-005  5.066179222644013E-006
         138  5.940091793898863E-005 -1.366504816486943E-004
  7.611494637219329E-006 -3.945621659277545E-004
  2.570388105347402E-005  5.526315655049832E-006
         139  9.933927600899261E-006 -1.349493202263242E-004
 -1.074503063475199E-004 -3.768833608758584E-004
  2.742244534095701E-005  5.706027007901863E-006
         140 -2.705233532563204E-005 -1.149039447120507E-004
 -2.101858078470040E-004 -3.264800331249791E-004
  2.991197483639378E-005  5.120127212076303E-006
         141 -4.506495168440313E-005 -8.769674313361033E-005
 -2.925110338429685E-004 -2.497896991436917E-004
  3.262215226441965E-005  3.649805654141454E-006
         142 -4.629515396658247E-005 -6.603869265162571E-005
 -3.488747108288673E-004 -1.535706529597493E-004
  3.552027781666664E-005  1.329370186126336E-006
         143 -3.944572289893075E-005 -5.758683724626268E-005
 -3.745705269350619E-004 -4.591482421421711E-005
  3.832643973296464E-005 -1.983737632188015E-006
         144 -3.519285589399805E-005 -6.422608857186644E-005
 -3.678074764434095E-004  6.341655344437142E-005
  4.079157957287567E-005 -6.426913168927707E-006
         145 -4.472190847489124E-005 -8.145831079548769E-005
 -3.301582817958604E-004  1.649037495421305E-004
  4.203975698921863E-005 -1.191084342933793E-005
         146 -7.493438510007264E-005 -9.766485106015259E-005
 -2.657137550607912E-004  2.506294268578592E-004
  4.239921627202961E-005 -1.722584393395331E-005
         147 -1.249460535100363E-004 -9.840365048337916E-005
 -1.795674721917296E-004  3.142313889693632E-004
  4.229585926768900E-005 -2.314171945429535E-005
         148 -1.852974972874596E-004 -6.993851344917548E-005
 -7.821563701153342E-005  3.497358345596237E-004
  4.103337597504850E-005 -2.952492874172424E-005
         149 -2.378967314688416E-004 -5.311795006249739E-006
  2.903249765362121E-005  3.528742455117355E-004
  3.858068031281761E-005 -3.626295002468744E-005
         150 -2.624846957186482E-004  9.121798422011301E-005
  1.313109417016180E-004  3.232034099119217E-004
  3.427064086552915E-005 -4.227164793949556E-005
         151 -2.419649333612301E-004  2.056071026573791E-004
  2.185758242977892E-004  2.644928274713492E-004
  2.984647698129897E-005 -4.773152014899861E-005
         152 -1.661992549043139E-004  3.147961036867860E-004
  2.829446146921946E-004  1.828401550543347E-004
  2.379002711853427E-005 -5.368417294218837E-005
         153 -3.807429954108919E-005  3.905044093470106E-004
  3.182615496001899E-004  8.692750734313551E-005
  1.590950535264410E-005 -5.802942101680204E-005
         154  1.250574276097197E-004  4.074839171998004E-004
  3.225802263962258E-004 -1.315617422662362E-005
  6.769171535787319E-006 -6.095743332555990E-005
         155  2.937384239028666E-004  3.499521434685434E-004
  2.965843296150506E-004 -1.082171310231791E-004
 -2.513991206564596E-006 -6.153571917879830E-005
         156  4.317784812659038E-004  2.184063386033260E-004
  2.431464883607798E-004 -1.892847618289453E-004
 -1.219447747875472E-005 -6.118608114689760E-005
         157  5.066343556391417E-004  3.096297548900989E-005
  1.684512426763696E-004 -2.478721992714228E-004
 -2.277863800334099E-005 -5.734398775981282E-005
         158  4.959693077766464E-004 -1.809853573780258E-004
  8.208465624483828E-005 -2.792973146203065E-004
 -3.061832958836848E-005 -5.099646553175140E-005
         159  3.932976853422693E-004 -3.767835307824796E-004
 -7.224089120707633E-006 -2.828942558641864E-004
 -3.648375088184948E-005 -4.369219256299583E-005
         160  2.124624328534851E-004 -5.159034194834939E-004
 -9.140480788478959E-005 -2.597447697293815E-004
 -4.036553176852493E-005 -3.606934020093135E-005
         161 -1.562650227250778E-005 -5.680874085722862E-004
 -1.631416699189498E-004 -2.129125240706698E-004
 -4.292459549095125E-005 -2.794792450490006E-005
         162 -2.490381321290287E-004 -5.192941502316788E-004
 -2.159763493557318E-004 -1.472933530472321E-004
 -4.235418926542619E-005 -1.979015369092121E-005
         163 -4.435127014754936E-004 -3.761641016601748E-004
 -2.454637564955633E-004 -6.984794426144070E-005
 -4.029557856787036E-005 -1.379119361931393E-005
         164 -5.629316629963768E-004 -1.632995274164000E-004
 -2.493951209526767E-004  1.218014147853650E-005
 -3.774122332517055E-005 -9.016854933057006E-006
         165 -5.839787216253148E-004  8.233420429977722E-005
 -2.271728629613040E-004  9.069692102136566E-005
 -3.469742451501832E-005 -5.646502049373508E-006
         166 -5.010272879645572E-004  3.160976690063242E-004
 -1.812650797934139E-004  1.575225018292222E-004
 -3.162872779619610E-005 -3.473991917398273E-006
         167 -3.287256972072843E-004  4.955789582845834E-004
 -1.165371081546380E-004  2.058639193068217E-004
 -2.891990502647795E-005 -2.786353412423724E-006
         168 -9.740568095208744E-005  5.888899332214826E-004
 -3.931037347840107E-005  2.309079601519135E-004
 -2.728443982999103E-005 -2.940318209848259E-006
         169  1.519475281875303E-004  5.793234580622123E-004
  4.308372289596841E-005  2.286752638969238E-004
 -2.657841278826501E-005 -3.408460035264070E-006
         170  3.756408209228084E-004  4.694055367468883E-004
  1.202935139475581E-004  1.976592344537663E-004
 -2.690998507613628E-005 -3.954711596844081E-006
         171  5.356709719017556E-004  2.783740509735518E-004
  1.819630844399661E-004  1.416454439498199E-004
 -2.818062164115768E-005 -4.079191537152153E-006
         172  6.044923153511342E-004  3.938383261175099E-005
  2.206397961493163E-004  6.790614877682334E-005
 -3.008082566252753E-005 -3.445955145339116E-006
         173  5.716230225416629E-004 -2.057144135566355E-004
  2.321202665875418E-004 -1.499643416734676E-005
 -3.222091995949671E-005 -1.999709669262560E-006
         174  4.448456085564675E-004 -4.162861528776906E-004
  2.144449892878842E-004 -9.792932350226983E-005
 -3.444088929341170E-005  3.334624247945773E-007
         175  2.462539799466802E-004 -5.587847930873507E-004
  1.685795648989492E-004 -1.706694426997082E-004
 -3.636600693268854E-005  3.576134636133535E-006
         176  9.406767299146259E-006 -6.113478340158558E-004
  9.965737714704417E-005 -2.237801851602268E-004
 -3.770492217799409E-005  7.656433148734722E-006
         177 -2.273097568975019E-004 -5.678313934795166E-004
  1.576913978946807E-005 -2.505484811998975E-004
 -3.796753859159875E-005  1.228258069501336E-005
         178 -4.268988396938710E-004 -4.369601413984441E-004
 -7.347457389126178E-005 -2.476139484176252E-004
 -3.741719013260966E-005  1.676966648103460E-005
         179 -5.591132871433867E-004 -2.413955330796767E-004
 -1.585063792574645E-004 -2.145238055782008E-004
 -3.612833137279061E-005  2.139421958472334E-005
         180 -6.060861171169617E-004 -1.276922343513322E-005
 -2.292784767182996E-004 -1.534173560139031E-004
 -3.390603246544043E-005  2.574320590153885E-005
         181 -5.627692771780358E-004  2.141684460018783E-004
 -2.768304245100389E-004 -7.036601739338763E-005
 -3.100810368077891E-005  2.970452117596266E-005
         182 -4.374882407972929E-004  4.047931219604169E-004
 -2.949195359323514E-004  2.621183854364291E-005
 -2.732224382483874E-005  3.269364774679496E-005
         183 -2.520639741603417E-004  5.308275296641023E-004
 -2.800037008985155E-004  1.264065127151567E-004
 -2.409547059302312E-005  3.493638718825059E-005
         184 -3.739479086843217E-005  5.756282036385492E-004
 -2.311904515063333E-004  2.193555222697910E-004
 -2.071041316366431E-005  3.727137987471090E-005
         185  1.724469272651861E-004  5.368641673529630E-004
 -1.514331448064670E-004  2.930496189653785E-004
 -1.705849399538300E-005  3.898398157567032E-005
         186  3.469601517199410E-004  4.255489855491687E-004
 -4.867741578937393E-005  3.372267106230107E-004
 -1.322841816352863E-005  4.040541392848415E-005
         187  4.631514321695220E-004  2.624969021682743E-004
  6.640002410236020E-005  3.449604820311808E-004
 -9.885664520169961E-006  4.097054083130656E-005
         188  5.082423531526824E-004  7.502070905934420E-005
  1.809852262548570E-004  3.128530524358629E-004
 -6.991601703810157E-006  4.224133920658721E-005
         189  4.812925926821016E-004 -1.077401192742498E-004
  2.810907343678762E-004  2.416585137641400E-004
 -3.181508806933925E-006  4.338297378682510E-005
         190  3.928817388819822E-004 -2.595846311006513E-004
  3.524290812305379E-004  1.378277698439524E-004
  4.192309167175778E-007  4.434688723840263E-005
         191  2.624189236239908E-004 -3.621999126870812E-004
  3.847661836293614E-004  1.347898576125372E-005
  4.638915914603010E-006  4.505747090174263E-005
         192  1.133623850990307E-004 -4.071847823983433E-004
  3.724126108257922E-004 -1.171205082528664E-004
  8.851496128628130E-006  4.556013969269361E-005
         193 -3.105673839522329E-005 -3.964974051080048E-004
  3.145222890750069E-004 -2.375370783345633E-004
  1.401462422533934E-005  4.585592021301201E-005
         194 -1.527604402624360E-004 -3.405785233701578E-004
  2.167209264336844E-004 -3.311981506043650E-004
  1.903566997798073E-005  4.501610833242879E-005
         195 -2.406853106707928E-004 -2.536756098746262E-004
  9.156154085676161E-005 -3.843443175877596E-004
  2.454091053373683E-005  4.412901379143582E-005
         196 -2.899705526787931E-004 -1.516225118113239E-004
 -4.405380197916323E-005 -3.900765962100650E-004
  3.049943520324288E-005  4.185880006512163E-005
         197 -3.030006493789351E-004 -4.915076698290985E-005
 -1.725228926796189E-004 -3.475910299147266E-004
  3.609481569265490E-005  3.856433517552701E-005
         198 -2.863251933598650E-004  4.405401372351782E-005
 -2.762481269709436E-004 -2.626996445547554E-004
  4.135805719573046E-005  3.404309475795028E-005
         199 -2.471187503651649E-004  1.225001633125715E-004
 -3.411444158406593E-004 -1.480469302921019E-004
  4.582885846956925E-005  2.871028588022381E-005
         200 -1.916707759416488E-004  1.839616254635388E-004
 -3.595307626886623E-004 -2.127373667496306E-005
  4.955415955246063E-005  2.234099301042272E-005
         201 -1.243076648966972E-004  2.271668452187265E-004
 -3.319536916857271E-004  9.936966315097289E-005
  5.178222516314965E-005  1.520067729392384E-005
         202 -4.934701223337074E-005  2.507124565597660E-004
 -2.650108750782517E-004  1.975994085664857E-004
  5.260922289411743E-005  7.986401986041689E-006
         203  2.958565555211223E-005  2.544807487905917E-004
 -1.718441635300790E-004  2.606620248694038E-004
  5.203461206175016E-005  9.028652797825960E-007
         204  1.102330187537721E-004  2.365494981770258E-004
 -6.964654008114676E-005  2.835976443660026E-004
  5.022605881290470E-005 -5.633637007228887E-006
         205  1.872199138433674E-004  1.931552767076326E-004
  2.560235141983108E-005  2.696742618528379E-004
  4.738710226839979E-005 -1.138977491324380E-005
         206  2.515439650673888E-004  1.224353144463528E-004
  1.025902288620277E-004  2.271294574620680E-004
  4.382141340111800E-005 -1.614378007375438E-005
         207  2.912519125134456E-004  2.638660589112339E-005
  1.539490447619312E-004  1.662208753446529E-004
  3.989460675890601E-005 -1.978631272960124E-005
         208  2.940925749392077E-004 -8.587670041612441E-005
  1.766875446859575E-004  9.979046551985111E-005
  3.599910961805742E-005 -2.246899573663936E-005
         209  2.525440316015457E-004 -1.993576441874533E-004
  1.748489421535867E-004  4.013395836713653E-005
  3.218978728345228E-005 -2.431095091141982E-005
         210  1.646926138954092E-004 -2.956902228654910E-004
  1.572119259656587E-004 -5.353918384339288E-006
  2.900518099436179E-005 -2.536093642014147E-005
         211  3.718039957563538E-005 -3.534925722678993E-004
  1.334702824178054E-004 -3.542596952840428E-005
  2.631797888006884E-005 -2.631314249413396E-005
         212 -1.114660870766651E-004 -3.551449668857461E-004
  1.104076070899323E-004 -5.285387721214771E-005
  2.401699202365273E-005 -2.712835559108980E-005
         213 -2.555110959619033E-004 -2.930580681279694E-004
  9.281912898203158E-005 -6.198499948535564E-005
  2.197462082293381E-005 -2.818834145908104E-005
         214 -3.664903921455556E-004 -1.717602657286198E-004
  8.249040465622248E-005 -6.934021685496583E-005
  1.990899827737777E-005 -2.908166899860797E-005
         215 -4.200841557110193E-004 -9.286698781148861E-006
  7.679209178020744E-005 -8.117033607111027E-005
  1.819812956504971E-005 -3.036256898520350E-005
         216 -4.018532070520646E-004  1.676901827003748E-004
  6.940266201822499E-005 -1.003437875072387E-004
  1.595164712068123E-005 -3.196751168233413E-005
         217 -3.086189043408632E-004  3.272608543969417E-004
  5.438897302412571E-005 -1.252561110191600E-004
  1.336052975290796E-005 -3.333800423294829E-005
         218 -1.526412964819913E-004  4.369347810557469E-004
  2.671672858744089E-005 -1.522878305562223E-004
  1.030126181523685E-005 -3.441982694668672E-005
         219  4.000936342573761E-005  4.732114231148382E-004
 -1.734251046350175E-005 -1.737849405803936E-004
  7.501616241039430E-006 -3.504737920954922E-005
         220  2.357960150891084E-004  4.247420657328303E-004
 -7.584263230981196E-005 -1.798504025863120E-004
  4.356108125928669E-006 -3.588368571091675E-005
         221  3.971320667471567E-004  2.954485249396136E-004
 -1.415506526949018E-004 -1.626967236915801E-004
  6.795647925257062E-007 -3.588209771135994E-005
         222  4.912165214903269E-004  1.063134844511827E-004
 -2.040573690736825E-004 -1.186588249562836E-004
 -2.633184437068497E-006 -3.522543179788606E-005
         223  4.965881448152561E-004 -1.094097880276157E-004
 -2.522769734517639E-004 -4.833302184662040E-005
 -5.483261526250419E-006 -3.395009124913826E-005
         224  4.074862405348659E-004 -3.100148031727930E-004
 -2.744076184884147E-004  4.351445230045859E-005
 -7.580156537507987E-006 -3.286446396903287E-005
         225  2.391778240875336E-004 -4.545430570025071E-004
 -2.605032867892951E-004  1.460223078267583E-004
 -9.857546454252739E-006 -3.200144038667967E-005
         226  2.278134742931212E-005 -5.137063419223174E-004
 -2.057337943264813E-004  2.438439504033607E-004
 -1.179460234976754E-005 -3.072065084918798E-005
         227 -2.003753766517752E-004 -4.727610881976863E-004
 -1.125847840245357E-004  3.196634073462889E-004
 -1.335514253059249E-005 -2.972324656207572E-005
         228 -3.846257911707794E-004 -3.375819404963908E-004
  9.301110333580718E-006  3.583911462598898E-004
 -1.469038353232774E-005 -2.906962280633992E-005
         229 -4.920107221110744E-004 -1.341280795995712E-004
  1.444693258978073E-004  3.488010800887714E-004
 -1.627987336114312E-005 -2.908971317715684E-005
         230 -4.989615603019207E-004  9.740554240078601E-005
  2.726103009424080E-004  2.867365729896806E-004
 -1.861992347363091E-005 -2.906922987547954E-005
         231 -4.026870433085429E-004  3.091255290027408E-004
  3.728683583841015E-004  1.771356542760760E-004
 -2.126859614040402E-005 -2.898927604101175E-005
         232 -2.224737161480203E-004  4.582322643058758E-004
  4.277253729434401E-004  3.308728608339735E-005
 -2.462241605685171E-005 -2.870299678177612E-005
         233  7.781160779400399E-006  5.141016160161448E-004
  4.257729467530980E-004 -1.263896997292552E-004
 -2.853437513301602E-005 -2.781339354855912E-005
         234  2.428055823753226E-004  4.617113421983761E-004
  3.630151025589554E-004 -2.783329737661425E-004
 -3.305489565925810E-005 -2.609945708736092E-005
         235  4.335660630250477E-004  3.081585533541575E-004
  2.457694182654513E-004 -3.983562449752987E-004
 -3.759401377626667E-005 -2.296977140011092E-005
         236  5.386089473171019E-004  8.191759805303516E-005
  9.070949643199052E-005 -4.671734675817695E-004
 -4.167158345187891E-005 -1.879260305449674E-005
         237  5.326605595342253E-004 -1.720365877141871E-004
 -7.930423114853088E-005 -4.741240246201958E-004
 -4.514495126688244E-005 -1.352638123814726E-005
         238  4.137687108984519E-004 -4.015314828120986E-004
 -2.394399179296060E-004 -4.188714220593790E-004
 -4.751856034906844E-005 -7.418741548088247E-006
         239  2.027472664238239E-004 -5.593312118171438E-004
 -3.671340557019096E-004 -3.103650608963446E-004
 -4.875243111145313E-005 -7.684617823328778E-007
         240 -6.115194231613149E-005 -6.105149755580249E-004
 -4.449015721792961E-004 -1.663053407239198E-004
 -4.864985386003695E-005  6.184940915046178E-006
         241 -3.253256148405233E-004 -5.408364342888796E-004
 -4.653596864923542E-004 -9.937609593233197E-006
 -4.706125435069443E-005  1.309958790988866E-005
         242 -5.361273834925485E-004 -3.619780456815815E-004
 -4.318969212573128E-004  1.362803050980169E-004
 -4.406510378054534E-005  1.943544198156994E-005
         243 -6.511002193871001E-004 -1.082028777526219E-004
 -3.558955897627389E-004  2.552749248888032E-004
 -3.990481026092995E-005  2.490363539755289E-005
         244 -6.476161633390551E-004  1.711950455317283E-004
 -2.529394986785981E-004  3.365502715833652E-004
 -3.491841601350355E-005  2.922344905887297E-005
         245 -5.272781501766279E-004  4.227454398110863E-004
 -1.412228448971980E-004  3.779797170571388E-004
 -2.932916235662850E-005  3.235903011302018E-005
         246 -3.145205940944952E-004  5.998339719630069E-004
 -3.450249917183162E-005  3.868797682577788E-004
 -2.355760505027287E-005  3.384289135867961E-005
         247 -5.119974064433662E-005  6.716960936603295E-004
  6.182194254395440E-005  3.727500354291164E-004
 -1.833350288928866E-005  3.419577121903902E-005
         248  2.124139631211073E-004  6.296412715201392E-004
  1.475127340210041E-004  3.424484368926253E-004
 -1.360431966954769E-005  3.357787346296556E-005
         249  4.289548193811865E-004  4.880183900537409E-004
  2.242443588768781E-004  2.998802733083836E-004
 -9.692774084948348E-006  3.223397496724180E-005
         250  5.638803723351595E-004  2.796197682508463E-004
  2.954301484574954E-004  2.456449564107585E-004
 -6.552870162366010E-006  3.031136913187986E-005
         251  6.019698362092450E-004  4.722425875883505E-005
  3.624193520909165E-004  1.744763344520269E-004
 -4.757116412466442E-006  2.830852461339928E-005
         252  5.488834027091331E-004 -1.668496218539030E-004
  4.192847303510478E-004  7.956176560816932E-005
 -3.539572031817349E-006  2.690246056973996E-005
         253  4.271825803219850E-004 -3.304041299613975E-004
  4.538058321318677E-004 -4.166466189102421E-005
 -2.694037537933736E-006  2.565051852338988E-005
         254  2.681599891181605E-004 -4.267812902220165E-004
  4.510456551481544E-004 -1.841659504827360E-004
 -2.402193339790407E-006  2.487374299419069E-005
         255  1.036052391502738E-004 -4.552437414600486E-004
  3.976886041933425E-004 -3.345426552845025E-004
 -2.457633993711858E-006  2.473469197623694E-005
         256 -4.129419482858798E-005 -4.284682561062994E-004
  2.862023434294260E-004 -4.712788271437457E-004
 -2.343599014625001E-006  2.567147901475966E-005
