   5120.00000000000     
         256           1           3
  8.994473019507991E-004   39.7101237756174        115.757396112529     
   18.8300000000000        145.590000000000        6160.02000000000     
           0  0.000000000000000E+000  0.000000000000000E+000
  0.000000000000000E+000  0.000000000000000E+000
  0.000000000000000E+000  0.000000000000000E+000
           1  0.000000000000000E+000  0.000000000000000E+000
  2.469848090021501E-009  1.377101680151111E-010
 -2.145260752645347E-008  2.587352078531289E-011
           2  0.000000000000000E+000  0.000000000000000E+000
  2.375057837722658E-009  5.704039914762016E-010
 -2.365530200986339E-008 -1.015446017277150E-009
           3  0.000000000000000E+000  0.000000000000000E+000
  2.446223576916981E-009  1.288466718200561E-009
 -2.863867398285440E-008  2.295320881203558E-010
           4  0.000000000000000E+000  0.000000000000000E+000
  3.110164378744050E-009  2.296393643730193E-009
 -3.537588932263578E-008  7.270477278958505E-009
           5  0.000000000000000E+000  0.000000000000000E+000
  4.913749544888167E-009  3.071389215556837E-009
 -3.726175936010696E-008  2.294822592490258E-008
           6  0.000000000000000E+000  0.000000000000000E+000
  7.707050003357212E-009  2.012984948987812E-009
 -2.413814899622599E-008  4.136870164128702E-008
           7  0.000000000000000E+000  0.000000000000000E+000
  8.600591329160126E-009 -7.345645563681505E-010
  4.909684829858788E-009  4.792325795315003E-008
           8  0.000000000000000E+000  0.000000000000000E+000
  8.395139589807054E-009 -3.406945543599817E-009
  3.901284449869651E-008  2.433395297437373E-008
           9  0.000000000000000E+000  0.000000000000000E+000
  6.401584420813734E-009 -5.779202346634143E-009
  4.102498522257356E-008 -3.016420890544751E-008
          10  0.000000000000000E+000  0.000000000000000E+000
  3.644042139938645E-009 -6.083336100228783E-009
 -1.434251660116196E-008 -7.239636303881637E-008
          11  0.000000000000000E+000  0.000000000000000E+000
  1.736244979014950E-009 -6.237564566493392E-009
 -9.945173305739644E-008 -4.652320133320033E-008
          12  0.000000000000000E+000  0.000000000000000E+000
 -2.794977271851766E-009 -2.177104322670886E-009
 -1.328810067754919E-007  6.880192261977613E-008
          13  0.000000000000000E+000  0.000000000000000E+000
  1.666844629444478E-009  4.043010928084116E-009
 -2.981251443993043E-008  1.703851765313950E-007
          14  0.000000000000000E+000  0.000000000000000E+000
  9.141479291148474E-009  2.340762191970420E-009
  1.277873719213169E-007  1.317808146943657E-007
          15  0.000000000000000E+000  0.000000000000000E+000
  1.208407231060120E-008 -4.872441120808740E-009
  1.879656473460958E-007 -3.949447153176281E-008
          16  0.000000000000000E+000  0.000000000000000E+000
  8.657344691313674E-009 -1.346681410765988E-008
  6.187641008250519E-008 -2.014234796067780E-007
          17  0.000000000000000E+000  0.000000000000000E+000
 -5.564585370573544E-009 -1.457409669192885E-008
 -1.681688559336954E-007 -1.684806366513329E-007
          18  0.000000000000000E+000  0.000000000000000E+000
 -9.616858075589954E-009 -1.306068563576639E-009
 -2.558430089825535E-007  5.322246368369998E-008
          19  0.000000000000000E+000  0.000000000000000E+000
 -1.472539749320911E-009  6.655928938716262E-009
 -1.181941907427216E-007  2.556870082901036E-007
          20  0.000000000000000E+000  0.000000000000000E+000
  8.616420089426621E-009  4.746126019263158E-009
  1.416967033870933E-007  2.562132206938000E-007
          21  0.000000000000000E+000  0.000000000000000E+000
  1.383955851373672E-008 -4.369366278443903E-009
  2.946919758587195E-007  2.635250105141599E-008
          22  0.000000000000000E+000  0.000000000000000E+000
  7.910113822943061E-009 -1.788692027427643E-008
  1.713019594043490E-007 -2.396994794542122E-007
          23  0.000000000000000E+000  0.000000000000000E+000
 -8.943779558740390E-009 -1.269890082610906E-008
 -1.077777543367603E-007 -2.643011678601249E-007
          24  0.000000000000000E+000  0.000000000000000E+000
 -7.835082105580562E-009  5.810528844692065E-011
 -2.910860094368101E-007 -7.184324918933240E-008
          25  0.000000000000000E+000  0.000000000000000E+000
  8.814438091565535E-010  3.966629756238322E-009
 -2.499687881811664E-007  2.051149955067435E-007
          26  0.000000000000000E+000  0.000000000000000E+000
  8.663489562879393E-009 -4.598048382316588E-010
  1.283731462603488E-008  3.384590666047425E-007
          27  0.000000000000000E+000  0.000000000000000E+000
  9.972035438885790E-009 -1.260468473247601E-008
  2.723575128482220E-007  1.923067577466622E-007
          28  0.000000000000000E+000  0.000000000000000E+000
 -8.029435838919516E-009 -1.582218372141439E-008
  3.122181669031129E-007 -8.095781257102172E-008
          29  0.000000000000000E+000  0.000000000000000E+000
 -9.461863932044787E-009 -1.306891744415707E-009
  1.228722740312926E-007 -3.217579241988973E-007
          30  0.000000000000000E+000  0.000000000000000E+000
 -1.412239841358972E-009  2.490450402602629E-009
 -2.276333402659168E-007 -2.867090085982076E-007
          31  0.000000000000000E+000  0.000000000000000E+000
  4.586053098249676E-009 -5.166285441481738E-010
 -3.831840117188030E-007  4.839461223278993E-008
          32  0.000000000000000E+000  0.000000000000000E+000
  7.171705059614947E-009 -8.098985185078438E-009
 -1.818309516545164E-007  3.577788194524269E-007
          33  0.000000000000000E+000  0.000000000000000E+000
 -4.119781004670748E-009 -1.696498731016380E-008
  1.833732602324915E-007  3.748262134401273E-007
          34  0.000000000000000E+000  0.000000000000000E+000
 -1.189850332301970E-008 -4.635968988731431E-009
  4.319991559495407E-007  5.210038977043157E-008
          35  0.000000000000000E+000  0.000000000000000E+000
 -6.452773735655963E-009  1.489384222149582E-009
  2.503970386646788E-007 -3.335082392411257E-007
          36  0.000000000000000E+000  0.000000000000000E+000
 -1.532943534040561E-009  2.191226335696543E-009
 -1.531965212390723E-007 -3.587962192878674E-007
          37  0.000000000000000E+000  0.000000000000000E+000
  3.379119181023226E-009  1.008927098290676E-010
 -3.702061455632539E-007 -4.865292774301558E-008
          38  0.000000000000000E+000  0.000000000000000E+000
  5.562322850002349E-009 -8.477566945899702E-009
 -2.371728816809523E-007  2.835304738110185E-007
          39  0.000000000000000E+000  0.000000000000000E+000
 -6.175901402743064E-009 -1.109605851924812E-008
  1.208040982296092E-007  3.611758469201880E-007
          40  0.000000000000000E+000  0.000000000000000E+000
 -6.844369296917013E-009 -4.857559765769350E-009
  3.481567393285166E-007  6.452053571563017E-008
          41  0.000000000000000E+000  0.000000000000000E+000
 -7.100096780342132E-009 -3.612284026130313E-009
  1.978022322562879E-007 -2.273640217302469E-007
          42  0.000000000000000E+000  0.000000000000000E+000
 -6.957441733034053E-009  1.912565427437345E-010
 -8.289753438280424E-008 -2.388969647822045E-007
          43  0.000000000000000E+000  0.000000000000000E+000
 -1.591858361330118E-009  1.713325482026565E-009
 -2.241812725487563E-007 -3.355030901127326E-008
          44  0.000000000000000E+000  0.000000000000000E+000
 -1.598612873347131E-009 -3.301201535309383E-009
 -1.238493736529267E-007  1.863628531687953E-007
          45  0.000000000000000E+000  0.000000000000000E+000
 -7.491102560764175E-011 -2.131852740785229E-009
  1.046375761305354E-007  1.705808524623655E-007
          46  0.000000000000000E+000  0.000000000000000E+000
 -1.044337590899503E-009 -8.403407695423369E-009
  1.619054928898847E-007  7.378250219781207E-009
          47  0.000000000000000E+000  0.000000000000000E+000
 -8.954147265786555E-009 -8.579563790114233E-009
  8.336553371698138E-008 -1.034426402299132E-007
          48  0.000000000000000E+000  0.000000000000000E+000
 -1.219945552280709E-008 -1.477561492770510E-009
 -4.506172720017245E-008 -1.050093807940938E-007
          49  0.000000000000000E+000  0.000000000000000E+000
 -9.095077406957684E-009  3.465775673493553E-009
 -1.117098802843609E-007  1.173435269588261E-008
          50  0.000000000000000E+000  0.000000000000000E+000
 -3.181286335707603E-009  6.503174930099844E-009
 -2.688028204217703E-008  1.190024841204041E-007
          51  0.000000000000000E+000  0.000000000000000E+000
  2.855294787526853E-009  7.353668261955437E-010
  1.002909515938241E-007  9.625479636251804E-008
          52  0.000000000000000E+000  0.000000000000000E+000
 -1.673421930244373E-010 -6.504062040997708E-009
  1.534707198002604E-007 -3.432975937297904E-008
          53  0.000000000000000E+000  0.000000000000000E+000
 -7.502172785872556E-009 -7.204011598774779E-009
  5.118122403961550E-008 -1.582762067149394E-007
          54  0.000000000000000E+000  0.000000000000000E+000
 -1.180426760330266E-008 -1.616343362294100E-009
 -1.232017495119596E-007 -1.188956259502981E-007
          55  0.000000000000000E+000  0.000000000000000E+000
 -9.638282533073352E-009  4.486959660695312E-009
 -1.727295757156303E-007  6.986530147877634E-008
          56  0.000000000000000E+000  0.000000000000000E+000
 -4.310100381258720E-009  6.313400316340029E-009
 -1.681649639308246E-008  2.197793105825369E-007
          57  0.000000000000000E+000  0.000000000000000E+000
  2.693708670122383E-010  2.913387578580313E-009
  2.138199909664690E-007  1.430076602922758E-007
          58  0.000000000000000E+000  0.000000000000000E+000
 -8.646343575865012E-010 -2.804928442128614E-009
  2.537385719049339E-007 -1.168120889377913E-007
          59  0.000000000000000E+000  0.000000000000000E+000
 -6.882028462940962E-009 -4.178855217410434E-009
  3.324690790645552E-008 -2.814985570780893E-007
          60  0.000000000000000E+000  0.000000000000000E+000
 -1.077723056738298E-008  1.631487701248294E-009
 -2.238969404035669E-007 -1.693109812986347E-007
          61  0.000000000000000E+000  0.000000000000000E+000
 -6.700583611741664E-009  5.151331967655717E-009
 -2.722789492083897E-007  1.241252722247324E-007
          62  0.000000000000000E+000  0.000000000000000E+000
 -3.873626058555862E-009  6.497339611739211E-009
  6.439249107036754E-009  3.262385266101162E-007
          63  0.000000000000000E+000  0.000000000000000E+000
  4.593838675718965E-010  2.888487716034310E-009
  3.003947655003291E-007  1.429499346889248E-007
          64  0.000000000000000E+000  0.000000000000000E+000
 -3.138317971358615E-009 -2.716185006257184E-009
  2.736752505722253E-007 -1.733343751844959E-007
          65  0.000000000000000E+000  0.000000000000000E+000
 -1.048366086552657E-008  6.791194524370593E-010
  1.613319658790507E-008 -3.093818388958587E-007
          66  0.000000000000000E+000  0.000000000000000E+000
 -6.277089851150459E-009  7.373033992396434E-009
 -2.532265500277451E-007 -1.815830480727472E-007
          67  0.000000000000000E+000  0.000000000000000E+000
 -4.872845655084986E-009  8.421598869553386E-009
 -2.458597386984319E-007  1.537340653747216E-007
          68  0.000000000000000E+000  0.000000000000000E+000
  2.262147561242654E-009  7.480796692335747E-009
  1.081155345394582E-008  2.460873811561157E-007
          69  0.000000000000000E+000  0.000000000000000E+000
  1.825357393772315E-009 -8.212564769997912E-010
  1.937664644739717E-007  1.491095889245567E-007
          70  0.000000000000000E+000  0.000000000000000E+000
 -6.588983483769153E-009 -1.927938644088115E-009
  2.748592506270468E-007 -5.883032500056056E-008
          71  0.000000000000000E+000  0.000000000000000E+000
 -7.624320263668944E-009  7.043079634159417E-009
  1.279419583455831E-007 -3.037421399329682E-007
          72  0.000000000000000E+000  0.000000000000000E+000
 -5.072610158407163E-009  5.713917659680334E-009
 -2.054643414645273E-007 -2.510528230954050E-007
          73  0.000000000000000E+000  0.000000000000000E+000
 -1.868494976551059E-009  9.988294513105882E-009
 -2.967260541354662E-007  2.885588073460603E-009
          74  0.000000000000000E+000  0.000000000000000E+000
  2.517656744068746E-009  5.192326019560112E-009
 -2.025764886916008E-007  2.764462038200221E-007
          75  0.000000000000000E+000  0.000000000000000E+000
 -1.355575734224822E-009  1.547724623823910E-009
  1.755736458184377E-007  3.795732976218530E-007
          76  0.000000000000000E+000  0.000000000000000E+000
 -5.048083304062645E-009  5.872110738575010E-009
  4.947453716570446E-007  2.041183172108241E-008
          77  0.000000000000000E+000  0.000000000000000E+000
  2.480962262034898E-009  6.117684905160411E-009
  2.602029361021491E-007 -4.662038649112551E-007
          78  0.000000000000000E+000  0.000000000000000E+000
 -2.344184730839558E-009  3.991088264543580E-009
 -2.197093038817266E-007 -4.768034364429687E-007
          79  0.000000000000000E+000  0.000000000000000E+000
 -1.107088395546325E-009  4.502331749772752E-009
 -5.888971708509167E-007 -1.030475853021517E-007
          80  0.000000000000000E+000  0.000000000000000E+000
 -4.456113205953264E-009  5.149903249937729E-009
 -3.912199381631612E-007  5.348545514847029E-007
          81  0.000000000000000E+000  0.000000000000000E+000
 -3.960388057007603E-009  1.206452777238155E-008
  3.441331639242342E-007  6.058048031608529E-007
          82  0.000000000000000E+000  0.000000000000000E+000
  9.025302576016094E-009  1.420000748152525E-008
  6.943645238831201E-007 -4.747591982004511E-008
          83  0.000000000000000E+000  0.000000000000000E+000
  8.458840715894774E-009  9.864048540764761E-010
  3.426409110546140E-007 -5.896209032615700E-007
          84  0.000000000000000E+000  0.000000000000000E+000
  3.311842341970598E-009 -2.588347676468842E-009
 -3.437862899378939E-007 -6.526367640365000E-007
          85  0.000000000000000E+000  0.000000000000000E+000
 -5.622326643533607E-009 -7.034404876850020E-010
 -7.259658971178694E-007  2.200140366925560E-009
          86  0.000000000000000E+000  0.000000000000000E+000
 -6.829266283635855E-009  9.869202343154399E-009
 -3.106287520848097E-007  5.777084086358543E-007
          87  0.000000000000000E+000  0.000000000000000E+000
  3.386566044427455E-009  1.669334500278681E-008
  2.967678183946139E-007  4.919128640764425E-007
          88  0.000000000000000E+000  0.000000000000000E+000
  1.311866261588411E-008  5.532441929278525E-009
  5.113923191417361E-007  5.025444932433628E-008
          89  0.000000000000000E+000  0.000000000000000E+000
  8.402910911641984E-009 -1.184395345818819E-009
  3.515255046948345E-007 -4.064935019617832E-007
          90  0.000000000000000E+000  0.000000000000000E+000
  1.190599336905069E-009 -3.866071349788545E-009
 -1.570472247027482E-007 -4.859435270789145E-007
          91  0.000000000000000E+000  0.000000000000000E+000
 -4.567388850823995E-009  2.522626500532285E-009
 -4.153185177718432E-007 -1.371064956423172E-007
          92  0.000000000000000E+000  0.000000000000000E+000
 -1.181902055398988E-009  9.707544828502380E-009
 -3.192409978950864E-007  1.868357969929934E-007
          93  0.000000000000000E+000  0.000000000000000E+000
  7.970821828370771E-009  1.066350744226705E-008
 -7.553095279862156E-008  3.187585578391141E-007
          94  0.000000000000000E+000  0.000000000000000E+000
  9.043175206901082E-009  1.181732669647443E-009
  2.076058744936451E-007  2.720240703216763E-007
          95  0.000000000000000E+000  0.000000000000000E+000
  5.063105977902736E-009 -1.612809744968812E-009
  3.206641006477069E-007 -4.042465483769877E-008
          96  0.000000000000000E+000  0.000000000000000E+000
 -8.976929010175758E-010 -1.100231176575805E-010
  1.604614097359644E-007 -2.361419099060695E-007
          97  0.000000000000000E+000  0.000000000000000E+000
 -9.247084321706165E-010  6.778950614611924E-009
 -4.118602453985590E-008 -2.923683739534263E-007
          98  0.000000000000000E+000  0.000000000000000E+000
  5.487701831332966E-009  9.932361858679220E-009
 -2.652253497498856E-007 -1.852186113290748E-007
          99  0.000000000000000E+000  0.000000000000000E+000
  1.194237793884158E-008  3.352426904207223E-009
 -3.177952924226923E-007  1.083610358664912E-007
         100  0.000000000000000E+000  0.000000000000000E+000
  8.409365323751863E-009 -2.157403681859547E-009
 -8.165927541149055E-008  2.712362417080846E-007
         101  0.000000000000000E+000  0.000000000000000E+000
  2.432050358858381E-009 -3.281183691452372E-009
  1.327241024302836E-007  2.180674977446901E-007
         102  0.000000000000000E+000  0.000000000000000E+000
 -6.592713660676095E-010  2.355864625648065E-009
  2.443623300490610E-007  1.404778667121506E-008
         103  0.000000000000000E+000  0.000000000000000E+000
  3.041857498119903E-009  7.019893351382162E-009
  1.339010225839929E-007 -1.735361117732964E-007
         104  0.000000000000000E+000  0.000000000000000E+000
  9.343285763752547E-009  5.861070666251625E-009
 -2.723824642371720E-008 -1.855672592494415E-007
         105  0.000000000000000E+000  0.000000000000000E+000
  1.086442417638821E-008  9.999118265572362E-010
 -1.125423445528921E-007 -1.426274691631371E-007
         106  0.000000000000000E+000  0.000000000000000E+000
  9.106127775338672E-009 -3.436012753769984E-009
 -2.136453998483074E-007 -6.483370378863445E-008
         107  0.000000000000000E+000  0.000000000000000E+000
  4.533723847880046E-009 -4.472022088747060E-009
 -2.427978460484644E-007  1.161305761591958E-007
         108  0.000000000000000E+000  0.000000000000000E+000
  1.710076374496686E-009 -1.603178157877882E-009
 -8.610049096228508E-008  3.064008021572318E-007
         109  0.000000000000000E+000  0.000000000000000E+000
  2.409654676773076E-009  1.749046073676049E-009
  2.322057363798043E-007  2.832287749766037E-007
         110  0.000000000000000E+000  0.000000000000000E+000
  5.676676948983482E-009  3.379810177613091E-009
  4.069448551324590E-007 -6.124722938919699E-008
         111  0.000000000000000E+000  0.000000000000000E+000
  8.868682604294986E-009  1.697327337594131E-009
  1.801253588990018E-007 -4.177139830804756E-007
         112  0.000000000000000E+000  0.000000000000000E+000
  1.014344164698967E-008 -2.234798701516822E-009
 -2.864753514065579E-007 -4.301698638727204E-007
         113  0.000000000000000E+000  0.000000000000000E+000
  7.431914180768715E-009 -5.354425227533447E-009
 -5.685525350000073E-007  1.672376957554630E-008
         114  0.000000000000000E+000  0.000000000000000E+000
  4.825897416133226E-009 -5.090273500434981E-009
 -2.898572959249732E-007  5.084474760037914E-007
         115  0.000000000000000E+000  0.000000000000000E+000
  2.448191709759626E-009 -4.312033849663144E-009
  2.855865090287477E-007  4.951805160923653E-007
         116  0.000000000000000E+000  0.000000000000000E+000
  2.720903649471879E-009 -1.453761865448581E-009
  5.284011246868987E-007  2.740596872900883E-009
         117  0.000000000000000E+000  0.000000000000000E+000
  5.214809421219751E-009  5.279551336606335E-010
  2.839891410181061E-007 -4.557792575606563E-007
         118  0.000000000000000E+000  0.000000000000000E+000
  8.166696907424277E-009 -2.003213464691894E-009
 -2.919217977917924E-007 -4.774426859537156E-007
         119  0.000000000000000E+000  0.000000000000000E+000
  8.498838284387357E-009 -4.319275046417059E-009
 -5.337691049112901E-007  3.283514067659966E-008
         120  0.000000000000000E+000  0.000000000000000E+000
  7.489657602870816E-009 -9.278341030255539E-009
 -2.320592536876048E-007  4.186409940435490E-007
         121  0.000000000000000E+000  0.000000000000000E+000
  1.791927761302730E-009 -9.204220171138689E-009
  1.606116110927214E-007  3.780858616021273E-007
         122  0.000000000000000E+000  0.000000000000000E+000
 -1.294617321033692E-009 -4.533432576302733E-009
  4.164596692000343E-007  9.821764194426637E-008
         123  0.000000000000000E+000  0.000000000000000E+000
  1.962044773405676E-009 -1.822964625565345E-009
  2.491540801052473E-007 -3.299565501298868E-007
         124  0.000000000000000E+000  0.000000000000000E+000
  4.852412334220867E-009 -1.130877152007221E-009
 -1.505731080539525E-007 -3.433173254188061E-007
         125  0.000000000000000E+000  0.000000000000000E+000
  9.769692699558923E-009 -6.060666691735816E-009
 -3.816608053149443E-007 -8.555582735695116E-008
         126  0.000000000000000E+000  0.000000000000000E+000
  3.118467179303924E-009 -1.213856887525658E-008
 -3.302482886778548E-007  2.966120370828830E-007
         127  0.000000000000000E+000  0.000000000000000E+000
 -3.539025633353412E-009 -8.754540166078516E-009
  1.130038285690830E-007  5.284282180957048E-007
         128  0.000000000000000E+000  0.000000000000000E+000
 -1.186427681590812E-009 -2.209250906749874E-009
  5.457598072310970E-007  7.369651559033366E-008
         129  0.000000000000000E+000  0.000000000000000E+000
  2.445964205360204E-009 -1.801837683225505E-009
  2.706175501273211E-007 -4.305516572778960E-007
         130  0.000000000000000E+000  0.000000000000000E+000
  7.840740243597888E-009 -3.858381868223586E-009
 -2.614182625160334E-007 -4.661857851749481E-007
         131  0.000000000000000E+000  0.000000000000000E+000
  5.905289495034035E-009 -1.483747091978638E-008
 -6.180403425503245E-007  2.600548910369573E-008
         132  0.000000000000000E+000  0.000000000000000E+000
 -5.349302767365046E-009 -1.340440149061947E-008
 -2.973573575613756E-007  6.531559077541373E-007
         133  0.000000000000000E+000  0.000000000000000E+000
 -7.217598010938994E-009 -3.204027436784269E-009
  5.540046750103317E-007  5.513036471577333E-007
         134  0.000000000000000E+000  0.000000000000000E+000
 -6.819002821242439E-010 -9.194887833889459E-010
  6.712987267521365E-007 -2.757291344366265E-007
         135  0.000000000000000E+000  0.000000000000000E+000
  4.697304806756618E-009 -2.221567764493995E-009
  6.366721257146303E-008 -7.201031395440271E-007
         136  0.000000000000000E+000  0.000000000000000E+000
  7.015539014731480E-009 -1.298265465571812E-008
 -6.988600358540287E-007 -3.907095197651626E-007
         137  0.000000000000000E+000  0.000000000000000E+000
 -5.914141160538565E-009 -1.605825515142379E-008
 -6.968852873532901E-007  5.557493339223025E-007
         138  0.000000000000000E+000  0.000000000000000E+000
 -1.116164441196363E-008 -6.078637074644149E-009
  3.169670466419524E-007  8.918949692311803E-007
         139  0.000000000000000E+000  0.000000000000000E+000
 -5.748236792645137E-009 -1.834154777971053E-009
  8.761502329311907E-007  3.881247501679651E-008
         140  0.000000000000000E+000  0.000000000000000E+000
 -2.382156930845425E-009 -1.299071251899189E-009
  3.984425273269517E-007 -7.437678433722309E-007
         141  0.000000000000000E+000  0.000000000000000E+000
  1.546447154936792E-009 -5.761200879694750E-009
 -5.585248958657848E-007 -6.678962339170028E-007
         142  0.000000000000000E+000  0.000000000000000E+000
 -5.242681204061771E-009 -1.000350821548741E-008
 -8.512146126441255E-007  3.098596612406330E-007
         143  0.000000000000000E+000  0.000000000000000E+000
 -8.363456417186141E-009 -4.104512344889491E-009
 -1.303440194129992E-008  9.472141786113766E-007
         144  0.000000000000000E+000  0.000000000000000E+000
 -3.327884048468006E-009 -1.952327657407929E-009
  8.377600809328203E-007  3.529785295567048E-007
         145  0.000000000000000E+000  0.000000000000000E+000
 -3.589291255565710E-009 -5.440223090637448E-009
  6.572202459100301E-007 -5.497031287146323E-007
         146  0.000000000000000E+000  0.000000000000000E+000
 -5.380935970278221E-009 -4.932931374805418E-009
 -1.930673155774115E-007 -8.435957172017847E-007
         147  0.000000000000000E+000  0.000000000000000E+000
 -6.364580845004595E-009 -5.196845619241770E-009
 -8.871628872617881E-007 -1.831717661084436E-007
         148  0.000000000000000E+000  0.000000000000000E+000
 -8.963188776916960E-009 -1.597189046866714E-009
 -5.645411610362014E-007  7.567244878177120E-007
         149  0.000000000000000E+000  0.000000000000000E+000
 -4.647495522269236E-009  2.056961321475553E-009
  4.440454474337925E-007  8.666543883019829E-007
         150  0.000000000000000E+000  0.000000000000000E+000
 -2.872763781522914E-011 -2.436926886987510E-009
  9.401833605769210E-007  2.921037191165542E-008
         151  0.000000000000000E+000  0.000000000000000E+000
 -3.495283968516625E-009 -6.681799063394957E-009
  5.125911281054876E-007 -7.689424492961681E-007
         152  0.000000000000000E+000  0.000000000000000E+000
 -7.219142216659514E-009 -6.268645473704461E-009
 -4.148127604053762E-007 -8.355431591530177E-007
         153  0.000000000000000E+000  0.000000000000000E+000
 -1.082005280614328E-008 -3.921023554220834E-009
 -9.286576142264451E-007 -2.943400254194750E-008
         154  0.000000000000000E+000  0.000000000000000E+000
 -1.006068875703224E-008  2.107692619763352E-009
 -4.727901384675431E-007  7.842113056391320E-007
         155  0.000000000000000E+000  0.000000000000000E+000
 -4.143680896955502E-009  2.982768517183698E-009
  3.980818453991804E-007  7.898946814124457E-007
         156  0.000000000000000E+000  0.000000000000000E+000
 -2.826782766064309E-009 -1.574637256131707E-009
  8.605241819643885E-007  1.287036764599352E-007
         157  0.000000000000000E+000  0.000000000000000E+000
 -5.703817864743297E-009 -3.519910617869645E-009
  5.803700713220738E-007 -6.211175828199544E-007
         158  0.000000000000000E+000  0.000000000000000E+000
 -8.620632010746458E-009 -2.298158056341336E-009
 -1.810903460437045E-007 -7.885714023487125E-007
         159  0.000000000000000E+000  0.000000000000000E+000
 -9.210996353872086E-009  8.158053068020833E-010
 -7.253732717485045E-007 -2.730703964873937E-007
         160  0.000000000000000E+000  0.000000000000000E+000
 -7.174383052664268E-009  2.683211631333487E-009
 -6.074067670829837E-007  4.558544336603597E-007
         161  0.000000000000000E+000  0.000000000000000E+000
 -5.233299704949882E-009  1.355862995897499E-009
  5.299191951332771E-008  7.365520608341774E-007
         162  0.000000000000000E+000  0.000000000000000E+000
 -6.911399571084910E-009 -1.105840470640726E-010
  6.110964608905156E-007  3.667233525622339E-007
         163  0.000000000000000E+000  0.000000000000000E+000
 -8.729421797141474E-009  2.061540900332071E-009
  6.261281956074479E-007 -2.661660394952230E-007
         164  0.000000000000000E+000  0.000000000000000E+000
 -6.867256731993571E-009  3.992115339334432E-009
  1.358381748140964E-007 -6.027788547026692E-007
         165  0.000000000000000E+000  0.000000000000000E+000
 -5.839521981916945E-009  3.600429822645320E-009
 -3.560654111747684E-007 -3.976596900637040E-007
         166  0.000000000000000E+000  0.000000000000000E+000
 -4.740566179727832E-009  3.837320167280563E-009
 -4.218708574058224E-007  2.653497258915160E-008
         167  0.000000000000000E+000  0.000000000000000E+000
 -4.605830581940661E-009  8.951459721257740E-010
 -2.608544322848998E-007  2.836780804768378E-007
         168  0.000000000000000E+000  0.000000000000000E+000
 -9.102180327301732E-009  1.255920476270574E-009
  4.909238765826356E-008  4.099137855403355E-007
         169  0.000000000000000E+000  0.000000000000000E+000
 -9.259042911429043E-009  6.776261786285597E-009
  3.550963280939750E-007  2.223346642821467E-007
         170  0.000000000000000E+000  0.000000000000000E+000
 -5.645048686270420E-009  7.128576626248900E-009
  4.084940607066579E-007 -9.457309039910118E-008
         171  0.000000000000000E+000  0.000000000000000E+000
 -5.337413172355561E-009  7.655448712785263E-009
  2.646574426894680E-007 -3.577998374370183E-007
         172  0.000000000000000E+000  0.000000000000000E+000
 -1.390792696111244E-009  6.820673412324284E-009
 -1.344678340338531E-007 -5.459260663295866E-007
         173  0.000000000000000E+000  0.000000000000000E+000
 -4.020135803326958E-009  3.008036017697534E-009
 -5.832226787148815E-007 -1.385226337973619E-007
         174  0.000000000000000E+000  0.000000000000000E+000
 -6.517214105482160E-009  7.099104925602022E-009
 -3.895650628354109E-007  4.183515873743223E-007
         175  0.000000000000000E+000  0.000000000000000E+000
 -2.600182408054011E-009  7.474765149792913E-009
  1.518901183425956E-007  5.773802874046450E-007
         176  0.000000000000000E+000  0.000000000000000E+000
 -4.202959120019166E-009  7.004814565445908E-009
  6.490635587637787E-007  1.828730732636910E-007
         177  0.000000000000000E+000  0.000000000000000E+000
 -7.107537429689144E-010  8.773712093474442E-009
  4.717567347892937E-007 -6.031618799420361E-007
         178  0.000000000000000E+000  0.000000000000000E+000
 -1.741925226996841E-009  4.481194962554000E-009
 -3.884828813509537E-007 -5.852173069590658E-007
         179  0.000000000000000E+000  0.000000000000000E+000
 -5.257791495830591E-009  8.067911836819481E-009
 -5.575814791697819E-007  1.156747940589570E-007
         180  0.000000000000000E+000  0.000000000000000E+000
  2.931390610463650E-010  1.187185078615135E-008
 -8.784280299435670E-008  4.908959744218466E-007
         181  0.000000000000000E+000  0.000000000000000E+000
  3.185247511837550E-009  7.159220120878840E-009
  4.407152338373118E-007  2.232238495508474E-007
         182  0.000000000000000E+000  0.000000000000000E+000
  2.408308531227558E-009  5.520226027254131E-009
  3.785495207046915E-007 -4.127925581794282E-007
         183  0.000000000000000E+000  0.000000000000000E+000
  8.555323459853655E-011  1.006913424057784E-009
 -3.843992371651310E-007 -4.668656064039461E-007
         184  0.000000000000000E+000  0.000000000000000E+000
 -7.740929786956169E-009  5.082386200579285E-009
 -4.843040183114689E-007  2.923644771381651E-007
         185  0.000000000000000E+000  0.000000000000000E+000
 -4.676411359480288E-009  1.557012409957691E-008
  1.457929523636312E-007  5.141246272747314E-007
         186  0.000000000000000E+000  0.000000000000000E+000
  6.637802836968152E-009  1.458500842674967E-008
  5.770444408967792E-007  7.141982283772835E-008
         187  0.000000000000000E+000  0.000000000000000E+000
  8.665595198529994E-009  7.417620852695671E-009
  3.723673220652979E-007 -5.643911247803054E-007
         188  0.000000000000000E+000  0.000000000000000E+000
  7.372837043148760E-009  1.239310968781947E-009
 -4.492851628443018E-007 -6.846350462074127E-007
         189  0.000000000000000E+000  0.000000000000000E+000
 -2.499117565769491E-009  1.113792701382065E-010
 -8.082117647192240E-007  2.257831163965849E-007
         190  0.000000000000000E+000  0.000000000000000E+000
 -4.853598262984012E-009  1.105705046817100E-008
 -7.433991434536745E-008  7.549233943875937E-007
         191  0.000000000000000E+000  0.000000000000000E+000
  5.590483909410535E-009  1.505219698468244E-008
  6.187156315012442E-007  3.759755663587711E-007
         192  0.000000000000000E+000  0.000000000000000E+000
  1.067103241197254E-008  9.114985327287684E-009
  6.273295908504166E-007 -4.080675247916128E-007
         193  0.000000000000000E+000  0.000000000000000E+000
  1.128921244255144E-008  2.792830233873709E-009
 -1.405697508864606E-007 -7.850938256229019E-007
         194  0.000000000000000E+000  0.000000000000000E+000
  3.982152044230215E-009 -8.471444312996059E-010
 -7.112959147504438E-007 -1.173409442502047E-007
         195  0.000000000000000E+000  0.000000000000000E+000
  3.817258414378775E-010  5.633170262751168E-009
 -3.053968992528474E-007  4.596954123338487E-007
         196  0.000000000000000E+000  0.000000000000000E+000
  6.133966311571323E-009  9.970474092970286E-009
  1.968793534247579E-007  3.748779498099352E-007
         197  0.000000000000000E+000  0.000000000000000E+000
  1.101142990346097E-008  5.379634327120457E-009
  3.555784278143917E-007 -5.033983227037398E-009
         198  0.000000000000000E+000  0.000000000000000E+000
  9.649639833507157E-009  8.804169157497390E-010
  1.454621926805182E-007 -2.863339995263927E-007
         199  0.000000000000000E+000  0.000000000000000E+000
  5.661277908654655E-009 -1.267116663113001E-009
 -1.616445745410776E-007 -2.124267119429425E-007
         200  0.000000000000000E+000  0.000000000000000E+000
  2.291147499657253E-009  2.504570185243068E-009
 -1.613575625067721E-007 -1.697355971583984E-008
         201  0.000000000000000E+000  0.000000000000000E+000
  5.053649808231336E-009  6.235691666061810E-009
 -1.433172934542689E-007  2.141941855509177E-008
         202  0.000000000000000E+000  0.000000000000000E+000
  9.743379104903901E-009  5.313829940554676E-009
 -1.259001856555421E-007  1.495243464840979E-007
         203  0.000000000000000E+000  0.000000000000000E+000
  1.080910708413285E-008  9.496700408733764E-010
  6.722801377420797E-008  2.196250735020810E-007
         204  0.000000000000000E+000  0.000000000000000E+000
  8.834075066970996E-009 -1.602724254194601E-009
  2.602247614396479E-007  4.743550241382569E-008
         205  0.000000000000000E+000  0.000000000000000E+000
  5.838694054365955E-009 -2.011625213626028E-009
  2.096269887156926E-007 -2.394191644817148E-007
         206  0.000000000000000E+000  0.000000000000000E+000
  4.651346145611252E-009  4.058251217422228E-010
 -1.199864076713106E-007 -3.933392887265216E-007
         207  0.000000000000000E+000  0.000000000000000E+000
  6.151244629873767E-009  1.847757624338978E-009
 -4.832582638680368E-007 -1.167050347010823E-007
         208  0.000000000000000E+000  0.000000000000000E+000
  7.986235457991193E-009  1.591350122847987E-009
 -3.821816778983977E-007  3.945989019518596E-007
         209  0.000000000000000E+000  0.000000000000000E+000
  9.282379416165402E-009  2.064008697739728E-010
  1.635736283206531E-007  5.572366022797104E-007
         210  0.000000000000000E+000  0.000000000000000E+000
  9.898570165871804E-009 -1.852139782550663E-009
  5.980859217056135E-007  1.094282208455898E-007
         211  0.000000000000000E+000  0.000000000000000E+000
  8.744462175902648E-009 -4.147166557704905E-009
  3.740582207097440E-007 -4.965289941262640E-007
         212  0.000000000000000E+000  0.000000000000000E+000
  6.616550328044018E-009 -5.206594228272055E-009
 -2.434181738158739E-007 -5.886918691222527E-007
         213  0.000000000000000E+000  0.000000000000000E+000
  4.195427541974147E-009 -3.737620292687143E-009
 -6.441413180418428E-007 -1.208340319281662E-007
         214  0.000000000000000E+000  0.000000000000000E+000
  4.923518667486350E-009 -1.715242432472078E-009
 -4.574078169295108E-007  4.602125563485082E-007
         215  0.000000000000000E+000  0.000000000000000E+000
  7.054667318392798E-009 -1.148000882647570E-009
  1.157050065765801E-007  5.799970651017327E-007
         216  0.000000000000000E+000  0.000000000000000E+000
  8.349083799090213E-009 -3.501594357650838E-009
  4.404202706082785E-007  2.555046888867168E-007
         217  0.000000000000000E+000  0.000000000000000E+000
  8.130038770539729E-009 -5.047035291178534E-009
  5.126310261280563E-007 -1.477914017132198E-007
         218  0.000000000000000E+000  0.000000000000000E+000
  6.233333731118425E-009 -7.296027319998596E-009
  2.036848315239764E-007 -5.729744325928588E-007
         219  0.000000000000000E+000  0.000000000000000E+000
  4.525087594946663E-009 -6.141363941943702E-009
 -3.934216984595117E-007 -5.380114784170130E-007
         220  0.000000000000000E+000  0.000000000000000E+000
  4.116960440893103E-009 -5.570630484383878E-009
 -7.058663608518361E-007  6.157436117103931E-009
         221  0.000000000000000E+000  0.000000000000000E+000
  5.038575808605541E-009 -5.565773568397005E-009
 -4.883736284869938E-007  5.688722262725367E-007
         222  0.000000000000000E+000  0.000000000000000E+000
  4.522691567943858E-009 -5.827925944867507E-009
  2.037072747739197E-007  8.465777456030727E-007
         223  0.000000000000000E+000  0.000000000000000E+000
  5.546997459907979E-009 -7.374792114732980E-009
  8.879916957391213E-007  2.321435399166306E-007
         224  0.000000000000000E+000  0.000000000000000E+000
  2.941140329159475E-009 -7.930251723730582E-009
  5.968608773113397E-007 -6.434148624923374E-007
         225  0.000000000000000E+000  0.000000000000000E+000
  2.793408406153471E-009 -7.367627936536120E-009
 -2.387388951237959E-007 -7.989967769887269E-007
         226  0.000000000000000E+000  0.000000000000000E+000
  3.250168943882232E-009 -7.405624481450902E-009
 -7.960905535076284E-007 -2.560879562747983E-007
         227  0.000000000000000E+000  0.000000000000000E+000
  1.827373479402831E-009 -8.685996233866519E-009
 -6.468889809399386E-007  6.123754898134273E-007
         228  0.000000000000000E+000  0.000000000000000E+000
  2.072586838250985E-009 -8.582397513420032E-009
  2.619760501882202E-007  7.495636969688467E-007
         229  0.000000000000000E+000  0.000000000000000E+000
 -9.661629040978753E-010 -9.856173489154828E-009
  5.788015152078642E-007  9.084160234818470E-008
         230  0.000000000000000E+000  0.000000000000000E+000
 -2.276365378233777E-009 -7.503082343846456E-009
  2.591208478034685E-007 -2.977853115618875E-007
         231  0.000000000000000E+000  0.000000000000000E+000
 -1.929543870897785E-009 -5.227797927665610E-009
 -5.927592047214620E-008 -2.522086161150434E-007
         232  0.000000000000000E+000  0.000000000000000E+000
 -6.020538333366305E-010 -4.891505675227292E-009
 -1.595081510385133E-007  1.424236279900106E-009
         233  0.000000000000000E+000  0.000000000000000E+000
  2.511858163322221E-009 -4.374709798855139E-009
  9.430561317559095E-008 -1.994409550650307E-009
         234  0.000000000000000E+000  0.000000000000000E+000
  3.076623469040055E-009 -1.144885678286941E-008
 -1.290079501567136E-007 -2.709401995684981E-007
         235  0.000000000000000E+000  0.000000000000000E+000
 -4.356165898699168E-009 -1.208068672276007E-008
 -4.681892278727781E-007  8.148916600726905E-008
         236  0.000000000000000E+000  0.000000000000000E+000
 -7.742030288701438E-009 -7.367446365566617E-009
 -1.678674439972373E-007  5.699475718188697E-007
         237  0.000000000000000E+000  0.000000000000000E+000
 -5.448093103282034E-009 -2.468552705172024E-009
  4.213389733343411E-007  4.685071898545415E-007
         238  0.000000000000000E+000  0.000000000000000E+000
 -1.274880564541690E-009 -1.151825852182357E-009
  6.983960447641535E-007 -6.548868315867569E-008
         239  0.000000000000000E+000  0.000000000000000E+000
  4.122562406697510E-009 -6.004629590824674E-009
  3.042145471110024E-007 -7.450943011408425E-007
         240  0.000000000000000E+000  0.000000000000000E+000
 -1.695200732795765E-009 -1.300629421887167E-008
 -5.810402372033381E-007 -5.847238990111744E-007
         241  0.000000000000000E+000  0.000000000000000E+000
 -7.901829550732905E-009 -1.001864292245869E-008
 -7.441921022915857E-007  2.514804755237054E-007
         242  0.000000000000000E+000  0.000000000000000E+000
 -8.624689107541680E-009 -4.960976625395517E-009
 -1.512998032021440E-007  7.071179566814674E-007
         243  0.000000000000000E+000  0.000000000000000E+000
 -6.419456489670221E-009 -2.674674611127998E-009
  4.644687209863561E-007  5.200250959863787E-007
         244  0.000000000000000E+000  0.000000000000000E+000
 -2.513241669185296E-009 -3.134214280159602E-009
  6.572243575843355E-007 -1.469036730135644E-007
         245  0.000000000000000E+000  0.000000000000000E+000
 -4.210440146253630E-009 -8.136039504828748E-009
  1.132063035427662E-007 -5.241227758122212E-007
         246  0.000000000000000E+000  0.000000000000000E+000
 -8.651496150045010E-009 -6.336905643644792E-009
 -2.780907354135081E-007 -2.384421591073070E-007
         247  0.000000000000000E+000  0.000000000000000E+000
 -8.866513622922113E-009 -2.640673755411257E-009
 -2.297033386866810E-007  5.351118544608555E-008
         248  0.000000000000000E+000  0.000000000000000E+000
 -6.774157428927053E-009 -1.393082765809741E-009
 -1.042582875255658E-007  1.475387690489763E-007
         249  0.000000000000000E+000  0.000000000000000E+000
 -4.728358542559139E-009 -1.821395741918394E-009
  1.384630997069002E-009  1.302279812220560E-007
         250  0.000000000000000E+000  0.000000000000000E+000
 -5.198738189665677E-009 -5.316224233478972E-009
  5.805707444445135E-009  1.587818669915463E-007
         251  0.000000000000000E+000  0.000000000000000E+000
 -9.829433603453999E-009 -4.502209000002884E-009
  2.061007511281142E-007  2.028535215028176E-007
         252  0.000000000000000E+000  0.000000000000000E+000
 -1.037213381878628E-008 -3.043355058445493E-010
  3.629955561679533E-007 -8.839664403082247E-008
         253  0.000000000000000E+000  0.000000000000000E+000
 -7.717818962657805E-009  1.817319454904478E-009
  1.036619950304489E-007 -3.913589263711695E-007
         254  0.000000000000000E+000  0.000000000000000E+000
 -5.658351555230226E-009  1.044865419636093E-009
 -2.976941576351424E-007 -2.660101079216430E-007
         255  0.000000000000000E+000  0.000000000000000E+000
 -5.134569693546949E-009 -3.906427152160900E-010
 -3.751558400238818E-007  1.438763424404132E-007
         256  0.000000000000000E+000  0.000000000000000E+000
 -6.274514115670536E-009 -1.693616634206371E-009
 -4.635666505351314E-008  4.184676088018426E-007
