   5120.00000000000     
         256           1           3
  8.994473019507991E-004   39.0872294018396        117.468652383197     
   18.8300000000000        145.590000000000        6160.02000000000     
           0  0.000000000000000E+000  0.000000000000000E+000
  0.000000000000000E+000  0.000000000000000E+000
  0.000000000000000E+000  0.000000000000000E+000
           1  0.000000000000000E+000  0.000000000000000E+000
  2.498513307401123E-009  1.454328770635539E-010
 -2.335109161314108E-008  2.999958738122301E-011
           2  0.000000000000000E+000  0.000000000000000E+000
  2.380135475588291E-009  5.951240315015154E-010
 -2.551420578240666E-008 -1.095428929493360E-009
           3  0.000000000000000E+000  0.000000000000000E+000
  2.407171093466896E-009  1.350612283348480E-009
 -3.056232111230777E-008 -2.127351353363638E-010
           4  0.000000000000000E+000  0.000000000000000E+000
  3.008037709721722E-009  2.450468313378301E-009
 -3.794978947223949E-008  6.147101335434099E-009
           5  0.000000000000000E+000  0.000000000000000E+000
  4.773712059360723E-009  3.426746858768136E-009
 -4.184178596355292E-008  2.151828768926712E-008
           6  0.000000000000000E+000  0.000000000000000E+000
  7.692884059394568E-009  2.704902824988114E-009
 -3.197321413483632E-008  4.197198486814378E-008
           7  0.000000000000000E+000  0.000000000000000E+000
  9.077950940210394E-009  2.405409752694712E-010
 -4.585549165050915E-009  5.494840786181012E-008
           8  0.000000000000000E+000  0.000000000000000E+000
  9.646284129018883E-009 -2.570244854908475E-009
  3.527490118313668E-008  4.040717119006516E-008
           9  0.000000000000000E+000  0.000000000000000E+000
  8.317607595268247E-009 -5.785928100093220E-009
  5.354627322608251E-008 -1.210440516303501E-008
          10  0.000000000000000E+000  0.000000000000000E+000
  5.376562016008452E-009 -7.471597956632821E-009
  1.449284085091181E-008 -7.103838784924827E-008
          11  0.000000000000000E+000  0.000000000000000E+000
  2.081232056885758E-009 -8.582264441769448E-009
 -7.563571031743281E-008 -7.710954788718237E-008
          12  0.000000000000000E+000  0.000000000000000E+000
 -4.448351098230234E-009 -4.078978708363963E-009
 -1.488403885849998E-007  1.919242735263766E-008
          13  0.000000000000000E+000  0.000000000000000E+000
 -1.048855601829003E-009  4.454542578297836E-009
 -9.438939189292808E-008  1.502252588545277E-007
          14  0.000000000000000E+000  0.000000000000000E+000
  7.928343375934290E-009  5.313291917499377E-009
  5.997501054213984E-008  1.828116486616046E-007
          15  0.000000000000000E+000  0.000000000000000E+000
  1.423594856609562E-008 -1.621874197435148E-009
  1.904189368227468E-007  6.321259086620952E-008
          16  0.000000000000000E+000  0.000000000000000E+000
  1.327682170999273E-008 -1.307898307482612E-008
  1.633799549105417E-007 -1.341169351286049E-007
          17  0.000000000000000E+000  0.000000000000000E+000
 -1.978981167705650E-009 -1.837721979731902E-008
 -3.779492969168323E-008 -2.222504579484456E-007
          18  0.000000000000000E+000  0.000000000000000E+000
 -1.049434879308963E-008 -6.574765708658757E-009
 -2.230191865825294E-007 -1.049298606074090E-007
          19  0.000000000000000E+000  0.000000000000000E+000
 -6.130086987535653E-009  4.413485879410827E-009
 -2.463740829561756E-007  1.231935750124893E-007
          20  0.000000000000000E+000  0.000000000000000E+000
  4.367991964283709E-009  7.428924274585381E-009
 -6.490594433240177E-008  2.903683164052092E-007
          21  0.000000000000000E+000  0.000000000000000E+000
  1.402570294192596E-008  7.996538077919400E-010
  1.940036681650669E-007  2.385818107577115E-007
          22  0.000000000000000E+000  0.000000000000000E+000
  1.282015922468627E-008 -1.521709887924667E-008
  3.001359368751871E-007 -1.543121929006068E-008
          23  0.000000000000000E+000  0.000000000000000E+000
 -3.966602875066247E-009 -1.554178507004103E-008
  1.708977837610063E-007 -2.398519707152612E-007
          24  0.000000000000000E+000  0.000000000000000E+000
 -7.308702469659920E-009 -5.345204429590203E-009
 -9.606023657786232E-008 -3.034227247253833E-007
          25  0.000000000000000E+000  0.000000000000000E+000
 -2.821370145945780E-009  7.711342654940112E-010
 -3.355051227700397E-007 -1.114141043168895E-007
          26  0.000000000000000E+000  0.000000000000000E+000
  4.646932767549926E-009  8.999841462530438E-010
 -3.192973688072979E-007  2.191939107894347E-007
          27  0.000000000000000E+000  0.000000000000000E+000
  9.748719932254217E-009 -8.841447491119255E-009
 -3.570649201983370E-008  4.103421415561377E-007
          28  0.000000000000000E+000  0.000000000000000E+000
 -4.793068653902927E-009 -1.457348384812661E-008
  3.109051174774548E-007  3.205524138565953E-007
          29  0.000000000000000E+000  0.000000000000000E+000
 -6.888530602306715E-009 -3.449128288141457E-009
  4.731924662143063E-007 -7.388667661337939E-008
          30  0.000000000000000E+000  0.000000000000000E+000
 -1.674122256984204E-009 -9.027750543854599E-010
  1.971058529686974E-007 -4.430293197350127E-007
          31  0.000000000000000E+000  0.000000000000000E+000
  1.680144200567152E-009 -2.137941733166122E-009
 -2.678755872488947E-007 -4.099103366937530E-007
          32  0.000000000000000E+000  0.000000000000000E+000
  4.630626513906082E-009 -6.304406797975794E-009
 -5.069899120573193E-007 -8.448054476308022E-009
          33  0.000000000000000E+000  0.000000000000000E+000
 -3.273916585876154E-009 -1.417583548190756E-008
 -3.209441704500361E-007  4.392417291852232E-007
          34  0.000000000000000E+000  0.000000000000000E+000
 -8.784416474654211E-009 -3.981647334095527E-009
  1.962235960193478E-007  5.225190458201462E-007
          35  0.000000000000000E+000  0.000000000000000E+000
 -3.429360964474194E-009 -1.296964521804427E-009
  5.151693870951984E-007  1.335520683545370E-007
          36  0.000000000000000E+000  0.000000000000000E+000
 -2.141702174475330E-009 -2.887192346679499E-009
  3.859974857252464E-007 -3.179603434108781E-007
          37  0.000000000000000E+000  0.000000000000000E+000
 -1.727123949218290E-009 -2.642210745729734E-009
 -3.548454933192705E-008 -4.738332292846243E-007
          38  0.000000000000000E+000  0.000000000000000E+000
  1.921315819299962E-010 -5.602354135946707E-009
 -4.055102590067119E-007 -2.306364885792666E-007
          39  0.000000000000000E+000  0.000000000000000E+000
 -6.934472606574109E-009 -4.862333732276661E-009
 -4.019972282724402E-007  2.199898831237977E-007
          40  0.000000000000000E+000  0.000000000000000E+000
 -1.374565926470318E-009 -7.677170824948076E-011
 -4.928063777963106E-008  4.218027873739482E-007
          41  0.000000000000000E+000  0.000000000000000E+000
  1.128349040992195E-009 -6.093617236327806E-009
  2.762371154367939E-007  2.898625008277229E-007
          42  0.000000000000000E+000  0.000000000000000E+000
 -4.114070239638085E-009 -9.245811202502400E-009
  3.814227011692103E-007 -2.486003232533666E-008
          43  0.000000000000000E+000  0.000000000000000E+000
 -8.162094495071255E-009 -6.819226875571028E-009
  1.992719888482017E-007 -2.979892422932821E-007
          44  0.000000000000000E+000  0.000000000000000E+000
 -1.301886526295568E-008 -3.256915768547924E-009
 -1.195606630900290E-007 -2.994665469963563E-007
          45  0.000000000000000E+000  0.000000000000000E+000
 -6.970767627519423E-009  7.929344431522439E-009
 -2.878159711078095E-007 -8.285449259647848E-008
          46  0.000000000000000E+000  0.000000000000000E+000
  4.062940865223225E-009  3.049552146885577E-009
 -2.514519334888953E-007  1.973328405273770E-007
          47  0.000000000000000E+000  0.000000000000000E+000
  3.728495716589239E-009 -6.914692001115667E-009
  2.628943476072559E-008  3.409881431610965E-007
          48  0.000000000000000E+000  0.000000000000000E+000
 -3.595470657897352E-009 -1.151752508386092E-008
  3.012767568161364E-007  1.736203110707031E-007
          49  0.000000000000000E+000  0.000000000000000E+000
 -1.251430063091782E-008 -9.880209656964025E-009
  3.006904570835189E-007 -1.410963748347433E-007
          50  0.000000000000000E+000  0.000000000000000E+000
 -1.639165658535194E-008  1.445340939709101E-009
  5.002675903595462E-008 -3.095032876027152E-007
          51  0.000000000000000E+000  0.000000000000000E+000
 -8.688364114350947E-009  8.434876586074230E-009
 -2.330508462902987E-007 -1.837353598901657E-007
          52  0.000000000000000E+000  0.000000000000000E+000
 -4.946057538566398E-010  6.775560962384099E-009
 -2.571961580987579E-007  1.203420897069414E-007
          53  0.000000000000000E+000  0.000000000000000E+000
  2.889017769498957E-009  1.765938989596834E-010
 -1.513018191950559E-008  2.814589727528615E-007
          54  0.000000000000000E+000  0.000000000000000E+000
 -2.115093242026835E-010 -6.177013338983498E-009
  2.337967414443573E-007  1.596798925047490E-007
          55  0.000000000000000E+000  0.000000000000000E+000
 -7.031283235377653E-009 -7.679465914576163E-009
  2.542037442668102E-007 -1.077192432483038E-007
          56  0.000000000000000E+000  0.000000000000000E+000
 -1.290962358197060E-008 -2.768517249797418E-009
  4.037626467243521E-008 -2.496647602120235E-007
          57  0.000000000000000E+000  0.000000000000000E+000
 -1.189312898785536E-008  4.740687200927942E-009
 -1.740238627434483E-007 -1.443715144452925E-007
          58  0.000000000000000E+000  0.000000000000000E+000
 -5.964892711541355E-009  7.675461655226049E-009
 -1.986754366408712E-007  8.053321935568104E-008
          59  0.000000000000000E+000  0.000000000000000E+000
 -1.340277934471815E-009  5.036197913592026E-009
 -2.523905433619693E-008  2.211136611066538E-007
          60  0.000000000000000E+000  0.000000000000000E+000
 -8.463161226793576E-010  1.641309055412527E-009
  1.883554047896275E-007  1.461006061664194E-007
          61  0.000000000000000E+000  0.000000000000000E+000
 -1.801532521915212E-009 -3.247080383980728E-009
  2.206153692661874E-007 -7.356496203489819E-008
          62  0.000000000000000E+000  0.000000000000000E+000
 -9.110541676880490E-009 -1.937149723177346E-009
  9.070111379432472E-008 -1.995444978955438E-007
          63  0.000000000000000E+000  0.000000000000000E+000
 -9.236941693617813E-009  3.373672945590091E-009
 -1.018597240567931E-007 -2.070232157306140E-007
          64  0.000000000000000E+000  0.000000000000000E+000
 -7.399695222401957E-009  5.259167072115479E-009
 -2.431057423711061E-007 -1.895656962688761E-008
          65  0.000000000000000E+000  0.000000000000000E+000
 -6.295413433169443E-009  7.742289763096082E-009
 -1.311573827005405E-007  2.216950231736123E-007
          66  0.000000000000000E+000  0.000000000000000E+000
  1.674261352542929E-009  7.111943229033121E-009
  1.289137237855711E-007  2.304520012490975E-007
          67  0.000000000000000E+000  0.000000000000000E+000
 -2.225271377952341E-009  7.684428532952873E-010
  3.127942546572020E-007  5.222242422538399E-008
          68  0.000000000000000E+000  0.000000000000000E+000
 -3.465036320330132E-009  2.033596818749837E-009
  2.400707566978478E-007 -2.945205224212334E-007
          69  0.000000000000000E+000  0.000000000000000E+000
 -5.772248330893565E-009  1.014122261800836E-009
 -1.605249869245908E-007 -3.568245367711191E-007
          70  0.000000000000000E+000  0.000000000000000E+000
 -9.780156755459331E-009  5.354861445973723E-009
 -3.693594567896544E-007 -8.071278610450808E-009
          71  0.000000000000000E+000  0.000000000000000E+000
 -3.414344725936117E-009  1.435665996242896E-008
 -1.589619563207399E-007  3.017802085042663E-007
          72  0.000000000000000E+000  0.000000000000000E+000
  3.686391471620635E-009  5.395987944706891E-009
  1.817056023240484E-007  3.207851814504054E-007
          73  0.000000000000000E+000  0.000000000000000E+000
  1.957159947307553E-009  2.798034071556131E-009
  4.336809351462984E-007 -3.446837873865428E-008
          74  0.000000000000000E+000  0.000000000000000E+000
 -9.822039709881891E-010 -2.408729983420823E-009
  1.501449543970224E-007 -4.197009099949321E-007
          75  0.000000000000000E+000  0.000000000000000E+000
 -1.070854770167971E-008 -6.952687231043000E-010
 -2.840407953167128E-007 -2.997778573877327E-007
          76  0.000000000000000E+000  0.000000000000000E+000
 -1.366506925226378E-008  1.307588413935213E-008
 -3.532660497444331E-007  9.320503077533208E-008
          77  0.000000000000000E+000  0.000000000000000E+000
  3.998582651301232E-009  1.831760323091066E-008
 -1.135868162428606E-007  3.272025673560886E-007
          78  0.000000000000000E+000  0.000000000000000E+000
  7.784847584978427E-009  9.665356128837646E-009
  2.913295847379212E-007  2.915088886558902E-007
          79  0.000000000000000E+000  0.000000000000000E+000
  1.024214143751981E-008  1.136904230502547E-010
  3.858851883602836E-007 -1.699362686792909E-007
          80  0.000000000000000E+000  0.000000000000000E+000
 -1.735253654148950E-009 -8.162363354784715E-009
  4.191140119644260E-008 -3.732082439640278E-007
          81  0.000000000000000E+000  0.000000000000000E+000
 -1.522565597047493E-008  2.340377322943300E-009
 -2.191701557609343E-007 -2.378852324105575E-007
          82  0.000000000000000E+000  0.000000000000000E+000
 -5.454491126475866E-009  1.945439234850834E-008
 -3.222547575685287E-007 -2.360390639485466E-008
          83  0.000000000000000E+000  0.000000000000000E+000
  4.282587709750307E-009  1.540933443676101E-008
 -2.033313247522728E-007  2.928561922941171E-007
          84  0.000000000000000E+000  0.000000000000000E+000
  1.305853457033923E-008  9.912109312345214E-009
  1.180488522165857E-007  2.886233586436345E-007
          85  0.000000000000000E+000  0.000000000000000E+000
  9.966839750712424E-009 -2.710523431506518E-009
  3.009058449371153E-007  1.370417514352974E-007
          86  0.000000000000000E+000  0.000000000000000E+000
 -1.457800481361567E-009 -3.548802515117636E-009
  3.940777174083644E-007 -1.740137354689498E-007
          87  0.000000000000000E+000  0.000000000000000E+000
 -4.651454974316138E-009  6.710976619051339E-009
  1.096642966921560E-007 -5.366102725204603E-007
          88  0.000000000000000E+000  0.000000000000000E+000
  1.871328795909201E-009  6.425241709150376E-009
 -4.616700019384203E-007 -4.166234391334196E-007
          89  0.000000000000000E+000  0.000000000000000E+000
  2.629197753100926E-009  8.530987785494380E-009
 -6.037692536974249E-007  1.359993015342399E-007
          90  0.000000000000000E+000  0.000000000000000E+000
  6.274557945250874E-009  5.495326938133748E-009
 -2.758712148829519E-007  6.099004058910543E-007
          91  0.000000000000000E+000  0.000000000000000E+000
  4.323925252196229E-009  3.012765979007229E-009
  4.085500182460910E-007  6.235133930642369E-007
          92  0.000000000000000E+000  0.000000000000000E+000
  2.821916970136364E-009  4.169434568529056E-009
  8.107890397321313E-007 -3.718433405628287E-008
          93  0.000000000000000E+000  0.000000000000000E+000
  6.179372176829777E-009  6.070481012336894E-009
  4.062652397877011E-007 -7.582008491550692E-007
          94  0.000000000000000E+000  0.000000000000000E+000
  4.896157541843696E-009  1.391857252218738E-010
 -4.093974266234210E-007 -7.440217441433806E-007
          95  0.000000000000000E+000  0.000000000000000E+000
  2.688642261542641E-009  1.894487124116067E-009
 -8.488474962599659E-007 -1.282299097465401E-007
          96  0.000000000000000E+000  0.000000000000000E+000
  1.102645966900880E-009  2.682092192979056E-009
 -5.974028703923589E-007  6.500949514529709E-007
          97  0.000000000000000E+000  0.000000000000000E+000
  1.254377178203726E-009  6.450789884165492E-009
  2.397178977478369E-007  8.323932676808641E-007
          98  0.000000000000000E+000  0.000000000000000E+000
  5.788037471428844E-009  8.913483578824296E-009
  7.951875611548321E-007  2.156718845991915E-007
          99  0.000000000000000E+000  0.000000000000000E+000
  1.136835052711580E-008  2.929537810859136E-009
  5.736253912545474E-007 -5.048575186685194E-007
         100  0.000000000000000E+000  0.000000000000000E+000
  7.180817619386963E-009 -8.086147045859831E-010
 -5.117773359815722E-008 -7.412762903698423E-007
         101  0.000000000000000E+000  0.000000000000000E+000
  3.570641509210911E-009 -8.984783906816961E-010
 -6.106790022213873E-007 -3.718786712792162E-007
         102  0.000000000000000E+000  0.000000000000000E+000
  2.084188692506873E-009  3.158653438686375E-009
 -5.943131528058277E-007  2.346544078337874E-007
         103  0.000000000000000E+000  0.000000000000000E+000
  5.902702510331264E-009  5.634265128287362E-009
 -1.787116634543965E-007  5.332993045071502E-007
         104  0.000000000000000E+000  0.000000000000000E+000
  1.032631946070450E-008  2.253486556131649E-009
  2.602487543992584E-007  4.405870934511540E-007
         105  0.000000000000000E+000  0.000000000000000E+000
  7.663354678216714E-009 -2.072468206347386E-009
  4.883408114425708E-007  6.525384732892626E-008
         106  0.000000000000000E+000  0.000000000000000E+000
  4.364002325960353E-009 -1.780949431480166E-009
  3.298956948074522E-007 -3.388589029527082E-007
         107  0.000000000000000E+000  0.000000000000000E+000
  3.211393412444138E-009  1.216436067365234E-009
 -6.082002029819373E-008 -4.584992589209114E-007
         108  0.000000000000000E+000  0.000000000000000E+000
  6.070538196537424E-009  3.503214326716944E-009
 -3.857751411016188E-007 -2.354406132017868E-007
         109  0.000000000000000E+000  0.000000000000000E+000
  9.697549579404993E-009  1.470005787306652E-009
 -3.981652373207768E-007  1.387441257386682E-007
         110  0.000000000000000E+000  0.000000000000000E+000
  1.012290157656188E-008 -2.585380924909454E-009
 -1.333073660136058E-007  3.393362667328493E-007
         111  0.000000000000000E+000  0.000000000000000E+000
  6.680602367123177E-009 -5.353497098313329E-009
  1.393349303449577E-007  2.799584716542306E-007
         112  0.000000000000000E+000  0.000000000000000E+000
  3.426588207613880E-009 -4.115022524009068E-009
  2.572559484802095E-007  5.408255577885529E-008
         113  0.000000000000000E+000  0.000000000000000E+000
  2.341424061238866E-009 -1.035742039272140E-009
  1.631249337382307E-007 -1.286891657865387E-007
         114  0.000000000000000E+000  0.000000000000000E+000
  5.192957615021989E-009  1.729069865039870E-009
  3.737051562862981E-008 -1.673575660302384E-007
         115  0.000000000000000E+000  0.000000000000000E+000
  8.192820006938204E-009  7.357194146204851E-011
 -4.904778624538811E-008 -1.770891026706881E-007
         116  0.000000000000000E+000  0.000000000000000E+000
  1.052138790959186E-008 -3.073472738508443E-009
 -2.165147563696288E-007 -1.534958442603068E-007
         117  0.000000000000000E+000  0.000000000000000E+000
  8.528710177899337E-009 -6.381804421479926E-009
 -2.975999830923493E-007  6.265244526094315E-008
         118  0.000000000000000E+000  0.000000000000000E+000
  5.655528316630588E-009 -8.502124769268381E-009
 -2.193967443618689E-007  2.877083645966953E-007
         119  0.000000000000000E+000  0.000000000000000E+000
  1.815506839774006E-009 -6.576598126308055E-009
  1.064077989460993E-007  4.460202315469741E-007
         120  0.000000000000000E+000  0.000000000000000E+000
  1.797503930577937E-009 -4.549297715665415E-009
  5.137718993371086E-007  1.596699840257467E-007
         121  0.000000000000000E+000  0.000000000000000E+000
  3.723036938037128E-009 -1.475980424287622E-009
  3.942702351910725E-007 -4.358492592810953E-007
         122  0.000000000000000E+000  0.000000000000000E+000
  5.722665538289846E-009 -2.741588977539280E-009
 -1.760853157913438E-007 -5.532476228991740E-007
         123  0.000000000000000E+000  0.000000000000000E+000
  7.650319249539274E-009 -5.880069100247594E-009
 -6.249536758676822E-007 -1.877689567128171E-007
         124  0.000000000000000E+000  0.000000000000000E+000
  4.576828053609460E-009 -8.041481339351176E-009
 -5.185884635324189E-007  4.987980544360380E-007
         125  0.000000000000000E+000  0.000000000000000E+000
  4.529336176118104E-009 -8.271820664259098E-009
  1.888504621702316E-007  6.855345277013375E-007
         126  0.000000000000000E+000  0.000000000000000E+000
  5.785735954813391E-010 -8.805059572072681E-009
  6.338086986126812E-007  1.448296380717846E-007
         127  0.000000000000000E+000  0.000000000000000E+000
 -1.272698223949425E-009 -7.394619362478831E-009
  3.903644346589550E-007 -3.715384946664256E-007
         128  0.000000000000000E+000  0.000000000000000E+000
  1.606153802086440E-010 -3.215258149270693E-009
 -6.142579909485936E-008 -5.515174092659453E-007
         129  0.000000000000000E+000  0.000000000000000E+000
  2.348483787386559E-009 -3.808846611486760E-009
 -5.445383691385833E-007 -2.213078178790293E-007
         130  0.000000000000000E+000  0.000000000000000E+000
  5.521732654278793E-009 -3.823462770133718E-009
 -4.425540488026478E-007  3.388870345168872E-007
         131  0.000000000000000E+000  0.000000000000000E+000
  6.295559842209793E-009 -1.182555586433584E-008
  3.910010254415862E-010  5.030983228943670E-007
         132  0.000000000000000E+000  0.000000000000000E+000
 -5.103735198564692E-010 -1.316135170105235E-008
  3.136125173227400E-007  3.175891871789163E-007
         133  0.000000000000000E+000  0.000000000000000E+000
 -5.499691707535986E-009 -8.082899476015064E-009
  5.260322071273915E-007 -1.260771793937469E-008
         134  0.000000000000000E+000  0.000000000000000E+000
 -2.760955787596309E-009 -4.880589334103841E-009
  2.468004652132184E-007 -4.952727774623029E-007
         135  0.000000000000000E+000  0.000000000000000E+000
 -1.044504560361503E-010 -3.133574016520354E-009
 -2.640768651164663E-007 -4.646736057492999E-007
         136  0.000000000000000E+000  0.000000000000000E+000
  4.711394759117550E-009 -8.887034425888907E-009
 -5.920271496921537E-007 -1.017674682401190E-007
         137  0.000000000000000E+000  0.000000000000000E+000
 -2.379242135918428E-009 -1.335246713911877E-008
 -5.436094212581500E-007  5.079595090436362E-007
         138  0.000000000000000E+000  0.000000000000000E+000
 -8.991416210306865E-009 -9.004536357620837E-009
  2.225269943696411E-007  8.900878795433361E-007
         139  0.000000000000000E+000  0.000000000000000E+000
 -6.705953484154029E-009 -3.701659241900973E-009
  9.129744819424558E-007  2.284998122921536E-007
         140  0.000000000000000E+000  0.000000000000000E+000
 -3.852080940775193E-009 -1.499224306390840E-009
  6.906940929151579E-007 -6.620407155192925E-007
         141  0.000000000000000E+000  0.000000000000000E+000
  2.173498856464145E-009 -4.550364699535157E-009
 -2.507153124198042E-007 -9.899938295029328E-007
         142  0.000000000000000E+000  0.000000000000000E+000
 -2.858111446545352E-009 -1.192491608023201E-008
 -1.054114866849939E-006 -2.372632660263960E-007
         143  0.000000000000000E+000  0.000000000000000E+000
 -9.962821791093952E-009 -9.144785926214597E-009
 -7.033199107104001E-007  8.894643539789611E-007
         144  0.000000000000000E+000  0.000000000000000E+000
 -9.354643011440163E-009 -2.125551129938060E-009
  4.613283428411430E-007  9.816581276131584E-007
         145  0.000000000000000E+000  0.000000000000000E+000
 -6.201147333705407E-009 -8.357537599233038E-010
  1.003745532389357E-006  1.087371533432566E-007
         146  0.000000000000000E+000  0.000000000000000E+000
 -2.974260161678112E-009 -4.529789068953597E-010
  5.812717368720753E-007 -7.685938356524640E-007
         147  0.000000000000000E+000  0.000000000000000E+000
 -6.844179407138563E-010 -5.252607678268431E-009
 -3.927279055527820E-007 -8.237731413425390E-007
         148  0.000000000000000E+000  0.000000000000000E+000
 -6.033923575823892E-009 -7.186213944393138E-009
 -8.543052470830728E-007 -2.548136019800689E-009
         149  0.000000000000000E+000  0.000000000000000E+000
 -8.342278368634294E-009 -3.666592829693283E-009
 -3.254360410145269E-007  7.262368469516472E-007
         150  0.000000000000000E+000  0.000000000000000E+000
 -5.794333596488909E-009 -2.197587652819961E-009
  4.361963020063700E-007  5.420928099141455E-007
         151  0.000000000000000E+000  0.000000000000000E+000
 -6.143528625649871E-009 -3.246297910531587E-009
  6.144173385986987E-007 -9.704414903129964E-008
         152  0.000000000000000E+000  0.000000000000000E+000
 -6.267892551911621E-009 -2.906678744153888E-009
  1.586466184337890E-007 -5.418137480919447E-007
         153  0.000000000000000E+000  0.000000000000000E+000
 -8.035316879810590E-009 -3.600476137226054E-009
 -4.146901144255305E-007 -2.958103498689888E-007
         154  0.000000000000000E+000  0.000000000000000E+000
 -9.149345652286966E-009 -1.008454990511532E-010
 -3.822574518293311E-007  2.995321302523977E-007
         155  0.000000000000000E+000  0.000000000000000E+000
 -5.481599258759013E-009  2.013405255539871E-009
  1.535476758468907E-007  4.483447891279101E-007
         156  0.000000000000000E+000  0.000000000000000E+000
 -3.187680092228675E-009 -1.427106294200210E-009
  4.764523605237835E-007  5.987922364908314E-008
         157  0.000000000000000E+000  0.000000000000000E+000
 -5.497924580263479E-009 -4.275170457163678E-009
  2.773616565910578E-007 -4.105011173306667E-007
         158  0.000000000000000E+000  0.000000000000000E+000
 -9.427970898458530E-009 -4.113035314285919E-009
 -2.499378246936586E-007 -4.354975526038399E-007
         159  0.000000000000000E+000  0.000000000000000E+000
 -1.212062349600104E-008 -3.290603388668749E-010
 -5.200660375099417E-007  2.575927200793389E-008
         160  0.000000000000000E+000  0.000000000000000E+000
 -1.076136327678003E-008  4.409376048548158E-009
 -2.548750394892209E-007  5.157709585501487E-007
         161  0.000000000000000E+000  0.000000000000000E+000
 -5.979661400307296E-009  5.688776785669356E-009
  3.493055194102867E-007  5.422140452923192E-007
         162  0.000000000000000E+000  0.000000000000000E+000
 -3.652386219051326E-009  2.615926989851407E-009
  7.017656433031621E-007  8.733946489350975E-009
         163  0.000000000000000E+000  0.000000000000000E+000
 -4.821219081555663E-009  6.777321733945792E-010
  4.324201792536461E-007 -6.132067032694849E-007
         164  0.000000000000000E+000  0.000000000000000E+000
 -5.629445692294728E-009 -5.051118471723222E-010
 -2.961317291563433E-007 -7.304265120145953E-007
         165  0.000000000000000E+000  0.000000000000000E+000
 -9.089076357316833E-009 -9.316255944203269E-010
 -8.164431376588280E-007 -1.249617787643786E-007
         166  0.000000000000000E+000  0.000000000000000E+000
 -1.162712938346947E-008  3.590816343534402E-009
 -5.008392382735240E-007  6.766831682237136E-007
         167  0.000000000000000E+000  0.000000000000000E+000
 -8.717930197550364E-009  6.606548404956456E-009
  3.140825878772305E-007  7.596476500646688E-007
         168  0.000000000000000E+000  0.000000000000000E+000
 -7.420556421089219E-009  7.208859838535253E-009
  8.064461347076748E-007  1.759613661992326E-007
         169  0.000000000000000E+000  0.000000000000000E+000
 -3.950588721672588E-009  9.155569230673154E-009
  6.012383950158809E-007 -5.768492140240087E-007
         170  0.000000000000000E+000  0.000000000000000E+000
 -6.681607674658269E-010  3.666502536073758E-009
 -1.607957762952796E-007 -7.748681604121139E-007
         171  0.000000000000000E+000  0.000000000000000E+000
 -6.548596364948457E-009  7.575627874246094E-010
 -6.584152854683508E-007 -1.932140117010771E-007
         172  0.000000000000000E+000  0.000000000000000E+000
 -8.276737750959732E-009  5.491626859011300E-009
 -3.812841147259593E-007  3.348079777784934E-007
         173  0.000000000000000E+000  0.000000000000000E+000
 -8.209966800611751E-009  7.037991524062356E-009
  1.344180113659918E-008  4.208824451401847E-007
         174  0.000000000000000E+000  0.000000000000000E+000
 -6.430991022750741E-009  1.245096012455891E-008
  3.109220608733797E-007  1.922374685955097E-007
         175  0.000000000000000E+000  0.000000000000000E+000
  1.588504784441644E-009  9.586466114625990E-009
  2.298120842815313E-007 -8.047349820419018E-008
         176  0.000000000000000E+000  0.000000000000000E+000
 -2.240714040497440E-009  3.882286037993710E-009
  1.228396989512063E-007 -3.712313878604268E-008
         177  0.000000000000000E+000  0.000000000000000E+000
 -3.784917135996854E-009  8.515550040304056E-009
  2.951076931186517E-007 -1.975716326025579E-007
         178  0.000000000000000E+000  0.000000000000000E+000
 -1.364412613070943E-009  7.034917443441279E-009
 -4.145371941887824E-008 -5.000917408187008E-007
         179  0.000000000000000E+000  0.000000000000000E+000
 -3.462027860383465E-009  8.114338969245585E-009
 -4.736512841662395E-007 -2.734594328994166E-007
         180  0.000000000000000E+000  0.000000000000000E+000
  1.039026548551586E-009  9.899714991959021E-009
 -5.711190516505427E-007  2.602829683013444E-007
         181  0.000000000000000E+000  0.000000000000000E+000
  3.436049202706077E-010  4.906727702474605E-009
 -6.816931192722383E-008  7.294605773185768E-007
         182  0.000000000000000E+000  0.000000000000000E+000
 -3.157484487723271E-009  8.348737932768854E-009
  7.589809676143142E-007  4.411641336796058E-007
         183  0.000000000000000E+000  0.000000000000000E+000
  1.552911344956145E-009  8.547399259779569E-009
  7.129335833685483E-007 -5.642245997684359E-007
         184  0.000000000000000E+000  0.000000000000000E+000
 -1.325516503087127E-009  6.003484765837465E-009
 -1.441460141436533E-007 -8.151505551738816E-007
         185  0.000000000000000E+000  0.000000000000000E+000
 -1.880169580698279E-009  1.161723095042940E-008
 -7.071376669026497E-007 -3.054438216694032E-007
         186  0.000000000000000E+000  0.000000000000000E+000
  4.498468431004898E-009  1.037604774206943E-008
 -5.934678122596475E-007  4.600389210339333E-007
         187  0.000000000000000E+000  0.000000000000000E+000
  2.860647363713664E-009  7.588843500709470E-009
  1.925675836390021E-007  7.245455441692154E-007
         188  0.000000000000000E+000  0.000000000000000E+000
  5.448644838750454E-009  8.515860133256802E-009
  7.148351092228406E-007 -5.428123258650725E-009
         189  0.000000000000000E+000  0.000000000000000E+000
  3.535404153560414E-009  3.352280396340845E-009
  1.918064646115450E-007 -5.584481277115284E-007
         190  0.000000000000000E+000  0.000000000000000E+000
 -1.231473532026033E-009  7.788695291813827E-009
 -3.342357883973128E-007 -3.708473065568034E-007
         191  0.000000000000000E+000  0.000000000000000E+000
  4.057165378465570E-009  1.116472182826203E-008
 -4.372550656416653E-007  1.390938113172731E-007
         192  0.000000000000000E+000  0.000000000000000E+000
  5.584946512478702E-009  9.630352116976955E-009
  3.107591824673609E-008  4.243433064102588E-007
         193  0.000000000000000E+000  0.000000000000000E+000
  1.010072924301053E-008  9.984171785705593E-009
  4.077593457786046E-007 -2.897379174807632E-008
         194  0.000000000000000E+000  0.000000000000000E+000
  1.118038381151760E-008  2.231567664102051E-009
  3.740348528827804E-009 -3.546806234895158E-007
         195  0.000000000000000E+000  0.000000000000000E+000
  4.760077708538196E-009  8.689367102533044E-010
 -2.667760892650178E-007 -1.048713434205685E-007
         196  0.000000000000000E+000  0.000000000000000E+000
  3.983434481722734E-009  5.210239376911584E-009
 -1.828483263155897E-007  1.646789290099901E-007
         197  0.000000000000000E+000  0.000000000000000E+000
  5.954605273968749E-009  5.689348613485861E-009
  9.657255128844848E-008  1.966136551815221E-007
         198  0.000000000000000E+000  0.000000000000000E+000
  7.572738803505893E-009  6.151100572122845E-009
  2.229219746901211E-007 -7.116521242020557E-008
         199  0.000000000000000E+000  0.000000000000000E+000
  1.003154325748755E-008  3.075662646250335E-009
 -5.374941662879834E-008 -2.564365933028431E-007
         200  0.000000000000000E+000  0.000000000000000E+000
  6.968006736584439E-009  6.916902140770747E-010
 -2.321524658584954E-007 -1.431472621308804E-008
         201  0.000000000000000E+000  0.000000000000000E+000
  5.433601622971842E-009  3.158371071447506E-009
 -8.347910081919673E-008  1.520798453039295E-007
         202  0.000000000000000E+000  0.000000000000000E+000
  8.298259087150304E-009  4.351104593271557E-009
  8.092017808098205E-008  1.129342700470127E-007
         203  0.000000000000000E+000  0.000000000000000E+000
  9.837315477712977E-009  1.870453842819577E-009
  1.365528385378491E-007 -4.298953488423232E-008
         204  0.000000000000000E+000  0.000000000000000E+000
  9.338602717399530E-009 -5.087510914602235E-011
  1.853877520754962E-008 -1.800118371953836E-007
         205  0.000000000000000E+000  0.000000000000000E+000
  7.609419400946230E-009 -1.785012397578824E-009
 -1.723841553012743E-007 -1.089500446546409E-007
         206  0.000000000000000E+000  0.000000000000000E+000
  5.134440426059299E-009 -5.075610213896029E-010
 -1.684191047706277E-007  6.805090594337191E-008
         207  0.000000000000000E+000  0.000000000000000E+000
  5.818323399710811E-009  2.065156581083121E-009
 -5.675710265588695E-008  1.390826869997911E-007
         208  0.000000000000000E+000  0.000000000000000E+000
  8.556410187453802E-009  2.568184937161597E-009
  4.996988247386284E-008  1.149598561470796E-007
         209  0.000000000000000E+000  0.000000000000000E+000
  1.079589340508649E-008  6.407481706956896E-010
  1.023776831579632E-007  3.962527104426896E-008
         210  0.000000000000000E+000  0.000000000000000E+000
  1.157388673488754E-008 -2.241838409802355E-009
  1.240735104492829E-007 -5.433060627146403E-008
         211  0.000000000000000E+000  0.000000000000000E+000
  1.008856509713049E-008 -5.799473674334396E-009
  3.781570320771676E-008 -1.853135126385085E-007
         212  0.000000000000000E+000  0.000000000000000E+000
  5.918579460486475E-009 -7.152535924268410E-009
 -1.517872358839483E-007 -1.832467103933280E-007
         213  0.000000000000000E+000  0.000000000000000E+000
  2.478047944858969E-009 -3.735096129060954E-009
 -2.950183976567437E-007 -1.500252451634841E-008
         214  0.000000000000000E+000  0.000000000000000E+000
  4.265213873448154E-009  2.440853106700280E-011
 -2.357939006279326E-007  2.597984316051406E-007
         215  0.000000000000000E+000  0.000000000000000E+000
  8.243669215871172E-009  1.317851530729186E-009
  1.160059246264028E-007  3.572417495037225E-007
         216  0.000000000000000E+000  0.000000000000000E+000
  1.280519225323347E-008 -2.938574312786734E-009
  3.031819324391519E-007  5.072669426706758E-008
         217  0.000000000000000E+000  0.000000000000000E+000
  1.085601696321737E-008 -9.317193933166257E-009
  1.822547144189943E-007 -1.493285368056530E-007
         218  0.000000000000000E+000  0.000000000000000E+000
  4.042199199659559E-009 -1.095732086706070E-008
  3.963647156822588E-008 -2.397959419079044E-007
         219  0.000000000000000E+000  0.000000000000000E+000
  1.164530332957229E-009 -5.825965157825590E-009
 -1.656328734512442E-007 -2.233027476542023E-007
         220  0.000000000000000E+000  0.000000000000000E+000
  3.103166624381262E-009 -2.662390317665979E-009
 -2.991542681755546E-007 -3.272517197036537E-008
         221  0.000000000000000E+000  0.000000000000000E+000
  8.197188405675964E-009 -2.399343071964118E-009
 -2.780520005147051E-007  1.174714675141999E-007
         222  0.000000000000000E+000  0.000000000000000E+000
  9.576758644131389E-009 -8.588562634185118E-009
 -2.367342129948734E-007  4.049617338334563E-007
         223  0.000000000000000E+000  0.000000000000000E+000
  4.587802179062321E-009 -1.251069962588557E-008
  2.778250889101718E-007  5.514730625674492E-007
         224  0.000000000000000E+000  0.000000000000000E+000
 -7.445180776517738E-010 -8.611641213014275E-009
  6.710994979407297E-007  5.469439335572217E-008
         225  0.000000000000000E+000  0.000000000000000E+000
  1.516607325480743E-009 -4.874549915747721E-009
  4.392962232461839E-007 -5.563752816269692E-007
         226  0.000000000000000E+000  0.000000000000000E+000
  5.460703455537455E-009 -4.558350432469798E-009
 -1.997531520538017E-007 -7.962027632838377E-007
         227  0.000000000000000E+000  0.000000000000000E+000
  7.131585600805697E-009 -1.110712388591203E-008
 -9.856869537359799E-007 -2.769817321013492E-007
         228  0.000000000000000E+000  0.000000000000000E+000
  6.533297041392633E-010 -1.487775076926145E-008
 -7.437301299597461E-007  8.099545851825004E-007
         229  0.000000000000000E+000  0.000000000000000E+000
 -6.331620216005455E-009 -1.008349350150381E-008
  2.950705362858225E-007  1.016494636949732E-006
         230  0.000000000000000E+000  0.000000000000000E+000
 -3.509351059306317E-009 -3.280259774788856E-009
  9.518891370013125E-007  3.022500512246396E-007
         231  0.000000000000000E+000  0.000000000000000E+000
  1.575619871894195E-009 -2.629078940806047E-009
  7.582028480449626E-007 -6.106530017862743E-007
         232  0.000000000000000E+000  0.000000000000000E+000
  4.763091077730754E-009 -8.113834076177434E-009
 -2.108202323558265E-007 -9.083715748596967E-007
         233  0.000000000000000E+000  0.000000000000000E+000
  2.662444948846257E-010 -1.156091047956557E-008
 -7.375749836523662E-007 -1.586301661211872E-007
         234  0.000000000000000E+000  0.000000000000000E+000
 -3.744020941669012E-009 -1.084470120353700E-008
 -4.035083106761196E-007  3.609117629269708E-007
         235  0.000000000000000E+000  0.000000000000000E+000
 -5.012228096191636E-009 -6.462172189162001E-009
 -5.455097834790649E-008  4.066690133986281E-007
         236  0.000000000000000E+000  0.000000000000000E+000
 -2.716319321573570E-009 -5.638475245672410E-009
  1.547490288749314E-007  3.214191366209903E-007
         237  0.000000000000000E+000  0.000000000000000E+000
 -1.338055073020153E-009 -6.231764190430210E-009
  2.810210914939061E-007  1.306318702073995E-007
         238  0.000000000000000E+000  0.000000000000000E+000
 -2.817860984711628E-009 -8.161852778069829E-009
  2.747753986398737E-007  4.340943960837821E-008
         239  0.000000000000000E+000  0.000000000000000E+000
 -3.621695878418237E-009 -6.903368346917756E-009
  3.999902158890776E-007 -2.155980976021667E-007
         240  0.000000000000000E+000  0.000000000000000E+000
 -4.296121799260013E-009 -6.589249516690395E-009
  1.564372029962817E-008 -6.008263761026836E-007
         241  0.000000000000000E+000  0.000000000000000E+000
 -3.101449545771022E-009 -6.199607117601885E-009
 -5.892893198195554E-007 -3.468723147376897E-007
         242  0.000000000000000E+000  0.000000000000000E+000
 -3.446303837018702E-009 -7.661800164941212E-009
 -6.488111210525360E-007  3.297311770500504E-007
         243  0.000000000000000E+000  0.000000000000000E+000
 -5.631174305391032E-009 -9.460432004092503E-009
 -1.577728663367174E-007  8.088489284886369E-007
         244  0.000000000000000E+000  0.000000000000000E+000
 -9.090491281637603E-009 -7.119860445623423E-009
  6.984303416455678E-007  6.401971159557915E-007
         245  0.000000000000000E+000  0.000000000000000E+000
 -9.404646418492809E-009 -4.033857663169796E-009
  8.951108103591771E-007 -3.175714914429982E-007
         246  0.000000000000000E+000  0.000000000000000E+000
 -7.039714986394243E-009 -1.724283456606261E-009
  1.428253127238662E-007 -8.612349932895073E-007
         247  0.000000000000000E+000  0.000000000000000E+000
 -5.123959837286182E-009 -2.849003075063747E-009
 -6.101378954815065E-007 -4.972779696251931E-007
         248  0.000000000000000E+000  0.000000000000000E+000
 -5.450745254551072E-009 -4.986642404787928E-009
 -7.007410042431258E-007  2.730525738492805E-007
         249  0.000000000000000E+000  0.000000000000000E+000
 -7.906971983629552E-009 -4.525747289082353E-009
 -5.763712126246838E-008  7.036381921105943E-007
         250  0.000000000000000E+000  0.000000000000000E+000
 -7.927864457925661E-009 -3.510254465330499E-009
  4.961615571233308E-007  3.178136182728543E-007
         251  0.000000000000000E+000  0.000000000000000E+000
 -8.911214339814823E-009 -2.989581112606552E-009
  4.099676411356555E-007 -1.763137262779451E-007
         252  0.000000000000000E+000  0.000000000000000E+000
 -9.498177394242808E-009 -1.594276191742788E-009
  8.373641844456791E-008 -3.109681994238847E-007
         253  0.000000000000000E+000  0.000000000000000E+000
 -9.149893143592178E-009  3.236346247900172E-010
 -1.330784787299539E-007 -1.907276913185883E-007
         254  0.000000000000000E+000  0.000000000000000E+000
 -7.776189944167888E-009  1.220279464754128E-009
 -1.750396049959005E-007  3.710537757119540E-010
         255  0.000000000000000E+000  0.000000000000000E+000
 -6.289911337347282E-009  1.247413097940833E-009
 -8.276905641630245E-008  1.093958489342848E-007
         256  0.000000000000000E+000  0.000000000000000E+000
 -5.433673803824140E-009 -3.482306706027910E-010
  1.369622066616116E-008  1.355436833782580E-007
