   5120.00000000000     
         256           1           3
  8.994473019507991E-004   40.9508506353643        112.056185514929     
   18.8300000000000        145.590000000000        6160.02000000000     
           0  0.000000000000000E+000  0.000000000000000E+000
  0.000000000000000E+000  0.000000000000000E+000
  0.000000000000000E+000  0.000000000000000E+000
           1  0.000000000000000E+000  0.000000000000000E+000
  2.345697048858462E-009  1.265459800608820E-010
 -1.815514556332083E-008  2.780923299988450E-011
           2  0.000000000000000E+000  0.000000000000000E+000
  2.292510050602873E-009  5.318831458401423E-010
 -2.041505060691416E-008 -8.286157687502653E-010
           3  0.000000000000000E+000  0.000000000000000E+000
  2.442366711260400E-009  1.181838434492484E-009
 -2.516471525218129E-008  1.157643146048869E-009
           4  0.000000000000000E+000  0.000000000000000E+000
  3.212581830457122E-009  2.011208193479497E-009
 -3.031504187774039E-008  9.379657996650501E-009
           5  0.000000000000000E+000  0.000000000000000E+000
  5.041193068376139E-009  2.397554238665254E-009
 -2.795137324334675E-008  2.478469934702338E-008
           6  0.000000000000000E+000  0.000000000000000E+000
  7.483070833855448E-009  7.460840746352289E-010
 -9.414568685224430E-009  3.728776919438782E-008
           7  0.000000000000000E+000  0.000000000000000E+000
  7.326099852426740E-009 -2.315287623002884E-009
  1.855148225881064E-008  3.017176666620060E-008
           8  0.000000000000000E+000  0.000000000000000E+000
  5.773481420633013E-009 -4.293876677332895E-009
  3.474703167509914E-008 -6.078126499588390E-009
           9  0.000000000000000E+000  0.000000000000000E+000
  3.167049187562063E-009 -4.726249089647108E-009
  5.027870513890110E-009 -5.002143315694364E-008
          10  0.000000000000000E+000  0.000000000000000E+000
  1.778137690214693E-009 -2.817493233918272E-009
 -6.297751898273344E-008 -4.607604262033606E-008
          11  0.000000000000000E+000  0.000000000000000E+000
  2.947147724416075E-009 -2.650281636389835E-009
 -1.044722572757513E-007  2.895424064338156E-008
          12  0.000000000000000E+000  0.000000000000000E+000
  9.846750901301898E-010 -1.115376869592287E-009
 -4.948052128991497E-008  1.292687717848271E-007
          13  0.000000000000000E+000  0.000000000000000E+000
  4.720432970772555E-009  6.840148505255476E-010
  9.383343344837615E-008  1.210117958050311E-007
          14  0.000000000000000E+000  0.000000000000000E+000
  7.337020192877940E-009 -2.996977597104308E-009
  1.582310309980153E-007 -3.003732653892181E-008
          15  0.000000000000000E+000  0.000000000000000E+000
  5.485490916989851E-009 -6.747232690985447E-009
  4.232495888334439E-008 -1.719802595456783E-007
          16  0.000000000000000E+000  0.000000000000000E+000
  2.391216236128734E-009 -8.888048752537844E-009
 -1.596148950178139E-007 -1.350332093551383E-007
          17  0.000000000000000E+000  0.000000000000000E+000
 -5.666206113729667E-009 -6.276735644721026E-009
 -2.301492691073633E-007  9.307409222981673E-008
          18  0.000000000000000E+000  0.000000000000000E+000
 -2.767562257342652E-009  3.039555114045203E-009
 -3.331430131966535E-008  2.643686287296148E-007
          19  0.000000000000000E+000  0.000000000000000E+000
  5.227185061809603E-009  2.789109915356123E-009
  2.158017873914028E-007  1.617787083336901E-007
          20  0.000000000000000E+000  0.000000000000000E+000
  8.065203211424676E-009 -3.042333513848498E-009
  2.448976782406437E-007 -1.149951472030258E-007
          21  0.000000000000000E+000  0.000000000000000E+000
  6.270146659578610E-009 -7.898098448795206E-009
  5.949666143917355E-009 -2.809140881190257E-007
          22  0.000000000000000E+000  0.000000000000000E+000
  3.033219359791974E-010 -1.296731803236696E-008
 -2.721990351447236E-007 -1.396784014397776E-007
          23  0.000000000000000E+000  0.000000000000000E+000
 -8.405950474953284E-009 -3.587886266693074E-009
 -2.527016338402168E-007  1.944195549453723E-007
          24  0.000000000000000E+000  0.000000000000000E+000
 -4.624940065143081E-010  3.291005298326913E-009
  4.431925311283376E-008  3.053247024965012E-007
          25  0.000000000000000E+000  0.000000000000000E+000
  5.795952347622675E-009 -8.164568448232254E-010
  2.689971641436307E-007  1.100006644428051E-007
          26  0.000000000000000E+000  0.000000000000000E+000
  5.646170384315337E-009 -6.321484406343671E-009
  2.075185606862533E-007 -1.724799193583027E-007
          27  0.000000000000000E+000  0.000000000000000E+000
  2.511454037078406E-009 -1.162995146382224E-008
 -7.034801492107435E-008 -2.481809106409145E-007
          28  0.000000000000000E+000  0.000000000000000E+000
 -1.012147511853370E-008 -7.334223365304457E-009
 -2.406406058453668E-007 -1.881959613157095E-008
          29  0.000000000000000E+000  0.000000000000000E+000
 -2.548397601649797E-009  3.669124878055414E-009
 -1.181739698686860E-007  1.748168614888561E-007
          30  0.000000000000000E+000  0.000000000000000E+000
  5.222139827667078E-009 -1.692075505679699E-009
  6.772767780861267E-008  1.795201224647874E-007
          31  0.000000000000000E+000  0.000000000000000E+000
  2.861387410709609E-009 -8.282956403393981E-009
  1.651817772959841E-007  3.651079613499282E-008
          32  0.000000000000000E+000  0.000000000000000E+000
 -1.990498582561020E-009 -9.738633067129762E-009
  8.658807290407971E-008 -1.092755516138830E-007
          33  0.000000000000000E+000  0.000000000000000E+000
 -1.088069772637034E-008 -7.753051441127461E-009
 -6.334844938208270E-008 -8.086586114767760E-008
          34  0.000000000000000E+000  0.000000000000000E+000
 -6.431785629043139E-009  6.382491534288335E-009
 -6.536240635530146E-008  1.852064962750382E-008
          35  0.000000000000000E+000  0.000000000000000E+000
  5.588774419568168E-009  2.553579309927297E-009
 -2.006226933590172E-008  5.998152592409345E-008
          36  0.000000000000000E+000  0.000000000000000E+000
  5.530795676918657E-009 -7.333865168935399E-009
  4.171338140117097E-008  4.557077799450228E-008
          37  0.000000000000000E+000  0.000000000000000E+000
 -1.494250524034953E-009 -1.102973008900555E-008
  4.449634982125162E-008 -2.270715239677426E-008
          38  0.000000000000000E+000  0.000000000000000E+000
 -7.620071848414446E-009 -9.650175396768131E-009
 -3.360473309548939E-008 -3.164903526227454E-008
          39  0.000000000000000E+000  0.000000000000000E+000
 -1.389063312094752E-008  7.903814022598546E-010
 -3.373091391328473E-008  6.303991653523681E-008
          40  0.000000000000000E+000  0.000000000000000E+000
 -1.262933216896916E-009  7.833560873597528E-009
  4.490459289301166E-008  6.457365398435416E-008
          41  0.000000000000000E+000  0.000000000000000E+000
  5.932671994349513E-009 -4.609081150823157E-010
  9.053931053412206E-008  1.534623322941290E-008
          42  0.000000000000000E+000  0.000000000000000E+000
  2.880520796020718E-009 -8.190830925270193E-009
  7.723970551462655E-008 -8.239495548181508E-008
          43  0.000000000000000E+000  0.000000000000000E+000
 -3.462125609752226E-009 -1.058275675832904E-008
 -5.511401812038337E-008 -1.254123627021925E-007
          44  0.000000000000000E+000  0.000000000000000E+000
 -1.273397026005643E-008 -7.257609342715035E-009
 -1.641132437351865E-007  1.305548831406615E-008
          45  0.000000000000000E+000  0.000000000000000E+000
 -9.177086171289927E-009  4.573751971105491E-009
 -7.859209482123331E-008  1.651221512484673E-007
          46  0.000000000000000E+000  0.000000000000000E+000
 -1.287012010851771E-009  3.588723111298638E-009
  1.109833038474026E-007  1.985009741832707E-007
          47  0.000000000000000E+000  0.000000000000000E+000
  9.950243805804577E-010 -9.452029373183575E-010
  2.706628833136670E-007  6.496792958349007E-009
          48  0.000000000000000E+000  0.000000000000000E+000
 -6.211160940159226E-010 -5.131263898981230E-009
  1.432507222997841E-007 -2.573610402791645E-007
          49  0.000000000000000E+000  0.000000000000000E+000
 -6.169554818709985E-009 -6.920965739886795E-009
 -1.773898254609439E-007 -2.482328766730544E-007
          50  0.000000000000000E+000  0.000000000000000E+000
 -9.499991099017036E-009 -5.730282195062080E-010
 -3.116613932060738E-007  5.265611720671324E-008
          51  0.000000000000000E+000  0.000000000000000E+000
 -5.873047010841990E-009  2.793232447875468E-009
 -1.024422994997116E-007  3.319007256436258E-007
          52  0.000000000000000E+000  0.000000000000000E+000
 -2.414436063341404E-009  1.990965321832024E-009
  2.673262123342515E-007  2.638881704195284E-007
          53  0.000000000000000E+000  0.000000000000000E+000
 -1.656222075026471E-009 -1.067733374022520E-009
  3.703185597066371E-007 -1.102585904690052E-007
          54  0.000000000000000E+000  0.000000000000000E+000
 -4.300729303662516E-009 -2.796519608561708E-009
  7.872740765742090E-008 -3.721073953337225E-007
          55  0.000000000000000E+000  0.000000000000000E+000
 -6.985904967582927E-009 -9.620204782349691E-010
 -2.886978340126894E-007 -2.319593281519214E-007
          56  0.000000000000000E+000  0.000000000000000E+000
 -6.548862671734463E-009  2.756509431655014E-009
 -3.291622396079724E-007  1.641519596227363E-007
          57  0.000000000000000E+000  0.000000000000000E+000
 -2.569712481615945E-009  3.392092376377986E-009
  7.362874322913112E-009  3.695164436005162E-007
          58  0.000000000000000E+000  0.000000000000000E+000
 -1.108615131600749E-009 -2.728439585548035E-010
  3.310008616463739E-007  1.671975948506365E-007
          59  0.000000000000000E+000  0.000000000000000E+000
 -4.584620135433373E-009 -2.784442704487286E-009
  3.042051206910640E-007 -2.013082302784479E-007
          60  0.000000000000000E+000  0.000000000000000E+000
 -8.476641930919143E-009  5.234552713976136E-010
 -2.485424916108001E-008 -3.502298295509552E-007
          61  0.000000000000000E+000  0.000000000000000E+000
 -6.820286005384885E-009  3.728919715189452E-009
 -3.155990658604282E-007 -1.221221485557038E-007
          62  0.000000000000000E+000  0.000000000000000E+000
 -3.780858929484524E-009  6.640290160130703E-009
 -2.118376420770867E-007  2.242263292126678E-007
          63  0.000000000000000E+000  0.000000000000000E+000
  7.998231588585883E-010  3.052409781660919E-009
  9.372930354971829E-008  2.752775369038429E-007
          64  0.000000000000000E+000  0.000000000000000E+000
 -2.080848390878407E-009 -1.770286222220537E-009
  2.896618649674452E-007  6.880691124898325E-008
          65  0.000000000000000E+000  0.000000000000000E+000
 -7.530781965596908E-009  4.122246597360173E-010
  2.229816588210385E-007 -2.198194080474472E-007
          66  0.000000000000000E+000  0.000000000000000E+000
 -4.884160962226347E-009  4.275704773280569E-009
 -9.709076891267128E-008 -3.051303858808437E-007
          67  0.000000000000000E+000  0.000000000000000E+000
 -5.172575625640586E-009  6.009781926656982E-009
 -2.732382771495146E-007 -3.948770308673487E-008
          68  0.000000000000000E+000  0.000000000000000E+000
 -5.688100354464947E-010  5.445110491599187E-009
 -1.779864723245325E-007  2.006179363048114E-007
          69  0.000000000000000E+000  0.000000000000000E+000
 -1.405500804917211E-009  2.169994327712498E-009
  1.085904943539085E-007  2.888525141320212E-007
          70  0.000000000000000E+000  0.000000000000000E+000
 -3.853049803304282E-009  2.820768805369499E-009
  3.512518293159564E-007  2.440054774282632E-008
          71  0.000000000000000E+000  0.000000000000000E+000
 -1.643621563915312E-009  6.119382081183640E-009
  1.761742922289969E-007 -3.336603742246786E-007
          72  0.000000000000000E+000  0.000000000000000E+000
 -2.233706253192470E-009  1.710715408827437E-009
 -2.097124699469243E-007 -2.635450807457090E-007
          73  0.000000000000000E+000  0.000000000000000E+000
 -2.452967866630985E-009  3.980347074409753E-009
 -3.052460887441315E-007  2.659705131308826E-008
          74  0.000000000000000E+000  0.000000000000000E+000
 -3.237687689948049E-009  3.272144473516916E-009
 -1.184117662500788E-007  3.090268171040482E-007
          75  0.000000000000000E+000  0.000000000000000E+000
 -3.920136241911934E-009  5.717110271942551E-009
  2.705776275501782E-007  2.339486433777947E-007
          76  0.000000000000000E+000  0.000000000000000E+000
 -1.891931771221006E-009  8.361914010356592E-009
  3.245546192707645E-007 -1.773850724086191E-007
          77  0.000000000000000E+000  0.000000000000000E+000
  4.395045542552963E-009  4.735219650812161E-009
 -5.618077964470606E-008 -3.368482101125466E-007
          78  0.000000000000000E+000  0.000000000000000E+000
 -2.377596928628228E-010  2.480325763567367E-009
 -2.448600772003630E-007 -8.406010917795876E-008
          79  0.000000000000000E+000  0.000000000000000E+000
 -1.854598279221446E-009  1.983405828734950E-009
 -1.875936492848371E-007  1.764788338630155E-007
          80  0.000000000000000E+000  0.000000000000000E+000
 -4.190010960207233E-009  5.783098722225517E-009
  1.454191414832019E-007  2.310971385906982E-007
          81  0.000000000000000E+000  0.000000000000000E+000
 -9.288855557204107E-010  9.247182953009514E-009
  2.572442551748480E-007 -1.194826345315696E-007
          82  0.000000000000000E+000  0.000000000000000E+000
  5.987689473683053E-009  7.909401703593063E-009
 -8.740874271969244E-008 -2.738465396620910E-007
          83  0.000000000000000E+000  0.000000000000000E+000
  2.198824311545601E-009  2.072184927998811E-009
 -2.327893764259746E-007  4.010844780459285E-008
          84  0.000000000000000E+000  0.000000000000000E+000
  4.207319141027640E-010  2.729588752416067E-009
 -4.535967909706617E-008  2.253422593056537E-007
          85  0.000000000000000E+000  0.000000000000000E+000
 -6.016680000736941E-010  5.956884692604154E-009
  2.758381818432566E-007  1.269269836685805E-007
          86  0.000000000000000E+000  0.000000000000000E+000
  3.530149012205555E-009  6.561038880528776E-009
  2.430943841782571E-007 -3.064003286687657E-007
          87  0.000000000000000E+000  0.000000000000000E+000
  4.641846684114630E-009  4.045611796281658E-009
 -2.470696835333913E-007 -3.837896573904481E-007
          88  0.000000000000000E+000  0.000000000000000E+000
  2.269497364407878E-009 -4.003177873325690E-010
 -4.712199118109180E-007  1.168162619117507E-007
          89  0.000000000000000E+000  0.000000000000000E+000
 -6.337642303894361E-010  3.513772709748153E-009
 -8.185710082851607E-008  4.552685639358696E-007
          90  0.000000000000000E+000  0.000000000000000E+000
  4.322246869095682E-010  6.286279640056048E-009
  3.978973838927159E-007  3.110113228731309E-007
          91  0.000000000000000E+000  0.000000000000000E+000
  5.122316800313402E-009  7.139770356082425E-009
  5.137204328201140E-007 -2.654333709200095E-007
          92  0.000000000000000E+000  0.000000000000000E+000
  7.002261394662144E-009  1.988083684073782E-009
 -2.833883086963267E-008 -6.289630200385820E-007
          93  0.000000000000000E+000  0.000000000000000E+000
  4.294541192459349E-009 -1.319148190168481E-010
 -5.973620963285320E-007 -2.603945778640859E-007
          94  0.000000000000000E+000  0.000000000000000E+000
 -4.122241157365588E-010  6.344490757461001E-011
 -4.778093542006330E-007  4.144585427631053E-007
          95  0.000000000000000E+000  0.000000000000000E+000
 -3.220958769312156E-010  4.141858308529934E-009
  1.142719245462010E-007  5.928456033861264E-007
          96  0.000000000000000E+000  0.000000000000000E+000
  2.164253183368005E-009  7.134278926159880E-009
  6.016401370932393E-007  1.841982280329818E-007
          97  0.000000000000000E+000  0.000000000000000E+000
  7.135172575674804E-009  5.548963099083934E-009
  4.320073259025244E-007 -4.809938500768109E-007
          98  0.000000000000000E+000  0.000000000000000E+000
  6.883361531998325E-009  1.452484127129764E-009
 -2.372269212316762E-007 -5.879331600400410E-007
          99  0.000000000000000E+000  0.000000000000000E+000
  4.959266132750255E-009 -9.019053413413591E-010
 -5.884175043709378E-007 -5.855353422330548E-008
         100  0.000000000000000E+000  0.000000000000000E+000
  2.432457595608330E-009  4.989460347768188E-010
 -3.169725455589366E-007  4.207232071879023E-007
         101  0.000000000000000E+000  0.000000000000000E+000
  1.791247191986014E-009  2.779677120160499E-009
  2.049413757985403E-007  4.544172587366878E-007
         102  0.000000000000000E+000  0.000000000000000E+000
  4.614709610275858E-009  4.267411136307251E-009
  4.568497510598552E-007  3.286408089597818E-009
         103  0.000000000000000E+000  0.000000000000000E+000
  6.225409979143143E-009  2.416551911786890E-009
  1.862598656797460E-007 -3.658320566278449E-007
         104  0.000000000000000E+000  0.000000000000000E+000
  6.590226790487478E-009  8.864454226072866E-010
 -2.065706324822675E-007 -3.105622686347623E-007
         105  0.000000000000000E+000  0.000000000000000E+000
  5.818786302605748E-009 -1.253278707023409E-010
 -3.375670282966912E-007  1.431792249959091E-008
         106  0.000000000000000E+000  0.000000000000000E+000
  4.897705693038763E-009 -7.243681953891226E-010
 -1.262717612271602E-007  2.717669465446549E-007
         107  0.000000000000000E+000  0.000000000000000E+000
  4.311220140505122E-009 -1.130323648577450E-010
  1.681813742497783E-007  1.779370565002554E-007
         108  0.000000000000000E+000  0.000000000000000E+000
  4.826429483000836E-009  1.406178422695642E-010
  1.784705030699632E-007 -9.618133440396636E-008
         109  0.000000000000000E+000  0.000000000000000E+000
  5.022251336863963E-009 -4.832667747042637E-010
 -5.754370189502573E-008 -1.803845954851072E-007
         110  0.000000000000000E+000  0.000000000000000E+000
  4.713850604671362E-009 -4.694987805342424E-010
 -1.941318268049203E-007  2.086333436249487E-008
         111  0.000000000000000E+000  0.000000000000000E+000
  5.119527125936011E-009 -8.156790051989665E-011
 -5.960902681450006E-009  2.029636380310284E-007
         112  0.000000000000000E+000  0.000000000000000E+000
  5.910163816517932E-009 -9.179701037462521E-010
  2.155466107991564E-007  3.185620143412509E-008
         113  0.000000000000000E+000  0.000000000000000E+000
  5.923483131166725E-009 -1.423347943792716E-009
  1.028497301460630E-007 -2.504462801825029E-007
         114  0.000000000000000E+000  0.000000000000000E+000
  6.797938578749917E-009 -2.824694393758183E-009
 -2.576131333536864E-007 -2.466253440975570E-007
         115  0.000000000000000E+000  0.000000000000000E+000
  4.131529614730418E-009 -5.293410229477260E-009
 -4.114992244653514E-007  1.671083344803608E-007
         116  0.000000000000000E+000  0.000000000000000E+000
  1.694720916181467E-009 -2.741962980160970E-009
 -2.168886847452840E-008  5.268909535242518E-007
         117  0.000000000000000E+000  0.000000000000000E+000
  4.052004830300453E-009 -2.071367665220952E-010
  5.359856858894541E-007  2.218116591740435E-007
         118  0.000000000000000E+000  0.000000000000000E+000
  5.743030458012403E-009 -1.497650176568231E-009
  4.337831212029558E-007 -4.247931176552425E-007
         119  0.000000000000000E+000  0.000000000000000E+000
  7.810828718466762E-009 -2.910882250945000E-009
 -2.202152636394595E-007 -6.453686859599347E-007
         120  0.000000000000000E+000  0.000000000000000E+000
  6.294087505661323E-009 -8.955283199221735E-009
 -7.803736490576351E-007 -7.537691080600225E-008
         121  0.000000000000000E+000  0.000000000000000E+000
 -4.023580181318462E-010 -6.850537369940349E-009
 -4.247275646642644E-007  7.549402253172575E-007
         122  0.000000000000000E+000  0.000000000000000E+000
  1.249962094788751E-009 -1.550460121506560E-009
  5.736761909102569E-007  6.814271599389847E-007
         123  0.000000000000000E+000  0.000000000000000E+000
  3.704330671025395E-009 -3.384672083118941E-009
  8.101048459684705E-007 -2.463239628681710E-007
         124  0.000000000000000E+000  0.000000000000000E+000
  4.191550738756454E-009 -3.433985441648304E-009
  1.171690057941380E-007 -8.581737986273729E-007
         125  0.000000000000000E+000  0.000000000000000E+000
  5.172317974524630E-009 -7.206946857581375E-009
 -8.010491219549785E-007 -4.578685189561873E-007
         126  0.000000000000000E+000  0.000000000000000E+000
 -1.162035888772029E-009 -6.948069475789517E-009
 -7.353479817267473E-007  5.955022771109993E-007
         127  0.000000000000000E+000  0.000000000000000E+000
  7.743329402518734E-010 -1.472169130180770E-009
  3.006497831876977E-007  8.902150113099716E-007
         128  0.000000000000000E+000  0.000000000000000E+000
  5.440809220333979E-009 -5.487759792979825E-009
  8.357533876998831E-007  3.675224437303205E-008
         129  0.000000000000000E+000  0.000000000000000E+000
  1.198787059251904E-009 -7.713371646973250E-009
  3.685551942838346E-007 -6.862607404509582E-007
         130  0.000000000000000E+000  0.000000000000000E+000
  9.304963844933363E-010 -6.266069567148590E-009
 -5.054918782387600E-007 -6.268226199759235E-007
         131  0.000000000000000E+000  0.000000000000000E+000
 -1.548049467200593E-009 -7.977309166643881E-009
 -7.865783084659267E-007  2.747258902805299E-007
         132  0.000000000000000E+000  0.000000000000000E+000
 -2.280945088999656E-009 -1.800939344715981E-009
 -1.710389001580727E-008  8.237355318729647E-007
         133  0.000000000000000E+000  0.000000000000000E+000
  5.449403655523983E-009 -2.952707920503870E-009
  6.990555528572973E-007  2.496896785574384E-007
         134  0.000000000000000E+000  0.000000000000000E+000
  2.176634312342895E-009 -1.052321980752755E-008
  4.358401872278346E-007 -4.397157960893845E-007
         135  0.000000000000000E+000  0.000000000000000E+000
 -2.004637617654216E-009 -8.860121595122095E-009
 -2.074450334652233E-007 -5.723714321876336E-007
         136  0.000000000000000E+000  0.000000000000000E+000
 -4.162499837223204E-009 -9.096768964327523E-009
 -6.266912577121154E-007  1.680025125531074E-008
         137  0.000000000000000E+000  0.000000000000000E+000
 -7.034738686363702E-009 -2.530396727180533E-009
 -1.704508015918665E-007  5.676372505902316E-007
         138  0.000000000000000E+000  0.000000000000000E+000
  1.310904475988076E-009 -7.441612074234212E-010
  4.038996255854085E-007  2.811271787148508E-007
         139  0.000000000000000E+000  0.000000000000000E+000
  2.884265491269369E-010 -8.942867596257703E-009
  3.110348581879408E-007 -1.475611425441817E-007
         140  0.000000000000000E+000  0.000000000000000E+000
 -5.033696125907388E-009 -7.290321207733674E-009
  3.682251285461278E-008 -3.060315203691083E-007
         141  0.000000000000000E+000  0.000000000000000E+000
 -5.213781256824918E-009 -5.002431284799748E-009
 -2.669629206516202E-007 -1.140266566078527E-007
         142  0.000000000000000E+000  0.000000000000000E+000
 -6.032307393674557E-009 -2.640631733945404E-009
 -1.431215750379859E-007  2.006752244285222E-007
         143  0.000000000000000E+000  0.000000000000000E+000
 -1.660362362013360E-009 -1.301581133021406E-009
  1.233397058696484E-007  1.541153672064116E-007
         144  0.000000000000000E+000  0.000000000000000E+000
 -1.382606463914240E-009 -7.189663839483411E-009
  9.946625045533188E-008 -3.097638546992093E-008
         145  0.000000000000000E+000  0.000000000000000E+000
 -7.668149574597564E-009 -5.868376727955825E-009
  3.392368700279672E-008 -5.655138591460196E-008
         146  0.000000000000000E+000  0.000000000000000E+000
 -6.921110500653759E-009 -8.302831230630620E-010
 -7.680942305852549E-008 -3.519783434368909E-008
         147  0.000000000000000E+000  0.000000000000000E+000
 -3.406623273683438E-009 -3.862394451539607E-010
 -4.096001188834836E-008  1.404233383332047E-007
         148  0.000000000000000E+000  0.000000000000000E+000
 -2.141519763153315E-009 -1.560311024674779E-009
  1.764260768605532E-007  9.069601509246514E-008
         149  0.000000000000000E+000  0.000000000000000E+000
 -1.262107238669900E-009 -4.457507937446482E-009
  1.591269675119245E-007 -1.631578041498266E-007
         150  0.000000000000000E+000  0.000000000000000E+000
 -5.849356419525168E-009 -7.146381482668703E-009
 -1.083476214839797E-007 -1.897236677419910E-007
         151  0.000000000000000E+000  0.000000000000000E+000
 -9.196531434978288E-009 -2.534144966270331E-009
 -2.230461617125712E-007  1.965219023555021E-009
         152  0.000000000000000E+000  0.000000000000000E+000
 -6.803703926032540E-009  8.216315324541432E-010
 -1.417361644946081E-007  2.442159519585504E-007
         153  0.000000000000000E+000  0.000000000000000E+000
 -4.443258956950238E-009  6.681568456261898E-010
  1.818810230072434E-007  2.845265266920063E-007
         154  0.000000000000000E+000  0.000000000000000E+000
 -2.570737935636066E-009 -4.118302988996942E-010
  3.510353683446331E-007 -1.984512164210995E-008
         155  0.000000000000000E+000  0.000000000000000E+000
 -3.091227674119905E-009 -3.857627358351076E-009
  1.596748245540931E-007 -2.889439546632330E-007
         156  0.000000000000000E+000  0.000000000000000E+000
 -7.036912726209855E-009 -3.907475993802137E-009
 -1.272324437810230E-007 -2.892427184875928E-007
         157  0.000000000000000E+000  0.000000000000000E+000
 -8.596753011871491E-009 -1.228010036650804E-009
 -3.292390150816739E-007 -5.655504423334138E-008
         158  0.000000000000000E+000  0.000000000000000E+000
 -8.136012300998733E-009  1.411965538606604E-009
 -2.377514249182660E-007  2.672071285322271E-007
         159  0.000000000000000E+000  0.000000000000000E+000
 -6.002319502690211E-009  2.861851148119642E-009
  9.115901740125773E-008  3.800702956025403E-007
         160  0.000000000000000E+000  0.000000000000000E+000
 -3.777570034260326E-009  2.033281045352837E-009
  3.976347256647263E-007  1.672235585031442E-007
         161  0.000000000000000E+000  0.000000000000000E+000
 -3.857076316811714E-009 -3.467309458279065E-010
  3.862079472520200E-007 -2.345314769327332E-007
         162  0.000000000000000E+000  0.000000000000000E+000
 -6.068158968315001E-009 -8.602137714642033E-010
  4.964865917900922E-008 -4.580449525489195E-007
         163  0.000000000000000E+000  0.000000000000000E+000
 -7.825292020616690E-009  8.705092140722039E-010
 -3.649565100860376E-007 -3.296842256308211E-007
         164  0.000000000000000E+000  0.000000000000000E+000
 -6.954576757782004E-009  3.146875060836655E-009
 -5.195076088153301E-007  1.471592203009957E-007
         165  0.000000000000000E+000  0.000000000000000E+000
 -5.674316393749111E-009  3.674321794770293E-009
 -1.574898128875079E-007  5.776776573685582E-007
         166  0.000000000000000E+000  0.000000000000000E+000
 -4.097995056980819E-009  3.045647607381022E-009
  4.447886154589218E-007  4.697943505023850E-007
         167  0.000000000000000E+000  0.000000000000000E+000
 -5.639106646909337E-009  1.621620763365062E-009
  6.967732254948294E-007 -9.407458355544077E-008
         168  0.000000000000000E+000  0.000000000000000E+000
 -6.994118548436145E-009  3.500705486360469E-009
  3.428826933431121E-007 -7.215141623534861E-007
         169  0.000000000000000E+000  0.000000000000000E+000
 -5.796569591050159E-009  6.197831064177617E-009
 -5.111883918896360E-007 -6.923629439663191E-007
         170  0.000000000000000E+000  0.000000000000000E+000
 -2.798408591330416E-009  5.106052753159949E-009
 -8.579730557625665E-007  1.477390927923428E-007
         171  0.000000000000000E+000  0.000000000000000E+000
 -3.164065693251536E-009  3.510171372357871E-009
 -2.545907441139660E-007  8.275338446335152E-007
         172  0.000000000000000E+000  0.000000000000000E+000
 -5.319215373987926E-009  1.881991775800167E-009
  5.803347323523128E-007  6.585888236047366E-007
         173  0.000000000000000E+000  0.000000000000000E+000
 -8.207509273674986E-009  5.972686535060959E-009
  9.558500613210624E-007 -1.974468018328273E-007
         174  0.000000000000000E+000  0.000000000000000E+000
 -5.082026125253169E-009  1.055991068141207E-008
  2.356830197191503E-007 -9.818720213290292E-007
         175  0.000000000000000E+000  0.000000000000000E+000
  1.354234999595843E-009  9.092811492051051E-009
 -7.326888424309717E-007 -6.018936251991030E-007
         176  0.000000000000000E+000  0.000000000000000E+000
  1.308011270195804E-009  4.263609680389850E-009
 -8.009308149060621E-007  3.484430554446208E-007
         177  0.000000000000000E+000  0.000000000000000E+000
 -1.643606289326632E-009  1.446680710328546E-009
 -8.239786064750472E-008  8.470439086342416E-007
         178  0.000000000000000E+000  0.000000000000000E+000
 -5.762139223845828E-009  4.960157508797023E-009
  8.013651388288801E-007  4.279243926258160E-007
         179  0.000000000000000E+000  0.000000000000000E+000
 -3.847623279579433E-009  8.383774360630393E-009
  6.340885176980302E-007 -6.011116703915323E-007
         180  0.000000000000000E+000  0.000000000000000E+000
  6.422577930607264E-011  9.804211948032080E-009
 -2.800788452226059E-007 -6.943492637187147E-007
         181  0.000000000000000E+000  0.000000000000000E+000
  1.779527612782156E-009  6.292303985034524E-009
 -6.233378617979296E-007 -2.437275474512374E-008
         182  0.000000000000000E+000  0.000000000000000E+000
  1.151428904975568E-009  5.280088198386969E-009
 -2.299924739628034E-007  4.664195358277571E-007
         183  0.000000000000000E+000  0.000000000000000E+000
 -6.776165959092542E-010  5.097773688541428E-009
  3.575731699939742E-007  3.831725530938933E-007
         184  0.000000000000000E+000  0.000000000000000E+000
  3.475330973091457E-010  5.967377706131520E-009
  4.480521649648351E-007 -2.880106211259395E-007
         185  0.000000000000000E+000  0.000000000000000E+000
 -1.093256894165037E-009  6.201671516640948E-009
 -1.736198350599576E-007 -4.294401500081896E-007
         186  0.000000000000000E+000  0.000000000000000E+000
  7.581719163444631E-010  7.556667735572705E-009
 -3.614764391693838E-007  3.548345634778037E-008
         187  0.000000000000000E+000  0.000000000000000E+000
  1.078633868838855E-009  7.892354831189069E-009
 -6.709575273017068E-008  2.960988701913884E-007
         188  0.000000000000000E+000  0.000000000000000E+000
  2.590068519623223E-009  7.734036096128313E-009
  2.444308283612612E-007  1.911608913865827E-007
         189  0.000000000000000E+000  0.000000000000000E+000
  4.683742028130428E-009  7.784979003518244E-009
  3.454314128970188E-007 -2.451115920117683E-007
         190  0.000000000000000E+000  0.000000000000000E+000
  4.593823533448788E-009  4.594912666957893E-009
 -1.905576698430466E-007 -4.292402760983706E-007
         191  0.000000000000000E+000  0.000000000000000E+000
  3.679422505715964E-009  4.722912918139709E-009
 -4.169775157648122E-007  4.237996781481979E-008
         192  0.000000000000000E+000  0.000000000000000E+000
  2.365322633833151E-009  5.332931676550719E-009
 -1.133032143211383E-007  3.475053145685191E-007
         193  0.000000000000000E+000  0.000000000000000E+000
  3.750472784083849E-009  7.066586828052662E-009
  2.510245422997425E-007  2.465412123758822E-007
         194  0.000000000000000E+000  0.000000000000000E+000
  7.087334458926721E-009  7.181173274478068E-009
  3.759378385575252E-007 -1.861432070449458E-007
         195  0.000000000000000E+000  0.000000000000000E+000
  7.773961689876269E-009  2.268810883520309E-009
 -9.119561981926905E-008 -4.220303507471073E-007
         196  0.000000000000000E+000  0.000000000000000E+000
  4.428274345125671E-009  2.512999814925764E-009
 -3.541061911810767E-007 -6.131363809958249E-008
         197  0.000000000000000E+000  0.000000000000000E+000
  4.542176454594136E-009  3.629504336704162E-009
 -1.890349068846930E-007  2.139942291571746E-007
         198  0.000000000000000E+000  0.000000000000000E+000
  5.900086415499884E-009  4.434831577240837E-009
  7.252359538098004E-008  2.350025216267377E-007
         199  0.000000000000000E+000  0.000000000000000E+000
  7.248956542232347E-009  3.147067688889021E-009
  2.555497322775687E-007  5.110349142090823E-008
         200  0.000000000000000E+000  0.000000000000000E+000
  7.460820519656270E-009  6.724978709669194E-010
  1.482169594727521E-007 -2.506989802565614E-007
         201  0.000000000000000E+000  0.000000000000000E+000
  4.072496455080477E-009 -1.330576411381951E-010
 -1.625614446006469E-007 -2.353781260544066E-007
         202  0.000000000000000E+000  0.000000000000000E+000
  3.889079886292012E-009  3.241434980071927E-009
 -2.791425257895417E-007 -3.046373269288433E-009
         203  0.000000000000000E+000  0.000000000000000E+000
  6.417961275617894E-009  3.700716442001614E-009
 -1.726269108469134E-007  2.438721297494730E-007
         204  0.000000000000000E+000  0.000000000000000E+000
  8.369076320470571E-009  2.189381657206796E-009
  1.445919572391744E-007  2.890015817978268E-007
         205  0.000000000000000E+000  0.000000000000000E+000
  8.560725163305459E-009 -1.518669978724957E-010
  3.630679351099599E-007 -2.094953317560839E-008
         206  0.000000000000000E+000  0.000000000000000E+000
  7.155915515077751E-009 -2.306441618158163E-009
  1.424330452735715E-007 -3.801937962299642E-007
         207  0.000000000000000E+000  0.000000000000000E+000
  4.291568696718846E-009 -2.045915533126764E-009
 -2.923130108349430E-007 -3.488382331598101E-007
         208  0.000000000000000E+000  0.000000000000000E+000
  3.765558034250712E-009  5.583211959239713E-010
 -5.071568865094882E-007  7.547429339984326E-008
         209  0.000000000000000E+000  0.000000000000000E+000
  5.874922138739449E-009  2.055394322049001E-009
 -2.073842318495056E-007  5.221242559878444E-007
         210  0.000000000000000E+000  0.000000000000000E+000
  8.631628147305853E-009  1.018048044594675E-009
  3.831817614469268E-007  4.623720588661414E-007
         211  0.000000000000000E+000  0.000000000000000E+000
  1.014014155504863E-008 -1.976094996769065E-009
  6.513778072346227E-007 -1.406782248090385E-007
         212  0.000000000000000E+000  0.000000000000000E+000
  8.235123094136975E-009 -6.550607600164836E-009
  1.708511590360717E-007 -7.311179957439066E-007
         213  0.000000000000000E+000  0.000000000000000E+000
  2.666415891675935E-009 -5.887740767052202E-009
 -6.275821629024110E-007 -5.181223673951750E-007
         214  0.000000000000000E+000  0.000000000000000E+000
  1.843018886719343E-009 -1.749640384666974E-009
 -7.943050014826253E-007  3.198690346173463E-007
         215  0.000000000000000E+000  0.000000000000000E+000
  4.672645934922563E-009  4.801754824138357E-010
 -1.164404699045929E-007  8.641931167769470E-007
         216  0.000000000000000E+000  0.000000000000000E+000
  8.050011338355327E-009 -1.731417713021615E-010
  7.308464238455253E-007  5.243524875377582E-007
         217  0.000000000000000E+000  0.000000000000000E+000
  1.058301621092221E-008 -5.228362440195784E-009
  7.629742159571319E-007 -4.459211483797908E-007
         218  0.000000000000000E+000  0.000000000000000E+000
  4.624788692786709E-009 -9.624025754579460E-009
 -5.551853341952850E-008 -8.117719602390628E-007
         219  0.000000000000000E+000  0.000000000000000E+000
  1.295068285842383E-009 -5.294360733998667E-009
 -6.716250051281825E-007 -3.634264130226101E-007
         220  0.000000000000000E+000  0.000000000000000E+000
  2.928135149859984E-009 -2.915874105825699E-009
 -6.588097069643147E-007  3.379114532356477E-007
         221  0.000000000000000E+000  0.000000000000000E+000
  4.641776395768412E-009 -3.268102117352075E-009
 -9.821075181553655E-008  7.342622524149034E-007
         222  0.000000000000000E+000  0.000000000000000E+000
  7.028057887018697E-009 -4.417889989449856E-009
  5.527800606485764E-007  4.131089878804878E-007
         223  0.000000000000000E+000  0.000000000000000E+000
  5.212904655644355E-009 -1.019642350337084E-008
  5.273511247425602E-007 -1.832951363605032E-007
         224  0.000000000000000E+000  0.000000000000000E+000
 -6.539041183624804E-010 -6.977908634848153E-009
  2.142925190232862E-007 -4.776079897786248E-007
         225  0.000000000000000E+000  0.000000000000000E+000
  2.108719906886844E-009 -4.117048324226110E-009
 -2.842929295050779E-007 -5.113826047783972E-007
         226  0.000000000000000E+000  0.000000000000000E+000
  3.667838440866799E-009 -6.222512368987659E-009
 -6.560968104722354E-007 -3.175082746337172E-008
         227  0.000000000000000E+000  0.000000000000000E+000
  3.071612597085609E-009 -7.004962173619545E-009
 -3.513498593593961E-007  5.326186342833618E-007
         228  0.000000000000000E+000  0.000000000000000E+000
  1.846714381791028E-009 -1.068781375399906E-008
  1.585383560834825E-007  5.973198438206944E-007
         229  0.000000000000000E+000  0.000000000000000E+000
 -4.827668358658894E-009 -7.500455079398234E-009
  6.692506639628272E-007  2.481270819002113E-007
         230  0.000000000000000E+000  0.000000000000000E+000
 -9.625083052899014E-010 -2.520419994262182E-009
  5.241186067793168E-007 -5.369443278287332E-007
         231  0.000000000000000E+000  0.000000000000000E+000
  2.124098728485674E-009 -5.068037609781961E-009
 -2.917633296553291E-007 -6.622002966805492E-007
         232  0.000000000000000E+000  0.000000000000000E+000
  5.539003853565161E-010 -6.568662456114808E-009
 -6.292841078217906E-007  4.985143339958816E-009
         233  0.000000000000000E+000  0.000000000000000E+000
  8.763771688493285E-010 -7.726250336206307E-009
 -3.023979689802458E-007  4.688630145968940E-007
         234  0.000000000000000E+000  0.000000000000000E+000
 -3.248302321951141E-009 -9.026545097208946E-009
  2.626742230137225E-007  4.836287871055521E-007
         235  0.000000000000000E+000  0.000000000000000E+000
 -3.574628486031344E-009 -4.460423456560041E-009
  4.522096872298880E-007 -9.122897520577876E-008
         236  0.000000000000000E+000  0.000000000000000E+000
 -1.799790512591947E-009 -5.190191658228864E-009
 -8.644679102137269E-009 -2.935110695442417E-007
         237  0.000000000000000E+000  0.000000000000000E+000
 -3.092181848903406E-009 -5.238067799690020E-009
 -1.617274833331687E-007  4.222290007104635E-008
         238  0.000000000000000E+000  0.000000000000000E+000
 -1.334400531933553E-009 -3.059869537518481E-009
  1.140239471547411E-007  7.216684858190245E-008
         239  0.000000000000000E+000  0.000000000000000E+000
  6.122225544010851E-010 -6.823159889046147E-009
  6.650338455583849E-008 -1.351068634410417E-007
         240  0.000000000000000E+000  0.000000000000000E+000
 -3.267573412724840E-009 -8.013793315219870E-009
 -1.217746705980772E-007 -1.827314406002846E-007
         241  0.000000000000000E+000  0.000000000000000E+000
 -4.255307444728452E-009 -7.505057440944277E-009
 -3.819221610856851E-007  6.000634403735401E-008
         242  0.000000000000000E+000  0.000000000000000E+000
 -6.996971032899758E-009 -6.454473027126376E-009
 -1.201679256217157E-007  5.351814517551114E-007
         243  0.000000000000000E+000  0.000000000000000E+000
 -6.996825236364217E-009 -2.004235300503305E-009
  5.479125838129798E-007  3.691860080008351E-007
         244  0.000000000000000E+000  0.000000000000000E+000
 -2.766210433779395E-009 -2.147780618455582E-009
  5.581237150165807E-007 -3.533359713326417E-007
         245  0.000000000000000E+000  0.000000000000000E+000
 -3.243508893662644E-009 -4.536049870628083E-009
 -3.322188756258299E-008 -6.678288709054189E-007
         246  0.000000000000000E+000  0.000000000000000E+000
 -3.627935089077434E-009 -5.779697033308678E-009
 -6.926412418739463E-007 -2.903123208431169E-007
         247  0.000000000000000E+000  0.000000000000000E+000
 -7.041581090063444E-009 -6.668812331587753E-009
 -5.747300108754517E-007  5.830700657040055E-007
         248  0.000000000000000E+000  0.000000000000000E+000
 -9.674457719703738E-009 -2.885674033777475E-009
  3.321739029299221E-007  7.736049827667643E-007
         249  0.000000000000000E+000  0.000000000000000E+000
 -7.153386963532540E-009  2.702393282134498E-010
  7.900806489805984E-007  1.869522739923620E-008
         250  0.000000000000000E+000  0.000000000000000E+000
 -4.910583575706724E-009 -3.937212108863000E-010
  3.528109045734645E-007 -6.384465244297194E-007
         251  0.000000000000000E+000  0.000000000000000E+000
 -4.390083239095124E-009 -1.662888827081507E-009
 -4.065448663688768E-007 -5.574914397993680E-007
         252  0.000000000000000E+000  0.000000000000000E+000
 -5.704677259904899E-009 -2.897125806523465E-009
 -6.217887389191091E-007  1.628149366821655E-007
         253  0.000000000000000E+000  0.000000000000000E+000
 -7.380576898923223E-009 -1.798408788292432E-009
 -8.047608513343841E-008  5.827939876076320E-007
         254  0.000000000000000E+000  0.000000000000000E+000
 -7.173808418947653E-009 -3.164806365221717E-011
  4.408972624791716E-007  2.920246305166589E-007
         255  0.000000000000000E+000  0.000000000000000E+000
 -6.337730376066082E-009  3.090687771593619E-010
  4.116566229108834E-007 -2.082523999196533E-007
         256  0.000000000000000E+000  0.000000000000000E+000
 -6.218302960728227E-009  3.793915123403999E-010
  2.502497310518376E-008 -4.016197461593024E-007
