   5120.00000000000     
         256           1           3
  8.994473019507991E-004   40.8568038370159        112.021952640188     
   18.8300000000000        145.590000000000        6160.02000000000     
           0  0.000000000000000E+000  0.000000000000000E+000
  0.000000000000000E+000  0.000000000000000E+000
  0.000000000000000E+000  0.000000000000000E+000
           1  0.000000000000000E+000  0.000000000000000E+000
  2.446875580177627E-009  1.149284706139486E-010
 -1.816616591830906E-008  2.673394304668268E-011
           2  0.000000000000000E+000  0.000000000000000E+000
  2.394449192025624E-009  4.975605463996518E-010
 -2.042674439603482E-008 -8.330988956429680E-010
           3  0.000000000000000E+000  0.000000000000000E+000
  2.535979448053429E-009  1.119675225318431E-009
 -2.518152619568579E-008  1.146446288795891E-009
           4  0.000000000000000E+000  0.000000000000000E+000
  3.277763330680513E-009  1.923975659676064E-009
 -3.035002424633291E-008  9.363026238975795E-009
           5  0.000000000000000E+000  0.000000000000000E+000
  5.060579146243667E-009  2.307998989512058E-009
 -2.802171277220501E-008  2.478390873098462E-008
           6  0.000000000000000E+000  0.000000000000000E+000
  7.464529553607269E-009  6.878817169872146E-010
 -9.509727089689814E-009  3.735407574596497E-008
           7  0.000000000000000E+000  0.000000000000000E+000
  7.298518596420727E-009 -2.316450776764526E-009
  1.851459803312963E-008  3.034038198624386E-008
           8  0.000000000000000E+000  0.000000000000000E+000
  5.799643154627999E-009 -4.244496523528009E-009
  3.488814056940540E-008 -5.878998463762976E-009
           9  0.000000000000000E+000  0.000000000000000E+000
  3.279409810826650E-009 -4.701085375401607E-009
  5.364489805352872E-009 -5.001097157260770E-008
          10  0.000000000000000E+000  0.000000000000000E+000
  1.921888812116138E-009 -2.893405473206026E-009
 -6.271524346025682E-008 -4.644588663628727E-008
          11  0.000000000000000E+000  0.000000000000000E+000
  3.015301788685026E-009 -2.833690516889629E-009
 -1.046996670558299E-007  2.840274895411438E-008
          12  0.000000000000000E+000  0.000000000000000E+000
  8.785581746190247E-010 -1.271827692274692E-009
 -5.025610502402815E-008  1.291424475120362E-007
          13  0.000000000000000E+000  0.000000000000000E+000
  4.573872730190299E-009  7.072342283413731E-010
  9.319661843920935E-008  1.217913615080097E-007
          14  0.000000000000000E+000  0.000000000000000E+000
  7.330598925041408E-009 -2.857361949593447E-009
  1.586763490250853E-007 -2.887837608032289E-008
          15  0.000000000000000E+000  0.000000000000000E+000
  5.653341071761825E-009 -6.676434182044454E-009
  4.380061957851817E-008 -1.717645223693374E-007
          16  0.000000000000000E+000  0.000000000000000E+000
  2.588731253549499E-009 -9.022279898638593E-009
 -1.585509707774524E-007 -1.364224026998186E-007
          17  0.000000000000000E+000  0.000000000000000E+000
 -5.680124147277516E-009 -6.531215300611242E-009
 -2.309782694993228E-007  9.121015204165256E-008
          18  0.000000000000000E+000  0.000000000000000E+000
 -2.954250308741012E-009  2.934938590966378E-009
 -3.563962533992913E-008  2.642170056937132E-007
          19  0.000000000000000E+000  0.000000000000000E+000
  5.087118227881152E-009  2.888532595475565E-009
  2.144232438025506E-007  1.640010423772038E-007
          20  0.000000000000000E+000  0.000000000000000E+000
  8.119755498048142E-009 -2.885580199336114E-009
  2.463425375392975E-007 -1.124937540257821E-007
          21  0.000000000000000E+000  0.000000000000000E+000
  6.474028325985357E-009 -7.883574854070356E-009
  9.096821075245237E-009 -2.810099290300756E-007
          22  0.000000000000000E+000  0.000000000000000E+000
  4.410622328598136E-010 -1.318216636195497E-008
 -2.706907077983643E-007 -1.427479377582293E-007
          23  0.000000000000000E+000  0.000000000000000E+000
 -8.518441714297586E-009 -3.790023626650100E-009
 -2.548932373658735E-007  1.914833319063208E-007
          24  0.000000000000000E+000  0.000000000000000E+000
 -6.341449283917888E-010  3.282957225721040E-009
  4.052953330241859E-008  3.059651715318842E-007
          25  0.000000000000000E+000  0.000000000000000E+000
  5.749687126683177E-009 -6.988885289836426E-010
  2.677890898437892E-007  1.137978766973607E-007
          26  0.000000000000000E+000  0.000000000000000E+000
  5.765617436152967E-009 -6.252855974785136E-009
  2.104282117970688E-007 -1.695768665064358E-007
          27  0.000000000000000E+000  0.000000000000000E+000
  2.666208649022347E-009 -1.175423206393841E-008
 -6.634437358652980E-008 -2.494934856841607E-007
          28  0.000000000000000E+000  0.000000000000000E+000
 -1.018496859400293E-008 -7.538582284228762E-009
 -2.400634980223303E-007 -2.303032156946986E-008
          29  0.000000000000000E+000  0.000000000000000E+000
 -2.698944341549758E-009  3.625313485808315E-009
 -1.216604888471636E-007  1.725048798455167E-007
          30  0.000000000000000E+000  0.000000000000000E+000
  5.147921730458286E-009 -1.619860175267141E-009
  6.418807736351362E-008  1.816015143669209E-007
          31  0.000000000000000E+000  0.000000000000000E+000
  2.918374626126835E-009 -8.214900726391845E-009
  1.655210516509816E-007  4.055388462463646E-008
          32  0.000000000000000E+000  0.000000000000000E+000
 -1.866744432263475E-009 -9.802211774862031E-009
  9.034576731688012E-008 -1.079126604643763E-007
          33  0.000000000000000E+000  0.000000000000000E+000
 -1.089745956908080E-008 -7.951229800611899E-009
 -6.065959017491777E-008 -8.371801358588946E-008
          34  0.000000000000000E+000  0.000000000000000E+000
 -6.587721504240635E-009  6.303050674069686E-009
 -6.691338292498601E-008  1.506929119744728E-008
          35  0.000000000000000E+000  0.000000000000000E+000
  5.462968018918437E-009  2.609567019538975E-009
 -2.376760079307181E-008  6.007197651352895E-008
          36  0.000000000000000E+000  0.000000000000000E+000
  5.529158945934096E-009 -7.223199756260617E-009
  4.041181865473192E-008  4.905699961260236E-008
          37  0.000000000000000E+000  0.000000000000000E+000
 -1.372793530425480E-009 -1.100403743572828E-008
  4.735314599872078E-008 -2.019588136365300E-008
          38  0.000000000000000E+000  0.000000000000000E+000
 -7.517199814566352E-009 -9.803645299858781E-009
 -3.008471006649064E-008 -3.353812118177979E-008
          39  0.000000000000000E+000  0.000000000000000E+000
 -1.399958613690782E-008  6.044056662203107E-010
 -3.431299930335352E-008  5.883986003680185E-008
          40  0.000000000000000E+000  0.000000000000000E+000
 -1.452180789437555E-009  7.801166935824769E-009
  4.053959083214241E-008  6.347756062284895E-008
          41  0.000000000000000E+000  0.000000000000000E+000
  5.808423477132780E-009 -3.500601823497191E-010
  8.758095093449975E-008  1.923496754836945E-008
          42  0.000000000000000E+000  0.000000000000000E+000
  2.924515657233021E-009 -8.054287607587931E-009
  7.984394424408029E-008 -7.768350206547249E-008
          43  0.000000000000000E+000  0.000000000000000E+000
 -3.304048603078286E-009 -1.059863212988995E-008
 -4.918886393101900E-008 -1.258987500835722E-007
          44  0.000000000000000E+000  0.000000000000000E+000
 -1.269332347808373E-008 -7.453124969739992E-009
 -1.618967408252654E-007  6.936232861127873E-009
          45  0.000000000000000E+000  0.000000000000000E+000
 -9.315865012595399E-009  4.415576963034984E-009
 -8.355064992171369E-008  1.600890461871261E-007
          46  0.000000000000000E+000  0.000000000000000E+000
 -1.504409980395575E-009  3.590431286464222E-009
  1.036773717132325E-007  2.009307321240129E-007
          47  0.000000000000000E+000  0.000000000000000E+000
  8.879197028247730E-010 -7.838408342808315E-010
  2.695137478897194E-007  1.479191568812622E-008
          48  0.000000000000000E+000  0.000000000000000E+000
 -5.303937151711186E-010 -5.003279372772144E-009
  1.507258893652876E-007 -2.523166660393767E-007
          49  0.000000000000000E+000  0.000000000000000E+000
 -6.033599779784812E-009 -6.990591898898038E-009
 -1.690593280807861E-007 -2.529906462949329E-007
          50  0.000000000000000E+000  0.000000000000000E+000
 -9.515971060065468E-009 -7.559569633497757E-010
 -3.122311531184629E-007  4.254488331047071E-008
          51  0.000000000000000E+000  0.000000000000000E+000
 -6.064331421857973E-009  2.691059227449880E-009
 -1.121959730460447E-007  3.276691567036621E-007
          52  0.000000000000000E+000  0.000000000000000E+000
 -2.604969536627394E-009  2.087040071832471E-009
  2.588089107172333E-007  2.710114143856075E-007
          53  0.000000000000000E+000  0.000000000000000E+000
 -1.669121675625853E-009 -8.928060441964495E-010
  3.729851710071052E-007 -9.905290596647311E-008
          54  0.000000000000000E+000  0.000000000000000E+000
 -4.173482426204994E-009 -2.746212126144107E-009
  9.029777924525403E-008 -3.693975438848901E-007
          55  0.000000000000000E+000  0.000000000000000E+000
 -6.908950087694610E-009 -1.088964767784191E-009
 -2.808877519018457E-007 -2.413443581435737E-007
          56  0.000000000000000E+000  0.000000000000000E+000
 -6.666991717955256E-009  2.597868039752884E-009
 -3.341904050428482E-007  1.527266134670782E-007
          57  0.000000000000000E+000  0.000000000000000E+000
 -2.792433088657136E-009  3.410629624955492E-009
 -5.323510910765047E-009  3.689471500291586E-007
          58  0.000000000000000E+000  0.000000000000000E+000
 -1.212653042264000E-009 -9.295029024922723E-011
  3.247847926704899E-007  1.784625599147684E-007
          59  0.000000000000000E+000  0.000000000000000E+000
 -4.501038891345134E-009 -2.642205548521694E-009
  3.116369087612682E-007 -1.906224577514941E-007
          60  0.000000000000000E+000  0.000000000000000E+000
 -8.345667033969744E-009  4.924782977561015E-010
 -1.184250485217493E-008 -3.522004878036615E-007
          61  0.000000000000000E+000  0.000000000000000E+000
 -6.815097930931756E-009  3.553586616778271E-009
 -3.116190278183643E-007 -1.348461248310011E-007
          62  0.000000000000000E+000  0.000000000000000E+000
 -3.989199155200872E-009  6.548088610926350E-009
 -2.216077386378755E-007  2.150811861221677E-007
          63  0.000000000000000E+000  0.000000000000000E+000
  5.975992001001046E-010  3.175370407813497E-009
  8.122577318448284E-008  2.799925640683816E-007
          64  0.000000000000000E+000  0.000000000000000E+000
 -2.112956843984769E-009 -1.560218463390685E-009
  2.883190720806336E-007  8.215878332664474E-008
          65  0.000000000000000E+000  0.000000000000000E+000
 -7.411587248916132E-009  5.398504023921811E-010
  2.344674892137570E-007 -2.126043252743331E-007
          66  0.000000000000000E+000  0.000000000000000E+000
 -4.723159846826597E-009  4.215294048702010E-009
 -8.540560217844977E-008 -3.123882468068086E-007
          67  0.000000000000000E+000  0.000000000000000E+000
 -5.218936514243697E-009  5.835079451291644E-009
 -2.746930967672309E-007 -5.317815767107095E-008
          68  0.000000000000000E+000  0.000000000000000E+000
 -7.632990130196549E-010  5.397288955946718E-009
 -1.908929869080186E-007  1.957665522693086E-007
          69  0.000000000000000E+000  0.000000000000000E+000
 -1.591533129913906E-009  2.298869788558398E-009
  9.831755944618602E-008  2.983419547298678E-007
          70  0.000000000000000E+000  0.000000000000000E+000
 -3.883860859778513E-009  3.053979158316873E-009
  3.553237614350950E-007  3.802537418922331E-008
          71  0.000000000000000E+000  0.000000000000000E+000
 -1.473001375808010E-009  6.278318374271127E-009
  1.903453580338898E-007 -3.314832685304477E-007
          72  0.000000000000000E+000  0.000000000000000E+000
 -2.077522605590337E-009  1.606354598440600E-009
 -2.018317752175190E-007 -2.753739315557955E-007
          73  0.000000000000000E+000  0.000000000000000E+000
 -2.500392818443259E-009  3.826367926585386E-009
 -3.123234117612018E-007  1.457157895808187E-008
          74  0.000000000000000E+000  0.000000000000000E+000
 -3.431017393612983E-009  3.234409454514117E-009
 -1.322299162889910E-007  3.101175004846768E-007
          75  0.000000000000000E+000  0.000000000000000E+000
 -4.090827009257821E-009  5.880137588480535E-009
  2.658085473523152E-007  2.468566658969417E-007
          76  0.000000000000000E+000  0.000000000000000E+000
 -1.868069616221441E-009  8.607983827051843E-009
  3.342628912375178E-007 -1.680426962927008E-007
          77  0.000000000000000E+000  0.000000000000000E+000
  4.606280906578205E-009  4.810258431609261E-009
 -4.424887727869186E-008 -3.420187142776705E-007
          78  0.000000000000000E+000  0.000000000000000E+000
 -1.565997851079163E-010  2.369201532636128E-009
 -2.450131987528942E-007 -9.629021500692145E-008
          79  0.000000000000000E+000  0.000000000000000E+000
 -1.943829875430196E-009  1.882962611373346E-009
 -1.984403891703811E-007  1.720820130011393E-007
          80  0.000000000000000E+000  0.000000000000000E+000
 -4.363731190738831E-009  5.853324350534072E-009
  1.377421147769358E-007  2.395981533627301E-007
          81  0.000000000000000E+000  0.000000000000000E+000
 -9.646959151248657E-010  9.471212719254617E-009
  2.629659575566629E-007 -1.097650973602653E-007
          82  0.000000000000000E+000  0.000000000000000E+000
  6.175438904642033E-009  8.053387118402860E-009
 -7.661496824897184E-008 -2.766613578317042E-007
          83  0.000000000000000E+000  0.000000000000000E+000
  2.328673405548499E-009  1.981206615572480E-009
 -2.325939756694348E-007  2.900285240457824E-008
          84  0.000000000000000E+000  0.000000000000000E+000
  3.659222138805057E-010  2.613659171384593E-009
 -5.639507699410272E-008  2.216623629190501E-007
          85  0.000000000000000E+000  0.000000000000000E+000
 -7.716592644363600E-010  6.009785414418880E-009
  2.682607837853813E-007  1.373007928055369E-007
          86  0.000000000000000E+000  0.000000000000000E+000
  3.495853094009729E-009  6.791671509814037E-009
  2.514652939290107E-007 -2.947815808304191E-007
          87  0.000000000000000E+000  0.000000000000000E+000
  4.831642269685331E-009  4.218572998922582E-009
 -2.318382598685838E-007 -3.882739668746817E-007
          88  0.000000000000000E+000  0.000000000000000E+000
  2.486097059537645E-009 -4.916692865942818E-010
 -4.698086694137256E-007  9.938604062791745E-008
          89  0.000000000000000E+000  0.000000000000000E+000
 -6.351325780913462E-010  3.329529354086544E-009
 -9.866191403183268E-008  4.463314798097635E-007
          90  0.000000000000000E+000  0.000000000000000E+000
  2.436117646925277E-010  6.235469689324112E-009
  3.812485257995978E-007  3.236433217592830E-007
          91  0.000000000000000E+000  0.000000000000000E+000
  4.977758850713065E-009  7.332348836625368E-009
  5.186476193590745E-007 -2.431392589966298E-007
          92  0.000000000000000E+000  0.000000000000000E+000
  7.097367106644434E-009  2.241197316090890E-009
 -4.351283469501636E-009 -6.236613956342956E-007
          93  0.000000000000000E+000  0.000000000000000E+000
  4.560231603096071E-009 -5.461995804928214E-011
 -5.813808256101578E-007 -2.809467621290250E-007
          94  0.000000000000000E+000  0.000000000000000E+000
 -2.421035310465027E-010 -9.878160773554955E-011
 -4.897971169001224E-007  3.901068906444964E-007
          95  0.000000000000000E+000  0.000000000000000E+000
 -3.778158528146823E-010  3.956824531144773E-009
  8.617385034398435E-008  5.926334968141483E-007
          96  0.000000000000000E+000  0.000000000000000E+000
  1.971597017764117E-009  7.134482176041201E-009
  5.884469628861104E-007  2.101878131648824E-007
          97  0.000000000000000E+000  0.000000000000000E+000
  7.047702439151452E-009  5.749212202619117E-009
  4.499877623703652E-007 -4.571675825869051E-007
          98  0.000000000000000E+000  0.000000000000000E+000
  7.004184722275696E-009  1.659030283078183E-009
 -2.077879661468647E-007 -5.936449028093159E-007
          99  0.000000000000000E+000  0.000000000000000E+000
  5.189212878410197E-009 -8.707659788572917E-010
 -5.806403770425922E-007 -8.721094362581440E-008
         100  0.000000000000000E+000  0.000000000000000E+000
  2.571228494680691E-009  3.744664577353414E-010
 -3.387568412216799E-007  4.013656257577224E-007
         101  0.000000000000000E+000  0.000000000000000E+000
  1.764034063258941E-009  2.652092822427817E-009
  1.785270265328871E-007  4.652607005619253E-007
         102  0.000000000000000E+000  0.000000000000000E+000
  4.518787308321657E-009  4.267619883814967E-009
  4.554264649708294E-007  3.080982266893239E-008
         103  0.000000000000000E+000  0.000000000000000E+000
  6.192512221855431E-009  2.524881087086503E-009
  2.094666075656693E-007 -3.535972043201077E-007
         104  0.000000000000000E+000  0.000000000000000E+000
  6.675475938629396E-009  9.972946600030114E-010
 -1.869705330535027E-007 -3.257705872561549E-007
         105  0.000000000000000E+000  0.000000000000000E+000
  5.956626145781428E-009 -1.038636038690290E-010
 -3.433369391715712E-007 -8.322820125313786E-009
         106  0.000000000000000E+000  0.000000000000000E+000
  4.996169123988018E-009 -7.782210447137476E-010
 -1.480044294089789E-007  2.688189601382416E-007
         107  0.000000000000000E+000  0.000000000000000E+000
  4.344509104912498E-009 -1.757093941038013E-010
  1.585521913072920E-007  1.961228749663477E-007
         108  0.000000000000000E+000  0.000000000000000E+000
  4.825998851699010E-009  1.177899019624219E-010
  1.919508222537231E-007 -8.208796359611829E-008
         109  0.000000000000000E+000  0.000000000000000E+000
  5.036218713677798E-009 -4.725148565628957E-010
 -4.065399029685696E-008 -1.889965893291506E-007
         110  0.000000000000000E+000  0.000000000000000E+000
  4.752074545848101E-009 -4.531380727072850E-010
 -1.979327395652590E-007  2.113753536876818E-009
         111  0.000000000000000E+000  0.000000000000000E+000
  5.165984147155473E-009 -7.105206123535280E-011
 -2.603834121828663E-008  2.016120593954375E-007
         112  0.000000000000000E+000  0.000000000000000E+000
  5.977475338227530E-009 -9.141357073812685E-010
  2.080102714742528E-007  5.229428130945429E-008
         113  0.000000000000000E+000  0.000000000000000E+000
  5.992707505531577E-009 -1.446930610822736E-009
  1.217172174449243E-007 -2.354857126835596E-007
         114  0.000000000000000E+000  0.000000000000000E+000
  6.857406034865921E-009 -2.864767968780367E-009
 -2.347446677151496E-007 -2.608688497170670E-007
         115  0.000000000000000E+000  0.000000000000000E+000
  4.159564009879672E-009 -5.348707609286924E-009
 -4.173394552349829E-007  1.374642074739163E-007
         116  0.000000000000000E+000  0.000000000000000E+000
  1.699164303961700E-009 -2.767478256837409E-009
 -5.482412511790235E-008  5.207835497817395E-007
         117  0.000000000000000E+000  0.000000000000000E+000
  4.086716444704296E-009 -1.884147056508266E-010
  5.161395890761244E-007  2.530523104623145E-007
         118  0.000000000000000E+000  0.000000000000000E+000
  5.826402568052930E-009 -1.519786822596575E-009
  4.565295523575477E-007 -3.918525670028797E-007
         119  0.000000000000000E+000  0.000000000000000E+000
  7.874761632400514E-009 -2.979488512647317E-009
 -1.778070619129906E-007 -6.536507039827842E-007
         120  0.000000000000000E+000  0.000000000000000E+000
  6.303104873440820E-009 -9.053337981367565E-009
 -7.704254364508898E-007 -1.207080723269328E-007
         121  0.000000000000000E+000  0.000000000000000E+000
 -4.586942712919823E-010 -6.874738095747607E-009
 -4.649339481991479E-007  7.263325146077260E-007
         122  0.000000000000000E+000  0.000000000000000E+000
  1.264970964219523E-009 -1.466431152534941E-009
  5.298636464880629E-007  7.086960282777369E-007
         123  0.000000000000000E+000  0.000000000000000E+000
  3.869870215061878E-009 -3.377033224393886E-009
  8.181407906375055E-007 -1.938503885407941E-007
         124  0.000000000000000E+000  0.000000000000000E+000
  4.327561525234764E-009 -3.592713277090296E-009
  1.700525689559034E-007 -8.442546262406482E-007
         125  0.000000000000000E+000  0.000000000000000E+000
  5.142067827198837E-009 -7.441284249022671E-009
 -7.666476641468772E-007 -5.024334382107512E-007
         126  0.000000000000000E+000  0.000000000000000E+000
 -1.391963144722729E-009 -7.027974028439011E-009
 -7.639488531119237E-007  5.456582371326776E-007
         127  0.000000000000000E+000  0.000000000000000E+000
  6.409009511699596E-010 -1.268130398749949E-009
  2.431194768851699E-007  8.979830359489636E-007
         128  0.000000000000000E+000  0.000000000000000E+000
  5.657285726350445E-009 -5.287289244024505E-009
  8.210949892304075E-007  9.267630378327993E-008
         129  0.000000000000000E+000  0.000000000000000E+000
  1.520154235525999E-009 -7.845211619191703E-009
  4.143927043264402E-007 -6.509277647001192E-007
         130  0.000000000000000E+000  0.000000000000000E+000
  1.021367427589408E-009 -6.637757473667300E-009
 -4.547221920858514E-007 -6.558699254141424E-007
         131  0.000000000000000E+000  0.000000000000000E+000
 -1.816779758791844E-009 -8.279817603974418E-009
 -7.945219141134126E-007  2.163591096298970E-007
         132  0.000000000000000E+000  0.000000000000000E+000
 -2.639900308433054E-009 -1.687124670991760E-009
 -7.416088167346517E-008  8.095226914987801E-007
         133  0.000000000000000E+000  0.000000000000000E+000
  5.472502584010313E-009 -2.595117427379034E-009
  6.653021703032792E-007  2.967592969867301E-007
         134  0.000000000000000E+000  0.000000000000000E+000
  2.540648825690580E-009 -1.045220824743109E-008
  4.657120239053732E-007 -3.914611144972151E-007
         135  0.000000000000000E+000  0.000000000000000E+000
 -1.744967497279437E-009 -9.174772319943172E-009
 -1.519048050580797E-007 -5.812145287017895E-007
         136  0.000000000000000E+000  0.000000000000000E+000
 -4.292939481599244E-009 -9.523618264626515E-009
 -6.143428617865564E-007 -3.729929154089564E-008
         137  0.000000000000000E+000  0.000000000000000E+000
 -7.451516273812123E-009 -2.605908112959090E-009
 -2.149250197664586E-007  5.371875842466954E-007
         138  0.000000000000000E+000  0.000000000000000E+000
  1.143738304199509E-009 -4.398245786766460E-010
  3.612436441930356E-007  3.098150317296699E-007
         139  0.000000000000000E+000  0.000000000000000E+000
  5.164937192935012E-010 -8.768528036721435E-009
  3.204566828053343E-007 -9.993907360619389E-008
         140  0.000000000000000E+000  0.000000000000000E+000
 -4.788257811059217E-009 -7.468990142525879E-009
  8.226197162698362E-008 -2.968885149978347E-007
         141  0.000000000000000E+000  0.000000000000000E+000
 -5.263038649732649E-009 -5.346949716661099E-009
 -2.431998735709018E-007 -1.511103067329242E-007
         142  0.000000000000000E+000  0.000000000000000E+000
 -6.369264927023054E-009 -2.763122183062010E-009
 -1.678010243182300E-007  1.677252273876632E-007
         143  0.000000000000000E+000  0.000000000000000E+000
 -1.866118355794407E-009 -1.077366279422908E-009
  8.697959832994100E-008  1.651714189888279E-007
         144  0.000000000000000E+000  0.000000000000000E+000
 -1.230244140183168E-009 -6.993418632555303E-009
  9.794683564344455E-008  3.800449169889787E-009
         145  0.000000000000000E+000  0.000000000000000E+000
 -7.439961870044391E-009 -5.987392673173306E-009
  6.422639736509817E-008 -4.468715745811461E-008
         146  0.000000000000000E+000  0.000000000000000E+000
 -6.930890833236060E-009 -1.138463161756014E-009
 -5.735143821433774E-008 -5.957346394790241E-008
         147  0.000000000000000E+000  0.000000000000000E+000
 -3.699615612157106E-009 -5.656724956685510E-010
 -5.858399601966096E-008  1.158146732989143E-007
         148  0.000000000000000E+000  0.000000000000000E+000
 -2.440951143524411E-009 -1.402800430946146E-009
  1.484763440602443E-007  1.009602123130855E-007
         149  0.000000000000000E+000  0.000000000000000E+000
 -1.238870150819604E-009 -4.161022875652375E-009
  1.612518617080835E-007 -1.333516932399254E-007
         150  0.000000000000000E+000  0.000000000000000E+000
 -5.579196698231319E-009 -7.095583597831661E-009
 -7.896010021625052E-008 -1.825420301669535E-007
         151  0.000000000000000E+000  0.000000000000000E+000
 -9.036676247412417E-009 -2.790424658616493E-009
 -2.057955561388804E-007 -2.384882302620571E-008
         152  0.000000000000000E+000  0.000000000000000E+000
 -6.955192219374092E-009  5.113630914763155E-010
 -1.601453092684807E-007  2.179446555621020E-007
         153  0.000000000000000E+000  0.000000000000000E+000
 -4.800551273158475E-009  6.005991481664503E-010
  1.500043962126495E-007  2.916854285809626E-007
         154  0.000000000000000E+000  0.000000000000000E+000
 -2.811786197296925E-009 -1.806743995131040E-010
  3.445949950892522E-007  1.196609914592768E-008
         155  0.000000000000000E+000  0.000000000000000E+000
 -3.029807261332454E-009 -3.591983252448497E-009
  1.845654534330620E-007 -2.697852521250193E-007
         156  0.000000000000000E+000  0.000000000000000E+000
 -6.808953641289786E-009 -3.868290333689763E-009
 -9.986335044809258E-008 -3.013231719806371E-007
         157  0.000000000000000E+000  0.000000000000000E+000
 -8.469406931466981E-009 -1.435244607708500E-009
 -3.258068151619118E-007 -8.463176156807928E-008
         158  0.000000000000000E+000  0.000000000000000E+000
 -8.260062422217602E-009  1.158917042268477E-009
 -2.579059990819189E-007  2.500186651170931E-007
         159  0.000000000000000E+000  0.000000000000000E+000
 -6.301760485527909E-009  2.787924109522580E-009
  6.669216247870396E-008  3.855634038444666E-007
         160  0.000000000000000E+000  0.000000000000000E+000
 -4.026792809291202E-009  2.204725066067414E-009
  3.863474154599954E-007  1.893999882601766E-007
         161  0.000000000000000E+000  0.000000000000000E+000
 -3.872350191969505E-009 -9.262788411737548E-011
  3.962607411273469E-007 -2.102105276839456E-007
         162  0.000000000000000E+000  0.000000000000000E+000
 -5.909124302306696E-009 -7.508002341975741E-010
  7.795384824808724E-008 -4.492269280380549E-007
         163  0.000000000000000E+000  0.000000000000000E+000
 -7.685073945876310E-009  7.702007284575465E-010
 -3.367032862242827E-007 -3.500845800087984E-007
         164  0.000000000000000E+000  0.000000000000000E+000
 -6.999222155539670E-009  2.940535723655861E-009
 -5.211324387644468E-007  1.060335393087212E-007
         165  0.000000000000000E+000  0.000000000000000E+000
 -5.917671273779680E-009  3.579656984574566E-009
 -1.993895124673202E-007  5.544884952950447E-007
         166  0.000000000000000E+000  0.000000000000000E+000
 -4.327886806087680E-009  3.184085098904860E-009
  3.983125789460016E-007  4.981158414624963E-007
         167  0.000000000000000E+000  0.000000000000000E+000
 -5.682052980730291E-009  1.835897230646115E-009
  6.993414812854568E-007 -3.333240576588615E-008
         168  0.000000000000000E+000  0.000000000000000E+000
 -6.895510829769672E-009  3.621049772496506E-009
  4.035077204954945E-007 -6.927780688185607E-007
         169  0.000000000000000E+000  0.000000000000000E+000
 -5.700443972625250E-009  6.154860022174429E-009
 -4.541920585252130E-007 -7.368664783580373E-007
         170  0.000000000000000E+000  0.000000000000000E+000
 -2.857826703653594E-009  4.989888584882035E-009
 -8.734521958680393E-007  7.350415040355983E-008
         171  0.000000000000000E+000  0.000000000000000E+000
 -3.342149744522149E-009  3.526832364959736E-009
 -3.298962618091666E-007  8.083372058831300E-007
         172  0.000000000000000E+000  0.000000000000000E+000
 -5.408546905028253E-009  2.016976854807738E-009
  5.293177029635283E-007  7.180315953533055E-007
         173  0.000000000000000E+000  0.000000000000000E+000
 -8.203976665775377E-009  6.096487258400025E-009
  9.871427511032976E-007 -1.252359106972266E-007
         174  0.000000000000000E+000  0.000000000000000E+000
 -5.027811112117350E-009  1.061094264790997E-008
  3.132590194231563E-007 -9.798497301681982E-007
         175  0.000000000000000E+000  0.000000000000000E+000
  1.350140997409866E-009  9.055701888156429E-009
 -6.998390522377888E-007 -6.686483962587449E-007
         176  0.000000000000000E+000  0.000000000000000E+000
  1.192331473055472E-009  4.284798008502413E-009
 -8.448898827815122E-007  2.939714393624826E-007
         177  0.000000000000000E+000  0.000000000000000E+000
 -1.711763465894941E-009  1.577476201061078E-009
 -1.458630847588865E-007  8.625145919543112E-007
         178  0.000000000000000E+000  0.000000000000000E+000
 -5.744655567379768E-009  5.110078940625336E-009
  7.901175851365723E-007  4.880529190296511E-007
         179  0.000000000000000E+000  0.000000000000000E+000
 -3.727052074924731E-009  8.464662224149396E-009
  6.808128913057718E-007 -5.705268519386282E-007
         180  0.000000000000000E+000  0.000000000000000E+000
  1.547945671218727E-010  9.727061139090641E-009
 -2.395571660524255E-007 -7.222108785937998E-007
         181  0.000000000000000E+000  0.000000000000000E+000
  1.676850356250231E-009  6.182112346317606E-009
 -6.320277532763654E-007 -6.609682571386087E-008
         182  0.000000000000000E+000  0.000000000000000E+000
  9.496608659658951E-010  5.358994715312786E-009
 -2.660627328223273E-007  4.592107145035819E-007
         183  0.000000000000000E+000  0.000000000000000E+000
 -7.722533354212189E-010  5.342583634006649E-009
  3.392853890533733E-007  4.101531392733573E-007
         184  0.000000000000000E+000  0.000000000000000E+000
  4.856892896956622E-010  6.231872820519346E-009
  4.651402333365147E-007 -2.641996560852719E-007
         185  0.000000000000000E+000  0.000000000000000E+000
 -8.192706351076188E-010  6.231772811911645E-009
 -1.488873674311615E-007 -4.365632572709109E-007
         186  0.000000000000000E+000  0.000000000000000E+000
  8.744771717463729E-010  7.350177635465366E-009
 -3.590197191334695E-007  1.302616872263417E-008
         187  0.000000000000000E+000  0.000000000000000E+000
  9.017230496583965E-010  7.734009922355592E-009
 -8.495452836078838E-008  2.852247222677351E-007
         188  0.000000000000000E+000  0.000000000000000E+000
  2.324606359080608E-009  7.844421054627149E-009
  2.265027364692497E-007  2.023108824185415E-007
         189  0.000000000000000E+000  0.000000000000000E+000
  4.605134870563886E-009  8.142189579647013E-009
  3.485758788436432E-007 -2.224483404569701E-007
         190  0.000000000000000E+000  0.000000000000000E+000
  4.854452379253837E-009  4.881304776203109E-009
 -1.674443759454759E-007 -4.230630818378341E-007
         191  0.000000000000000E+000  0.000000000000000E+000
  4.019617300305518E-009  4.673657043489504E-009
 -4.008321677656378E-007  2.368865929661600E-008
         192  0.000000000000000E+000  0.000000000000000E+000
  2.442924237650407E-009  5.081768607548731E-009
 -1.233155586020247E-007  3.229034331361161E-007
         193  0.000000000000000E+000  0.000000000000000E+000
  3.560101732004114E-009  6.950698078912900E-009
  2.216828992829664E-007  2.445785376150486E-007
         194  0.000000000000000E+000  0.000000000000000E+000
  6.899177331712624E-009  7.366924077101007E-009
  3.611499873236254E-007 -1.575306210911025E-007
         195  0.000000000000000E+000  0.000000000000000E+000
  7.865035826041040E-009  2.548362321458555E-009
 -6.991614868344055E-008 -3.960456735542311E-007
         196  0.000000000000000E+000  0.000000000000000E+000
  4.685314934766356E-009  2.598488954229914E-009
 -3.204717741348873E-007 -7.001230608556882E-008
         197  0.000000000000000E+000  0.000000000000000E+000
  4.704257184346314E-009  3.510079518179496E-009
 -1.825160874451283E-007  1.779039946525615E-007
         198  0.000000000000000E+000  0.000000000000000E+000
  5.868615643131075E-009  4.327665566299581E-009
  4.029091779762832E-008  2.133470870018485E-007
         199  0.000000000000000E+000  0.000000000000000E+000
  7.163579922528212E-009  3.200335406116701E-009
  2.214814228098476E-007  7.374227116981435E-008
         200  0.000000000000000E+000  0.000000000000000E+000
  7.510241398442814E-009  8.239859397389392E-010
  1.569788497160092E-007 -2.092714556294007E-007
         201  0.000000000000000E+000  0.000000000000000E+000
  4.244986569551059E-009 -8.136671708525907E-011
 -1.199055525214563E-007 -2.276312586412338E-007
         202  0.000000000000000E+000  0.000000000000000E+000
  4.017246523066897E-009  3.154383883430297E-009
 -2.546842578870200E-007 -4.037031437665987E-008
         203  0.000000000000000E+000  0.000000000000000E+000
  6.400099163455453E-009  3.597857933192665E-009
 -1.983074102992251E-007  2.053651335811228E-007
         204  0.000000000000000E+000  0.000000000000000E+000
  8.279296203145944E-009  2.221124684884441E-009
  9.727975463688971E-008  2.977304249799215E-007
         205  0.000000000000000E+000  0.000000000000000E+000
  8.569532728150561E-009  1.017602213868383E-011
  3.515225431902450E-007  2.776903347662984E-008
         206  0.000000000000000E+000  0.000000000000000E+000
  7.342903928096374E-009 -2.176872358000409E-009
  1.833273666552756E-007 -3.481145164158421E-007
         207  0.000000000000000E+000  0.000000000000000E+000
  4.540679070983891E-009 -2.104025530507473E-009
 -2.435586028197709E-007 -3.724654564067758E-007
         208  0.000000000000000E+000  0.000000000000000E+000
  3.873663406079512E-009  3.434496780643572E-010
 -5.060998197531799E-007  1.848888104568240E-008
         209  0.000000000000000E+000  0.000000000000000E+000
  5.766590455204262E-009  1.886362660322030E-009
 -2.604174099753279E-007  4.932275436324169E-007
         210  0.000000000000000E+000  0.000000000000000E+000
  8.453754564684320E-009  1.068808587995691E-009
  3.294610389388768E-007  4.977280100418152E-007
         211  0.000000000000000E+000  0.000000000000000E+000
  1.012316891332280E-008 -1.739162398098150E-009
  6.574733625490599E-007 -7.196325485809603E-008
         212  0.000000000000000E+000  0.000000000000000E+000
  8.492008219819120E-009 -6.372137450819895E-009
  2.390752262626642E-007 -7.023611712722456E-007
         213  0.000000000000000E+000  0.000000000000000E+000
  2.995726707857019E-009 -5.992225700720258E-009
 -5.666573710420091E-007 -5.680549433491426E-007
         214  0.000000000000000E+000  0.000000000000000E+000
  1.965729058248074E-009 -2.057702016888906E-009
 -8.107288425721741E-007  2.383209491508069E-007
         215  0.000000000000000E+000  0.000000000000000E+000
  4.520613636923077E-009  2.468036686190019E-010
 -2.000015109374212E-007  8.392495459353210E-007
         216  0.000000000000000E+000  0.000000000000000E+000
  7.816573187230658E-009 -1.339849328617799E-010
  6.673246962398157E-007  5.893237720347497E-007
         217  0.000000000000000E+000  0.000000000000000E+000
  1.057092838397806E-008 -4.991239036511792E-009
  7.921072869152145E-007 -3.577323181108341E-007
         218  0.000000000000000E+000  0.000000000000000E+000
  4.846967874217069E-009 -9.504762317019663E-009
  3.596183535403503E-008 -7.962872459129351E-007
         219  0.000000000000000E+000  0.000000000000000E+000
  1.541449702766035E-009 -5.378948680594836E-009
 -6.147543850043964E-007 -4.354547831171068E-007
         220  0.000000000000000E+000  0.000000000000000E+000
  3.047413511466302E-009 -3.133241251053650E-009
 -6.936891175864359E-007  2.546216216029407E-007
         221  0.000000000000000E+000  0.000000000000000E+000
  4.592602410659180E-009 -3.475302881510049E-009
 -1.859873303129918E-007  7.244940054625965E-007
         222  0.000000000000000E+000  0.000000000000000E+000
  6.903047348535804E-009 -4.473927670951017E-009
  5.040004317908394E-007  4.824597377796939E-007
         223  0.000000000000000E+000  0.000000000000000E+000
  5.165095001789891E-009 -1.016949197866924E-008
  5.609530566601753E-007 -1.116413789696216E-007
         224  0.000000000000000E+000  0.000000000000000E+000
 -6.493701754568029E-010 -6.917703577568171E-009
  2.875690028043928E-007 -4.694433256831457E-007
         225  0.000000000000000E+000  0.000000000000000E+000
  2.223871734605074E-009 -4.072494843492235E-009
 -2.412058347523230E-007 -5.659720014127907E-007
         226  0.000000000000000E+000  0.000000000000000E+000
  3.832941019736354E-009 -6.309699467249662E-009
 -6.786963975110241E-007 -9.343807986743186E-008
         227  0.000000000000000E+000  0.000000000000000E+000
  3.135191587436791E-009 -7.189859083536092E-009
 -4.110118578627911E-007  5.209991816064412E-007
         228  0.000000000000000E+000  0.000000000000000E+000
  1.805351534111481E-009 -1.087874940493883E-008
  1.201428732222773E-007  6.372024556953009E-007
         229  0.000000000000000E+000  0.000000000000000E+000
 -4.996169179010243E-009 -7.587978594009121E-009
  6.806493715082046E-007  2.990788077075526E-007
         230  0.000000000000000E+000  0.000000000000000E+000
 -1.048699408280794E-009 -2.433170940191490E-009
  5.712638347663530E-007 -5.213676217275041E-007
         231  0.000000000000000E+000  0.000000000000000E+000
  2.208959896361470E-009 -5.011071231210081E-009
 -2.584702796350781E-007 -6.931499293197587E-007
         232  0.000000000000000E+000  0.000000000000000E+000
  6.455151488662991E-010 -6.650112402396365E-009
 -6.394620866583575E-007 -3.266730115218541E-008
         233  0.000000000000000E+000  0.000000000000000E+000
  8.958958126166755E-010 -7.852061129245843E-009
 -3.331805444966265E-007  4.612235783695003E-007
         234  0.000000000000000E+000  0.000000000000000E+000
 -3.319716994271095E-009 -9.131729749888624E-009
  2.459553832834470E-007  5.024571189658156E-007
         235  0.000000000000000E+000  0.000000000000000E+000
 -3.623851933440228E-009 -4.450126555843414E-009
  4.604355578666398E-007 -7.553437033069014E-008
         236  0.000000000000000E+000  0.000000000000000E+000
 -1.743041512571635E-009 -5.228543829453482E-009
 -2.940977113597879E-010 -2.972025270415358E-007
         237  0.000000000000000E+000  0.000000000000000E+000
 -3.096790706617078E-009 -5.390434399949588E-009
 -1.685923915885012E-007  4.091963678070899E-008
         238  0.000000000000000E+000  0.000000000000000E+000
 -1.471053881911231E-009 -3.149346712936826E-009
  1.144478269295801E-007  8.702103691773065E-008
         239  0.000000000000000E+000  0.000000000000000E+000
  4.971363995352030E-010 -6.788072288177438E-009
  8.826700652193568E-008 -1.289722219588071E-007
         240  0.000000000000000E+000  0.000000000000000E+000
 -3.277638209283376E-009 -7.909634539644871E-009
 -1.018404521303375E-007 -2.050573041127727E-007
         241  0.000000000000000E+000  0.000000000000000E+000
 -4.098764147072474E-009 -7.490062156883336E-009
 -3.955424908370358E-007  2.467575529922606E-008
         242  0.000000000000000E+000  0.000000000000000E+000
 -6.879396977937352E-009 -6.666557590636697E-009
 -1.652342389469150E-007  5.312653415216261E-007
         243  0.000000000000000E+000  0.000000000000000E+000
 -7.122768024603047E-009 -2.265368456964103E-009
  5.219870069033781E-007  4.132336471968877E-007
         244  0.000000000000000E+000  0.000000000000000E+000
 -3.032682398920028E-009 -2.230473999681099E-009
  5.879811535101811E-007 -3.076555280084584E-007
         245  0.000000000000000E+000  0.000000000000000E+000
 -3.460918366680736E-009 -4.401176153568955E-009
  2.384974045860470E-008 -6.728990421639264E-007
         246  0.000000000000000E+000  0.000000000000000E+000
 -3.599424312103375E-009 -5.570303080361111E-009
 -6.694000047407318E-007 -3.460082288112786E-007
         247  0.000000000000000E+000  0.000000000000000E+000
 -6.850648646771895E-009 -6.658426294556105E-009
 -6.154224509371883E-007  5.358979863891244E-007
         248  0.000000000000000E+000  0.000000000000000E+000
 -9.588646701228657E-009 -3.086840960121679E-009
  2.716665157043872E-007  7.893898597401133E-007
         249  0.000000000000000E+000  0.000000000000000E+000
 -7.270542682454513E-009  5.669108856952401E-011
  7.773617593738851E-007  7.850660889233831E-008
         250  0.000000000000000E+000  0.000000000000000E+000
 -5.149057706347054E-009 -4.657330153158143E-010
  3.988466917762249E-007 -6.008279060648217E-007
         251  0.000000000000000E+000  0.000000000000000E+000
 -4.579730365970008E-009 -1.560340565718681E-009
 -3.537501820874598E-007 -5.809318854436475E-007
         252  0.000000000000000E+000  0.000000000000000E+000
 -5.742682230930762E-009 -2.753881615007744E-009
 -6.195242284275828E-007  1.074339203072958E-007
         253  0.000000000000000E+000  0.000000000000000E+000
 -7.320690433789080E-009 -1.736753717825273E-009
 -1.264782789379981E-007  5.574881463988323E-007
         254  0.000000000000000E+000  0.000000000000000E+000
 -7.117271517456726E-009 -7.750547593557677E-011
  4.000583058757312E-007  3.199663614920254E-007
         255  0.000000000000000E+000  0.000000000000000E+000
 -6.359086148999487E-009  2.026681269946240E-010
  4.175991324518351E-007 -1.617695984433874E-007
         256  0.000000000000000E+000  0.000000000000000E+000
 -6.333605528062560E-009  2.957306276608299E-010
  6.727574367583194E-008 -3.864446508705050E-007
