   5120.00000000000     
         256           1           3
  8.994473019507991E-004   39.7000000000000        115.200000000000     
   18.8300000000000        145.590000000000        6160.02000000000     
           0  0.000000000000000E+000  0.000000000000000E+000
  0.000000000000000E+000  0.000000000000000E+000
  0.000000000000000E+000  0.000000000000000E+000
           1  0.000000000000000E+000  0.000000000000000E+000
  2.699271326858690E-009  1.108217302322580E-010
 -2.099410846888661E-008  2.312443862062744E-011
           2  0.000000000000000E+000  0.000000000000000E+000
  2.615500659631790E-009  4.916164720736493E-010
 -2.320717382252506E-008 -1.001365975121121E-009
           3  0.000000000000000E+000  0.000000000000000E+000
  2.687535296257128E-009  1.137663667648732E-009
 -2.817554561333176E-008  3.289098030395654E-010
           4  0.000000000000000E+000  0.000000000000000E+000
  3.316110072094101E-009  2.055523333379552E-009
 -3.475224565599503E-008  7.529505034523976E-009
           5  0.000000000000000E+000  0.000000000000000E+000
  5.030290333223660E-009  2.746087817887696E-009
 -3.614792449166302E-008  2.325700175005958E-008
           6  0.000000000000000E+000  0.000000000000000E+000
  7.677547310493826E-009  1.636834758823410E-009
 -2.227235340495586E-008  4.112537265457441E-008
           7  0.000000000000000E+000  0.000000000000000E+000
  8.356467959053057E-009 -1.056141737505365E-009
  7.023994862508404E-009  4.607794179797453E-008
           8  0.000000000000000E+000  0.000000000000000E+000
  8.010830990934063E-009 -3.502163790311322E-009
  3.944423596960735E-008  2.047470213167070E-008
           9  0.000000000000000E+000  0.000000000000000E+000
  6.076867650475623E-009 -5.577206205510952E-009
  3.744467524292580E-008 -3.388574753837695E-008
          10  0.000000000000000E+000  0.000000000000000E+000
  3.616651587822018E-009 -5.690339332366469E-009
 -2.111480386964587E-008 -7.133309978631033E-008
          11  0.000000000000000E+000  0.000000000000000E+000
  2.096081580769153E-009 -5.991721705597551E-009
 -1.033425206254608E-007 -3.802255543325791E-008
          12  0.000000000000000E+000  0.000000000000000E+000
 -2.331781860620127E-009 -2.308570900966984E-009
 -1.260681477141576E-007  7.957566878273105E-008
          13  0.000000000000000E+000  0.000000000000000E+000
  1.951539023701880E-009  3.522185730594550E-009
 -1.319432842974816E-008  1.708852567957788E-007
          14  0.000000000000000E+000  0.000000000000000E+000
  8.921972370919274E-009  1.672498001221593E-009
  1.400983049317318E-007  1.149383633936823E-007
          15  0.000000000000000E+000  0.000000000000000E+000
  1.137356377762637E-008 -5.180425350303158E-009
  1.793995117193329E-007 -6.322869360575888E-008
          16  0.000000000000000E+000  0.000000000000000E+000
  7.945223557949560E-009 -1.312665991483516E-008
  3.275384934335932E-008 -2.083737571895509E-007
          17  0.000000000000000E+000  0.000000000000000E+000
 -5.786039262095957E-009 -1.375467571520333E-008
 -1.931210599509242E-007 -1.440949471221764E-007
          18  0.000000000000000E+000  0.000000000000000E+000
 -8.994278792054247E-009 -6.337743713673966E-010
 -2.475677604100084E-007  9.252800280826786E-008
          19  0.000000000000000E+000  0.000000000000000E+000
 -5.293742462210115E-010  6.450295351251190E-009
 -7.513883068976152E-008  2.720780995942277E-007
          20  0.000000000000000E+000  0.000000000000000E+000
  8.957342869422652E-009  3.787894616513378E-009
  1.840743285987749E-007  2.255714678380512E-007
          21  0.000000000000000E+000  0.000000000000000E+000
  1.321569681305850E-008 -5.225325063164081E-009
  2.920864843402704E-007 -3.216634167862635E-008
          22  0.000000000000000E+000  0.000000000000000E+000
  6.796213274874568E-009 -1.789079220040380E-008
  1.158264010287217E-007 -2.723104700240483E-007
          23  0.000000000000000E+000  0.000000000000000E+000
 -9.519836310697023E-009 -1.167532595606105E-008
 -1.699337813925714E-007 -2.331577070594005E-007
          24  0.000000000000000E+000  0.000000000000000E+000
 -7.205958712915928E-009  9.724947816857188E-010
 -2.997560963213062E-007  2.627637572262466E-009
          25  0.000000000000000E+000  0.000000000000000E+000
  1.914984966903504E-009  3.812638191527140E-009
 -1.877974475426779E-007  2.570462281387160E-007
          26  0.000000000000000E+000  0.000000000000000E+000
  8.972574195524910E-009 -1.438610421142486E-009
  9.589544176395181E-008  3.132780177805961E-007
          27  0.000000000000000E+000  0.000000000000000E+000
  9.205207219783552E-009 -1.335775524563139E-008
  2.986055381482549E-007  1.038931389380826E-007
          28  0.000000000000000E+000  0.000000000000000E+000
 -9.115822223759089E-009 -1.533822368916540E-008
  2.504304627909268E-007 -1.555854524119227E-007
          29  0.000000000000000E+000  0.000000000000000E+000
 -9.395408901920158E-009 -1.616395230313997E-010
  2.104530129763035E-008 -3.115263823391522E-007
          30  0.000000000000000E+000  0.000000000000000E+000
 -3.744265194360365E-010  2.898192703757929E-009
 -2.768317251666872E-007 -1.912715506974065E-007
          31  0.000000000000000E+000  0.000000000000000E+000
  5.443352128484886E-009 -1.296624907809686E-009
 -3.273020281685784E-007  1.450085686315113E-007
          32  0.000000000000000E+000  0.000000000000000E+000
  6.848531497644698E-009 -9.353527612221305E-009
 -6.668987119921345E-008  3.628071310056524E-007
          33  0.000000000000000E+000  0.000000000000000E+000
 -5.599815706113366E-009 -1.729200982116225E-008
  2.521360041643681E-007  2.780067127584583E-007
          34  0.000000000000000E+000  0.000000000000000E+000
 -1.291022642722589E-008 -3.425622676045051E-009
  3.859360113272474E-007 -6.139974818973095E-008
          35  0.000000000000000E+000  0.000000000000000E+000
 -5.988244233002181E-009  3.036481230369080E-009
  1.278591394218144E-007 -3.548588954984278E-007
          36  0.000000000000000E+000  0.000000000000000E+000
  1.130141681797191E-010  2.710656221403848E-009
 -2.359847087996779E-007 -2.652458512373930E-007
          37  0.000000000000000E+000  0.000000000000000E+000
  4.845676144276963E-009 -1.096811678500746E-009
 -3.335643450023339E-007  7.033625992658300E-008
          38  0.000000000000000E+000  0.000000000000000E+000
  5.314353360627887E-009 -1.056056109751912E-008
 -1.169616320927647E-007  3.139516277421407E-007
          39  0.000000000000000E+000  0.000000000000000E+000
 -8.186135095189951E-009 -1.201766445648592E-008
  2.087920561416816E-007  2.740170165775568E-007
          40  0.000000000000000E+000  0.000000000000000E+000
 -8.834630106778800E-009 -3.763314152285763E-009
  3.172750407583278E-007 -5.429812284026173E-008
          41  0.000000000000000E+000  0.000000000000000E+000
 -7.449250808368240E-009 -1.181812273329146E-009
  8.218120232112547E-008 -2.589562071473682E-007
          42  0.000000000000000E+000  0.000000000000000E+000
 -5.021839243038305E-009  2.014385236054270E-009
 -1.654109914842782E-007 -1.565822052353147E-007
          43  0.000000000000000E+000  0.000000000000000E+000
  1.160661108071293E-009  1.082050361635188E-009
 -1.935880150044616E-007  7.552624860442668E-008
          44  0.000000000000000E+000  0.000000000000000E+000
 -5.749979631628446E-010 -6.015345808219529E-009
 -1.548389463845348E-008  2.111723537839835E-007
          45  0.000000000000000E+000  0.000000000000000E+000
 -1.761673831912322E-009 -4.685084193261031E-009
  1.755206516087922E-007  8.734926613091365E-008
          46  0.000000000000000E+000  0.000000000000000E+000
 -4.362060662109920E-009 -8.404995781227209E-009
  1.224687280086407E-007 -9.264168443105227E-008
          47  0.000000000000000E+000  0.000000000000000E+000
 -1.082922271441868E-008 -5.634670310324501E-009
 -2.312152913297399E-008 -1.161312858986035E-007
          48  0.000000000000000E+000  0.000000000000000E+000
 -1.070237148030648E-008  1.757783383424052E-009
 -1.068782120261266E-007 -1.636864478376818E-008
          49  0.000000000000000E+000  0.000000000000000E+000
 -5.566257173843163E-009  3.987127826982751E-009
 -6.072599910026130E-008  1.099706960619255E-007
          50  0.000000000000000E+000  0.000000000000000E+000
 -7.856651435868462E-010  3.815934165572355E-009
  8.759764153679061E-008  1.191232714663647E-007
          51  0.000000000000000E+000  0.000000000000000E+000
  1.832223522760194E-009 -2.725130758513368E-009
  1.569599475018723E-007 -9.559501383390216E-009
          52  0.000000000000000E+000  0.000000000000000E+000
 -3.599037990113796E-009 -7.437230310626650E-009
  8.346123375296556E-008 -1.406118811107227E-007
          53  0.000000000000000E+000  0.000000000000000E+000
 -1.005802111637114E-008 -4.846930178083982E-009
 -8.383395156306856E-008 -1.473324801858921E-007
          54  0.000000000000000E+000  0.000000000000000E+000
 -1.119362426931742E-008  1.714132498938943E-009
 -1.825898159261890E-007  1.236856179526822E-008
          55  0.000000000000000E+000  0.000000000000000E+000
 -6.589542556067770E-009  5.704698810933143E-009
 -8.187995892378470E-008  1.931982557934025E-007
          56  0.000000000000000E+000  0.000000000000000E+000
 -1.764302540224246E-009  4.419968699179044E-009
  1.449248052712432E-007  2.000831112369555E-007
          57  0.000000000000000E+000  0.000000000000000E+000
 -3.842507964701423E-011 -1.316670819074792E-010
  2.803840764836455E-007 -1.691498271064364E-008
          58  0.000000000000000E+000  0.000000000000000E+000
 -3.564880777413946E-009 -4.026562717398291E-009
  1.415793886201068E-007 -2.619972254895319E-007
          59  0.000000000000000E+000  0.000000000000000E+000
 -9.211033917617342E-009 -2.475986287692007E-009
 -1.581031801552859E-007 -2.557942449807987E-007
          60  0.000000000000000E+000  0.000000000000000E+000
 -1.042956115817160E-008  4.435986410189828E-009
 -3.010937489113514E-007  1.745426636170404E-008
          61  0.000000000000000E+000  0.000000000000000E+000
 -4.146137462252258E-009  6.178235675343101E-009
 -1.440441570023638E-007  2.918441598391399E-007
          62  0.000000000000000E+000  0.000000000000000E+000
 -1.708476039511534E-009  4.780044608765581E-009
  2.246291230319676E-007  2.964823110240600E-007
          63  0.000000000000000E+000  0.000000000000000E+000
 -8.287769925032251E-011  9.320375199322055E-011
  3.847554907277160E-007 -6.742927442384602E-008
          64  0.000000000000000E+000  0.000000000000000E+000
 -5.968792520004313E-009 -3.489060230549122E-009
  1.304888430507083E-007 -3.559969640797743E-007
          65  0.000000000000000E+000  0.000000000000000E+000
 -1.250323929411391E-008  2.939692765943600E-009
 -2.191769224654878E-007 -2.775422105934056E-007
          66  0.000000000000000E+000  0.000000000000000E+000
 -5.202120346461712E-009  1.029269766928307E-008
 -3.476201843153801E-007  4.336019364904144E-008
          67  0.000000000000000E+000  0.000000000000000E+000
 -1.575756119512233E-009  8.997877533496849E-009
 -9.515469091717475E-008  3.512531477726518E-007
          68  0.000000000000000E+000  0.000000000000000E+000
  4.439498365897722E-009  4.608614896502010E-009
  2.593129583254388E-007  2.164006966614812E-007
          69  0.000000000000000E+000  0.000000000000000E+000
  2.314005815844437E-010 -4.179367525217878E-009
  2.988059557215965E-007 -8.313049561672482E-008
          70  0.000000000000000E+000  0.000000000000000E+000
 -1.035421108396830E-008 -2.174593811130528E-009
  1.259666584791422E-007 -2.763740606975614E-007
          71  0.000000000000000E+000  0.000000000000000E+000
 -9.797366206427624E-009  1.018338953438386E-008
 -1.466287598346219E-007 -2.871668769180634E-007
          72  0.000000000000000E+000  0.000000000000000E+000
 -3.556186260673442E-009  9.426157839289830E-009
 -3.347356908493474E-007  2.845153618651086E-009
          73  0.000000000000000E+000  0.000000000000000E+000
  2.322196060036030E-009  1.053908182490902E-008
 -1.423701660624326E-007  2.512585198628887E-007
          74  0.000000000000000E+000  0.000000000000000E+000
  5.075607214118296E-009  1.894223224778342E-009
  1.023923602836771E-007  2.754378890757846E-007
          75  0.000000000000000E+000  0.000000000000000E+000
 -2.700354990108764E-009 -2.270448170258149E-009
  3.418087822928245E-007  1.034782320979570E-007
          76  0.000000000000000E+000  0.000000000000000E+000
 -8.880183265350904E-009  4.849064817040792E-009
  3.335789234816180E-007 -2.799632498908816E-007
          77  0.000000000000000E+000  0.000000000000000E+000
 -6.022731161190036E-010  8.679981339786069E-009
 -9.702013574125912E-008 -4.796055928222133E-007
          78  0.000000000000000E+000  0.000000000000000E+000
 -1.728841556564875E-009  8.063406571972005E-009
 -4.231330396171468E-007 -1.670366976338998E-007
          79  0.000000000000000E+000  0.000000000000000E+000
  2.417615974177006E-009  6.068389722024878E-009
 -4.238664258997987E-007  2.510421717320255E-007
          80  0.000000000000000E+000  0.000000000000000E+000
 -1.229701227946052E-009  3.384000101946947E-009
  1.995596049883066E-008  5.774088690221134E-007
          81  0.000000000000000E+000  0.000000000000000E+000
 -3.384511509236220E-009  8.388817575986933E-009
  5.984740921884322E-007  2.576847767712585E-007
          82  0.000000000000000E+000  0.000000000000000E+000
  6.227700844701984E-009  1.150918204759047E-008
  5.175288819273558E-007 -4.525165973067238E-007
          83  0.000000000000000E+000  0.000000000000000E+000
  4.733762088148496E-009  2.035617040842366E-009
 -1.024939594185916E-007 -6.486942910652189E-007
          84  0.000000000000000E+000  0.000000000000000E+000
  2.120578355337922E-009  8.812524227642920E-010
 -6.320932712300644E-007 -2.944362912010535E-007
          85  0.000000000000000E+000  0.000000000000000E+000
 -3.394636503859885E-009  2.343082238389802E-009
 -5.630613286056358E-007  4.369531865953036E-007
          86  0.000000000000000E+000  0.000000000000000E+000
 -2.933897486200325E-009  9.508960152309438E-009
  1.404303406120729E-007  6.595334465746671E-007
          87  0.000000000000000E+000  0.000000000000000E+000
  4.936453852705445E-009  1.309105149493931E-008
  5.944800238871039E-007  1.584916016615819E-007
          88  0.000000000000000E+000  0.000000000000000E+000
  1.068978139500922E-008  2.671154581096678E-009
  3.928130352896419E-007 -3.668633390711110E-007
          89  0.000000000000000E+000  0.000000000000000E+000
  5.054777525995654E-009 -5.429747872945267E-010
 -5.475907052406331E-008 -5.279732815850309E-007
          90  0.000000000000000E+000  0.000000000000000E+000
  1.012508518594780E-010 -7.078288477663063E-010
 -4.632270356041719E-007 -2.152701286520536E-007
          91  0.000000000000000E+000  0.000000000000000E+000
 -2.199104430137149E-009  4.889804992387584E-009
 -3.532845881685574E-007  2.431415390900445E-007
          92  0.000000000000000E+000  0.000000000000000E+000
  1.910967216158228E-009  8.512649625279575E-009
  9.067439048981798E-009  3.309207591607544E-007
          93  0.000000000000000E+000  0.000000000000000E+000
  8.097093940629604E-009  7.388524721444876E-009
  2.029405040885750E-007  1.393947954918702E-007
          94  0.000000000000000E+000  0.000000000000000E+000
  6.199392428753065E-009 -1.613446172297525E-010
  2.122919134360215E-007 -3.246499388083604E-008
          95  0.000000000000000E+000  0.000000000000000E+000
  2.581795522784903E-009  2.576863318748972E-010
  9.130797798390853E-008 -1.916032750313524E-007
          96  0.000000000000000E+000  0.000000000000000E+000
 -2.799520827597667E-010  3.186997767561365E-009
 -5.608844242347230E-008 -1.402619239908685E-007
          97  0.000000000000000E+000  0.000000000000000E+000
  2.603475859892184E-009  7.663607833783629E-009
 -7.708957593121702E-008 -9.771101441519793E-008
          98  0.000000000000000E+000  0.000000000000000E+000
  7.945494270882049E-009  6.956705811083519E-009
 -1.537244876261552E-007 -6.937460149837382E-008
          99  0.000000000000000E+000  0.000000000000000E+000
  1.034306563654479E-008 -2.899032772094392E-010
 -1.943196896402222E-007  9.115643031396762E-008
         100  0.000000000000000E+000  0.000000000000000E+000
  4.394127360460454E-009 -2.638826257620498E-009
 -4.291507561921586E-008  1.963022495337789E-007
         101  0.000000000000000E+000  0.000000000000000E+000
 -1.746000206328871E-010  1.402691551140894E-010
  1.202836862239591E-007  1.796128496373667E-007
         102  0.000000000000000E+000  0.000000000000000E+000
  1.112053465029490E-009  6.449384735179720E-009
  2.488506402789503E-007 -3.236554211237592E-009
         103  0.000000000000000E+000  0.000000000000000E+000
  7.500063943038510E-009  7.571891141181364E-009
  1.436358942098340E-007 -2.261301847168852E-007
         104  0.000000000000000E+000  0.000000000000000E+000
  1.216467645899006E-008  2.388141985138078E-009
 -8.809592528772046E-008 -2.659140956824165E-007
         105  0.000000000000000E+000  0.000000000000000E+000
  9.554715133282033E-009 -3.294761696623340E-009
 -2.659967895637993E-007 -1.386020891395394E-007
         106  0.000000000000000E+000  0.000000000000000E+000
  4.723377424793314E-009 -4.739693774802431E-009
 -3.213467792855075E-007  1.131199404424011E-007
         107  0.000000000000000E+000  0.000000000000000E+000
  1.044731093797845E-009 -1.510422737060275E-009
 -1.248017778813653E-007  3.499305636386449E-007
         108  0.000000000000000E+000  0.000000000000000E+000
  2.261117507568587E-009  2.886793531850273E-009
  2.276654238850057E-007  3.330455529277597E-007
         109  0.000000000000000E+000  0.000000000000000E+000
  6.393383601048716E-009  3.728381186732257E-009
  4.470541508078429E-007 -1.246273060975206E-008
         110  0.000000000000000E+000  0.000000000000000E+000
  9.434682767838466E-009  1.199759288300874E-009
  2.439613154773356E-007 -4.393863822304748E-007
         111  0.000000000000000E+000  0.000000000000000E+000
  9.155344368797563E-009 -2.503937895625931E-009
 -2.694964668213715E-007 -4.748006777842843E-007
         112  0.000000000000000E+000  0.000000000000000E+000
  6.911792492530714E-009 -4.745551826380372E-009
 -5.874460652714250E-007 -4.039522344836311E-008
         113  0.000000000000000E+000  0.000000000000000E+000
  3.741008222198909E-009 -4.074079402379872E-009
 -3.677160411362184E-007  5.050081899305465E-007
         114  0.000000000000000E+000  0.000000000000000E+000
  3.977388534399056E-009 -1.579895906161113E-009
  2.620103489073497E-007  5.784175446560571E-007
         115  0.000000000000000E+000  0.000000000000000E+000
  4.676083244460824E-009 -1.954793266423156E-009
  6.289455488228237E-007  3.160675445106784E-008
         116  0.000000000000000E+000  0.000000000000000E+000
  5.498046742038638E-009 -1.892678909890325E-009
  2.864365150237119E-007 -5.348353628754268E-007
         117  0.000000000000000E+000  0.000000000000000E+000
  6.388761298472650E-009 -1.729306067430921E-009
 -3.150364023217518E-007 -5.079562520621745E-007
         118  0.000000000000000E+000  0.000000000000000E+000
  7.034765045664905E-009 -3.951560926379922E-009
 -6.271282186675807E-007  3.438787611267658E-008
         119  0.000000000000000E+000  0.000000000000000E+000
  6.740387981884067E-009 -4.433363375007092E-009
 -2.344188328839532E-007  5.681981455340216E-007
         120  0.000000000000000E+000  0.000000000000000E+000
  6.559750360425303E-009 -8.390677335938396E-009
  3.751633680751092E-007  4.021423685182536E-007
         121  0.000000000000000E+000  0.000000000000000E+000
  1.581094740897390E-009 -8.168736483583293E-009
  4.276609410288884E-007 -1.578348523416294E-007
         122  0.000000000000000E+000  0.000000000000000E+000
 -6.042208093251661E-010 -3.575172145885119E-009
  6.903276750287675E-008 -3.900843408363690E-007
         123  0.000000000000000E+000  0.000000000000000E+000
  2.960368101374835E-009 -1.807395985314826E-009
 -3.471615008214817E-007 -2.388938177213099E-007
         124  0.000000000000000E+000  0.000000000000000E+000
  5.611539530434967E-009 -1.729215593100127E-009
 -3.337739915650571E-007  2.287744983514081E-007
         125  0.000000000000000E+000  0.000000000000000E+000
  9.767126249650318E-009 -7.266039576219086E-009
  4.463036389726715E-008  3.369659632319688E-007
         126  0.000000000000000E+000  0.000000000000000E+000
  1.859151999178296E-009 -1.277357592663800E-008
  2.490976660109773E-007  1.083983266685737E-007
         127  0.000000000000000E+000  0.000000000000000E+000
 -4.590411007672089E-009 -7.650734792602823E-009
  2.143429040179922E-007 -9.615405323092413E-008
         128  0.000000000000000E+000  0.000000000000000E+000
 -5.911633071093276E-010 -1.100780039485213E-009
  3.259969267633469E-009 -3.073284795244211E-007
         129  0.000000000000000E+000  0.000000000000000E+000
  3.603661581806720E-009 -1.740471054185923E-009
 -3.242184615611284E-007 -9.631212464601555E-008
         130  0.000000000000000E+000  0.000000000000000E+000
  8.518467490160790E-009 -5.094014258412109E-009
 -2.254180315980958E-007  2.329759817815799E-007
         131  0.000000000000000E+000  0.000000000000000E+000
  4.718975936487093E-009 -1.614179286469260E-008
  4.676077889198837E-008  3.199273713016352E-007
         132  0.000000000000000E+000  0.000000000000000E+000
 -7.342600341305848E-009 -1.255450755032451E-008
  2.931089158823958E-007  1.695003982897338E-007
         133  0.000000000000000E+000  0.000000000000000E+000
 -6.986791311525048E-009 -9.014561539426520E-010
  3.669920460686166E-007 -2.338400566696354E-007
         134  0.000000000000000E+000  0.000000000000000E+000
  1.389160004847046E-009  4.453835439194685E-011
 -1.456992868218454E-007 -4.472847190135140E-007
         135  0.000000000000000E+000  0.000000000000000E+000
  6.993472844650433E-009 -3.630706789464336E-009
 -4.618327557765507E-007 -4.472594421200891E-008
         136  0.000000000000000E+000  0.000000000000000E+000
  6.783748008130426E-009 -1.615206012897395E-008
 -3.116455828130266E-007  4.085404824202145E-007
         137  0.000000000000000E+000  0.000000000000000E+000
 -9.112837368287935E-009 -1.736755222517678E-008
  2.328317326986152E-007  5.536424292827160E-007
         138  0.000000000000000E+000  0.000000000000000E+000
 -1.370771490696750E-008 -3.958886880255643E-009
  7.194645056943531E-007  7.333444241852615E-009
         139  0.000000000000000E+000  0.000000000000000E+000
 -5.714739929170235E-009  1.373429973892019E-009
  2.182150977863000E-007 -7.077466887008818E-007
         140  0.000000000000000E+000  0.000000000000000E+000
  4.618021671763071E-010  7.865201368532540E-010
 -5.748824383808017E-007 -4.547980593093443E-007
         141  0.000000000000000E+000  0.000000000000000E+000
  4.988565014404299E-009 -7.038414761450437E-009
 -7.105003350427127E-007  3.665924678803909E-007
         142  0.000000000000000E+000  0.000000000000000E+000
 -4.271830132919791E-009 -1.354494753220471E-008
  5.604573735635965E-008  8.956265541399335E-007
         143  0.000000000000000E+000  0.000000000000000E+000
 -1.056875116483448E-008 -7.059484584221506E-009
  9.234359759232584E-007  3.417687392824912E-007
         144  0.000000000000000E+000  0.000000000000000E+000
 -7.387211730057026E-009 -2.222346068431790E-009
  6.692104992223771E-007 -7.766385634502304E-007
         145  0.000000000000000E+000  0.000000000000000E+000
 -6.443816415689426E-009 -1.763886519338677E-009
 -4.566351063184194E-007 -8.888783659270344E-007
         146  0.000000000000000E+000  0.000000000000000E+000
 -3.669384543905684E-009 -3.108577988320485E-010
 -1.008350072948103E-006  2.889195406270696E-008
         147  0.000000000000000E+000  0.000000000000000E+000
 -1.470445696280529E-009 -4.085755090867632E-009
 -4.540547266679205E-007  9.672154743490473E-007
         148  0.000000000000000E+000  0.000000000000000E+000
 -5.268195540382160E-009 -5.129211875919152E-009
  6.914249740862936E-007  8.863789030643205E-007
         149  0.000000000000000E+000  0.000000000000000E+000
 -5.547860333505338E-009 -3.070065603419669E-009
  1.141493271212219E-006 -2.186711966683873E-007
         150  0.000000000000000E+000  0.000000000000000E+000
 -5.077455149977555E-009 -4.438728400569171E-009
  2.915487401961626E-007 -1.100255494170253E-006
         151  0.000000000000000E+000  0.000000000000000E+000
 -7.673934886229210E-009 -3.292358428945545E-009
 -7.946341362189737E-007 -7.322229475263131E-007
         152  0.000000000000000E+000  0.000000000000000E+000
 -6.455070918164299E-009 -1.225010111680358E-009
 -1.010461923331897E-006  3.318691302941443E-007
         153  0.000000000000000E+000  0.000000000000000E+000
 -6.374864694221258E-009 -2.058991067006674E-009
 -1.976518335268450E-007  1.049143357708734E-006
         154  0.000000000000000E+000  0.000000000000000E+000
 -6.399888451077540E-009 -5.987404032145886E-010
  8.013164499930826E-007  6.747637300848652E-007
         155  0.000000000000000E+000  0.000000000000000E+000
 -4.721782306829121E-009 -1.311709841822202E-009
  9.185745906097784E-007 -3.317858275793385E-007
         156  0.000000000000000E+000  0.000000000000000E+000
 -6.586695314581677E-009 -2.814909302615228E-009
  1.898142417239571E-007 -8.478271329428125E-007
         157  0.000000000000000E+000  0.000000000000000E+000
 -8.137085765962343E-009 -9.987303422897914E-010
 -5.440858063671281E-007 -5.566177390883345E-007
         158  0.000000000000000E+000  0.000000000000000E+000
 -7.512708219785284E-009  6.134898107257040E-010
 -6.861052684413752E-007  1.406880355343926E-007
         159  0.000000000000000E+000  0.000000000000000E+000
 -6.423332157847908E-009  9.397884229962985E-010
 -2.507143966265440E-007  5.864348512262525E-007
         160  0.000000000000000E+000  0.000000000000000E+000
 -6.133740770545231E-009  3.526301731541115E-010
  2.945195065101188E-007  5.253952565044193E-007
         161  0.000000000000000E+000  0.000000000000000E+000
 -7.015188360515778E-009 -3.224966794393150E-010
  5.672337189586766E-007  9.057950527979437E-008
         162  0.000000000000000E+000  0.000000000000000E+000
 -9.066150045934555E-009  1.032658641993840E-009
  4.038939340902091E-007 -3.505430262372478E-007
         163  0.000000000000000E+000  0.000000000000000E+000
 -8.449154558845561E-009  4.532381042605600E-009
 -4.551768448622924E-009 -5.043252591162510E-007
         164  0.000000000000000E+000  0.000000000000000E+000
 -4.427045874592080E-009  4.834624295474521E-009
 -3.870562004799216E-007 -2.860821462455476E-007
         165  0.000000000000000E+000  0.000000000000000E+000
 -3.849656603593088E-009  1.786165918394933E-009
 -4.353275590055011E-007  1.566194388192157E-007
         166  0.000000000000000E+000  0.000000000000000E+000
 -5.246481860715513E-009  9.803549467777022E-010
 -8.066393870376270E-008  4.161623884565282E-007
         167  0.000000000000000E+000  0.000000000000000E+000
 -7.631313691580072E-009 -2.196301486580718E-010
  2.384067965317031E-007  2.931853545472501E-007
         168  0.000000000000000E+000  0.000000000000000E+000
 -1.169060864263669E-008  3.417443057539043E-009
  3.905024329022018E-007  3.070433419264858E-008
         169  0.000000000000000E+000  0.000000000000000E+000
 -8.892035257501674E-009  1.016500273665093E-008
  2.643956073515048E-007 -2.986201198578368E-007
         170  0.000000000000000E+000  0.000000000000000E+000
 -2.591142435873291E-009  8.918470313570227E-009
 -7.719030234748508E-008 -3.381322353601002E-007
         171  0.000000000000000E+000  0.000000000000000E+000
 -1.779257010006997E-009  6.233224050951794E-009
 -2.246483292677199E-007 -1.024837472320536E-007
         172  0.000000000000000E+000  0.000000000000000E+000
 -5.787770834776841E-010  2.612473296205040E-009
 -2.093505945227952E-007  1.955927856592843E-008
         173  0.000000000000000E+000  0.000000000000000E+000
 -7.207905666372025E-009  1.210497706164081E-010
 -1.271484097314238E-007  2.326272045776499E-007
         174  0.000000000000000E+000  0.000000000000000E+000
 -1.065603317983337E-008  7.984919386119621E-009
  1.498698167079874E-007  2.069864884354043E-007
         175  0.000000000000000E+000  0.000000000000000E+000
 -4.366831101404659E-009  1.151031139064437E-008
  2.266629601255680E-007  2.676742354316461E-008
         176  0.000000000000000E+000  0.000000000000000E+000
 -1.661101830888885E-009  1.088529801244047E-008
  2.201474979409923E-007 -1.304767065508126E-007
         177  0.000000000000000E+000  0.000000000000000E+000
  3.816424855356333E-009  8.393200808550628E-009
  1.352026849496120E-008 -3.570993185268758E-007
         178  0.000000000000000E+000  0.000000000000000E+000
  1.103196497753249E-010  1.073770613973167E-009
 -3.186676027141787E-007 -8.861717920040862E-008
         179  0.000000000000000E+000  0.000000000000000E+000
 -6.510838734813527E-009  4.814588622911288E-009
 -9.558034873598173E-008  1.907064601868763E-007
         180  0.000000000000000E+000  0.000000000000000E+000
 -2.911294387949416E-009  1.091171989384790E-008
  1.026949514193198E-007  8.755061765421172E-008
         181  0.000000000000000E+000  0.000000000000000E+000
  7.484534420282320E-010  9.022718343919244E-009
  9.622855785257002E-008 -7.348533600264845E-008
         182  0.000000000000000E+000  0.000000000000000E+000
  2.508793573221752E-009  8.084991158533748E-009
 -4.290843499286718E-008 -1.453931981033445E-007
         183  0.000000000000000E+000  0.000000000000000E+000
  1.416307116312821E-009  2.546530448043916E-009
 -2.354355410766515E-007  9.076778295395169E-008
         184  0.000000000000000E+000  0.000000000000000E+000
 -5.425142062615172E-009  5.484213359571097E-009
  1.681784464116959E-007  3.294313208363196E-007
         185  0.000000000000000E+000  0.000000000000000E+000
 -2.842064606760548E-009  1.376860478446340E-008
  4.394445697003490E-007 -1.377028579565842E-007
         186  0.000000000000000E+000  0.000000000000000E+000
  6.310645806572410E-009  1.218830984828249E-008
  6.257858513010423E-008 -5.047531643608946E-007
         187  0.000000000000000E+000  0.000000000000000E+000
  6.833477038238395E-009  6.193599741215211E-009
 -4.259665370851524E-007 -3.359904763020728E-007
         188  0.000000000000000E+000  0.000000000000000E+000
  5.013363265834270E-009  1.604927707591441E-009
 -6.100008163776621E-007  1.974587060736443E-007
         189  0.000000000000000E+000  0.000000000000000E+000
 -3.528315944968001E-009  2.692796592645743E-009
 -3.853219015637814E-008  7.729663597595577E-007
         190  0.000000000000000E+000  0.000000000000000E+000
 -3.125310507044993E-009  1.297501562937170E-008
  7.574538940703867E-007  2.951112045830877E-007
         191  0.000000000000000E+000  0.000000000000000E+000
  7.769333545187484E-009  1.470301502328075E-008
  5.896332137792095E-007 -5.626813760079182E-007
         192  0.000000000000000E+000  0.000000000000000E+000
  1.154247278147859E-008  7.339783284674817E-009
 -2.046268924809646E-007 -8.119937734097676E-007
         193  0.000000000000000E+000  0.000000000000000E+000
  1.017996317279909E-008  1.174938380725231E-009
 -8.657980841655333E-007 -2.391139537163688E-007
         194  0.000000000000000E+000  0.000000000000000E+000
  2.444337203853494E-009 -2.175280332435216E-010
 -5.516676786473519E-007  7.290064471942300E-007
         195  0.000000000000000E+000  0.000000000000000E+000
  7.714308631771228E-010  6.655160531285033E-009
  4.447207248711902E-007  6.912994168958988E-007
         196  0.000000000000000E+000  0.000000000000000E+000
  6.840534449077824E-009  9.584726224303870E-009
  7.186510585238108E-007 -1.079228583741751E-007
         197  0.000000000000000E+000  0.000000000000000E+000
  1.059004129562583E-008  4.533538474961609E-009
  2.247752847943835E-007 -6.415297980798647E-007
         198  0.000000000000000E+000  0.000000000000000E+000
  8.436577543324775E-009  1.034726073098545E-009
 -4.183922922364387E-007 -4.953423740303768E-007
         199  0.000000000000000E+000  0.000000000000000E+000
  5.070013112492165E-009  3.367294253868565E-010
 -6.083575903842281E-007  1.250214369081597E-007
         200  0.000000000000000E+000  0.000000000000000E+000
  3.875946907273083E-009  4.027977979216435E-009
 -1.413565671933499E-007  5.092096127959732E-007
         201  0.000000000000000E+000  0.000000000000000E+000
  7.330715796828872E-009  5.408255338291034E-009
  2.892517862765395E-007  3.165741488277817E-007
         202  0.000000000000000E+000  0.000000000000000E+000
  1.026314676440808E-008  2.882271335323668E-009
  3.902975954781170E-007 -4.293488306599610E-008
         203  0.000000000000000E+000  0.000000000000000E+000
  9.085141791162853E-009 -9.543944394875777E-010
  2.000890356124837E-007 -3.584572198602975E-007
         204  0.000000000000000E+000  0.000000000000000E+000
  6.163493751268980E-009 -1.383322590252174E-009
 -1.939000048929388E-007 -4.079407151537515E-007
         205  0.000000000000000E+000  0.000000000000000E+000
  4.358077670968090E-009  4.404627225660025E-010
 -4.679838273003086E-007 -7.919295921365452E-008
         206  0.000000000000000E+000  0.000000000000000E+000
  5.872707000364608E-009  3.046531727405884E-009
 -3.541520246875505E-007  3.277430243080321E-007
         207  0.000000000000000E+000  0.000000000000000E+000
  8.944641035797662E-009  2.391742033336238E-009
  6.226896578662295E-008  5.019666556272117E-007
         208  0.000000000000000E+000  0.000000000000000E+000
  1.009179170009666E-008 -2.628081568102154E-010
  4.882093660910583E-007  2.228829464423228E-007
         209  0.000000000000000E+000  0.000000000000000E+000
  9.118318086277497E-009 -2.581378302936191E-009
  4.717746112055594E-007 -3.326520106944621E-007
         210  0.000000000000000E+000  0.000000000000000E+000
  7.586194100599689E-009 -3.442237562680375E-009
 -4.586709410325304E-008 -6.397541966072533E-007
         211  0.000000000000000E+000  0.000000000000000E+000
  6.147912106055381E-009 -3.222072561201293E-009
 -6.267515424550030E-007 -3.113078005106155E-007
         212  0.000000000000000E+000  0.000000000000000E+000
  5.890953907992862E-009 -2.776240274899046E-009
 -6.009277555818596E-007  3.769706532820694E-007
         213  0.000000000000000E+000  0.000000000000000E+000
  5.490179608436705E-009 -1.846999061314392E-009
 -8.569636086796078E-009  6.890084388751520E-007
         214  0.000000000000000E+000  0.000000000000000E+000
  7.004844961195363E-009 -1.519414420377082E-009
  5.527704672109718E-007  3.552210584548972E-007
         215  0.000000000000000E+000  0.000000000000000E+000
  8.411764556478063E-009 -2.553098876234753E-009
  5.602578524975014E-007 -2.984399379501435E-007
         216  0.000000000000000E+000  0.000000000000000E+000
  8.072008095302038E-009 -5.057806496433158E-009
 -7.194201093749623E-009 -5.623732585548978E-007
         217  0.000000000000000E+000  0.000000000000000E+000
  7.336763093270197E-009 -5.804020907125295E-009
 -3.690385095681376E-007 -2.762823481218826E-007
         218  0.000000000000000E+000  0.000000000000000E+000
  5.142548087273863E-009 -7.712533169989245E-009
 -4.277480181663901E-007  3.590997639346400E-008
         219  0.000000000000000E+000  0.000000000000000E+000
  3.165101434880704E-009 -5.662702997653194E-009
 -2.944697241883256E-007  3.308790395198255E-007
         220  0.000000000000000E+000  0.000000000000000E+000
  3.457359533500013E-009 -4.045653806247794E-009
  4.532046987349733E-008  4.555313188688252E-007
         221  0.000000000000000E+000  0.000000000000000E+000
  5.618224159406352E-009 -3.949404869560309E-009
  3.312622048082660E-007  2.547644334897922E-007
         222  0.000000000000000E+000  0.000000000000000E+000
  6.514380581997658E-009 -4.829431189850551E-009
  4.723137585252680E-007 -2.506060932315773E-008
         223  0.000000000000000E+000  0.000000000000000E+000
  7.894943110475666E-009 -8.834074831231359E-009
  3.057532311999514E-007 -5.269059425828888E-007
         224  0.000000000000000E+000  0.000000000000000E+000
  2.838693245518986E-009 -1.079116370588663E-008
 -3.712405166409731E-007 -5.815276598672870E-007
         225  0.000000000000000E+000  0.000000000000000E+000
  4.488717100147429E-010 -8.826041562485570E-009
 -7.225679179856908E-007  2.681891662392337E-008
         226  0.000000000000000E+000  0.000000000000000E+000
  7.225117989861635E-010 -6.580141210692017E-009
 -4.029251827457723E-007  5.924946111710238E-007
         227  0.000000000000000E+000  0.000000000000000E+000
  9.826644967406137E-010 -5.891416331300078E-009
  2.646955447515969E-007  7.526701512071492E-007
         228  0.000000000000000E+000  0.000000000000000E+000
  4.081704586226218E-009 -6.771175680144533E-009
  8.196816375905129E-007  8.654895058104792E-008
         229  0.000000000000000E+000  0.000000000000000E+000
  8.773592358934388E-010 -1.048102456268992E-008
  3.501319554283192E-007 -6.272236897088757E-007
         230  0.000000000000000E+000  0.000000000000000E+000
 -1.808870852023011E-009 -8.630661502122555E-009
 -3.358087606464014E-007 -4.850280325490504E-007
         231  0.000000000000000E+000  0.000000000000000E+000
 -1.981886702292942E-009 -6.032006467656988E-009
 -4.731741474243487E-007  2.716673681190667E-008
         232  0.000000000000000E+000  0.000000000000000E+000
 -9.205654038504590E-010 -5.387812460894373E-009
 -2.042711211929410E-007  3.789082896318598E-007
         233  0.000000000000000E+000  0.000000000000000E+000
  2.346960058041171E-009 -5.201484924025337E-009
  2.195579639520352E-007  2.147445351641215E-007
         234  0.000000000000000E+000  0.000000000000000E+000
  1.281786634425717E-009 -1.236416128465182E-008
  3.468353990002814E-008 -8.837665055487069E-008
         235  0.000000000000000E+000  0.000000000000000E+000
 -6.673343092785360E-009 -1.033049311859862E-008
 -1.043132724492481E-007  1.647592802186731E-007
         236  0.000000000000000E+000  0.000000000000000E+000
 -7.241392545537477E-009 -3.952576154342368E-009
  2.310536021041133E-007  2.641461916717811E-007
         237  0.000000000000000E+000  0.000000000000000E+000
 -2.081796313839130E-009 -1.060610290075462E-009
  4.062582049154852E-007 -1.330764915173548E-007
         238  0.000000000000000E+000  0.000000000000000E+000
  2.108910691036563E-009 -3.130680266715134E-009
  1.334824804423511E-007 -4.612267779873534E-007
         239  0.000000000000000E+000  0.000000000000000E+000
  4.294666682734023E-009 -1.048835661488740E-008
 -4.343733856881495E-007 -4.655876950777312E-007
         240  0.000000000000000E+000  0.000000000000000E+000
 -5.758867701744147E-009 -1.537336856954569E-008
 -7.438246522829169E-007  2.606121352749153E-007
         241  0.000000000000000E+000  0.000000000000000E+000
 -1.179345110469376E-008 -7.776138105524910E-009
 -9.319113436494086E-008  8.495490197762947E-007
         242  0.000000000000000E+000  0.000000000000000E+000
 -8.824609167350424E-009 -8.693318178191907E-010
  6.971740345421882E-007  4.866556905278548E-007
         243  0.000000000000000E+000  0.000000000000000E+000
 -3.453529170264382E-009 -2.196071443595485E-010
  7.555408506101463E-007 -2.971211738473062E-007
         244  0.000000000000000E+000  0.000000000000000E+000
  1.018028942249487E-009 -4.338496296442967E-009
  1.346723862562850E-007 -8.300139811043830E-007
         245  0.000000000000000E+000  0.000000000000000E+000
 -3.700926006207454E-009 -1.123321870217313E-008
 -6.969262106400779E-007 -4.510289991523598E-007
         246  0.000000000000000E+000  0.000000000000000E+000
 -1.035560749286735E-008 -7.893099455341846E-009
 -6.372778526450344E-007  4.068409185560559E-007
         247  0.000000000000000E+000  0.000000000000000E+000
 -1.043462891196787E-008 -2.463683435358893E-009
  4.435461421717281E-008  6.626570289253284E-007
         248  0.000000000000000E+000  0.000000000000000E+000
 -7.571703398354567E-009 -5.593565551494818E-010
  4.965952178065022E-007  2.943229521837946E-007
         249  0.000000000000000E+000  0.000000000000000E+000
 -4.849274328384353E-009 -1.096272380192554E-009
  4.526804865362978E-007 -2.268686203043252E-007
         250  0.000000000000000E+000  0.000000000000000E+000
 -5.377336098788004E-009 -4.586416289604768E-009
  2.031056583073883E-008 -3.788981087639647E-007
         251  0.000000000000000E+000  0.000000000000000E+000
 -9.275059295475260E-009 -3.270309171525230E-009
 -1.857094821482211E-007 -1.560273974687666E-007
         252  0.000000000000000E+000  0.000000000000000E+000
 -8.636521146925421E-009  5.432455144825016E-011
 -1.792941493243722E-007 -2.144177883986255E-009
         253  0.000000000000000E+000  0.000000000000000E+000
 -6.276579140390523E-009  4.473059592729472E-010
 -1.503880342180818E-007  1.187498241422592E-007
         254  0.000000000000000E+000  0.000000000000000E+000
 -5.882796248635422E-009 -9.656393673573838E-010
 -6.755590493173553E-009  2.375584545591958E-007
         255  0.000000000000000E+000  0.000000000000000E+000
 -6.853023242947766E-009 -1.537308450541544E-009
  2.084845224130668E-007  1.721870327181057E-007
         256  0.000000000000000E+000  0.000000000000000E+000
 -8.316364293428819E-009 -1.064847423862799E-009
  2.879877320587769E-007 -6.091542844131830E-008
