   409.600000000000     
         256           1           3
  1.124309127438499E-002   40.8517419492072        111.743254583923     
   39.0000000000000        116.000000000000        6351.00000000000     
           0  0.000000000000000E+000  0.000000000000000E+000
  0.000000000000000E+000  0.000000000000000E+000
  0.000000000000000E+000  0.000000000000000E+000
           1 -3.174050491341293E-008  2.537721482182491E-008
 -1.086814493749756E-006  4.973416396502806E-008
  2.154243621150032E-006 -2.503082702161375E-007
           2 -8.577138822034741E-009  5.310653190440165E-008
 -1.159941849275529E-006  1.353002143526168E-007
  2.115039943296992E-006 -6.770296879812534E-007
           3  7.307380711153828E-008  8.884797011259970E-008
 -1.263024134403727E-006  3.676866376633181E-007
  1.789668552008627E-006 -1.008994302761629E-006
           4  2.390540288199455E-007 -1.215780994395317E-007
 -1.052569595185776E-006  7.863443134396346E-007
  1.490341509639254E-006 -1.064327407377247E-006
           5 -2.115064612741214E-007 -4.877733319134606E-007
 -4.703810524053044E-007  6.723420055355214E-007
  1.334987526233170E-006 -1.176650099449297E-006
           6 -8.655260397223130E-007  3.299517790681079E-007
 -6.943488852219819E-007  7.282346229823790E-008
  9.351551296171533E-007 -1.259064569142499E-006
           7  4.328806593371228E-007  1.378150168278782E-006
 -1.325563911261870E-006  7.194827701010507E-007
  5.599831739264385E-007 -8.489568606053317E-007
           8  1.984374425462759E-006 -4.871469777426784E-007
  1.568077108533127E-008  1.396432659035109E-006
  9.179918116968550E-007 -2.332429979343932E-007
           9 -4.856974542308651E-007 -2.573289738224907E-006
  7.252242915730590E-007 -1.045012169488045E-006
  1.894844970872187E-006 -4.165045207960311E-007
          10 -3.051411493532652E-006  5.033650769165612E-007
 -3.302280631956760E-006 -2.025534317614907E-006
  2.156542452467619E-006 -1.686284783501153E-006
          11  7.563499896306278E-007  3.332078062955129E-006
 -5.106994637332573E-006  3.798160434134150E-006
  1.049000460775773E-006 -2.509707348145608E-006
          12  3.379429653190609E-006 -1.476524473462462E-006
  2.078816357077330E-006  6.733456629429315E-006
  1.140897302213377E-007 -1.962103558668046E-006
          13 -2.847796564142932E-006 -3.285644936058002E-006
  5.961797256801723E-006 -1.138122213817947E-006
  1.746004576764145E-007 -1.272599140302982E-006
          14 -3.245499381125780E-006  4.960316634764189E-006
 -2.250681441250736E-006 -5.176025750194932E-006
  6.283610655771156E-007 -1.291018891930873E-006
          15  7.796148835866010E-006  3.322353510015732E-006
 -5.472635774308328E-006  3.132545383816512E-006
  7.392415775810292E-007 -1.602505097568864E-006
          16  3.357921835090324E-006 -1.098113306938211E-005
  2.747104953049806E-006  4.183887925649369E-006
  8.136519010606174E-007 -1.989912936393722E-006
          17 -1.401711719474129E-005 -3.093572865852592E-006
 -1.770911569096092E-007 -3.740969160982518E-006
  3.589866490146444E-007 -2.878521883972978E-006
          18 -1.944241306834251E-006  1.639551024067805E-005
 -8.062700964097742E-006  5.078069437006537E-006
 -1.165903148412243E-006 -3.018446363053050E-006
          19  1.744209126657418E-005 -8.030016022065986E-007
  7.691872469242560E-006  1.268594621237109E-005
 -1.995623795329337E-006 -1.369539356704093E-006
          20 -5.476352660819457E-006 -1.630960024844251E-005
  1.385810417584559E-005 -9.544382438149573E-006
 -5.767443779175743E-007 -3.001724267344125E-007
          21 -1.227857790203192E-005  1.156161773046365E-005
 -1.316496857263416E-005 -1.140882932007045E-005
  3.125674868720119E-007 -1.834627760078157E-006
          22  1.760642040579016E-005  4.869995809619393E-006
 -7.507473256645868E-006  1.684357781795292E-005
 -1.371442026716588E-006 -2.539480473900503E-006
          23 -5.714912610147569E-006 -2.086684484271629E-005
  1.658729438699485E-005  1.618688318327997E-006
 -2.004241710565410E-006 -1.106716519334541E-006
          24 -1.813660556290603E-005  1.745492136473463E-005
 -7.436439392543348E-006 -1.134945067775571E-005
 -1.256506932007389E-006 -8.912120418143727E-007
          25  2.624819543277896E-005  7.639690618414437E-006
 -3.292611777815611E-006  1.644904990646094E-005
 -1.723913913777538E-006 -1.005497810508717E-006
          26 -8.835068054271385E-006 -2.686949394473628E-005
  1.845838129377709E-005 -6.199983192860623E-006
 -1.389359589976668E-006 -1.498876511458190E-007
          27 -1.582078585601205E-005  2.474407671854757E-005
 -1.567828353182988E-005 -1.041574788678188E-005
 -8.418978132361604E-007 -9.596581991229724E-007
          28  3.057589935253010E-005 -4.741622798798861E-006
  3.480433174314853E-006  2.033445376211455E-005
 -2.067238216284551E-006 -8.885886570943109E-007
          29 -2.501890706001563E-005 -1.984701907984116E-005
  1.392774537141307E-005 -1.564490745309360E-005
 -1.478087775494311E-006  2.409414361030015E-007
          30  4.037706079380957E-006  3.199512417610033E-005
 -1.962991303977100E-005  2.306976060464468E-006
 -1.165146346460226E-006 -6.431168258082550E-007
          31  1.892904509499255E-005 -2.703759648919385E-005
  1.737113227845515E-005  1.228401483232725E-005
 -1.979745468700332E-006 -2.253387991502534E-008
          32 -3.291890024663310E-005  7.195604279862759E-006
 -3.931556660849027E-006 -1.984193846751978E-005
 -1.041045169015850E-006  1.744509424741804E-007
          33  2.829784405097613E-005  1.610490339044332E-005
 -8.547596969009036E-006  1.888606013026439E-005
 -1.773476565017630E-006 -4.022500016471941E-007
          34 -1.207714546366375E-005 -2.813111600018234E-005
  2.033940872859812E-005 -7.536388907458201E-006
 -1.719192827033778E-006  8.235492412449543E-007
          35 -5.853968642354869E-006  3.061408246078042E-005
 -1.718543921580833E-005 -5.515923383029010E-006
 -9.268783527102685E-007  2.139216442811277E-007
          36  2.516264838215341E-005 -2.195730373655254E-005
  1.386877237375603E-005  1.386351537224259E-005
 -1.757256723351685E-006  3.402403617554851E-007
          37 -3.389799829860794E-005  2.500805950880291E-007
 -7.181400847576047E-007 -2.200903139840044E-005
 -1.064259079020031E-006  8.080333970575288E-007
          38  2.639154362286885E-005  2.058935875830591E-005
 -1.370960168558088E-005  1.653884854896644E-005
 -1.445306844087445E-006  1.965285826049422E-007
          39 -8.160778503097507E-006 -3.409834323950604E-005
  2.097683510594246E-005 -2.969219009169406E-006
 -1.648652583976058E-006  1.214526642003026E-006
          40 -1.889462009489591E-005  3.148109440145189E-005
 -1.590453927661244E-005 -9.256972028668740E-006
 -8.147710435541029E-007  9.894653173217316E-007
          41  3.346646926640078E-005 -6.691018027311631E-006
  9.781307235088897E-006  1.744921848687465E-005
 -1.391681200531855E-006  9.970744702137448E-007
          42 -2.346354246116169E-005 -1.419475760213392E-005
  7.136845734276499E-006 -2.098792283631095E-005
 -6.849608918026420E-007  1.560569814256766E-006
          43  1.144501536293280E-005  1.974660286060442E-005
 -1.674107644308730E-005  8.370083025089970E-006
 -6.175058431324577E-007  7.957641403745576E-007
          44 -9.607833899865975E-007 -2.519507007281373E-005
  1.822099159286113E-005  2.119738051636812E-006
 -1.066882870509821E-006  1.358895961965560E-006
          45 -1.809954018918367E-005  2.364663156591766E-005
 -1.248495457209433E-005 -1.471454464397060E-005
 -3.780077395277006E-007  1.393630135746356E-006
          46  3.303576446109071E-005 -4.484915115250539E-006
 -3.577643773774299E-007  1.922219866197190E-005
 -7.365025052478650E-007  1.227613547965912E-006
          47 -2.805630123860456E-005 -2.357270687686960E-005
  1.502960899308241E-005 -1.367491371581978E-005
 -3.261092736376186E-007  1.855441269901208E-006
          48 -1.784521796963282E-006  3.891404855368187E-005
 -1.782193042089167E-005 -1.780575443291195E-006
  1.175878745244806E-007  1.287606243934889E-006
          49  3.227829325755448E-005 -1.875818274853396E-005
  1.282346603350049E-005  1.134265083347483E-005
 -2.112690030769042E-007  1.422091683846822E-006
          50 -2.626525473990115E-005 -1.429967710568796E-005
  3.738766962080725E-008 -1.914736849314646E-005
  3.834541206553252E-007  1.499898891949304E-006
          51  2.799019578549792E-006  1.773371953355327E-005
 -1.327450094669303E-005  1.016480527057186E-005
  1.685436171150621E-007  8.897196654601888E-007
          52 -1.770746557180073E-007 -8.810167067785196E-006
  1.437467658247877E-005  4.192112023095972E-007
 -1.315297510014201E-007  1.409407848958951E-006
          53 -1.051723832746796E-006  1.616901939287434E-005
 -1.037139077094931E-005 -9.568478111351729E-006
  4.333991746994569E-007  1.510910902228364E-006
          54  2.075200261541224E-005 -1.520769931303445E-005
  2.519028728796808E-006  1.413772343750216E-005
  4.248192350651548E-007  1.340478848917720E-006
          55 -3.023015693899836E-005 -1.096861860930484E-005
  1.086758141680224E-005 -1.419286939544792E-005
  8.185506023867837E-007  1.476142826242711E-006
          56  8.482916662213248E-006  3.545050321514973E-005
 -1.790293656789015E-005 -2.558882750748554E-006
  1.033477286725472E-006  8.268930285340756E-007
          57  2.812455517911050E-005 -2.845891020729258E-005
  7.730110781176813E-006  1.247740518162382E-005
  4.449856634211870E-007  7.969422198398198E-007
          58 -4.062400424616943E-005 -1.209178553462297E-005
  2.366844234566499E-006 -1.432136722691386E-005
  6.815661285084770E-007  1.164539916672116E-006
          59  5.067416893343979E-006  4.122326952984306E-005
 -1.285674778127939E-005  7.585950805094348E-006
  7.629515474122730E-007  9.600835274651178E-007
          60  3.208051810360453E-005 -1.597397704536498E-005
  1.450369813431745E-005  5.032959939592092E-006
  7.905581068421814E-007  1.316265442336510E-006
          61 -1.703262346861355E-005 -1.919948868289371E-005
 -2.755832469227538E-006 -1.561083897170797E-005
  1.532247843643954E-006  1.184088153337861E-006
          62 -9.283608635440037E-006  1.002600232250398E-005
 -9.440102692373156E-006  6.190200472467292E-006
  1.505332028961466E-006  4.670087733088314E-007
          63  7.179218824165998E-007  6.281574598613493E-006
  5.314979755983122E-006 -1.010136791713684E-006
  1.165910684659481E-006  4.584283872802695E-007
          64  9.878496392304996E-006  4.428867126411005E-006
 -8.847854922074250E-006 -1.247638562009749E-006
  1.194013693992794E-006  4.980607788266680E-007
          65  1.298114665908399E-006 -1.628167266219721E-005
  5.274079989167692E-006  1.003413460164059E-005
  1.210724442947395E-006  6.225433818750662E-007
          66 -2.019601498796294E-005  1.016949842808176E-005
  6.055058458055198E-006 -1.173391700504302E-005
  1.673205793008182E-006  6.767140922173856E-007
          67  2.592230192415509E-005  1.740045321060656E-005
 -1.320240886746872E-005  4.428924389177748E-008
  1.969871037831366E-006  9.252643078044106E-008
          68  6.757559128344804E-006 -3.972116273561697E-005
  6.988399876497285E-006  7.384863810434962E-006
  1.724714121726555E-006 -2.649448431597584E-007
          69 -4.590638143127856E-005  9.398046621433350E-006
 -2.320976237996853E-006 -1.309449211079113E-005
  1.671803890071563E-006 -4.586092806428835E-007
          70  2.643573213060987E-005  4.168438323493745E-005
 -1.468245380295439E-005  1.057881876747922E-005
  1.375983912255672E-006 -7.065034006793741E-007
          71  2.787872835463166E-005 -3.942256147535443E-005
  1.560247489077017E-005  9.752324240347163E-006
  1.221143814735970E-006 -4.730423826076242E-007
          72 -4.476554420543545E-005 -8.275472286887226E-006
  1.147582306859393E-006 -1.775095773541437E-005
  1.598093949620038E-006 -6.308735183431917E-007
          73  1.184299497711866E-005  4.132029624280227E-005
 -1.594086513809085E-005  5.888821743211789E-006
  1.373393531212547E-006 -1.242813785615898E-006
          74  3.062470596268756E-005 -2.769159720305207E-005
  9.376790216973153E-006  9.356888239849004E-006
  8.487847627385399E-007 -1.201788459266052E-006
          75 -3.662260890613158E-005 -1.599445540150905E-005
  5.662855990880932E-007 -1.059998294852170E-005
  8.261782099612704E-007 -1.069423148563654E-006
          76 -9.835238692659618E-007  3.848113880384145E-005
 -9.852549499397395E-006  5.922423430247352E-006
  6.737503095176765E-007 -1.212803101930148E-006
          77  3.484589201325612E-005 -1.160267613197488E-005
  8.487205365272934E-006  6.259786852179290E-006
  4.942687555923173E-007 -1.047955440269043E-006
          78 -2.025464028588460E-005 -2.817822122324726E-005
  1.385236263898233E-006 -9.007860397387201E-006
  6.183890122686068E-007 -1.073893149172143E-006
          79 -2.064004625685793E-005  2.508535668700481E-005
 -9.164009578891793E-006  1.239300186800981E-006
  4.413409451614734E-007 -1.326016992922175E-006
          80  2.715949914952019E-005  1.304562103077495E-005
  7.130406394004833E-007  8.197683032166969E-006
  9.126816215826527E-008 -1.219052346483635E-006
          81  5.063390765537500E-006 -2.733026892705653E-005
  6.085853027955657E-006  5.824072599319408E-007
  7.233113904302986E-008 -9.545113944701124E-007
          82 -2.585384690360014E-005  3.779047085353094E-006
  4.424200495983347E-007 -4.854530766163913E-006
  2.163007760195909E-007 -9.748372171775959E-007
          83  1.359155950444097E-005  2.245884270096125E-005
 -5.288849041390961E-006  6.886319020976067E-007
  1.310823626048309E-007 -1.119406083525732E-006
          84  1.620744810531301E-005 -2.352400387301624E-005
  2.249742794209967E-006  5.165038645059891E-006
 -3.692922036220795E-008 -1.073613440922722E-006
          85 -3.126566066356419E-005 -6.364429304270165E-006
  2.500303937326333E-006 -4.947707461472106E-006
 -5.501727360406327E-008 -1.031619846349795E-006
          86  6.446542153021654E-006  3.393858425107517E-005
 -8.726894119032362E-006  1.643760130277729E-006
 -1.550968492204714E-007 -1.063147359324078E-006
          87  2.957884111522573E-005 -2.012677556620031E-005
  5.697079639173827E-006  1.067080213691643E-005
 -2.656755081568220E-007 -9.160473455841063E-007
          88 -3.166378224851926E-005 -1.785129459484334E-005
  8.080110211508247E-006 -9.613881716409443E-006
 -1.047798092926034E-007 -8.638612965899852E-007
          89 -4.331544810862187E-007  3.748677802465347E-005
 -1.342880641226341E-005 -1.908521642676751E-006
 -1.522398591628504E-007 -1.124523737910983E-006
          90  3.464360940182367E-005 -1.874432831747319E-005
  5.067830325027245E-006  1.488665791683065E-005
 -4.899054414430336E-007 -1.029695105882338E-006
          91 -3.452591890233539E-005 -2.231891676533164E-005
  1.184864543139409E-005 -1.150590531370853E-005
 -3.424608541899809E-007 -7.893181967028504E-007
          92 -2.377492897680041E-006  4.232709139523900E-005
 -1.673860431474356E-005 -5.136971778389772E-006
 -2.519657685615687E-007 -1.104056334416256E-006
          93  3.931192975607739E-005 -2.109652785577386E-005
  2.408359130155048E-006  1.798873034362432E-005
 -6.841889101571331E-007 -1.131274357659480E-006
          94 -4.232827481690000E-005 -2.511240104858159E-005
  1.285332316126056E-005 -9.239947758605380E-006
 -6.841401095086950E-007 -8.258877819594405E-007
          95 -2.516526169026063E-006  5.532193134784984E-005
 -1.496675359261173E-005 -2.852401158122063E-006
 -6.066746743083276E-007 -9.699180299562321E-007
          96  5.601447700996460E-005 -2.320947270124269E-005
  7.546556190227893E-006  1.748917638304798E-005
 -8.728234011501315E-007 -9.439851001923141E-007
          97 -4.595242944166454E-005 -4.349464649844514E-005
  1.396240031907409E-005 -1.561841158110377E-005
 -8.164085120002020E-007 -8.055185366888627E-007
          98 -2.031978528011293E-005  6.015021274154113E-005
 -2.068527793285753E-005 -4.744523487325213E-006
 -9.489639686982451E-007 -1.047036638961025E-006
          99  6.223916591154352E-005 -7.765141524840293E-006
  5.886572793424517E-006  2.134160657594371E-005
 -1.402056855607462E-006 -8.060143470312982E-007
         100 -3.338840398466786E-005 -5.192539485740132E-005
  1.561999145915247E-005 -1.460315345152921E-005
 -1.222700850284597E-006 -4.501062012439653E-007
         101 -3.232854251585044E-005  4.995605491670615E-005
 -2.059999738168644E-005 -4.612907734393901E-006
 -1.256337393773152E-006 -7.164314568224711E-007
         102  5.368640737728113E-005  8.954292137657573E-006
  6.520321167972622E-006  2.265047192009797E-005
 -1.760656690708262E-006 -4.130037320726744E-007
         103 -1.185089305398643E-005 -4.472979611896334E-005
  1.829164860617939E-005 -1.336319550977743E-005
 -1.502210452526481E-006  1.068774712134212E-007
         104 -2.716581226015297E-005  2.481381154878253E-005
 -1.562795507642655E-005 -7.810512607348856E-006
 -1.324205504286646E-006 -1.156562359471395E-007
         105  2.740691694709256E-005  7.575822086900056E-006
  3.955336818340253E-006  1.434772647294263E-005
 -1.731371123285282E-006  3.694390334317985E-008
         106 -7.227711919448929E-006 -2.065227523264628E-005
  8.781833901395005E-006 -1.166344545091470E-005
 -1.592282949814598E-006  5.412506125262259E-007
         107 -8.794600434919535E-006  1.269819396407660E-005
 -1.382015793632211E-005  6.923419224125645E-007
 -1.362987616049205E-006  5.459294338776780E-007
         108  8.210087103677479E-006 -2.399795039525192E-006
  9.813925954677839E-006  1.164098345194697E-005
 -1.440017664842710E-006  7.167394432798045E-007
         109 -7.755620171425706E-006  2.944382561872379E-006
  5.261834256408597E-006 -1.373238441410473E-005
 -1.165199097866008E-006  9.609150409771289E-007
         110  1.472620292470348E-005  4.523472715783294E-006
 -1.157280090617431E-005  4.692106313596369E-006
 -1.013233681588088E-006  8.469275821817938E-007
         111 -6.254605863621057E-006 -2.054147574235287E-005
  1.392063007955849E-005  6.038073377660206E-006
 -1.054152248459718E-006  9.718470466371570E-007
         112 -1.609525592098143E-005  1.979114739078051E-005
 -9.980830717199078E-007 -1.688144836101721E-005
 -8.492978483394385E-007  1.069234244796963E-006
         113  2.949571841377471E-005  1.389827461017260E-006
 -1.228710680043512E-005  8.706595606152444E-006
 -8.383288656925342E-007  1.017187711494815E-006
         114 -1.928405636828046E-005 -2.952913688740323E-005
  1.427798130057004E-005  3.484003828728487E-006
 -7.984633347895071E-007  1.276174604639317E-006
         115 -1.697980905044846E-005  3.848736813199530E-005
 -5.992041413916068E-006 -1.331311855343486E-005
 -4.409645111946726E-007  1.292804194890125E-006
         116  4.802695129155440E-005 -6.237438140577238E-006
 -5.175950307443714E-006  1.398636116564983E-005
 -4.231290661412745E-007  1.120530918105936E-006
         117 -3.335341602677219E-005 -4.236533040727049E-005
  1.778676591986376E-005 -5.894777848169512E-006
 -3.969257509058829E-007  1.248131253723938E-006
         118 -2.114039786699038E-005  5.506996658285978E-005
 -1.531695164281243E-005 -1.389321722406588E-005
 -2.469183796164333E-007  1.174530617044780E-006
         119  6.290260663270579E-005 -1.058349167943355E-005
 -2.538194012777250E-006  2.107957750707336E-005
 -3.703545371113647E-007  1.232462258542747E-006
         120 -4.358836890770991E-005 -5.198117400243839E-005
  2.161434282847575E-005 -1.091137434749887E-005
 -1.264515697890542E-007  1.503169251755999E-006
         121 -2.346260924925000E-005  6.703187087087685E-005
 -2.038545023006922E-005 -1.464104684729377E-005
  1.489559200698587E-007  1.310173045472388E-006
         122  7.240648675665363E-005 -1.508782124473115E-005
 -7.753861793188838E-007  2.366304311316959E-005
  5.775553620337480E-008  1.278721354938228E-006
         123 -5.214326922753164E-005 -5.680487932214257E-005
  2.054270013242608E-005 -1.456115295239892E-005
  2.903029947013738E-007  1.416570926929233E-006
         124 -2.380655190090620E-005  7.617994306545399E-005
 -2.470292415098500E-005 -1.052633112187122E-005
  4.164562765141991E-007  1.163815369009835E-006
         125  7.907484821836148E-005 -1.752530218635685E-005
  4.771944743317467E-006  2.700313230111940E-005
  2.500721652422305E-007  1.284951283460437E-006
         126 -5.496552520815819E-005 -5.914615865770987E-005
  2.203358075094019E-005 -1.946276556453297E-005
  6.560328201513554E-007  1.491684849411646E-006
         127 -2.211119960100344E-005  7.740965669670285E-005
 -2.708400741995614E-005 -1.058267052525705E-005
  8.876657041743178E-007  1.085980788142390E-006
         128  7.847927890984356E-005 -2.119955288803779E-005
  5.800598153908642E-006  2.596435831252114E-005
  6.615369198068413E-007  1.092726334067505E-006
         129 -5.838154365840942E-005 -5.803161778405753E-005
  1.834340266916393E-005 -2.163945703021773E-005
  1.032403150127964E-006  1.248203546196229E-006
         130 -2.207578580453910E-005  7.900973676525466E-005
 -3.004766604034856E-005 -6.630995014924019E-006
  1.202781827976979E-006  7.885358820249788E-007
         131  7.796844315561383E-005 -1.887820461075276E-005
  7.448447071873129E-006  2.867338297389609E-005
  9.217416654860813E-007  7.740726667233023E-007
         132 -5.360781430622921E-005 -5.703439820966522E-005
  2.025447458978331E-005 -1.994289987584133E-005
  1.207804601120795E-006  9.347334755424480E-007
         133 -2.330855287577793E-005  7.366562010610864E-005
 -2.574150347520727E-005 -8.099405625704115E-006
  1.381953792817718E-006  5.538137933728704E-007
         134  7.523529887788169E-005 -1.336900257167078E-005
  5.780639260779907E-006  2.330044094368915E-005
  1.188588196038374E-006  4.982336571516363E-007
         135 -4.342774418368884E-005 -5.987012044621091E-005
  1.605451732031673E-005 -1.794180577171933E-005
  1.441416593033527E-006  5.265917384993863E-007
         136 -3.358728377264593E-005  6.049819990504053E-005
 -2.368030724168978E-005 -7.595781010188453E-006
  1.490053051756653E-006  9.494551886527411E-008
         137  6.293330612286560E-005  4.320774923272592E-006
  1.219873686229836E-006  2.125479854092263E-005
  1.177634950601032E-006  6.639436193688372E-008
         138 -2.073232073916499E-005 -5.328173300888762E-005
  1.402218607344199E-005 -9.362337981042375E-006
  1.346102468259955E-006  2.074042677323619E-007
         139 -3.664096519244158E-005  3.698414111994063E-005
 -1.383304714693372E-005 -6.296032627434404E-006
  1.477075204763790E-006 -9.340768240661263E-008
         140  4.321484670191980E-005  1.849660702038681E-005
  5.895785875991529E-007  1.323340719372776E-005
  1.292530972771711E-006 -2.116798731512996E-007
         141  2.914506123337256E-006 -4.103837995736143E-005
  1.027367254198958E-005 -6.544510256081371E-006
  1.363828454392427E-006 -1.801977153557189E-007
         142 -3.357431838807254E-005  8.280195060386146E-006
 -9.770468021242590E-006 -8.206073595032701E-006
  1.431433531036228E-006 -4.204525359590686E-007
         143  1.535426729460150E-005  2.391402788831084E-005
 -6.877618110412152E-006  9.009031407738175E-006
  1.264430696139815E-006 -5.630225354721260E-007
         144  1.390138176713460E-005 -1.961017518024413E-005
  6.808942374506631E-006  4.602966577938190E-006
  1.229843281932616E-006 -5.370242630414540E-007
         145 -2.204408931282922E-005 -3.952514669632664E-006
  1.878038302042949E-006 -6.728227740739950E-006
  1.303140591065868E-006 -6.425688761617410E-007
         146  6.314838874818600E-006  2.264345672080705E-005
 -8.491886660657067E-006 -2.611981260150130E-007
  1.272147239044759E-006 -8.271446700898142E-007
         147  2.033470352659871E-005 -1.726546352042321E-005
  1.458991461422272E-006  9.138371447315726E-006
  1.180299770913165E-006 -9.272520188095305E-007
         148 -2.834066056779078E-005 -1.341236348346950E-005
  7.713695068291491E-006 -5.837574271472333E-006
  1.192285705221859E-006 -1.013548654250561E-006
         149 -6.391329953138288E-007  3.745247231579187E-005
 -1.200218327838111E-005 -5.473023482792516E-006
  1.153701238139422E-006 -1.261197854282672E-006
         150  4.146229460494160E-005 -1.751329864500297E-005
 -1.863878512060939E-006  1.580825513714048E-005
  9.287631659641793E-007 -1.390454197467414E-006
         151 -3.856443625705973E-005 -3.741595880218434E-005
  1.526678607697440E-005 -5.235322911812512E-006
  8.897906299855425E-007 -1.394510193945189E-006
         152 -2.351878283104878E-005  5.840548835298827E-005
 -1.492989656733064E-005 -1.191286859777634E-005
  8.654220949037153E-007 -1.678609715960288E-006
         153  7.191604238554404E-005  1.470240576182080E-007
 -6.499846628643334E-006  2.218390972967079E-005
  5.136486190179351E-007 -1.875805747379113E-006
         154 -2.940614659741349E-005 -7.439335780831113E-005
  2.355968204011478E-005 -2.526147209485626E-006
  3.018916518475064E-007 -1.805336839921379E-006
         155 -6.332359960384656E-005  5.948990718518180E-005
 -1.476866154193579E-005 -2.017526506129662E-005
  2.211641817329502E-007 -1.975335625036113E-006
         156  8.369145365577946E-005  3.915645655929160E-005
 -1.390456711238987E-005  2.523841751714994E-005
 -2.364796426555993E-007 -2.123828432874425E-006
         157  5.241310985321981E-006 -9.615413382990674E-005
  2.922321008467011E-005  3.951695529194371E-006
 -5.536178797543375E-007 -1.847755984739204E-006
         158 -9.303358240646617E-005  3.240752761876895E-005
 -9.653868837927477E-006 -2.689991882978448E-005
 -6.034514580642653E-007 -1.829232024219318E-006
         159  6.646619019872359E-005  7.384940061197114E-005
 -2.088475587584549E-005  2.263166245414051E-005
 -1.020857068847786E-006 -1.817831658715832E-006
         160  4.153625210584992E-005 -9.019902743788798E-005
  2.957162610131586E-005  1.114642170654078E-005
 -1.224024773811745E-006 -1.363050084943990E-006
         161 -9.870468922939699E-005 -1.552498655897795E-006
 -2.698367007308104E-006 -2.941674555076996E-005
 -1.072891353173877E-006 -1.269652804044350E-006
         162  3.892756621867849E-005  8.972307019903731E-005
 -2.467056891279555E-005  1.732985766387363E-005
 -1.371731534534879E-006 -1.300715560150866E-006
         163  6.444586532724592E-005 -7.235924796731946E-005
  2.703080574209994E-005  1.612976541678680E-005
 -1.531472420000807E-006 -8.241073870445186E-007
         164 -9.248427083006119E-005 -2.717811345652523E-005
  3.238498666050235E-006 -2.959913088297366E-005
 -1.241081445141034E-006 -6.997562324281632E-007
         165  1.558836054287603E-005  9.521343603678904E-005
 -2.696935086197533E-005  1.162200295696962E-005
 -1.445029671489688E-006 -8.186337931736465E-007
         166  7.924123280170680E-005 -5.602891674653545E-005
  2.308776508102734E-005  2.056544361533041E-005
 -1.610102948995294E-006 -3.779055552115012E-007
         167 -8.612482898593879E-005 -4.668697337975906E-005
  9.596582047099849E-006 -2.815676042387037E-005
 -1.253167390490053E-006 -2.100539260614985E-007
         168 -3.204053192247009E-006  9.932480197055370E-005
 -2.770414517069293E-005  4.761771693865926E-006
 -1.320173762158280E-006 -4.103008533221123E-007
         169  9.197686192878249E-005 -4.282268969839990E-005
  1.776664090335543E-005  2.288765361125356E-005
 -1.510088323322707E-006 -1.135341923431370E-007
         170 -8.151105987748081E-005 -6.435597350217212E-005
  1.295504915405351E-005 -2.564708513107058E-005
 -1.219339005072237E-006  4.721098890641024E-008
         171 -2.134712050957726E-005  1.034275501554190E-004
 -2.834900569147373E-005  1.329261016971846E-006
 -1.276962073320493E-006 -1.597146497103470E-007
         172  1.021290909485425E-004 -2.793164749125124E-005
  1.545577945529101E-005  2.641974478814177E-005
 -1.512965856867768E-006  1.227740752327847E-007
         173 -7.185121942299440E-005 -7.640133337983864E-005
  1.846919578265437E-005 -2.476487139324063E-005
 -1.218178679063704E-006  3.585909081364838E-007
         174 -3.138815742999405E-005  9.903706865929175E-005
 -2.826949689723713E-005 -4.402485750984849E-006
 -1.177743384521623E-006  1.468174643893995E-007
         175  1.016156256084251E-004 -2.200700236745720E-005
  1.158837526106146E-005  2.660678757324018E-005
 -1.395857408255266E-006  3.336922194025290E-007
         176 -6.971235408373431E-005 -7.792678164282463E-005
  1.890640821246397E-005 -2.392045638980116E-005
 -1.169265456384831E-006  5.300591033739854E-007
         177 -3.359714405478662E-005  9.840105615971313E-005
 -3.008934228700392E-005 -5.185614092175845E-006
 -1.185790277291038E-006  3.472600905640266E-007
         178  9.958551889033947E-005 -1.948038637064830E-005
  1.027056987480294E-005  2.994211070150684E-005
 -1.423129724372762E-006  6.014170493251412E-007
         179 -6.631332510872316E-005 -7.258025702131786E-005
  2.253337464471491E-005 -2.153492844399158E-005
 -1.153303502089788E-006  8.560458128925243E-007
         180 -2.507138717809953E-005  9.326727279357899E-005
 -2.612260123986112E-005 -7.641082734186528E-006
 -1.123782177641880E-006  6.792988208788688E-007
         181  9.225369926676062E-005 -2.906068084596953E-005
  1.034519770215833E-005  2.465977029579840E-005
 -1.342191622125231E-006  9.492016255465830E-007
         182 -7.380116400704396E-005 -6.327793608581314E-005
  1.708625287998398E-005 -2.408227183923599E-005
 -1.026209975392931E-006  1.221925762028608E-006
         183 -1.471012571318295E-005  9.581297974549441E-005
 -2.943522692375458E-005 -3.210552972489942E-006
 -9.589978124160104E-007  1.035996646229638E-006
         184  8.858684510720773E-005 -3.912291313682942E-005
  1.341924200750393E-005  2.696211866077909E-005
 -1.175147792885430E-006  1.299475386953171E-006
         185 -8.235292482291145E-005 -5.431722386037500E-005
  1.762029449287569E-005 -2.607237003234317E-005
 -8.713100033070916E-007  1.647576418349083E-006
         186 -2.922750521247066E-006  1.022332460708999E-004
 -3.055892892732939E-005 -1.822214125666569E-006
 -6.770910313311928E-007  1.584366383656080E-006
         187  9.265698630403523E-005 -5.087770315284133E-005
  1.656210031838002E-005  2.771004503612086E-005
 -6.627401133561957E-007  1.827257737829555E-006
         188 -9.173883479953260E-005 -5.613457845968816E-005
  1.937547272303848E-005 -2.984575551871803E-005
 -2.169466620805354E-007  2.010610418160713E-006
         189 -3.076631236814887E-006  1.083815528531246E-004
 -3.280803074758504E-005 -5.609713444359349E-006
 -6.740067003204331E-009  1.794832590891548E-006
         190  9.669928268977688E-005 -5.157883734989266E-005
  1.159769147857471E-005  2.637404305759281E-005
  1.389434630477826E-008  1.969020081275362E-006
         191 -9.269581312023936E-005 -6.046483246757557E-005
  1.429357626602703E-005 -2.553391223400523E-005
  5.093658819271393E-007  2.047312046417004E-006
         192 -1.023916658616681E-005  1.090151080837419E-004
 -3.020216723984404E-005  1.280141505653297E-006
  7.111400199098345E-007  1.715055820651876E-006
         193  9.672703469414015E-005 -3.949545994994785E-005
  1.825123313249175E-005  2.558187253006647E-005
  7.269914164456204E-007  1.778027351286043E-006
         194 -7.499532588113644E-005 -6.053153208707655E-005
  1.519127464709033E-005 -3.103907879023495E-005
  1.189061615463497E-006  1.738553092334757E-006
         195 -1.160951083910827E-005  8.699999724344616E-005
 -3.369066335621409E-005 -1.192745419699436E-006
  1.326287739515472E-006  1.275902141251542E-006
         196  7.281340571146115E-005 -3.560863694987972E-005
  1.462875426704228E-005  2.614455395392490E-005
  1.216212503536654E-006  1.236912572394074E-006
         197 -6.741128840507803E-005 -3.711497068771785E-005
  1.337429026103516E-005 -2.739078403880151E-005
  1.535736363294668E-006  1.159983969712808E-006
         198  9.373936407419768E-006  7.506056032614618E-005
 -3.058011899954313E-005  8.665807329299541E-007
  1.532615717718246E-006  7.100136730782356E-007
         199  5.707756895948382E-005 -5.340614796278462E-005
  1.486926107518741E-005  2.246944688910674E-005
  1.329707039626313E-006  7.562898230281013E-007
         200 -8.272354885091264E-005 -1.903996636341570E-005
  7.520130613315640E-006 -2.542023614753587E-005
  1.643235711957110E-006  7.454770360473235E-007
         201  2.806877570189842E-005  8.915407125529306E-005
 -2.773368483147037E-005  9.224014583879863E-006
  1.672301643436020E-006  3.154779902049955E-007
         202  7.090824164637822E-005 -7.107059981214760E-005
  2.510931534306674E-005  2.064221554872826E-005
  1.472554423399998E-006  2.817649876669427E-007
         203 -9.853782276182546E-005 -3.291062402479300E-005
  8.421100368572543E-006 -3.680718009011493E-005
  1.658511653714155E-006  2.280412193800296E-007
         204  1.497453441030448E-005  1.038816943397227E-004
 -3.937228926622102E-005  3.920366708641204E-006
  1.604484051454258E-006 -1.069013048840754E-007
         205  8.667819729544883E-005 -6.086280192388037E-005
  1.476291563437514E-005  3.112923398200890E-005
  1.437569501791500E-006 -9.779857613176922E-008
         206 -9.411565174085371E-005 -5.230897775313632E-005
  1.634649482468238E-005 -2.317726758179816E-005
  1.594239268842772E-006 -1.756259556626985E-007
         207 -9.923765288060017E-006  1.081983862820182E-004
 -2.607510203817870E-005 -1.097064865862093E-006
  1.486169398312153E-006 -4.595641628686395E-007
         208  1.020456068404715E-004 -3.057485571784190E-005
  1.175666673358849E-005  2.154183279019596E-005
  1.368582680017796E-006 -3.789947063077940E-007
         209 -6.137355595897704E-005 -7.962335321528484E-005
  1.247788149556570E-005 -2.133084287290939E-005
  1.627977751227406E-006 -5.234871340377701E-007
         210 -4.800228564220073E-005  7.848295087598210E-005
 -2.543210589748437E-005 -3.520508806489555E-006
  1.469333200927255E-006 -1.007266744613176E-006
         211  8.193701370916215E-005  1.484113994498717E-005
  3.925204292885315E-006  2.233254371318297E-005
  1.051386454167155E-006 -9.755927434621249E-007
         212 -1.379526176566052E-005 -7.476360440188159E-005
  1.479641075751129E-005 -1.061733797878496E-005
  1.144914820567392E-006 -8.187266924980599E-007
         213 -6.130814919176183E-005  3.479311508137554E-005
 -1.555429147544128E-005 -8.149305444989008E-006
  1.220957469028905E-006 -1.101724239174120E-006
         214  4.811828172630486E-005  4.531867186228434E-005
 -4.294222562201855E-006  1.659189897451116E-005
  9.741981573699348E-007 -1.278243361547119E-006
         215  2.879444800498964E-005 -5.553972502457380E-005
  1.440620766394184E-005  1.376077794156834E-006
  8.593859380942448E-007 -1.291425784217452E-006
         216 -5.907483961709820E-005 -1.212040107334865E-005
 -1.441825053019603E-006 -1.241682177488924E-005
  7.428437555073762E-007 -1.442328844812791E-006
         217  5.199960780015023E-006  5.990622374119580E-005
 -1.192086109351618E-005  3.026275956877030E-006
  4.845941395303968E-007 -1.491736784814677E-006
         218  5.770365847531819E-005 -2.360852729829022E-005
  4.023485862776828E-006  1.050641906380551E-005
  3.346048223099356E-007 -1.404521927248314E-006
         219 -4.226202273571086E-005 -5.080356549804752E-005
  6.423062693308581E-006 -7.258186825431851E-006
  2.965539964428986E-007 -1.414997709866962E-006
         220 -3.755047662227367E-005  5.854699385970804E-005
 -1.336344336781477E-005 -1.222959762015714E-006
  1.405915412957852E-007 -1.497801212565163E-006
         221  6.871483365989306E-005  1.764979159301404E-005
  3.873235714711987E-006  1.887226690931227E-005
 -5.965347269419757E-008 -1.428237240597022E-006
         222 -7.035283786114070E-006 -6.908365990123568E-005
  2.011863094937703E-005 -1.016112937714623E-005
 -8.794079754451306E-008 -1.357105116828195E-006
         223 -5.731815693809525E-005  3.239871264451360E-005
 -1.780933329580464E-005 -1.704626081288281E-005
 -2.019734386252403E-007 -1.456454154359671E-006
         224  5.274573760262743E-005  3.372014458045715E-005
 -1.119015442597379E-005  2.323413245457407E-005
 -4.703479992899414E-007 -1.353557972212910E-006
         225  1.874982337526042E-006 -6.254830557387542E-005
  2.281734169440241E-005  2.500752608739778E-006
 -4.466511348400237E-007 -1.144020968816476E-006
         226 -5.833851873664165E-005  3.202465881143160E-005
 -8.806725328817033E-006 -1.679876126920895E-005
 -4.086634348788662E-007 -1.272417252615060E-006
         227  6.067224751877903E-005  3.989435839791913E-005
 -7.538166968733750E-006  1.889106867668546E-005
 -7.091188880140950E-007 -1.274281851159177E-006
         228  1.057456061025356E-005 -7.737013884110354E-005
  2.308545742195283E-005 -3.871518049008884E-006
 -7.466280113643100E-007 -1.011096421138427E-006
         229 -7.784154976139742E-005  2.321900922702295E-005
 -1.679565152603266E-005 -2.081642068206436E-005
 -6.641441071444863E-007 -1.096309789116391E-006
         230  5.372639591252266E-005  6.150369133253469E-005
 -1.463213414051779E-005  2.791186780264428E-005
 -9.526204242816408E-007 -1.113303701563715E-006
         231  3.151586703356222E-005 -7.387186606726289E-005
  3.262980849649680E-005  5.875779970543431E-006
 -9.910330942149838E-007 -8.133559633257010E-007
         232 -7.884766799807589E-005  6.057778083262100E-006
 -5.162674675008498E-006 -2.974902511881280E-005
 -8.446169782418474E-007 -9.037352037226294E-007
         233  4.352595378455066E-005  6.710217657661048E-005
 -2.185525783268233E-005  1.577377759747329E-005
 -1.160826852627973E-006 -1.003028032996866E-006
         234  4.070636594459899E-005 -7.311736441400953E-005
  2.155441920415884E-005  1.086589573680719E-005
 -1.322652938332753E-006 -6.546282614869174E-007
         235 -8.865503384858010E-005 -4.939540467517188E-006
 -3.084012892004296E-006 -2.086994670245783E-005
 -1.145709440415534E-006 -5.968777538449279E-007
         236  3.295175804610124E-005  8.672845057043078E-005
 -1.596397710478103E-005  1.780108649334325E-005
 -1.353496978647006E-006 -6.988418956232165E-007
         237  6.719764458922630E-005 -6.503103632242928E-005
  2.839227162219432E-005  8.896663219340201E-006
 -1.537549169543506E-006 -4.098072785364202E-007
         238 -8.404997605505260E-005 -3.345737978686937E-005
 -5.903281531843580E-007 -3.200724662615311E-005
 -1.439328481930847E-006 -3.017064644121602E-007
         239  7.933344388430688E-006  8.500879879439608E-005
 -3.006755110178695E-005  1.176663827821388E-005
 -1.661743503648532E-006 -2.886488381529598E-007
         240  6.641229426758303E-005 -4.844367319047607E-005
  2.055076038494210E-005  2.439681084589664E-005
 -1.796851897423437E-006  1.357285873125234E-007
         241 -7.923282525609630E-005 -3.078111361149353E-005
  1.448305767770761E-005 -2.336756244365720E-005
 -1.550723160139422E-006  3.458422489505122E-007
         242  1.549195684665604E-005  9.293391119045458E-005
 -2.098572663926785E-005 -3.668422643777769E-007
 -1.613914310216869E-006  3.290539413743405E-007
         243  8.544607269579512E-005 -6.306924050451542E-005
  1.413900408692261E-005  1.559287016180470E-005
 -1.715721085835148E-006  7.074765754443406E-007
         244 -1.014412246697398E-004 -5.725961475356481E-005
  6.829752469543930E-006 -2.412711586068192E-005
 -1.409065928579566E-006  9.890208690190699E-007
         245 -1.378536052494234E-005  1.212796205871540E-004
 -2.831391728784910E-005  6.097542524860950E-006
 -1.277169692024045E-006  9.908137230121052E-007
         246  1.166740593926417E-004 -3.555137236356060E-005
  2.023905430854898E-005  2.807966643877917E-005
 -1.210196580221661E-006  1.233766015253723E-006
         247 -7.914998748414680E-005 -8.676353195516658E-005
  2.315783547150863E-005 -3.034818466052729E-005
 -8.440834512873455E-007  1.360435100803834E-006
         248 -3.652373159553889E-005  1.058036745940417E-004
 -3.381889221902043E-005 -1.219821452284373E-005
 -6.916884785429618E-007  1.217811216912844E-006
         249  1.077045958826669E-004 -2.382466190555935E-005
  2.727384377237658E-006  3.140916499060242E-005
 -6.593168535274988E-007  1.328170831759015E-006
         250 -8.109241442362395E-005 -8.276688813180769E-005
  2.347286377495773E-005 -1.626068166652235E-005
 -3.616337734974940E-007  1.365220503417501E-006
         251 -3.538887636415540E-005  1.221741380238743E-004
 -2.454154292976967E-005 -9.118288494786979E-006
 -2.878151180219956E-007  1.184216810712193E-006
         252  1.371475150212022E-004 -2.419746033841743E-005
  9.800780970719769E-006  2.717967226776724E-005
 -2.865244850625518E-007  1.312492205388076E-006
         253 -8.208997460437068E-005 -1.220619929055689E-004
  2.425184311145775E-005 -2.759797343839211E-005
  5.938898890844266E-008  1.301904462224738E-006
         254 -8.031658543625020E-005  1.243345319664506E-004
 -3.911802630068763E-005 -1.482876799504978E-005
  7.554287960332590E-008  9.687046744891992E-007
         255  1.406228704568801E-004  2.181695877771529E-005
 -1.725521428037122E-008  4.290295540634590E-005
 -1.383527479983767E-007  1.084289392050322E-006
         256 -3.945304419989895E-005 -1.268220755831770E-004
  3.895726424526851E-005 -1.521755162330333E-005
  1.418152915848332E-007  1.273576655403772E-006
