   409.600000000000     
         256           1           3
  1.124309127438499E-002   39.0275512831437        116.754790805165     
   39.0000000000000        116.000000000000        6351.00000000000     
           0  0.000000000000000E+000  0.000000000000000E+000
  0.000000000000000E+000  0.000000000000000E+000
  0.000000000000000E+000  0.000000000000000E+000
           1 -9.296141958468979E-006  6.475906307947402E-007
  5.962670133172726E-006  5.226067113201362E-008
 -1.313332927413838E-005  6.533309955537726E-008
           2 -1.013140656580136E-005  1.503490450560776E-006
  5.817411844183116E-006  5.065149765693912E-009
 -1.324355580838022E-005  9.011312101157393E-008
           3 -1.148592213424303E-005  2.951454003765419E-006
  5.374762152639166E-006 -2.205409494325012E-007
 -1.347755266189590E-005  4.662874584350367E-008
           4 -1.317071336969475E-005  5.382101234590232E-006
  4.327660511732772E-006 -5.262489778320722E-007
 -1.391563993995710E-005 -6.914532784166401E-008
           5 -1.477691932302449E-005  9.169662333127469E-006
  2.372349081094695E-006 -5.275203136122556E-007
 -1.465975229506984E-005 -1.947817144062354E-007
           6 -1.566991576397756E-005  1.454658886008323E-005
 -5.502809525959840E-007  3.183693651592801E-007
 -1.576688599823167E-005 -2.467114649519039E-007
           7 -1.507747143543385E-005  2.148168428173136E-005
 -4.342784256846854E-006  2.759549816631631E-006
 -1.733034166478113E-005 -6.401814687034276E-008
           8 -1.219260589780818E-005  2.969600502614899E-005
 -8.371983518074321E-006  7.635888945717718E-006
 -1.930457876247523E-005  6.115457293897343E-007
           9 -6.120989155300757E-006  3.861773640431356E-005
 -1.155856811622318E-005  1.531080898403332E-005
 -2.150917986990037E-005  1.890992671928045E-006
          10  3.942536334691654E-006  4.720882772941068E-005
 -1.277841576762523E-005  2.605421496424154E-005
 -2.384458885793777E-005  3.918240886275157E-006
          11  1.861156717586672E-005  5.393057001755005E-005
 -1.044560997065843E-005  3.956334893140672E-005
 -2.611759777143292E-005  6.764870876125810E-006
          12  3.779694953391597E-005  5.670216130414363E-005
 -3.303361883523304E-006  5.496417199660966E-005
 -2.829183072307785E-005  1.054946832220979E-005
          13  6.057247842382094E-005  5.345242333882329E-005
  1.075658523152256E-005  7.136235491366788E-005
 -2.977097162215061E-005  1.572932621932638E-005
          14  8.538586436462990E-005  4.217497449667799E-005
  3.307700508921948E-005  8.546756203740059E-005
 -2.988294528354271E-005  2.183856977536784E-005
          15  1.095961912663095E-004  2.101414968577793E-005
  6.358106655342905E-005  9.373394130886037E-005
 -2.831293199002320E-005  2.827437532511886E-005
          16  1.296682352025762E-004 -1.090227166081696E-005
  1.002704210203526E-004  9.278587513408620E-005
 -2.536083277007433E-005  3.450500235082085E-005
          17  1.412738680803438E-004 -5.387056391015499E-005
  1.412321531878719E-004  8.103354940540390E-005
 -2.093501399437028E-005  4.098175891680716E-005
          18  1.387665175456445E-004 -1.058837928712002E-004
  1.842397217553602E-004  5.399691504446145E-005
 -1.412146401705205E-005  4.663909303953844E-005
          19  1.173523561037988E-004 -1.625116953440288E-004
  2.226947225806217E-004  9.354126432676563E-006
 -5.644484706219699E-006  5.042615550659689E-005
          20  7.295754526919952E-005 -2.171469615604007E-004
  2.499256572466514E-004 -5.224676046891692E-005
  3.809147034900166E-006  5.206699392323676E-005
          21  3.688573385949930E-006 -2.601383949988600E-004
  2.585616570851345E-004 -1.278493857305391E-004
  1.343427005541958E-005  5.148709760566907E-005
          22 -8.773025587054539E-005 -2.798258479888449E-004
  2.434971588155251E-004 -2.119495305569035E-004
  2.328785199833350E-005  4.867236888006163E-005
          23 -1.932191241097775E-004 -2.653712796763772E-004
  1.986966043580917E-004 -2.973092450963650E-004
  3.228707827624491E-005  4.296094426024834E-005
          24 -2.994919874722181E-004 -2.082614036423323E-004
  1.216822120936366E-004 -3.715007183510199E-004
  3.925266773042255E-005  3.515998463137784E-005
          25 -3.880585726890332E-004 -1.054128888864085E-004
  1.566241371442785E-005 -4.220324886094893E-004
  4.386375709816742E-005  2.588208083440102E-005
          26 -4.378217816159131E-004  3.751096406609560E-005
 -1.110781330699108E-004 -4.362944427726568E-004
  4.577909662024776E-005  1.601469681787654E-005
          27 -4.292920310591774E-004  2.045452769986567E-004
 -2.447022904868484E-004 -4.054956926315885E-004
  4.481102550281258E-005  6.212165277745550E-006
          28 -3.505783094519566E-004  3.688545242735048E-004
 -3.668105138751391E-004 -3.261735175210174E-004
  4.093836753269149E-005 -2.273691085322176E-006
          29 -2.041891688438600E-004  4.986287483346654E-004
 -4.572434930781648E-004 -2.041339989384441E-004
  3.520571730633555E-005 -8.393256797028775E-006
          30 -7.224083161900896E-006  5.646853465343366E-004
 -5.003149515531040E-004 -5.375167356005275E-005
  2.857595528073120E-005 -1.191950211680929E-005
          31  2.099803838614347E-004  5.472451062501758E-004
 -4.866127106223015E-004  1.050634762704136E-004
  2.204914537156928E-005 -1.276377413416427E-005
          32  4.102549784119789E-004  4.422130757709132E-004
 -4.156188538117214E-004  2.489532150285392E-004
  1.662807850905054E-005 -1.125790538025888E-005
          33  5.575816952008735E-004  2.619544285392350E-004
 -2.971995594965475E-004  3.558281732298866E-004
  1.309086334470091E-005 -8.090473075020218E-006
          34  6.238511128357423E-004  3.385975669067848E-005
 -1.498595129308010E-004  4.095515862357353E-004
  1.190307787977784E-005 -4.256539407208081E-006
          35  5.956954386420061E-004 -2.049322862210995E-004
  2.659709890709442E-006  4.032682265063569E-004
  1.301067426280817E-005 -8.285679588781100E-007
          36  4.764269632584614E-004 -4.154373672004505E-004
  1.360341406728178E-004  3.407599944015099E-004
  1.592118658632247E-005  1.304092034619126E-006
          37  2.851536213096881E-004 -5.636370214110502E-004
  2.303819670598963E-004  2.351085070941299E-004
  1.995771036697589E-005  1.456353335133922E-006
          38  5.296828339760124E-005 -6.270679603469376E-004
  2.722867865780976E-004  1.063349438777194E-004
  2.384570974317037E-005 -5.584395743598406E-007
          39 -1.840695488243726E-004 -5.977985529348717E-004
  2.591418532985279E-004 -2.223677099892909E-005
  2.698475790566881E-005 -4.168031846420727E-006
          40 -3.897703921206259E-004 -4.821214977400485E-004
  1.968475363486518E-004 -1.300540103347527E-004
  2.896229340671061E-005 -9.292405927277086E-006
          41 -5.340658509706438E-004 -3.008515099840337E-004
  9.838415297654809E-005 -1.994586612988092E-004
  2.904390914609753E-005 -1.524673589712630E-005
          42 -5.989785029085766E-004 -8.399301021632053E-005
 -1.735563622110617E-005 -2.205790543775586E-004
  2.695298185363017E-005 -2.134250709285308E-005
          43 -5.804203195292470E-004  1.356530547491118E-004
 -1.290111531309118E-004 -1.911559383785204E-004
  2.290379601338972E-005 -2.626202855082989E-005
          44 -4.861868746931499E-004  3.283714229345243E-004
 -2.168536956839430E-004 -1.194662869402460E-004
  1.813842216225574E-005 -2.978520852650593E-005
          45 -3.332118525039169E-004  4.700812594154886E-004
 -2.691715915573620E-004 -1.857934379210777E-005
  1.237792444394790E-005 -3.222641885712180E-005
          46 -1.458469368299003E-004  5.447474277802271E-004
 -2.767940620413994E-004  9.620879454554555E-005
  6.205045541011978E-006 -3.279122887957812E-005
          47  4.797744030556316E-005  5.476774409237567E-004
 -2.383273768768463E-004  2.062195539124093E-004
  3.991738777043686E-007 -3.140081787900400E-005
          48  2.222848604620939E-004  4.851005213313496E-004
 -1.593670626487096E-004  2.938684827245325E-004
 -3.942897828463266E-006 -2.851344991498816E-005
          49  3.570373521230048E-004  3.721555409117258E-004
 -5.367718898609590E-005  3.452377761223489E-004
 -6.993395886834743E-006 -2.571913240054024E-005
          50  4.406096968984970E-004  2.282002173077157E-004
  6.379855013911154E-005  3.567982097193378E-004
 -9.574513083040837E-006 -2.228611723316041E-005
          51  4.690581335844859E-004  7.385340202521380E-005
  1.797312993902148E-004  3.259282346195867E-004
 -1.064858575912649E-005 -1.832677311510590E-005
          52  4.455250821489474E-004 -7.148019947699800E-005
  2.777940445805701E-004  2.555990417860546E-004
 -1.019139355618392E-005 -1.489041083129307E-005
          53  3.797542027590886E-004 -1.912509459892476E-004
  3.451439624482705E-004  1.555822623521162E-004
 -8.555670686492356E-006 -1.274466495099130E-005
          54  2.862778732201119E-004 -2.751047958142600E-004
  3.730753556999418E-004  4.086458776242058E-005
 -7.318888520771914E-006 -1.187979554303896E-005
          55  1.809896684531195E-004 -3.188905543694244E-004
  3.629403213500766E-004 -7.389763289299447E-005
 -6.078794804747448E-006 -1.117923898201971E-005
          56  7.950276163979913E-005 -3.248401658860450E-004
  3.170638057480022E-004 -1.785299920432092E-004
 -4.427421310222726E-006 -1.148989889013768E-005
          57 -5.932547029440063E-006 -3.012235738297673E-004
  2.404328213757184E-004 -2.605366614539270E-004
 -3.327337151876015E-006 -1.287557674638508E-005
          58 -6.890987553066987E-005 -2.588934738231294E-004
  1.434874712934420E-004 -3.113988852858828E-004
 -3.376776440101354E-006 -1.513118059344905E-005
          59 -1.072406200721462E-004 -2.089019966322990E-004
  3.977326277976416E-005 -3.264713586301807E-004
 -4.730829061822992E-006 -1.698345138814895E-005
          60 -1.233191526848811E-004 -1.617252531839632E-004
 -5.783589950045739E-005 -3.092826519879241E-004
 -6.288283476345701E-006 -1.838141534937962E-005
          61 -1.230787820088394E-004 -1.253651844175401E-004
 -1.421502424953760E-004 -2.647898394432494E-004
 -8.623837539633039E-006 -1.995997126336730E-005
          62 -1.153051155338151E-004 -1.043272120327896E-004
 -2.044557585831402E-004 -1.986963036295888E-004
 -1.183331943536436E-005 -2.086436508612921E-005
          63 -1.095596962126399E-004 -9.838804995606657E-005
 -2.399977384276196E-004 -1.211730290404128E-004
 -1.555920867624515E-005 -2.079512904013150E-005
          64 -1.138235367418987E-004 -1.023826174624704E-004
 -2.483898695287361E-004 -4.240379130768531E-005
 -1.924066736851348E-005 -1.962241401285193E-005
          65 -1.316888602926216E-004 -1.085574845852080E-004
 -2.333551801323728E-004  2.860147688196218E-005
 -2.263671603412553E-005 -1.792215685405602E-005
          66 -1.633700283500725E-004 -1.092207389018000E-004
 -1.998783153213094E-004  8.666255034121602E-005
 -2.604916257004013E-005 -1.534088250909812E-005
          67 -2.061722977697171E-004 -9.656708531496345E-005
 -1.540616758357937E-004  1.264082013757839E-004
 -2.885207847806707E-005 -1.183161490043861E-005
          68 -2.533431547619839E-004 -6.423489171687303E-005
 -1.045606976618587E-004  1.462829331947639E-004
 -3.082013838263303E-005 -7.774796349877697E-006
          69 -2.958630165382227E-004 -9.692346760776900E-006
 -5.886859248772068E-005  1.487632255969480E-004
 -3.194103426930805E-005 -3.347843516051294E-006
          70 -3.241488829670341E-004  6.624614399817779E-005
 -2.177094436467164E-005  1.380207933911013E-004
 -3.196486548777622E-005  1.142413736075613E-006
          71 -3.285470155797762E-004  1.587521780484183E-004
  2.851350827007060E-006  1.193097802705597E-004
 -3.122812761627401E-005  5.198530265158899E-006
          72 -3.016475167492758E-004  2.588930449929624E-004
  1.473918339657237E-005  9.963399435523957E-005
 -2.994857429077949E-005  9.069176428226042E-006
          73 -2.393219062116618E-004  3.547882523681773E-004
  1.594236987858481E-005  8.368478141604791E-005
 -2.801699126935000E-005  1.247607147418196E-005
          74 -1.427145100623535E-004  4.324408828661453E-004
  1.016592475909879E-005  7.542259682107014E-005
 -2.543713578526569E-005  1.520238416747670E-005
          75 -1.886156230230317E-005  4.789925976610584E-004
  9.094752181355933E-007  7.745871336605072E-005
 -2.310659773836485E-005  1.682826779528349E-005
          76  1.204542925811445E-004  4.851279267613322E-004
 -4.406525087673192E-006  9.166176569168948E-005
 -2.144371210309737E-005  1.861903704535527E-005
          77  2.608937353024225E-004  4.464667020587381E-004
  7.974845560803356E-007  1.119191882928392E-004
 -1.914057095696744E-005  2.049895393016636E-005
          78  3.877580247668606E-004  3.636674502897590E-004
  1.606206856035807E-005  1.337938582028368E-004
 -1.673230853059895E-005  2.182056525627125E-005
          79  4.866407189873321E-004  2.411265562902624E-004
  4.267929522950130E-005  1.540624613172544E-004
 -1.451198818554180E-005  2.269885645569049E-005
          80  5.436196608332850E-004  8.914423684312340E-005
  8.117006957429130E-005  1.682265858697187E-004
 -1.275496152632130E-005  2.365512587831865E-005
          81  5.500166721835767E-004 -7.653926456166178E-005
  1.307786332678953E-004  1.696182013551883E-004
 -1.039631132864022E-005  2.519581986494915E-005
          82  5.033775591599734E-004 -2.389785501714752E-004
  1.829928040573212E-004  1.522091488852095E-004
 -7.410121988722710E-006  2.581157225646370E-005
          83  4.057419569471472E-004 -3.806405968689637E-004
  2.307477982536090E-004  1.185013552502052E-004
 -4.839471287363174E-006  2.581607366888688E-005
          84  2.665431772146508E-004 -4.847899737747573E-004
  2.703399892882975E-004  6.995913791125478E-005
 -2.534162600806537E-006  2.574923594829826E-005
          85  9.932936102804714E-005 -5.400765421212198E-004
  2.969729332238739E-004  8.811487545516955E-006
 -2.862277767840878E-007  2.585146389514562E-005
          86 -7.944434949720863E-005 -5.380070643981138E-004
  3.058647525642780E-004 -6.226222392126022E-005
  2.601066364429666E-006  2.545954406152687E-005
          87 -2.495003691902581E-004 -4.763751822327319E-004
  2.918876246677542E-004 -1.346359510391551E-004
  4.898494935316211E-006  2.410125247262125E-005
          88 -3.909552494186280E-004 -3.605435097527619E-004
  2.584461345243357E-004 -1.992431850992365E-004
  6.380401067582158E-006  2.297475549651945E-005
          89 -4.862292408767210E-004 -2.021059019586797E-004
  2.094219023496249E-004 -2.528876216083017E-004
  7.796864855007320E-006  2.205712837578153E-005
          90 -5.224535580594482E-004 -1.978787661870369E-005
  1.479724980238537E-004 -2.910394908496906E-004
  9.352403075968662E-006  2.125909026450487E-005
          91 -4.962883377035528E-004  1.655405785484519E-004
  7.870290194062302E-005 -3.100684161665504E-004
  1.078465768242869E-005  1.989881788675264E-005
          92 -4.090959285290389E-004  3.351040884921204E-004
  9.842357363927895E-006 -3.067554947995556E-004
  1.126720462549300E-005  1.872072604234079E-005
          93 -2.668503954383542E-004  4.695604587693661E-004
 -4.888953640318519E-005 -2.857980600418176E-004
  1.197779408883630E-005  1.848990793955978E-005
          94 -8.217361391214596E-005  5.510724018951029E-004
 -9.605690367663136E-005 -2.534509776251452E-004
  1.319461257545149E-005  1.825416115515300E-005
          95  1.262318332171839E-004  5.662736503939220E-004
 -1.295139779323759E-004 -2.127600640496185E-004
  1.466525361684010E-005  1.775905325409363E-005
          96  3.350386618374646E-004  5.082709471030335E-004
 -1.469251164010662E-004 -1.680132051068822E-004
  1.589540404141318E-005  1.709721742113358E-005
          97  5.192854987024181E-004  3.791856407227276E-004
 -1.461325137844532E-004 -1.261891676950075E-004
  1.729194809987719E-005  1.716801961042851E-005
          98  6.561766776985776E-004  1.887226871732836E-004
 -1.325012526186303E-004 -9.705206557210400E-005
  1.986650451135396E-005  1.686730670796243E-005
          99  7.260890821977950E-004 -4.650627795710561E-005
 -1.144474519938571E-004 -8.091591039277430E-005
  2.258991092800253E-005  1.561767705644700E-005
         100  7.147562122986676E-004 -3.037817060092825E-004
 -9.499652506441222E-005 -7.732815183242554E-005
  2.520885049660353E-005  1.385400022070012E-005
         101  6.153325214711912E-004 -5.552991940393065E-004
 -7.897196227220589E-005 -8.746673480186785E-005
  2.776156925424597E-005  1.164000491489184E-005
         102  4.308904062712327E-004 -7.707913960870916E-004
 -7.291510868804916E-005 -1.102901656437750E-004
  3.052463895928799E-005  8.641366130410999E-006
         103  1.756576062939958E-004 -9.221172177501518E-004
 -8.312890767337214E-005 -1.395822330986989E-004
  3.261219558120789E-005  4.499275641421370E-006
         104 -1.281201254597613E-004 -9.872488581808088E-004
 -1.105511815956805E-004 -1.684636250421727E-004
  3.366786878282768E-005 -9.873792949112723E-008
         105 -4.511840911924433E-004 -9.506034780780287E-004
 -1.558800299088527E-004 -1.909147620496179E-004
  3.380932628813417E-005 -4.935293230188620E-006
         106 -7.584795619090723E-004 -8.074661561074795E-004
 -2.172854114950356E-004 -1.990068485999611E-004
  3.281458034735204E-005 -9.748422696297283E-006
         107 -1.015120188130960E-003 -5.654756667092396E-004
 -2.890744372542019E-004 -1.866939655927193E-004
  3.101528332214693E-005 -1.399785011503731E-005
         108 -1.189249855594247E-003 -2.429622845568765E-004
 -3.655130468795993E-004 -1.503171528529957E-004
  2.878205232389041E-005 -1.805468048685582E-005
         109 -1.255498456714813E-003  1.307245516227141E-004
 -4.387232526610695E-004 -8.513946341890138E-005
  2.546392412003179E-005 -2.171508570160069E-005
         110 -1.199636039037924E-003  5.186015571012918E-004
 -4.966408884651253E-004  7.804853272293805E-006
  2.161211108240101E-005 -2.434223393515653E-005
         111 -1.019302737583562E-003  8.797962843376278E-004
 -5.305308141820947E-004  1.233850610739675E-004
  1.766268276420667E-005 -2.600644806724438E-005
         112 -7.271543810426889E-004  1.172158321247345E-003
 -5.331294758155891E-004  2.544215256050468E-004
  1.397340456369230E-005 -2.710151842560535E-005
         113 -3.513774676511450E-004  1.360698108537749E-003
 -4.994737233397871E-004  3.927941517280755E-004
  9.830934292471597E-006 -2.793525551751819E-005
         114  6.927626665722446E-005  1.422728956261402E-003
 -4.235065668683292E-004  5.269663873102749E-004
  5.669945148518078E-006 -2.728016002472378E-005
         115  4.918359018432604E-004  1.350689285819533E-003
 -3.083897334536594E-004  6.407638100671115E-004
  2.514079695478885E-006 -2.593871360620718E-005
         116  8.738394241438247E-004  1.150118976456375E-003
 -1.622653639091157E-004  7.246015709961600E-004
 -2.892741447585887E-008 -2.454731179043262E-005
         117  1.176178285765225E-003  8.397082453665092E-004
  7.229867096071531E-006  7.707477895182695E-004
 -2.293235304862526E-006 -2.324676096268707E-005
         118  1.366853135881613E-003  4.498174248883370E-004
  1.910890528568582E-004  7.728538073853967E-004
 -4.658503586567001E-006 -2.119307469772003E-005
         119  1.425399630890657E-003  2.122088343570319E-005
  3.761102103976760E-004  7.226581170666005E-004
 -5.572320968596965E-006 -1.857929610407388E-005
         120  1.346800324374164E-003 -4.006359380412806E-004
  5.417022296846931E-004  6.224303654096425E-004
 -5.583101160628772E-006 -1.702355537015393E-005
         121  1.142111364464751E-003 -7.717855177879093E-004
  6.764236737427133E-004  4.838359363714243E-004
 -5.796981209536678E-006 -1.596951297846078E-005
         122  8.356285507346821E-004 -1.055340074622709E-003
  7.731864979720494E-004  3.152476994646423E-004
 -6.233182653789804E-006 -1.500211624023756E-005
         123  4.619326670090381E-004 -1.224291770434383E-003
  8.257524248798079E-004  1.256904327196780E-004
 -6.120266127894876E-006 -1.363183381793307E-005
         124  6.261857874027817E-005 -1.264904981239111E-003
  8.258182198140190E-004 -7.287630684992973E-005
 -5.165819652825231E-006 -1.328888421392406E-005
         125 -3.200277792774787E-004 -1.178541904692242E-003
  7.731733144296296E-004 -2.599077154286651E-004
 -5.176899288957868E-006 -1.387804514512305E-005
         126 -6.468242952223237E-004 -9.780574662221204E-004
  6.791135852480425E-004 -4.233777042392726E-004
 -5.662785884488906E-006 -1.412848163898857E-005
         127 -8.834453472307254E-004 -6.901066853450061E-004
  5.507733254434487E-004 -5.566610369403375E-004
 -6.088660373730670E-006 -1.417471792580963E-005
         128 -1.008791651129492E-003 -3.515990421319507E-004
  3.957896507425682E-004 -6.525208652244487E-004
 -6.237409055811107E-006 -1.461269198344305E-005
         129 -1.016340538147751E-003 -2.584275932626746E-006
  2.248871345996838E-004 -7.031942879265688E-004
 -7.213607567249146E-006 -1.579521650161971E-005
         130 -9.125162204236437E-004  3.195553265737227E-004
  5.580804594083040E-005 -7.075175196084359E-004
 -9.012179981962161E-006 -1.614007092332237E-005
         131 -7.135114796912725E-004  5.817234225361936E-004
 -1.014243715524122E-004 -6.741158668212973E-004
 -1.051703396665117E-005 -1.608120171789138E-005
         132 -4.450216683053030E-004  7.572850202515203E-004
 -2.412835271714204E-004 -6.068119395312337E-004
 -1.211205909106038E-005 -1.610957696339171E-005
         133 -1.404481897184864E-004  8.289011602211881E-004
 -3.551596787321663E-004 -5.106603221112329E-004
 -1.404853671489764E-005 -1.604704509602333E-005
         134  1.619394779487877E-004  7.922726752102026E-004
 -4.358404568445649E-004 -3.950014085054681E-004
 -1.638624717134648E-005 -1.534572318747645E-005
         135  4.263512408341030E-004  6.580322711432707E-004
 -4.817985838274313E-004 -2.729336622885206E-004
 -1.832142305754945E-005 -1.408307851572952E-005
         136  6.250504012262944E-004  4.461041761240942E-004
 -4.974219177627660E-004 -1.526671974059795E-004
 -2.006951080468007E-005 -1.282685965478153E-005
         137  7.369661720331787E-004  1.830749234006308E-004
 -4.849333358747060E-004 -3.985224370129009E-005
 -2.188965875772778E-005 -1.132240603124520E-005
         138  7.513377711621555E-004 -9.799357882113762E-005
 -4.482670465558252E-004  5.840269493283724E-005
 -2.359972524121743E-005 -9.478841729480641E-006
         139  6.698775931813732E-004 -3.633055166383394E-004
 -3.939362370181953E-004  1.370000071723260E-004
 -2.508198100342655E-005 -7.346175897516797E-006
         140  5.053726491356425E-004 -5.821240400606136E-004
 -3.294654132795549E-004  1.935487710509259E-004
 -2.632150887452615E-005 -4.995485024211063E-006
         141  2.805365283361680E-004 -7.312436006131182E-004
 -2.622913304326783E-004  2.280005810725120E-004
 -2.723284108252492E-005 -2.491484519033762E-006
         142  2.235736289301984E-005 -7.977284735202173E-004
 -1.993304782951612E-004  2.432448953694478E-004
 -2.790079245409354E-005  3.866674419850759E-008
         143 -2.407503416739595E-004 -7.770491753418386E-004
 -1.449445510111606E-004  2.438521529201243E-004
 -2.841257942936321E-005  2.591188203754270E-006
         144 -4.800845519901690E-004 -6.743780328216937E-004
 -1.014634606565050E-004  2.347656658551363E-004
 -2.887232071263409E-005  5.317958213315037E-006
         145 -6.717844146067653E-004 -5.046111491422522E-004
 -6.976312395095690E-005  2.200823000816810E-004
 -2.890595691934522E-005  8.410240436751435E-006
         146 -7.991987765494924E-004 -2.885370846864947E-004
 -5.164387293624016E-005  2.050008627759594E-004
 -2.848422179851953E-005  1.119186618392442E-005
         147 -8.547083475746241E-004 -5.068238457624723E-005
 -4.375863048737120E-005  1.972448182612613E-004
 -2.823750869860453E-005  1.392595230752936E-005
         148 -8.396230982919800E-004  1.863645983826996E-004
 -3.930801253790188E-005  1.990984478311421E-004
 -2.793129049988270E-005  1.708034719867801E-005
         149 -7.603499212426227E-004  4.025584385373700E-004
 -3.353654761965997E-005  2.098459754649054E-004
 -2.720985105710936E-005  2.078568988992444E-005
         150 -6.299395270363856E-004  5.808094301608376E-004
 -2.351254062896293E-005  2.275640776655401E-004
 -2.543019088452687E-005  2.444301990690724E-005
         151 -4.665821135483252E-004  7.118984984162964E-004
 -5.801680052768647E-006  2.537036507442879E-004
 -2.368636458388878E-005  2.770293154200051E-005
         152 -2.872663142340861E-004  7.954304474708955E-004
  2.823443211012003E-005  2.823669408177182E-004
 -2.155267770104193E-005  3.184760484043632E-005
         153 -1.046980375379987E-004  8.364832613122678E-004
  7.533851400941771E-005  3.029231153751517E-004
 -1.779274568726640E-005  3.597140115787962E-005
         154  7.494463878503810E-005  8.422450351359908E-004
  1.308158814826482E-004  3.153141185702370E-004
 -1.270745549375382E-005  3.917678571840231E-005
         155  2.495581391674860E-004  8.164510327962988E-004
  1.952912253366958E-004  3.194096122134461E-004
 -7.464927633898904E-006  4.082348251876010E-005
         156  4.160260994667973E-004  7.612190503844004E-004
  2.724652645843457E-004  3.085111088405157E-004
 -2.326512106931337E-006  4.246648246251506E-005
         157  5.734955331724078E-004  6.793543522397193E-004
  3.520514988212522E-004  2.710903076683891E-004
  4.421471307541696E-006  4.307021894958544E-005
         158  7.220232632524399E-004  5.684463373604382E-004
  4.211583175412228E-004  2.147946689944971E-004
  1.075772935463473E-005  4.132745028398034E-005
         159  8.564985205729121E-004  4.247587023158141E-004
  4.825192620177554E-004  1.443214027217082E-004
  1.575843350363789E-005  3.853237004772366E-005
         160  9.695638363969103E-004  2.458571837060434E-004
  5.347069795271812E-004  5.574953652969408E-005
  1.979220131941251E-005  3.579425804758784E-005
         161  1.050081382559574E-003  3.037385107334390E-005
  5.677837418909347E-004 -5.281705031019307E-005
  2.405719260898102E-005  3.278100615536911E-005
         162  1.083394310257792E-003 -2.180364518117707E-004
  5.717861463900223E-004 -1.702749451086174E-004
  2.739041617262233E-005  2.844187342044168E-005
         163  1.054537724324552E-003 -4.893910088805397E-004
  5.518908683141939E-004 -2.867424340218797E-004
  2.932178811485542E-005  2.432414005259803E-005
         164  9.499882283218741E-004 -7.665211452940044E-004
  5.090699214767591E-004 -4.021341747559071E-004
  3.083210661722862E-005  2.064844517351774E-005
         165  7.627082079204411E-004 -1.024679291674503E-003
  4.404812266336779E-004 -5.114184147502163E-004
  3.212314102815232E-005  1.705910145474702E-005
         166  4.949390373828888E-004 -1.236266518738522E-003
  3.469456032133772E-004 -6.070979352932359E-004
  3.303156985509052E-005  1.325240463169525E-005
         167  1.581715385086118E-004 -1.372895237018534E-003
  2.335933816551717E-004 -6.829730460702251E-004
  3.324340259690280E-005  9.654904292433609E-006
         168 -2.243253190902602E-004 -1.408517432103431E-003
  1.049085410335379E-004 -7.373271776175268E-004
  3.325521817645559E-005  6.460445261052479E-006
         169 -6.184298152453678E-004 -1.326181505377814E-003
 -3.660295051488219E-005 -7.669519794926356E-004
  3.317502509908844E-005  3.337977960531064E-006
         170 -9.838974685115376E-004 -1.121713075938706E-003
 -1.859665150651765E-004 -7.680487615205698E-004
  3.287432707685658E-005  2.590757616004504E-007
         171 -1.279347282583870E-003 -8.064320035513575E-004
 -3.372108124051871E-004 -7.386765168623733E-004
  3.232735251726048E-005 -2.750417623227022E-006
         172 -1.469573233022102E-003 -4.059017186391293E-004
 -4.842434747998878E-004 -6.778560498013824E-004
  3.154180878571059E-005 -5.675681305112996E-006
         173 -1.528320366177569E-003  4.385767533613430E-005
 -6.202081224015196E-004 -5.853807111549130E-004
  3.047662559805332E-005 -8.484388873590264E-006
         174 -1.441598298282418E-003  4.973453806354493E-004
 -7.374827342131067E-004 -4.629606695748452E-004
  2.918103170134325E-005 -1.112067096895701E-005
         175 -1.212856296658987E-003  9.051751462368594E-004
 -8.286284005534430E-004 -3.142669959692403E-004
  2.767892378381274E-005 -1.357105422010545E-005
         176 -8.622207937279817E-004  1.221364240923837E-003
 -8.867871064451822E-004 -1.451582415371030E-004
  2.600435978317565E-005 -1.587034797191932E-005
         177 -4.251036769673635E-004  1.407807326850211E-003
 -9.062016071242612E-004  3.666365777973388E-005
  2.398819018734737E-005 -1.799138038875411E-005
         178  5.054891345516214E-005  1.440413557368218E-003
 -8.824339001040209E-004  2.202552393741737E-004
  2.181805193308689E-005 -1.952794962810011E-005
         179  5.106347377936297E-004  1.312891822873458E-003
 -8.173837662114668E-004  3.929715226699672E-004
  1.991392911836236E-005 -2.077844185316012E-005
         180  9.004585032728390E-004  1.037932821533660E-003
 -7.155528150901717E-004  5.462187410386729E-004
  1.809994198081251E-005 -2.200100596892598E-005
         181  1.172487644078125E-003  6.482184174318471E-004
 -5.815988190887264E-004  6.712573227135761E-004
  1.626200747644320E-005 -2.321267783222303E-005
         182  1.294464370294193E-003  1.910715120065574E-004
 -4.232850438257847E-004  7.596399978978991E-004
  1.420752314131517E-005 -2.412892817124026E-005
         183  1.252639664668729E-003 -2.785934812046273E-004
 -2.531121822047383E-004  8.038814389837560E-004
  1.269380299070806E-005 -2.474980230055722E-005
         184  1.051740677627921E-003 -7.053745446973616E-004
 -8.718494525436640E-005  8.063165896852823E-004
  1.139521196005739E-005 -2.605475661302483E-005
         185  7.137457951558503E-004 -1.037050126375555E-003
  6.727264157860984E-005  7.738295499768757E-004
  9.464471153751640E-006 -2.760791490650374E-005
         186  2.786217230657288E-004 -1.230043628092817E-003
  2.028980993404743E-004  7.088457658477311E-004
  7.011710874911199E-006 -2.900890582406811E-005
         187 -1.987919251324423E-004 -1.257613219064638E-003
  3.103481020268432E-004  6.181927395527611E-004
  4.492480264947036E-006 -2.989113215517873E-005
         188 -6.569032507515652E-004 -1.115966753954713E-003
  3.819648595127961E-004  5.151168364418803E-004
  1.997004074221852E-006 -3.121904683629258E-005
         189 -1.040232697771603E-003 -8.250837698587871E-004
  4.233872687592822E-004  4.158020161219938E-004
 -1.857864426938148E-006 -3.237073945610483E-005
         190 -1.306387068166563E-003 -4.172487445183888E-004
  4.427992356520856E-004  3.214215928746844E-004
 -5.882724140638545E-006 -3.215921951040045E-005
         191 -1.421266213025442E-003  6.468351807609139E-005
  4.383179688300884E-004  2.380661770705018E-004
 -9.548095306509904E-006 -3.134330931927368E-005
         192 -1.365742650217953E-003  5.659023541820397E-004
  4.180794218242379E-004  1.765361680680995E-004
 -1.303173301162857E-005 -3.036229399355959E-005
         193 -1.141886805577397E-003  1.026351928311127E-003
  3.977437399881635E-004  1.395084474937206E-004
 -1.711108620674493E-005 -2.888078380466546E-005
         194 -7.736649081844307E-004  1.391460413835662E-003
  3.896443762743925E-004  1.152882343201336E-004
 -2.063638093428066E-005 -2.571722946889396E-005
         195 -3.014492874857915E-004  1.619151670059591E-003
  3.889810271017006E-004  9.505427936570138E-005
 -2.277612758772605E-005 -2.252165657124050E-005
         196  2.236072798819399E-004  1.684059121208527E-003
  3.988970581537198E-004  8.083856498514884E-005
 -2.466293056354079E-005 -1.956964722609292E-005
         197  7.462210304368848E-004  1.579324467965842E-003
  4.263932070407830E-004  6.314113960602018E-005
 -2.633066519401730E-005 -1.631384914520536E-005
         198  1.213497413800608E-003  1.315755056542581E-003
  4.675119241107836E-004  2.833522628016498E-005
 -2.734269999258418E-005 -1.254302367803225E-005
         199  1.578863012732065E-003  9.194282248345736E-004
  5.090587900839881E-004 -3.048794466368132E-005
 -2.722382385007919E-005 -9.054444837056747E-006
         200  1.806923559323253E-003  4.300123700986717E-004
  5.410878558760038E-004 -1.093731703276116E-004
 -2.682688403459766E-005 -6.246460775151323E-006
         201  1.877764739402015E-003 -1.047583189742514E-004
  5.591140360320454E-004 -2.068440810790037E-004
 -2.631620097246485E-005 -3.585807602866487E-006
         202  1.786942861072613E-003 -6.350609222372878E-004
  5.542068636917564E-004 -3.211587837382348E-004
 -2.545920442251559E-005 -1.155557229377889E-006
         203  1.545062211177286E-003 -1.111960357603153E-003
  5.181254518002797E-004 -4.442698887901507E-004
 -2.431861340659684E-005  8.713412778292038E-007
         204  1.178153290838830E-003 -1.493217966706316E-003
  4.470828604662862E-004 -5.649384003894967E-004
 -2.316009880716289E-005  2.390057488536626E-006
         205  7.229395809134390E-004 -1.747928211314526E-003
  3.421292855740818E-004 -6.717784065496176E-004
 -2.218297884310992E-005  3.586733179644794E-006
         206  2.235623080594705E-004 -1.858523883404222E-003
  2.075718835089104E-004 -7.546815526407788E-004
 -2.139763636449520E-005  4.611649853358521E-006
         207 -2.741967510717774E-004 -1.823558099150474E-003
  5.075048244183998E-005 -8.052751943391120E-004
 -2.080953421370820E-005  5.554800640745555E-006
         208 -7.289403854343929E-004 -1.654933216865458E-003
 -1.189271149012665E-004 -8.181228475372403E-004
 -2.039323842499464E-005  6.566413535285266E-006
         209 -1.105614928884012E-003 -1.375807904003628E-003
 -2.916602075254365E-004 -7.907113549317539E-004
 -1.992680409933595E-005  7.648114287706621E-006
         210 -1.379952898414115E-003 -1.018764826174013E-003
 -4.571723254595374E-004 -7.214914079575219E-004
 -1.964062990149488E-005  8.571861103030511E-006
         211 -1.541105539237873E-003 -6.193277725140345E-004
 -6.017567309198474E-004 -6.136487443831082E-004
 -1.962059039625383E-005  9.870890253402796E-006
         212 -1.588815421433571E-003 -2.112673939121733E-004
 -7.172145019973810E-004 -4.771950139303263E-004
 -1.933681724480106E-005  1.156837015491790E-005
         213 -1.532017377558412E-003  1.752827453649744E-004
 -8.003327234230061E-004 -3.196797862089587E-004
 -1.865169505483639E-005  1.336430513425338E-005
         214 -1.385947743019213E-003  5.160307050415426E-004
 -8.474346181210783E-004 -1.476823621641671E-004
 -1.768191203293137E-005  1.485583644596717E-005
         215 -1.171235282538077E-003  7.922853611740212E-004
 -8.535559610233308E-004  2.987997357050853E-005
 -1.697207169959236E-005  1.645335544373605E-005
         216 -9.117717815569324E-004  9.943956439717302E-004
 -8.208732915625658E-004  1.981828138587983E-004
 -1.570934296046019E-005  1.845504039560254E-005
         217 -6.296244795973322E-004  1.120011867527694E-003
 -7.593501099340422E-004  3.520518302713389E-004
 -1.386624077920558E-005  1.994280552851732E-005
         218 -3.457493430876950E-004  1.171926486043768E-003
 -6.705925968961893E-004  4.907671776925928E-004
 -1.204576920144071E-005  2.095030244395260E-005
         219 -7.719076048525962E-005  1.160267440606491E-003
 -5.564685530884305E-004  6.080281827798501E-004
 -1.060365054899896E-005  2.176935304643276E-005
         220  1.671043067355763E-004  1.096422125591793E-003
 -4.233024609814626E-004  6.969923668900577E-004
 -9.052083016286419E-006  2.301819256711365E-005
         221  3.814787191076389E-004  9.894206461132562E-004
 -2.822392328869572E-004  7.575293706301498E-004
 -6.920718070839556E-006  2.389464634936306E-005
         222  5.615678740717810E-004  8.466324148844050E-004
 -1.349165775207590E-004  7.959861338806917E-004
 -5.146975410068684E-006  2.435390278388969E-005
         223  7.025917694112585E-004  6.752855398922257E-004
  2.028222638959564E-005  8.077170702143638E-004
 -3.499923067817635E-006  2.499733387998321E-005
         224  8.007133904831853E-004  4.843157140050396E-004
  1.760262045976188E-004  7.885663245962790E-004
 -1.690108917548063E-006  2.584639912296014E-005
         225  8.559395149221818E-004  2.825063042034555E-004
  3.244756077784170E-004  7.399445773014750E-004
  6.453523137302280E-007  2.662624414547869E-005
         226  8.673992802424966E-004  7.406522154289701E-005
  4.617544542540808E-004  6.667126741199044E-004
  3.008747538152559E-006  2.683747199715220E-005
         227  8.294049779189070E-004 -1.331519443059617E-004
  5.885775103317083E-004  5.677629158919719E-004
  5.242816245565482E-006  2.720386519467745E-005
         228  7.400588887674049E-004 -3.257162948684336E-004
  6.956905745243875E-004  4.394065065319777E-004
  7.964746385472691E-006  2.754121130997895E-005
         229  6.019647554924333E-004 -4.893211292061332E-004
  7.725719526213365E-004  2.884788905549304E-004
  1.104691895137241E-005  2.742271667159095E-005
         230  4.228870005242008E-004 -6.089584287632180E-004
  8.154078897423101E-004  1.241540159144215E-004
  1.423405900184749E-005  2.663259287532714E-005
         231  2.165113045058710E-004 -6.734119290695191E-004
  8.238213986775117E-004 -4.641558486840656E-005
  1.705089909124351E-005  2.550717930658973E-005
         232 -2.593716936246080E-006 -6.754701008255769E-004
  7.948791331938202E-004 -2.192461389826545E-004
  2.002551553749107E-005  2.433988809515657E-005
         233 -2.164207549996110E-004 -6.096093143557384E-004
  7.234181922832060E-004 -3.827318768111195E-004
  2.320151601849887E-005  2.252064507510777E-005
         234 -4.035701782130854E-004 -4.762574810779192E-004
  6.147638134880101E-004 -5.220399498717052E-004
  2.608931993726075E-005  2.007809403901117E-005
         235 -5.415181492091477E-004 -2.825541668262172E-004
  4.788065245068514E-004 -6.294175493129482E-004
  2.853528703292256E-005  1.719926593412675E-005
         236 -6.084938081456650E-004 -4.441490084377808E-005
  3.244924172754999E-004 -7.012017726742571E-004
  3.064750261383247E-005  1.420050979950136E-005
         237 -5.885773715427108E-004  2.130990531803956E-004
  1.586315420991133E-004 -7.336046941233900E-004
  3.270748930238993E-005  1.080229075601006E-005
         238 -4.752335605088288E-004  4.596596802055123E-004
 -7.036560284089093E-006 -7.211931799836241E-004
  3.423393645291675E-005  6.787494548554411E-006
         239 -2.720926899415450E-004  6.622381306551829E-004
 -1.566351498837658E-004 -6.670246822549742E-004
  3.505741090120781E-005  2.542575436266986E-006
         240  4.580667756381108E-006  7.888907931281445E-004
 -2.797837930758919E-004 -5.801608435670864E-004
  3.527851178851444E-005 -1.812782592908096E-006
         241  3.274448027566121E-004  8.145033890749087E-004
 -3.699561970389506E-004 -4.699545732607218E-004
  3.484241715689785E-005 -6.294203632414652E-006
         242  6.610842736632654E-004  7.237088630682901E-004
 -4.221399815991631E-004 -3.470213513572392E-004
  3.362868309377794E-005 -1.073273420698526E-005
         243  9.655519910767168E-004  5.135436132799411E-004
 -4.350356381971133E-004 -2.235944289419442E-004
  3.159274344719802E-005 -1.499700357168432E-005
         244  1.200596607663706E-003  1.937849922997530E-004
 -4.098968067195263E-004 -1.117680974746550E-004
  2.863708254673712E-005 -1.873693374156983E-005
         245  1.328341377413317E-003 -2.126927845095449E-004
 -3.526441860633705E-004 -2.567381877819315E-005
  2.504700155688569E-005 -2.153633862826699E-005
         246  1.318415000035586E-003 -6.688940130424197E-004
 -2.772278141244426E-004  2.399507614421573E-005
  2.139308016798393E-005 -2.319401628312051E-005
         247  1.154685278150412E-003 -1.127660682907907E-003
 -2.012963927228600E-004  3.620121689916242E-005
  1.815168731882172E-005 -2.432756959441152E-005
         248  8.365865552702714E-004 -1.537868868432963E-003
 -1.350208950556116E-004  1.723915141773182E-005
  1.481545798015365E-005 -2.500440786747185E-005
         249  3.803717106789741E-004 -1.847903468552238E-003
 -8.752062502325599E-005 -3.188703809245592E-005
  1.188843030041932E-005 -2.486093593795701E-005
         250 -1.799085579079688E-004 -2.012132053541166E-003
 -7.427207473971818E-005 -1.020075521579458E-004
  9.664122403461884E-006 -2.454496487063508E-005
         251 -7.955087718234801E-004 -1.997235996124541E-003
 -1.009611976320506E-004 -1.748511666425808E-004
  7.924793893443526E-006 -2.443328565033182E-005
         252 -1.406968616267657E-003 -1.786200682785952E-003
 -1.636248248500952E-004 -2.344480144612778E-004
  6.090986794112815E-006 -2.463074853814148E-005
         253 -1.949523406717894E-003 -1.383206858725419E-003
 -2.549298951686925E-004 -2.718804317166237E-004
  4.159190676791803E-006 -2.454028287146679E-005
         254 -2.362490647036404E-003 -8.145453964266061E-004
 -3.716279464049048E-004 -2.779938201251046E-004
  2.591655584638881E-006 -2.449374841769609E-005
         255 -2.596237148965735E-003 -1.249044257056871E-004
 -5.020850198756704E-004 -2.385051847849808E-004
  9.003835727187734E-007 -2.470221987511156E-005
         256 -2.616568288278429E-003  6.271681478521087E-004
 -6.264031315451680E-004 -1.494618601505267E-004
 -1.066209339375022E-006 -2.491282778652179E-005
