   5120.00000000000     
         256           1           3
  8.994473019507991E-004   39.1559667611445        116.109394976615     
   18.8300000000000        145.590000000000        6160.02000000000     
           0  0.000000000000000E+000  0.000000000000000E+000
  0.000000000000000E+000  0.000000000000000E+000
  0.000000000000000E+000  0.000000000000000E+000
           1  0.000000000000000E+000  0.000000000000000E+000
  3.019202676108075E-009  8.596422239405936E-011
 -2.205458359195646E-008  2.205563527772115E-011
           2  0.000000000000000E+000  0.000000000000000E+000
  2.930649600981700E-009  4.219351422501334E-010
 -2.424744676813964E-008 -1.059326162757564E-009
           3  0.000000000000000E+000  0.000000000000000E+000
  2.971907272535675E-009  1.015775565595608E-009
 -2.926955585904302E-008  4.686052462999917E-011
           4  0.000000000000000E+000  0.000000000000000E+000
  3.515574621203079E-009  1.902693700818669E-009
 -3.627553135209933E-008  6.852708759120580E-009
           5  0.000000000000000E+000  0.000000000000000E+000
  5.105776785050545E-009  2.653239875738953E-009
 -3.891970731689231E-008  2.248582817102872E-008
           6  0.000000000000000E+000  0.000000000000000E+000
  7.699297162399212E-009  1.744418237796619E-009
 -2.692365048873068E-008  4.178368749868326E-008
           7  0.000000000000000E+000  0.000000000000000E+000
  8.538972655504554E-009 -6.888173744898223E-010
  1.788742535022282E-009  5.075258866549236E-008
           8  0.000000000000000E+000  0.000000000000000E+000
  8.639821292758079E-009 -3.038570715347291E-009
  3.836259328637592E-008  3.019932987054479E-008
           9  0.000000000000000E+000  0.000000000000000E+000
  7.238641466424149E-009 -5.497365058758476E-009
  4.636078262558316E-008 -2.429494805287407E-008
          10  0.000000000000000E+000  0.000000000000000E+000
  4.850294783328617E-009 -6.477463498777938E-009
 -3.882073541063835E-009 -7.335781859117303E-008
          11  0.000000000000000E+000  0.000000000000000E+000
  2.573629598808762E-009 -7.564038212646197E-009
 -9.240053687346299E-008 -5.876137801829545E-008
          12  0.000000000000000E+000  0.000000000000000E+000
 -3.262525265584386E-009 -3.745730289466389E-009
 -1.411645064079549E-007  5.171392905824186E-008
          13  0.000000000000000E+000  0.000000000000000E+000
  2.504441033886797E-010  3.605403197227194E-009
 -5.410757561152420E-008  1.666485350574193E-007
          14  0.000000000000000E+000  0.000000000000000E+000
  8.194071395415274E-009  3.417961141463306E-009
  1.065405343538998E-007  1.540066616846018E-007
          15  0.000000000000000E+000  0.000000000000000E+000
  1.280176027155781E-008 -3.318535482958978E-009
  1.954136680650519E-007 -3.071041851272814E-009
          16  0.000000000000000E+000  0.000000000000000E+000
  1.084558142479561E-008 -1.319862339738715E-008
  1.026021538822731E-007 -1.844610178507092E-007
          17  0.000000000000000E+000  0.000000000000000E+000
 -3.873967721323792E-009 -1.641426595426402E-008
 -1.257362108870501E-007 -1.972679700304817E-007
          18  0.000000000000000E+000  0.000000000000000E+000
 -9.952428218653539E-009 -3.760431807052463E-009
 -2.566790320184567E-007 -5.535306345650045E-009
          19  0.000000000000000E+000  0.000000000000000E+000
 -3.454241109418008E-009  5.528906997266536E-009
 -1.746202370015504E-007  2.195118676209037E-007
          20  0.000000000000000E+000  0.000000000000000E+000
  6.826736669618820E-009  5.762903382169114E-009
  7.202125704742189E-008  2.863595427101057E-007
          21  0.000000000000000E+000  0.000000000000000E+000
  1.403713591132367E-008 -2.320934886578066E-009
  2.790977075937743E-007  1.099119005263080E-007
          22  0.000000000000000E+000  0.000000000000000E+000
  1.006073984561828E-008 -1.718128976440604E-008
  2.381485545913795E-007 -1.743182961369123E-007
          23  0.000000000000000E+000  0.000000000000000E+000
 -7.154888560855487E-009 -1.414320371584187E-008
 -8.889026828830958E-009 -2.850200092618253E-007
          24  0.000000000000000E+000  0.000000000000000E+000
 -7.788442439975394E-009 -2.162179172979361E-009
 -2.497068399344797E-007 -1.726557485965465E-007
          25  0.000000000000000E+000  0.000000000000000E+000
 -6.082734923086125E-010  2.690637359668696E-009
 -3.152725395332065E-007  1.071611372368449E-007
          26  0.000000000000000E+000  0.000000000000000E+000
  7.210563706385020E-009  1.617714877415341E-011
 -1.133980275360093E-007  3.377170782532887E-007
          27  0.000000000000000E+000  0.000000000000000E+000
  1.009684880134255E-008 -1.148252544427698E-008
  1.963539134346414E-007  3.032341241062546E-007
          28  0.000000000000000E+000  0.000000000000000E+000
 -7.068216342998753E-009 -1.576408350461212E-008
  3.631653834490423E-007  5.152574228272299E-008
          29  0.000000000000000E+000  0.000000000000000E+000
 -8.730419676734593E-009 -2.155420623548310E-009
  2.696006720628296E-007 -2.866907268367211E-007
          30  0.000000000000000E+000  0.000000000000000E+000
 -1.572025209804220E-009  1.204078900299270E-009
 -1.111246246046909E-007 -3.947237476674437E-007
          31  0.000000000000000E+000  0.000000000000000E+000
  3.534038535307758E-009 -1.163149845247851E-009
 -4.101633434663237E-007 -1.151478169697867E-007
          32  0.000000000000000E+000  0.000000000000000E+000
  6.405653932885889E-009 -7.611928534066404E-009
 -3.386418018133359E-007  2.880886927570751E-007
          33  0.000000000000000E+000  0.000000000000000E+000
 -3.874864588888300E-009 -1.644558311382830E-008
  3.358887224241613E-008  4.702856653825124E-007
          34  0.000000000000000E+000  0.000000000000000E+000
 -1.105014793835846E-008 -4.677396420958523E-009
  4.300263530451354E-007  2.359648921440422E-007
          35  0.000000000000000E+000  0.000000000000000E+000
 -5.709007256828597E-009  2.570638606276563E-010
  4.071045896536568E-007 -2.301954126044149E-007
          36  0.000000000000000E+000  0.000000000000000E+000
 -2.244481012635341E-009  3.958086305689089E-010
  1.971417162345615E-008 -4.359370217586814E-007
          37  0.000000000000000E+000  0.000000000000000E+000
  1.316079641662690E-009 -4.407025577430226E-010
 -3.424516723179113E-007 -2.361959921181132E-007
          38  0.000000000000000E+000  0.000000000000000E+000
  4.050275488311726E-009 -7.119867024958596E-009
 -3.809453276979944E-007  1.596490536605622E-007
          39  0.000000000000000E+000  0.000000000000000E+000
 -5.893163355147055E-009 -9.091430325526625E-009
 -6.116207215967594E-008  4.175003781889856E-007
          40  0.000000000000000E+000  0.000000000000000E+000
 -4.506463949865918E-009 -4.039609956559301E-009
  3.019345342494852E-007  2.480641636279009E-007
          41  0.000000000000000E+000  0.000000000000000E+000
 -4.777481171542458E-009 -5.699415492940276E-009
  3.279498077573702E-007 -9.489397565108329E-008
          42  0.000000000000000E+000  0.000000000000000E+000
 -7.472226665649603E-009 -3.484524207036519E-009
  9.421713825276518E-008 -2.802208765006873E-007
          43  0.000000000000000E+000  0.000000000000000E+000
 -5.107465985112825E-009 -2.616668114821086E-010
 -1.692480197862624E-007 -2.026870121947430E-007
          44  0.000000000000000E+000  0.000000000000000E+000
 -5.491181804005396E-009 -1.732297211910627E-009
 -2.398834171782018E-007  5.568687650344393E-008
          45  0.000000000000000E+000  0.000000000000000E+000
 -8.702996154045729E-010  2.131409023732555E-009
 -6.219589716791888E-008  2.058981144269604E-007
          46  0.000000000000000E+000  0.000000000000000E+000
  2.352676829077971E-009 -5.667874079830337E-009
  1.096981781213193E-007  1.664863899396539E-007
          47  0.000000000000000E+000  0.000000000000000E+000
 -4.737490894730153E-009 -1.032894969453353E-008
  1.944510770307483E-007  2.077703723392802E-008
          48  0.000000000000000E+000  0.000000000000000E+000
 -1.136996567657884E-008 -6.336616073619090E-009
  1.186509059573258E-007 -1.397581333012349E-007
          49  0.000000000000000E+000  0.000000000000000E+000
 -1.280684906737369E-008 -3.018068903249561E-010
 -6.162316958970820E-008 -1.501145808107100E-007
          50  0.000000000000000E+000  0.000000000000000E+000
 -8.524732725793946E-009  7.307610343477141E-009
 -1.463458710986159E-007 -5.190428045347060E-009
          51  0.000000000000000E+000  0.000000000000000E+000
  5.258165894117436E-010  5.354608059380825E-009
 -7.152142454834487E-008  1.421483862690549E-007
          52  0.000000000000000E+000  0.000000000000000E+000
  2.272054098109520E-009 -2.334488934192464E-009
  1.087862810589469E-007  1.455806369117125E-007
          53  0.000000000000000E+000  0.000000000000000E+000
 -2.866100024715432E-009 -7.217342090727373E-009
  1.933340668800193E-007 -2.597154585889205E-008
          54  0.000000000000000E+000  0.000000000000000E+000
 -9.472639063696448E-009 -5.697908804973465E-009
  7.070925398928253E-008 -1.811726674629349E-007
          55  0.000000000000000E+000  0.000000000000000E+000
 -1.188622847800153E-008  1.504310759783630E-010
 -1.294930440872488E-007 -1.398482224485079E-007
          56  0.000000000000000E+000  0.000000000000000E+000
 -9.281870607695668E-009  5.598234710000126E-009
 -1.861431181861081E-007  7.133248799212059E-008
          57  0.000000000000000E+000  0.000000000000000E+000
 -3.112678927320336E-009  6.474689322483750E-009
 -9.718253335332942E-009  2.204889461870098E-007
          58  0.000000000000000E+000  0.000000000000000E+000
  2.068220261047544E-010  1.592207268534210E-009
  2.074172890652439E-007  1.266792865856615E-007
          59  0.000000000000000E+000  0.000000000000000E+000
 -2.925556012959750E-009 -3.128441481725308E-009
  2.288782647671120E-007 -1.113536181356708E-007
          60  0.000000000000000E+000  0.000000000000000E+000
 -8.236699431674944E-009 -1.311575849850443E-009
  3.200394003709940E-008 -2.549091870549639E-007
          61  0.000000000000000E+000  0.000000000000000E+000
 -8.082630272258326E-009  1.277106318852087E-009
 -2.137527345324954E-007 -1.504261712305606E-007
          62  0.000000000000000E+000  0.000000000000000E+000
 -8.373292826271945E-009  5.665301491849933E-009
 -2.082463581062988E-007  1.322485842355922E-007
          63  0.000000000000000E+000  0.000000000000000E+000
 -2.581409210697522E-009  6.383251570407896E-009
  1.868642879417915E-008  2.309686311228466E-007
          64  0.000000000000000E+000  0.000000000000000E+000
 -1.757960015336963E-009  1.330516434981747E-009
  2.024349554395876E-007  1.192380202929407E-007
          65  0.000000000000000E+000  0.000000000000000E+000
 -6.714868846833793E-009  1.268472349278582E-009
  2.343429590392061E-007 -9.126937899833147E-008
          66  0.000000000000000E+000  0.000000000000000E+000
 -4.008188672558044E-009  4.239979279231377E-009
  5.493142123816522E-008 -2.581037593036472E-007
          67  0.000000000000000E+000  0.000000000000000E+000
 -7.237255318334137E-009  4.598815266838554E-009
 -1.510708224357701E-007 -1.546572369387587E-007
          68  0.000000000000000E+000  0.000000000000000E+000
 -2.536087755760591E-009  7.903909593914561E-009
 -2.042944305704236E-007 -1.695635528870429E-009
          69  0.000000000000000E+000  0.000000000000000E+000
 -4.459944412608833E-010  3.402668166777888E-009
 -1.414102696155633E-007  2.019674787756458E-007
          70  0.000000000000000E+000  0.000000000000000E+000
 -4.604363353788813E-009  2.212779442029555E-009
  1.395946685259622E-007  2.700694906104419E-007
          71  0.000000000000000E+000  0.000000000000000E+000
 -3.134490663686112E-009  7.841550253561284E-009
  3.522331809087884E-007 -5.258449294286097E-009
          72  0.000000000000000E+000  0.000000000000000E+000
 -2.171693029638283E-009  1.775143176941696E-009
  1.804681824495647E-007 -2.931734824862173E-007
          73  0.000000000000000E+000  0.000000000000000E+000
 -4.149068179050855E-009  5.636486840818828E-009
 -1.229826879806142E-007 -3.627827842546093E-007
          74  0.000000000000000E+000  0.000000000000000E+000
 -2.514959825515520E-009  4.602810168142602E-009
 -4.380618495490507E-007 -8.278333420978534E-008
          75  0.000000000000000E+000  0.000000000000000E+000
 -5.261436453730709E-009  5.316620172251608E-009
 -2.806952145263432E-007  4.011794825996026E-007
          76  0.000000000000000E+000  0.000000000000000E+000
 -4.638935074611145E-009  1.172083902640996E-008
  2.719248207510986E-007  4.487488194946420E-007
          77  0.000000000000000E+000  0.000000000000000E+000
  7.902388861733545E-009  9.236750855980130E-009
  5.288593142689038E-007 -3.906972257748808E-008
          78  0.000000000000000E+000  0.000000000000000E+000
  2.637316971649646E-009  1.201598757635509E-009
  3.076451835176203E-007 -4.844793967646637E-007
          79  0.000000000000000E+000  0.000000000000000E+000
 -5.245623523024087E-010 -9.966638098739397E-010
 -3.071940364129464E-007 -5.874127956532972E-007
          80  0.000000000000000E+000  0.000000000000000E+000
 -9.170036424685194E-009  1.214575823128862E-009
 -6.827061958384580E-007  2.122325932094983E-008
          81  0.000000000000000E+000  0.000000000000000E+000
 -1.068942122610405E-008  1.419568099911707E-008
 -2.662965876537270E-007  5.975588275421324E-007
          82  0.000000000000000E+000  0.000000000000000E+000
  7.217314512317935E-009  2.166694798608652E-008
  3.668081103814556E-007  4.818728013763511E-007
          83  0.000000000000000E+000  0.000000000000000E+000
  1.326906457462175E-008  6.407878601867033E-009
  6.254305389709225E-007 -2.039023822984906E-008
          84  0.000000000000000E+000  0.000000000000000E+000
  1.043359051467143E-008 -3.174742371824248E-009
  3.059122381953600E-007 -5.953803406178444E-007
          85  0.000000000000000E+000  0.000000000000000E+000
 -2.554032602761234E-009 -7.091525096760302E-009
 -3.354380548462302E-007 -5.250539079726311E-007
          86  0.000000000000000E+000  0.000000000000000E+000
 -1.107652313658353E-008  4.388489120781693E-009
 -5.443137983427960E-007 -2.958414122140106E-008
          87  0.000000000000000E+000  0.000000000000000E+000
 -3.300527817367256E-009  1.807739641905025E-008
 -3.323509096459740E-007  3.560251652086139E-007
          88  0.000000000000000E+000  0.000000000000000E+000
  1.108525034013056E-008  1.155403328348897E-008
  5.047917977540996E-008  4.963171571072482E-007
          89  0.000000000000000E+000  0.000000000000000E+000
  1.197156108959369E-008  3.868447763570665E-009
  4.725061697897296E-007  2.240293353904560E-007
          90  0.000000000000000E+000  0.000000000000000E+000
  7.090263498544346E-009 -4.212554735678693E-009
  4.273735561674667E-007 -2.461507967678650E-007
          91  0.000000000000000E+000  0.000000000000000E+000
 -2.433018706796802E-009 -2.255342160114799E-009
  9.652149063363378E-008 -4.794161009492645E-007
          92  0.000000000000000E+000  0.000000000000000E+000
 -4.300643158201066E-009  6.321113914132496E-009
 -3.129778062097472E-007 -4.142971185454165E-007
          93  0.000000000000000E+000  0.000000000000000E+000
  4.003858065546937E-009  1.221843177648431E-008
 -5.573041808620814E-007 -1.779392320037593E-008
          94  0.000000000000000E+000  0.000000000000000E+000
  8.477063989150877E-009  5.199546894964193E-009
 -3.271525292523641E-007  4.785583413588869E-007
          95  0.000000000000000E+000  0.000000000000000E+000
  8.327170190744157E-009  1.107553661512609E-009
  2.030953737931247E-007  4.931148570356374E-007
          96  0.000000000000000E+000  0.000000000000000E+000
  2.864103223326874E-009 -1.722663293167230E-009
  5.114995804374920E-007  1.368474433188180E-007
          97  0.000000000000000E+000  0.000000000000000E+000
 -9.699161613181691E-010  3.096348550579661E-009
  4.338193457336078E-007 -3.649326700353428E-007
          98  0.000000000000000E+000  0.000000000000000E+000
  2.136358136768610E-009  8.833608050667578E-009
 -7.195366645602346E-008 -5.903123640664812E-007
          99  0.000000000000000E+000  0.000000000000000E+000
  9.470246877509598E-009  6.063264571197426E-009
 -5.292222659192361E-007 -2.444110021878336E-007
         100  0.000000000000000E+000  0.000000000000000E+000
  9.504990315332100E-009  1.986861295228181E-009
 -4.419703551033145E-007  2.562027253401380E-007
         101  0.000000000000000E+000  0.000000000000000E+000
  6.937690202331470E-009 -1.838941539747018E-009
 -4.997135586349780E-008  4.635117040546808E-007
         102  0.000000000000000E+000  0.000000000000000E+000
  3.022118851774257E-009 -5.828921464482404E-010
  3.274553976526970E-007  2.493905730442150E-007
         103  0.000000000000000E+000  0.000000000000000E+000
  2.572896242568581E-009  2.515561721133400E-009
  3.122762533230388E-007 -1.275942628068755E-007
         104  0.000000000000000E+000  0.000000000000000E+000
  5.258164421535738E-009  3.984572201988193E-009
  5.831836246745401E-008 -2.552388261429276E-007
         105  0.000000000000000E+000  0.000000000000000E+000
  6.858127573080933E-009  3.849548164324926E-009
 -9.828901186582408E-008 -1.769645871426406E-007
         106  0.000000000000000E+000  0.000000000000000E+000
  9.483299985380788E-009  2.072684730490261E-009
 -1.569398188673861E-007 -8.162892969050206E-008
         107  0.000000000000000E+000  0.000000000000000E+000
  9.682795752172070E-009 -1.391469849339757E-009
 -1.743896950831766E-007 -2.324486337577913E-010
         108  0.000000000000000E+000  0.000000000000000E+000
  7.397721059944179E-009 -3.983262068904429E-009
 -1.719355862537426E-007  1.112620239194148E-007
         109  0.000000000000000E+000  0.000000000000000E+000
  3.746607973126074E-009 -4.101040237267042E-009
 -5.250872556085409E-008  2.348859978857760E-007
         110  0.000000000000000E+000  0.000000000000000E+000
  1.771735480006526E-009 -6.696307160354203E-010
  1.657357280459688E-007  2.042574445361895E-007
         111  0.000000000000000E+000  0.000000000000000E+000
  3.542213184233987E-009  2.891439679451252E-009
  2.919682010872802E-007 -8.566173527364522E-009
         112  0.000000000000000E+000  0.000000000000000E+000
  8.486231167277337E-009  3.087011475788183E-009
  1.811668743761671E-007 -2.912759129054127E-007
         113  0.000000000000000E+000  0.000000000000000E+000
  1.109413086631909E-008 -1.008477808934248E-009
 -1.648638165160684E-007 -3.488445214478753E-007
         114  0.000000000000000E+000  0.000000000000000E+000
  1.040728292606345E-008 -5.431197731023628E-009
 -4.020497574286267E-007 -7.356725730239499E-008
         115  0.000000000000000E+000  0.000000000000000E+000
  5.409672630278768E-009 -8.549272644909192E-009
 -3.075353769362063E-007  2.738944782470219E-007
         116  0.000000000000000E+000  0.000000000000000E+000
  1.590177853101878E-009 -5.854752062468133E-009
  1.114378028841499E-009  4.143226447778251E-007
         117  0.000000000000000E+000  0.000000000000000E+000
  1.421908054001641E-009 -8.079835626495002E-010
  3.689751913878457E-007  2.455646816541255E-007
         118  0.000000000000000E+000  0.000000000000000E+000
  5.653492832415724E-009  1.816485493633796E-010
  3.803912151207563E-007 -1.874472212392788E-007
         119  0.000000000000000E+000  0.000000000000000E+000
  8.860988437049111E-009 -1.336730288142776E-009
  6.843039937356723E-008 -4.077340989254195E-007
         120  0.000000000000000E+000  0.000000000000000E+000
  1.008898684442405E-008 -7.637542395214608E-009
 -3.028052746169919E-007 -3.391373521300003E-007
         121  0.000000000000000E+000  0.000000000000000E+000
  5.118784189474575E-009 -1.000262347229202E-008
 -5.483951514970853E-007  3.992712360993984E-008
         122  0.000000000000000E+000  0.000000000000000E+000
  1.209094462664231E-011 -7.683744143266184E-009
 -2.548218303182355E-007  5.664873754737931E-007
         123  0.000000000000000E+000  0.000000000000000E+000
  7.999904335182720E-010 -4.348648693800104E-009
  3.384668587229447E-007  5.028581335261198E-007
         124  0.000000000000000E+000  0.000000000000000E+000
  2.506177241707666E-009 -1.735513702252876E-009
  6.367521170909004E-007 -7.570457655079865E-009
         125  0.000000000000000E+000  0.000000000000000E+000
  8.517262969378272E-009 -4.354022505160259E-009
  3.185078674633124E-007 -6.312657500173184E-007
         126  0.000000000000000E+000  0.000000000000000E+000
  4.418069392746292E-009 -1.040287041407017E-008
 -4.889318277563526E-007 -6.190198774132865E-007
         127  0.000000000000000E+000  0.000000000000000E+000
 -1.360248431755153E-009 -9.632238779270966E-009
 -8.191902083182923E-007  2.432990296413927E-007
         128  0.000000000000000E+000  0.000000000000000E+000
 -7.955204102964997E-010 -4.024590847543000E-009
 -1.415596839335115E-007  8.041587588625856E-007
         129  0.000000000000000E+000  0.000000000000000E+000
  1.576748556722820E-009 -3.121388951181787E-009
  6.145871415550017E-007  5.373476915377126E-007
         130  0.000000000000000E+000  0.000000000000000E+000
  6.645817493183067E-009 -3.550803837634741E-009
  7.940208561852709E-007 -3.207787769837197E-007
         131  0.000000000000000E+000  0.000000000000000E+000
  6.386042298562435E-009 -1.382600925038416E-008
  1.442240860236263E-008 -8.876196126001151E-007
         132  0.000000000000000E+000  0.000000000000000E+000
 -3.587066071027052E-009 -1.385266519590804E-008
 -8.603112369327053E-007 -3.578187470094413E-007
         133  0.000000000000000E+000  0.000000000000000E+000
 -6.907280772038281E-009 -5.097653504617413E-009
 -6.294824142266171E-007  6.233078786031894E-007
         134  0.000000000000000E+000  0.000000000000000E+000
 -1.403780347436831E-009 -2.373366349184199E-009
  1.997031356213655E-007  8.257452486396112E-007
         135  0.000000000000000E+000  0.000000000000000E+000
  3.160869684658267E-009 -2.748854841147546E-009
  8.467994894118532E-007  2.201802676988675E-007
         136  0.000000000000000E+000  0.000000000000000E+000
  6.228993112406298E-009 -1.221838319201895E-008
  5.182109732869470E-007 -6.860497055174547E-007
         137  0.000000000000000E+000  0.000000000000000E+000
 -5.558264123878103E-009 -1.553204624710877E-008
 -4.402931230832968E-007 -6.862866892724289E-007
         138  0.000000000000000E+000  0.000000000000000E+000
 -1.108036242326737E-008 -6.098922469205155E-009
 -6.918858837128125E-007  1.404034625947768E-007
         139  0.000000000000000E+000  0.000000000000000E+000
 -4.822184567407227E-009 -1.471133532355797E-009
 -2.217724862982640E-007  6.050575716790267E-007
         140  0.000000000000000E+000  0.000000000000000E+000
 -8.196463200959934E-010 -2.442426246115213E-009
  4.248574699720630E-007  4.846527759311892E-007
         141  0.000000000000000E+000  0.000000000000000E+000
  2.095684925284517E-009 -8.609939496736696E-009
  5.595920291295524E-007 -1.694571486095801E-007
         142  0.000000000000000E+000  0.000000000000000E+000
 -7.716481005550541E-009 -1.327104406601743E-008
  6.305864154654912E-008 -4.850753615186778E-007
         143  0.000000000000000E+000  0.000000000000000E+000
 -1.342004356654607E-008 -4.131271695649059E-009
 -3.418920755260829E-007 -1.996043404257017E-007
         144  0.000000000000000E+000  0.000000000000000E+000
 -6.095108230125455E-009  3.124443458696346E-009
 -3.224352561090712E-007  1.543117933970781E-007
         145  0.000000000000000E+000  0.000000000000000E+000
 -6.474088188875493E-011 -5.267041093999778E-010
 -3.789948232964536E-008  4.145334906950995E-007
         146  0.000000000000000E+000  0.000000000000000E+000
  1.155145604531650E-009 -5.697598970048149E-009
  3.885310458900047E-007  2.276103254779560E-007
         147  0.000000000000000E+000  0.000000000000000E+000
 -3.156779008468973E-009 -1.201216280361196E-008
  3.630512656860417E-007 -2.442255165166294E-007
         148  0.000000000000000E+000  0.000000000000000E+000
 -1.335665580460611E-008 -8.675378722290037E-009
 -5.582379171685783E-008 -4.230839444224482E-007
         149  0.000000000000000E+000  0.000000000000000E+000
 -1.340677204030853E-008  1.778296743840677E-009
 -4.027649471903750E-007 -1.434514177550732E-007
         150  0.000000000000000E+000  0.000000000000000E+000
 -4.683180899030001E-009  4.704980875039628E-009
 -3.870174320555957E-007  3.179254989228435E-007
         151  0.000000000000000E+000  0.000000000000000E+000
 -8.624981117885364E-012  4.793910795074756E-010
  1.275324183472093E-007  5.885074568088559E-007
         152  0.000000000000000E+000  0.000000000000000E+000
  5.283760275899849E-010 -5.702902664032758E-009
  6.326751029364241E-007  1.788651656584779E-007
         153  0.000000000000000E+000  0.000000000000000E+000
 -6.429928145819950E-009 -1.048809127389644E-008
  4.956506548290651E-007 -4.699001669504890E-007
         154  0.000000000000000E+000  0.000000000000000E+000
 -1.339771789352719E-008 -5.125750655653633E-009
 -1.521960333630303E-007 -6.942893835626593E-007
         155  0.000000000000000E+000  0.000000000000000E+000
 -1.167529469588965E-008  1.924453152332078E-009
 -7.309244006317765E-007 -2.410200509622948E-007
         156  0.000000000000000E+000  0.000000000000000E+000
 -7.328785783434995E-009  3.394364988444913E-009
 -6.125836546514887E-007  5.820461550998938E-007
         157  0.000000000000000E+000  0.000000000000000E+000
 -4.210274419789044E-009  1.933946178334049E-009
  2.189844993786322E-007  8.747105760675957E-007
         158  0.000000000000000E+000  0.000000000000000E+000
 -3.989953222724520E-009 -1.293271560851094E-009
  8.999689916955791E-007  2.814736683260650E-007
         159  0.000000000000000E+000  0.000000000000000E+000
 -6.712934934291912E-009 -2.570421454338816E-009
  7.212923474371051E-007 -6.270328831354747E-007
         160  0.000000000000000E+000  0.000000000000000E+000
 -9.042864277832799E-009 -8.506923408144447E-010
 -1.600291432717921E-007 -9.116305114979065E-007
         161  0.000000000000000E+000  0.000000000000000E+000
 -8.825647777380825E-009  1.254476983649216E-009
 -8.167047924134703E-007 -3.189539621016893E-007
         162  0.000000000000000E+000  0.000000000000000E+000
 -8.502456847286475E-009  2.239660959557822E-009
 -6.650030861043365E-007  5.085380802849427E-007
         163  0.000000000000000E+000  0.000000000000000E+000
 -7.757775003935734E-009  3.811710357757631E-009
  7.433960336333726E-008  7.890373098579308E-007
         164  0.000000000000000E+000  0.000000000000000E+000
 -5.412057045959338E-009  3.307274856163689E-009
  6.354275664167862E-007  3.645322013486646E-007
         165  0.000000000000000E+000  0.000000000000000E+000
 -6.579607910408696E-009  1.606233150107953E-009
  6.153004362134447E-007 -2.372823856988453E-007
         166  0.000000000000000E+000  0.000000000000000E+000
 -7.718137378134883E-009  3.751736754175222E-009
  2.472660473761457E-007 -5.635915902185498E-007
         167  0.000000000000000E+000  0.000000000000000E+000
 -6.176041442048550E-009  3.651168119928753E-009
 -2.665378790607185E-007 -5.559662178845404E-007
         168  0.000000000000000E+000  0.000000000000000E+000
 -7.774836088513005E-009  3.779580892979942E-009
 -5.710580315410217E-007 -1.204699388210584E-007
         169  0.000000000000000E+000  0.000000000000000E+000
 -6.523115367816897E-009  6.906461409512557E-009
 -4.455340773080874E-007  3.424281133946871E-007
         170  0.000000000000000E+000  0.000000000000000E+000
 -4.296799062798396E-009  4.287605654924569E-009
 -3.283168950970672E-008  6.088851347705726E-007
         171  0.000000000000000E+000  0.000000000000000E+000
 -7.892978720582526E-009  4.579250712569024E-009
  5.469374672683162E-007  4.802540687386554E-007
         172  0.000000000000000E+000  0.000000000000000E+000
 -5.689710323917105E-009  7.737360526128087E-009
  7.848051007144861E-007 -2.625080066164293E-007
         173  0.000000000000000E+000  0.000000000000000E+000
 -5.887013270253643E-009  6.551482811292007E-009
  1.932522565276185E-007 -7.846396273439247E-007
         174  0.000000000000000E+000  0.000000000000000E+000
 -5.425879203212598E-009  1.071764252930797E-008
 -5.165715564214009E-007 -6.091901010420384E-007
         175  0.000000000000000E+000  0.000000000000000E+000
  6.066827421008407E-010  8.529046545396610E-009
 -8.120742483339325E-007  1.367111144626607E-007
         176  0.000000000000000E+000  0.000000000000000E+000
 -2.440683277418287E-009  5.133018032767487E-009
 -2.240400988385738E-007  8.150085466833845E-007
         177  0.000000000000000E+000  0.000000000000000E+000
 -1.222473939611022E-009  7.478265940758704E-009
  6.431030334300105E-007  4.448083099599711E-007
         178  0.000000000000000E+000  0.000000000000000E+000
 -2.357207916656666E-009  3.426469097637266E-009
  5.583446977923581E-007 -3.056602606981628E-007
         179  0.000000000000000E+000  0.000000000000000E+000
 -7.425705703620653E-009  7.325048110837117E-009
  4.923091286150152E-008 -5.481605697323297E-007
         180  0.000000000000000E+000  0.000000000000000E+000
 -2.341599789244632E-009  1.325444866774228E-008
 -4.107402874194916E-007 -2.658852179962360E-007
         181  0.000000000000000E+000  0.000000000000000E+000
  1.771804011588719E-009  1.049646024227032E-008
 -3.090202720023144E-007  2.420385256649100E-007
         182  0.000000000000000E+000  0.000000000000000E+000
  3.833444171895110E-009  9.808141968539130E-009
  1.854809871227969E-007  2.448652927645420E-007
         183  0.000000000000000E+000  0.000000000000000E+000
  5.435853817638128E-009  2.426257867027267E-009
  1.452121766714972E-007 -1.484321681541368E-007
         184  0.000000000000000E+000  0.000000000000000E+000
 -4.249729914310230E-009  7.284143510936001E-010
 -6.815849307489037E-008 -9.849943503777024E-008
         185  0.000000000000000E+000  0.000000000000000E+000
 -6.996220886331461E-009  1.083431349697291E-008
 -9.608992088359737E-008 -1.258633486072291E-009
         186  0.000000000000000E+000  0.000000000000000E+000
  1.224347299486864E-009  1.401023550573135E-008
 -2.489783176324759E-008  1.366117525513492E-007
         187  0.000000000000000E+000  0.000000000000000E+000
  4.632705071036772E-009  1.192287760357508E-008
  2.177699568496647E-007  7.751809091453688E-008
         188  0.000000000000000E+000  0.000000000000000E+000
  9.168615676197462E-009  7.669665984727954E-009
  1.426102765178520E-007 -2.977735964719700E-007
         189  0.000000000000000E+000  0.000000000000000E+000
  3.241729652469457E-009  1.420804492725105E-009
 -2.240688048179611E-007 -1.783793495500278E-007
         190  0.000000000000000E+000  0.000000000000000E+000
 -1.870802744935256E-009  7.991849615023759E-009
 -1.795717679147682E-007  5.966832048932888E-008
         191  0.000000000000000E+000  0.000000000000000E+000
  4.727981114788675E-009  1.197208260927565E-008
 -4.983778751901799E-008  1.540997388631497E-007
         192  0.000000000000000E+000  0.000000000000000E+000
  7.853917331358922E-009  8.929256431102141E-009
  1.393541153810415E-007  8.462174414378413E-008
         193  0.000000000000000E+000  0.000000000000000E+000
  1.050956687847966E-008  5.503569324849287E-009
  7.508733450350744E-008 -1.743939071310114E-007
         194  0.000000000000000E+000  0.000000000000000E+000
  5.782947425132960E-009  1.121246618868436E-010
 -1.554012261184263E-007 -2.383773909037965E-008
         195  0.000000000000000E+000  0.000000000000000E+000
  7.056723716383756E-010  4.977722530756771E-009
  3.495613849568626E-008  9.596417175601964E-008
         196  0.000000000000000E+000  0.000000000000000E+000
  5.369374452300663E-009  1.054600288004241E-008
  9.556870804268180E-008 -7.510199599009065E-008
         197  0.000000000000000E+000  0.000000000000000E+000
  1.118854126920096E-008  7.297300476515833E-009
 -4.446453913630582E-008 -1.619034581201451E-007
         198  0.000000000000000E+000  0.000000000000000E+000
  1.176608545288690E-008  2.500599337582821E-009
 -1.874633863344301E-007 -6.423354969004656E-008
         199  0.000000000000000E+000  0.000000000000000E+000
  8.728076005818438E-009 -2.104577295613615E-009
 -1.854960509903648E-007  1.659731688945062E-007
         200  0.000000000000000E+000  0.000000000000000E+000
  2.964323840769023E-009 -4.066078661341253E-010
  1.364837725684367E-007  2.433897971314159E-007
         201  0.000000000000000E+000  0.000000000000000E+000
  3.086368740792915E-009  4.721344749522263E-009
  2.760344914600816E-007 -9.309302296487243E-008
         202  0.000000000000000E+000  0.000000000000000E+000
  7.693648926147629E-009  6.282230683571587E-009
  5.554824420781046E-009 -3.049541093760396E-007
         203  0.000000000000000E+000  0.000000000000000E+000
  1.033977495191519E-008  3.317088588732449E-009
 -2.798243196676935E-007 -1.572663382735668E-007
         204  0.000000000000000E+000  0.000000000000000E+000
  1.032208224910829E-008  6.215096196047157E-010
 -2.872046651107650E-007  1.583621493465611E-007
         205  0.000000000000000E+000  0.000000000000000E+000
  8.532334830074858E-009 -1.398200472510049E-009
  1.929189256821670E-009  3.447310051851316E-007
         206  0.000000000000000E+000  0.000000000000000E+000
  6.873780549377427E-009 -6.918150376070057E-010
  3.291498387861161E-007  1.341076102504911E-007
         207  0.000000000000000E+000  0.000000000000000E+000
  7.171656421367467E-009 -6.276414523909765E-011
  2.678444469900435E-007 -2.598566074688771E-007
         208  0.000000000000000E+000  0.000000000000000E+000
  7.546447095291056E-009 -3.087101990479189E-010
 -1.085946183217123E-007 -3.945973046869066E-007
         209  0.000000000000000E+000  0.000000000000000E+000
  7.609553269134381E-009 -5.596846784400012E-010
 -4.271971484614253E-007 -1.296793446892751E-007
         210  0.000000000000000E+000  0.000000000000000E+000
  8.333966716611365E-009 -6.318020756601685E-010
 -3.553583580247290E-007  2.815132925248008E-007
         211  0.000000000000000E+000  0.000000000000000E+000
  8.974105815271318E-009 -1.932259387072916E-009
  5.935037342655778E-009  4.544364455409999E-007
         212  0.000000000000000E+000  0.000000000000000E+000
  8.547822041502756E-009 -3.642704297152863E-009
  3.936308314582423E-007  2.679805741290856E-007
         213  0.000000000000000E+000  0.000000000000000E+000
  6.961600561244831E-009 -3.775210951490739E-009
  4.625499611365505E-007 -1.999791109115555E-007
         214  0.000000000000000E+000  0.000000000000000E+000
  7.064062984120579E-009 -3.599652842287606E-009
  9.714897595235192E-008 -5.373303664098374E-007
         215  0.000000000000000E+000  0.000000000000000E+000
  7.361393961717379E-009 -3.595227545489550E-009
 -4.048179229714657E-007 -4.595669755462541E-007
         216  0.000000000000000E+000  0.000000000000000E+000
  7.445897552062540E-009 -5.470352153415009E-009
 -7.464972295160562E-007  6.782678468295703E-008
         217  0.000000000000000E+000  0.000000000000000E+000
  5.811278552724926E-009 -5.834730499871870E-009
 -3.604658056224481E-007  7.629235998711141E-007
         218  0.000000000000000E+000  0.000000000000000E+000
  4.198562533700519E-009 -5.380144768212595E-009
  4.815478999676954E-007  7.025882995949022E-007
         219  0.000000000000000E+000  0.000000000000000E+000
  5.319427544316629E-009 -2.981941443202687E-009
  8.376666106992570E-007 -4.182915879904380E-008
         220  0.000000000000000E+000  0.000000000000000E+000
  7.526987712018949E-009 -4.144872925245980E-009
  4.141960004473425E-007 -7.273347862144491E-007
         221  0.000000000000000E+000  0.000000000000000E+000
  9.042623917679202E-009 -7.135491375572437E-009
 -4.404678800344343E-007 -7.956686997932448E-007
         222  0.000000000000000E+000  0.000000000000000E+000
  5.971648951808673E-009 -1.053566684172291E-008
 -9.273115140755074E-007  3.310988371049682E-008
         223  0.000000000000000E+000  0.000000000000000E+000
  2.632337125344724E-009 -1.085875508281079E-008
 -3.883577309850595E-007  7.262577741303185E-007
         224  0.000000000000000E+000  0.000000000000000E+000
 -5.971583072322521E-010 -7.417261158915242E-009
  2.968210563330861E-007  6.295824732930940E-007
         225  0.000000000000000E+000  0.000000000000000E+000
  1.773836845499237E-009 -4.778099128093151E-009
  5.829817988348675E-007  1.375469090085200E-007
         226  0.000000000000000E+000  0.000000000000000E+000
  4.937631252018532E-009 -5.219146422344741E-009
  3.928250396509611E-007 -3.801502108984834E-007
         227  0.000000000000000E+000  0.000000000000000E+000
  4.662728772511651E-009 -9.480875293990628E-009
 -1.321163978651467E-007 -3.666082465247754E-007
         228  0.000000000000000E+000  0.000000000000000E+000
  2.437124973905649E-009 -1.062729493687684E-008
 -1.586034128835758E-007 -1.047663925664408E-007
         229  0.000000000000000E+000  0.000000000000000E+000
 -1.167307026125147E-009 -1.038330404934246E-008
 -2.090671629975625E-007 -1.208740434425397E-007
         230  0.000000000000000E+000  0.000000000000000E+000
 -1.344866302071517E-009 -8.254327759499364E-009
 -3.675615210520241E-007  7.652197196940954E-008
         231  0.000000000000000E+000  0.000000000000000E+000
 -1.586174957430313E-009 -7.430094505505532E-009
 -2.252178987195311E-007  4.046231061452614E-007
         232  0.000000000000000E+000  0.000000000000000E+000
 -2.209543162712972E-009 -7.577293036133864E-009
  1.381206861542238E-007  5.654972308090193E-007
         233  0.000000000000000E+000  0.000000000000000E+000
 -1.725200896773804E-009 -4.468577457267367E-009
  7.358596314586458E-007  2.606159672291152E-007
         234  0.000000000000000E+000  0.000000000000000E+000
  1.251953411022626E-009 -7.056689185594935E-009
  6.079577852868001E-007 -6.267512496733268E-007
         235  0.000000000000000E+000  0.000000000000000E+000
 -7.301760393508396E-010 -8.505349381942433E-009
 -2.989859465512500E-007 -8.123940411083420E-007
         236  0.000000000000000E+000  0.000000000000000E+000
 -2.495601654646248E-009 -9.032415380543980E-009
 -8.294719423225381E-007 -1.220661816070951E-007
         237  0.000000000000000E+000  0.000000000000000E+000
 -3.592502492125979E-009 -7.884122810462949E-009
 -5.484451329778400E-007  5.933983550391620E-007
         238  0.000000000000000E+000  0.000000000000000E+000
 -4.634875421055135E-009 -6.280617286121438E-009
  2.044876876980018E-007  8.224469655714239E-007
         239  0.000000000000000E+000  0.000000000000000E+000
 -1.642611184888408E-009 -5.880852828219870E-009
  7.810248772363209E-007  1.764098998940691E-007
         240  0.000000000000000E+000  0.000000000000000E+000
 -3.962897035016602E-009 -8.995297992547921E-009
  4.068732804836576E-007 -4.904722922759199E-007
         241  0.000000000000000E+000  0.000000000000000E+000
 -6.124666763018993E-009 -6.942981675585238E-009
 -1.568267382072365E-007 -4.437723543511908E-007
         242  0.000000000000000E+000  0.000000000000000E+000
 -5.640579341107394E-009 -4.777504253670917E-009
 -3.364721646397533E-007 -1.000570117527217E-007
         243  0.000000000000000E+000  0.000000000000000E+000
 -4.518502507306827E-009 -5.080728721886020E-009
 -2.351580404660969E-007  2.069202466394380E-007
         244  0.000000000000000E+000  0.000000000000000E+000
 -3.231671463925903E-009 -5.654573474277982E-009
  7.521177664764101E-008  1.903719377186101E-007
         245  0.000000000000000E+000  0.000000000000000E+000
 -5.451908307299318E-009 -9.384326917182447E-009
  1.184610395342965E-008  1.449252432601382E-008
         246  0.000000000000000E+000  0.000000000000000E+000
 -1.011237660083239E-008 -7.429231093214383E-009
 -3.607052996539783E-008  1.666847774806935E-007
         247  0.000000000000000E+000  0.000000000000000E+000
 -1.119763487444092E-008 -2.884496120988696E-009
  2.110730460050267E-007  2.064348804433087E-007
         248  0.000000000000000E+000  0.000000000000000E+000
 -8.691327075332973E-009  5.318786886108909E-011
  3.447714516608814E-007 -6.105156527932597E-008
         249  0.000000000000000E+000  0.000000000000000E+000
 -4.963255073178806E-009  6.363928373013402E-010
  1.781713461617908E-007 -3.794149604152323E-007
         250  0.000000000000000E+000  0.000000000000000E+000
 -2.906949425942076E-009 -3.871799738178774E-009
 -3.107267019260695E-007 -3.695714358324299E-007
         251  0.000000000000000E+000  0.000000000000000E+000
 -7.373308592376962E-009 -6.250478844988879E-009
 -4.804340882883818E-007  1.579028621876218E-007
         252  0.000000000000000E+000  0.000000000000000E+000
 -1.067330663401242E-008 -3.564024271797343E-009
 -6.670223395995726E-008  4.984157130933699E-007
         253  0.000000000000000E+000  0.000000000000000E+000
 -1.041310373347991E-008  6.534084443667796E-011
  3.749567296222767E-007  2.930426550831001E-007
         254  0.000000000000000E+000  0.000000000000000E+000
 -8.424068215023886E-009  1.583236653951217E-009
  4.131688630379867E-007 -1.276011968033676E-007
         255  0.000000000000000E+000  0.000000000000000E+000
 -6.528096442031807E-009  1.411932699542532E-009
  1.127682181864414E-007 -3.653225241919334E-007
         256  0.000000000000000E+000  0.000000000000000E+000
 -6.147641490904557E-009 -1.089035282246140E-010
 -2.074246212084657E-007 -2.407898955385997E-007
