   409.600000000000     
         256           1           3
  1.124309127438499E-002   38.3995950215572        118.187349019569     
   39.0000000000000        116.000000000000        6351.00000000000     
           0  0.000000000000000E+000  0.000000000000000E+000
  0.000000000000000E+000  0.000000000000000E+000
  0.000000000000000E+000  0.000000000000000E+000
           1 -4.954012944742754E-007  2.134265339332003E-007
  2.615452197679476E-006  3.743843079591905E-008
 -1.711328245489204E-006 -1.418455346595134E-007
           2 -5.340049402924598E-007  6.937851344247922E-007
  2.526978584488621E-006  1.234073823543936E-007
 -1.669064777186805E-006 -4.736431778454607E-007
           3 -6.907569522906449E-008  1.481776868380930E-006
  2.356303405937495E-006  5.024254092780026E-007
 -1.939625357513633E-006 -9.897350033551428E-007
           4  1.384125913579325E-006  1.926312298704292E-006
  2.574901350115151E-006  1.478856466436468E-006
 -2.690191309515734E-006 -1.330428292064358E-006
           5  3.396148725290694E-006  8.522638227916997E-007
  4.072742247565700E-006  2.663460168464744E-006
 -3.665555335866180E-006 -1.076609199127947E-006
           6  4.277838119972496E-006 -2.200664428352577E-006
  7.179937222349463E-006  2.567088581673578E-006
 -4.305012144543893E-006 -2.318348764000175E-007
           7  2.173769131286279E-006 -5.834441723930056E-006
  1.055134100440525E-005 -4.573797077719564E-007
 -4.237987573734232E-006  7.686135767231212E-007
           8 -3.016306506872279E-006 -7.050923643333255E-006
  1.129398550654286E-005 -6.518812024274066E-006
 -3.559370141735317E-006  1.253496635828981E-006
           9 -8.426502405273885E-006 -3.386247598960075E-006
  6.776859764788977E-006 -1.284098312387514E-005
 -3.003349782600460E-006  7.628589921345547E-007
          10 -9.550324358074760E-006  4.458009808202772E-006
 -2.442294635780717E-006 -1.451374502147050E-005
 -3.463638471961719E-006 -1.824717285292002E-007
          11 -3.258836737148338E-006  1.165664518250009E-005
 -1.138346098280807E-005 -8.253818624467623E-006
 -5.095795226296816E-006 -6.148597885707911E-007
          12  8.243215579376510E-006  1.141476504663976E-005
 -1.339195345705993E-005  4.131167256346907E-006
 -7.451040000131337E-006  3.746040771561359E-007
          13  1.695337205353909E-005  3.791944129630362E-007
 -4.569090510407574E-006  1.539551951073718E-005
 -8.961980993047706E-006  3.318573813036916E-006
          14  1.308440998277109E-005 -1.672087596439032E-005
  1.138702672243819E-005  1.676779758286118E-005
 -8.533927274478071E-006  7.067734413800067E-006
          15 -6.765731040969644E-006 -2.636283288482994E-005
  2.434094697394506E-005  4.673501136120563E-006
 -5.890414984324235E-006  1.006203344081434E-005
          16 -3.174489261737688E-005 -1.452770528630400E-005
  2.371856866803556E-005 -1.426729232671314E-005
 -2.331071935937645E-006  1.101118359765082E-005
          17 -4.029346528217461E-005  1.862966910485587E-005
  8.145734379670691E-006 -2.642653706930786E-005
  8.784063603614272E-007  1.044713069527201E-005
          18 -1.583163604670198E-005  5.328283754027475E-005
 -1.180278383021400E-005 -2.039172603573352E-005
  2.934854982766915E-006  8.425380484003279E-006
          19  3.581210920424001E-005  5.771086404737222E-005
 -1.656010755183961E-005  1.185324858153827E-006
  3.285961563414956E-006  6.595781045014163E-006
          20  7.963583178396967E-005  1.350956446735933E-005
  3.259409794415737E-006  1.717344676578288E-005
  3.214832748338382E-006  5.891961863992189E-006
          21  7.176815318308393E-005 -5.936829805610687E-005
  3.329645647937718E-005  4.556656508111675E-006
  3.655677804741796E-006  5.907015481035510E-006
          22  2.783548219265049E-007 -1.038899454902759E-004
  3.983009594493771E-005 -3.866529354378690E-005
  5.314783179844150E-006  5.028795345680857E-006
          23 -8.786421758863527E-005 -6.927127720070287E-005
 -2.021862967625215E-006 -7.745060586855404E-005
  5.822927717751695E-006  2.338027514894532E-006
          24 -1.113189236737190E-004  3.172605443275645E-005
 -7.175419384493543E-005 -6.349097877134456E-005
  3.804120619125454E-006  1.172196247282166E-007
          25 -3.356093945912287E-005  1.100611026279101E-004
 -1.070868739954924E-004  1.328050150931462E-005
  4.818744329544391E-007  5.167270654955096E-007
          26  7.721293264627089E-005  7.969706538991128E-005
 -5.940347722360425E-005  9.528278698062115E-005
 -8.023320103467711E-007  4.061158915548059E-006
          27  1.004209830053756E-004 -3.646117258862463E-005
  4.161200759193097E-005  1.019800188733074E-004
  1.892177087091497E-006  7.308881721163624E-006
          28 -2.731714710886494E-007 -1.074941030076494E-004
  1.016582394233851E-004  1.800818237294509E-005
  6.492882237014639E-006  6.828361670125741E-006
          29 -1.101882789862809E-004 -3.672239867229927E-005
  5.814925439694906E-005 -7.273265332859005E-005
  8.768502240270775E-006  2.607123716962221E-006
          30 -8.290425022592247E-005  1.018447876172674E-004
 -3.658069762380296E-005 -7.203718924411421E-005
  6.470782791750382E-006 -1.084281911618520E-006
          31  6.775331867820501E-005  1.315599884009953E-004
 -6.760312121724021E-005  1.128889843731613E-005
  2.917421745899930E-006 -5.291445516834539E-007
          32  1.609516196112095E-004 -4.954692376276099E-006
  1.562841046475629E-006  6.420600907993872E-005
  2.689349068146874E-006  2.705526238284830E-006
          33  6.861664745153379E-005 -1.525876074047718E-004
  7.562763341474284E-005  9.710039830841181E-006
  6.160192194914724E-006  3.902160559312305E-006
          34 -1.080798749886002E-004 -1.263518355776760E-004
  4.487839398126250E-005 -8.759258900939581E-005
  9.085680972198393E-006  8.100311680802773E-007
          35 -1.532584665581778E-004  4.682061180409122E-005
 -6.767522681367143E-005 -9.699296378447814E-005
  7.874909679099786E-006 -3.347432568207904E-006
          36 -1.193385286851688E-005  1.530537231792946E-004
 -1.272512883292487E-004  7.921155251117815E-006
  4.174951597394960E-006 -4.252106477332204E-006
          37  1.367017286651423E-004  6.228300531302152E-005
 -5.759769410200558E-005  1.090955042101695E-004
  2.396143238859743E-006 -1.923391256882862E-006
          38  1.068407715059535E-004 -1.075295585536517E-004
  6.059205063685104E-005  9.032525901851628E-005
  4.045609404586723E-006 -6.328390973818950E-008
          39 -6.079647814677598E-005 -1.425366289803965E-004
  8.967370744971440E-005 -1.846145478498240E-005
  6.369057676391097E-006 -1.496145401474436E-006
          40 -1.560996943567764E-004 -2.832384888682721E-006
  6.188259128510489E-006 -8.128600271534969E-005
  5.836506434114980E-006 -4.607031148631390E-006
          41 -6.763321259446702E-005  1.360651922686733E-004
 -7.637641265968465E-005 -2.846553229554554E-005
  2.926408180433277E-006 -5.603909813833730E-006
          42  8.743510322491945E-005  1.110185402596673E-004
 -5.510219235634924E-005  6.388328418503486E-005
  8.487084669630246E-007 -3.701943406080409E-006
          43  1.221007838140240E-004 -3.158754813083418E-005
  3.743086568339515E-005  7.510705419832782E-005
  1.901402511411299E-006 -1.454122031844966E-006
          44  1.094816270960437E-005 -1.100213856772717E-004
  8.074142359333385E-005 -6.670262419875755E-006
  4.385570732819582E-006 -2.069103597560059E-006
          45 -9.326764212284155E-005 -3.688036933666412E-005
  2.152634568018277E-005 -7.751571698717066E-005
  4.677304182690027E-006 -4.728043197462960E-006
          46 -5.828799686557443E-005  8.083424320677920E-005
 -6.733698936175830E-005 -5.015010388366025E-005
  2.431047546843139E-006 -6.531719803582529E-006
          47  6.515593687343966E-005  8.561646447628948E-005
 -7.749775092813291E-005  4.212132773081942E-005
 -2.927319634306555E-008 -5.576069554564961E-006
          48  1.143335646627667E-004 -3.288239347113979E-005
  1.793349718047041E-006  8.938212361257926E-005
 -1.735662268974103E-007 -3.491735587620317E-006
          49  1.888835279312882E-005 -1.284247418635999E-004
  7.781327172314042E-005  3.838044235680145E-005
  1.219373676774287E-006 -2.950163672543987E-006
          50 -1.142589539744986E-004 -7.817063308638138E-005
  6.408572720464627E-005 -5.118097834428638E-005
  2.282421506311950E-006 -4.256075422406350E-006
          51 -1.270941662296038E-004  7.018284876942074E-005
 -2.016294194260534E-005 -7.612248272460976E-005
  1.372536974852104E-006 -6.027101881729349E-006
          52  4.552661854912404E-006  1.513905284546377E-004
 -7.700125140088855E-005 -1.339370895423146E-005
 -6.732450140334256E-007 -6.245183237677054E-006
          53  1.418784143166574E-004  6.995152779766939E-005
 -4.654344816574172E-005  6.218766103687780E-005
 -1.839504887302567E-006 -5.159964815964450E-006
          54  1.363800880737531E-004 -9.314705087872976E-005
  3.180262724603809E-005  6.637302022934494E-005
 -1.647079443959428E-006 -3.927147428489910E-006
          55 -9.215040636853829E-006 -1.711039159016734E-004
  6.674284086299998E-005  3.080376242574446E-007
 -7.931463585999290E-007 -4.090154721299316E-006
          56 -1.512395583773881E-004 -8.721308822601057E-005
  2.321822092068830E-005 -5.747795968080104E-005
 -1.086086518181648E-006 -5.326554628864351E-006
          57 -1.562339499069482E-004  7.394871403141042E-005
 -4.715089296931175E-005 -4.359359227028508E-005
 -2.674994479958258E-006 -5.854695652036964E-006
          58 -3.058523294706727E-005  1.620647995663876E-004
 -6.632800713027188E-005  2.554752026758330E-005
 -4.517329454253615E-006 -4.870670783705858E-006
          59  1.012335662030610E-004  1.112671651028225E-004
 -1.617093492357143E-005  7.510868895498064E-005
 -4.949320020563785E-006 -2.935588674646157E-006
          60  1.299022722951711E-004 -1.037045923866084E-005
  4.997805526374367E-005  5.807778742508766E-005
 -3.987355852275216E-006 -1.684713946819013E-006
          61  5.860642370240458E-005 -8.866731418170982E-005
  6.815948019900749E-005 -3.148296615060238E-006
 -2.944846931626331E-006 -1.677381301258988E-006
          62 -2.566587646479944E-005 -7.643383479999641E-005
  2.891942995706781E-005 -4.354737924259278E-005
 -2.710006616923282E-006 -2.470083376691233E-006
          63 -5.307731915654485E-005 -1.798366201334173E-005
 -1.617590442484431E-005 -2.958053066007112E-005
 -3.366365564868092E-006 -2.856152284541612E-006
          64 -2.843667790589177E-005  2.018900404015344E-005
 -1.921369840682348E-005  9.948445619018313E-006
 -3.999978467778458E-006 -2.550228757884276E-006
          65  8.320701541233252E-008  1.920079208217392E-005
  1.462268711852732E-005  2.286851949679068E-005
 -4.287283871070444E-006 -2.156761753241496E-006
          66  7.212527792190770E-006  6.947266053535295E-006
  3.759508182474351E-005 -6.963526896338910E-006
 -4.335531518009155E-006 -2.015753372794861E-006
          67  8.358537460148217E-006  4.725461096355458E-006
  1.691736331243042E-005 -4.325489082992974E-005
 -4.838757681275012E-006 -2.201840881271457E-006
          68  2.007291932647680E-005 -1.115765727461691E-006
 -2.906128271385993E-005 -4.164542604927120E-005
 -5.988843657283028E-006 -1.987946249174645E-006
          69  2.434014037305717E-005 -2.953587542939580E-005
 -5.196883120197727E-005  5.969429729418992E-007
 -7.161989238159648E-006 -7.629643906654004E-007
          70 -1.049621825324661E-005 -6.149069934891740E-005
 -2.871178854091639E-005  4.153022226704031E-005
 -7.437075713003248E-006  1.144737113061994E-006
          71 -7.751087012427762E-005 -4.696082051025535E-005
  1.435647270384143E-005  4.296443610889068E-005
 -6.688024153948189E-006  2.776731636587368E-006
          72 -1.148163288645533E-004  3.677099276742980E-005
  3.287301723085954E-005  1.140261711391426E-005
 -5.487645644006001E-006  3.653114995098825E-006
          73 -5.917606728799388E-005  1.371780080231607E-004
  1.450351580232346E-005 -1.155981058811770E-005
 -4.591498457711484E-006  3.897558259997946E-006
          74  7.560095459682495E-005  1.572201657154336E-004
 -8.397712622041952E-006  2.004850117451335E-006
 -4.094998825686892E-006  4.111338600802335E-006
          75  1.868267685046071E-004  5.039055189294202E-005
  3.952017269160620E-006  3.159553920141574E-005
 -3.535977999593724E-006  4.694049049105422E-006
          76  1.690497509266739E-004 -1.166477776719723E-004
  4.765570724071461E-005  3.162087224486906E-005
 -2.385306672833145E-006  5.299392338012063E-006
          77  1.766001631178668E-005 -2.084972515150178E-004
  7.774615620608435E-005 -1.688970216294212E-005
 -7.780722411829709E-007  4.963710951740411E-006
          78 -1.498334372222996E-004 -1.403677971748362E-004
  5.084803054989331E-005 -8.077836552331254E-005
  2.238721674031414E-007  3.574352356959209E-006
          79 -1.921225250445386E-004  3.486678241339022E-005
 -2.399604219384191E-005 -1.004158358584916E-004
 -2.083427864057100E-007  2.060662261579392E-006
          80 -7.391158256001163E-005  1.658846875144440E-004
 -8.987928894088017E-005 -5.109239541470846E-005
 -1.633666437816019E-006  1.630005105978052E-006
          81  9.534889438407378E-005  1.390432153073862E-004
 -9.158220442802245E-005  3.205812597466474E-005
 -2.664249013138481E-006  2.591626627170816E-006
          82  1.598766552397122E-004 -1.580905773052694E-005
 -2.865045838234332E-005  8.141319740140103E-005
 -2.552176349321525E-006  4.096240693141836E-006
          83  5.966573201507188E-005 -1.494918871513274E-004
  4.263828880703214E-005  6.116553449972680E-005
 -1.372352442045094E-006  5.072173886027444E-006
          84 -1.096445013818379E-004 -1.298957728631420E-004
  6.262967574363165E-005 -3.329044314244109E-006
  1.229558658423490E-007  4.911324620488310E-006
          85 -1.819606601745759E-004  3.246511437207353E-005
  2.087027212303847E-005 -4.735057652493106E-005
  8.980502601750009E-007  3.960538895183896E-006
          86 -7.593215604289680E-005  1.868816211222058E-004
 -3.176310622839122E-005 -3.003204418111685E-005
  6.603624738544616E-007  3.045248620475934E-006
          87  1.219848884798332E-004  1.803949623056995E-004
 -3.679538105906794E-005  2.426111327079220E-005
 -4.659292311007409E-008  2.984887338900545E-006
          88  2.310594676188569E-004  2.649297016063810E-006
  1.464985381274491E-005  5.252427178690756E-005
 -1.836750796923557E-007  3.783918266461574E-006
          89  1.407713303643530E-004 -1.957274962508945E-004
  6.890548299525850E-005  1.528502141051035E-005
  5.816534026418966E-007  4.367298083899180E-006
          90 -8.192225311843557E-005 -2.338878722557715E-004
  6.372471154349719E-005 -5.872261404712033E-005
  1.624234303313002E-006  4.066761878954284E-006
          91 -2.425697212965319E-004 -6.728117844369192E-005
 -8.891808859754173E-006 -9.929215985486774E-005
  1.957477516546510E-006  3.113356233367195E-006
          92 -1.953842450728875E-004  1.628946364336332E-004
 -9.014818622722748E-005 -5.834655663955509E-005
  1.282981093604315E-006  2.574454755015179E-006
          93  2.340529893223492E-005  2.555876073822870E-004
 -1.044528685218893E-004  3.775452051995617E-005
  5.921991872480612E-007  3.069472770091461E-006
          94  2.252490522886003E-004  1.270853559635597E-004
 -3.087090787909582E-005  1.090473178339017E-004
  7.381509855854869E-007  4.244106611709998E-006
          95  2.340231634803901E-004 -1.125414795488747E-004
  7.486806521634643E-005  8.972401365899036E-005
  2.017815079369633E-006  5.119087472585915E-006
          96  4.305836000480732E-005 -2.550748392199480E-004
  1.215792523416832E-004 -1.062255927198579E-005
  3.729753568532118E-006  4.766212683732444E-006
          97 -1.796330715461879E-004 -1.812335780695736E-004
  6.691248850071044E-005 -1.086441162423227E-004
  4.790160233811743E-006  3.432637727401650E-006
          98 -2.457639394177889E-004  3.851221687866031E-005
 -4.423136150438267E-005 -1.227651463487764E-004
  4.626078059756757E-006  1.932910479911941E-006
          99 -1.078784839528895E-004  2.132755353429502E-004
 -1.200174095211194E-004 -4.342896900359890E-005
  3.633105593695848E-006  1.378577450397344E-006
         100  1.054629095328480E-004  2.001332309225715E-004
 -1.026855301415217E-004  5.948278033263948E-005
  3.083561823338735E-006  1.970198108955587E-006
         101  2.096687097586702E-004  2.588350373040604E-005
 -1.563750562533499E-005  1.035183696725868E-004
  3.639483208701796E-006  2.813805077835879E-006
         102  1.289756050756316E-004 -1.471962562297987E-004
  6.281720200169812E-005  6.167528705433299E-005
  5.049166979759549E-006  2.804703108611454E-006
         103 -4.754019606370278E-005 -1.747116533082190E-004
  7.011065156409488E-005 -1.673621867935946E-005
  6.206570274345946E-006  1.639224660137878E-006
         104 -1.597705429472683E-004 -5.179790727639268E-005
  1.521611716202486E-005 -5.776512521242270E-005
  6.364884995549671E-006  6.659552209516502E-008
         105 -1.220202957808160E-004  9.752681857394788E-005
 -3.876866520509354E-005 -3.313059156756479E-005
  5.688980110196922E-006 -1.064019886081936E-006
         106  1.104190070452194E-005  1.445950814039741E-004
 -4.020481719803510E-005  1.900183136389207E-005
  4.903464926447863E-006 -1.365097686439115E-006
         107  1.139168664300347E-004  6.895178765519446E-005
  3.120873630801637E-006  3.950937006620511E-005
  4.707417556324769E-006 -1.229129190115937E-006
         108  1.108051058727783E-004 -4.427476954245617E-005
  3.755589847701839E-005  8.909214207758653E-006
  5.025261056604596E-006 -1.487667118712091E-006
         109  2.977240314092364E-005 -9.829895130985054E-005
  2.408948267551289E-005 -3.540683979173166E-005
  5.186242873364501E-006 -2.232903497220448E-006
         110 -4.492375514632617E-005 -7.019352455097523E-005
 -2.279744507267544E-005 -4.347302173636921E-005
  4.868235216566486E-006 -3.112858574720025E-006
         111 -6.138213941425265E-005 -1.159362655916985E-005
 -5.273427809831975E-005 -4.903446576070102E-006
  4.238983495865137E-006 -3.661937604022313E-006
         112 -3.580449030817625E-005  2.169375180783575E-005
 -3.311016292991272E-005  4.048894321886468E-005
  3.724726582283578E-006 -3.952497399084384E-006
         113 -1.250207693003779E-005  2.101838673575249E-005
  1.716616147731184E-005  4.448050265244172E-005
  3.287117847111513E-006 -4.171886012463404E-006
         114 -9.539618333970234E-006  1.682008406931312E-005
  4.392135298068503E-005  3.228257183736759E-007
  2.976421444877760E-006 -4.513677480851961E-006
         115 -4.498429979286223E-006  2.688709749607839E-005
  1.528443695360977E-005 -4.545341190476657E-005
  2.380583045216426E-006 -5.042772725550705E-006
         116  2.061309590295105E-005  2.962879444525220E-005
 -4.218526207643121E-005 -4.250892340687770E-005
  1.395212673347455E-006 -5.233699020803784E-006
         117  4.267945373465841E-005 -2.557760483144142E-008
 -7.186561439751290E-005  1.241183923539855E-005
  3.889436770086513E-007 -4.898053788721913E-006
         118  2.349588801100215E-005 -4.350548390477375E-005
 -4.008621616560103E-005  7.005675286582663E-005
 -8.621836941655418E-008 -3.964419439064509E-006
         119 -3.552277888738759E-005 -4.859358868386588E-005
  2.511674826662695E-005  7.571455919582539E-005
  3.895763127472607E-007 -3.289124845709195E-006
         120 -7.594978026232453E-005  1.226313156573977E-005
  6.436170729367509E-005  2.887082301841103E-005
  1.010090246996205E-006 -3.525733327118195E-006
         121 -3.595331935839122E-005  9.199044038385564E-005
  4.896454056519976E-005 -2.228026251906256E-005
  1.094087993170239E-006 -4.330705515924964E-006
         122  7.047523350724494E-005  1.006320911139878E-004
  7.563727947116316E-006 -3.169572413010272E-005
  4.017218360810634E-007 -4.946680891647259E-006
         123  1.465512069590225E-004  2.084942747536408E-006
 -9.673798806072311E-006 -5.362921087757725E-006
 -3.571278204528221E-007 -4.914502390409294E-006
         124  1.021923611000026E-004 -1.332180519506776E-004
  1.139775994806147E-005  1.157111770773304E-005
 -7.044788733248468E-007 -4.730371104569256E-006
         125 -5.042696660799142E-005 -1.771801222206170E-004
  3.516618054683565E-005 -1.298776950517709E-005
 -8.013519287501977E-007 -4.778703701414765E-006
         126 -1.825407548868547E-004 -6.679071950804577E-005
  1.512404704298582E-005 -5.570056577449537E-005
 -1.133672831899350E-006 -5.326009417076491E-006
         127 -1.621960032176165E-004  1.145154343956318E-004
 -4.513719769977345E-005 -6.100510256904279E-005
 -2.223102058547364E-006 -5.789129073864629E-006
         128  8.017497744469408E-006  1.984685724249630E-004
 -9.121130223880494E-005 -5.308322912360520E-006
 -3.682975503573105E-006 -5.491076927222281E-006
         129  1.746972342919531E-004  9.502245208926076E-005
 -6.984730931353625E-005  7.276477713155018E-005
 -4.851253776371566E-006 -4.231004428485274E-006
         130  1.720916786498403E-004 -1.090426064363479E-004
  9.526358132368582E-006  1.015160225462935E-004
 -4.802237857854875E-006 -2.610958849872315E-006
         131 -1.396678107048327E-005 -2.159785756666373E-004
  7.750849161723374E-005  5.290770802930886E-005
 -3.838742413240607E-006 -1.883819964363270E-006
         132 -2.129012198248043E-004 -1.042761549548764E-004
  7.279475083293079E-005 -2.736392673715373E-005
 -3.123143816262650E-006 -2.334368966477995E-006
         133 -2.227861010737659E-004  1.394596040236639E-004
  3.691150169026602E-006 -5.971576552541779E-005
 -3.583510995394387E-006 -3.209559725780216E-006
         134 -9.144950719405927E-006  2.896028157502114E-004
 -5.470436020025386E-005 -1.221239230445619E-005
 -4.969668356380655E-006 -3.216804903086374E-006
         135  2.499377690971706E-004  1.889465348896048E-004
 -3.548680619024651E-005  6.616045801278371E-005
 -6.145538984682849E-006 -2.013409588584028E-006
         136  3.158631705482470E-004 -9.515286568420189E-005
  5.377486459037961E-005  8.820545728892885E-005
 -6.219556165427789E-006 -2.071859701293266E-007
         137  1.137786437363715E-004 -3.178746740187697E-004
  1.284199534268158E-004  1.384159300030516E-005
 -5.090151363836173E-006  1.057236957526053E-006
         138 -1.885393711081596E-004 -2.783935409816482E-004
  1.065801565220797E-004 -1.024190278085432E-004
 -3.696894121913192E-006  1.061174383811567E-006
         139 -3.268447475227687E-004 -7.147592854900468E-006
 -9.283252433648602E-006 -1.571733738522176E-004
 -3.101345048988467E-006  1.372214379924609E-007
         140 -1.802373271703298E-004  2.551303954548556E-004
 -1.270987451464567E-004 -9.488194246254422E-005
 -3.657100323238994E-006 -7.030159095784412E-007
         141  1.135831843828166E-004  2.742364467162712E-004
 -1.484484989092801E-004  3.670474286007411E-005
 -4.747253402848416E-006 -6.455991777092846E-007
         142  2.825297465169455E-004  4.007569641331857E-005
 -5.896746727055450E-005  1.289932507494603E-004
 -5.474068334714559E-006  2.248129525853936E-007
         143  1.721474149682046E-004 -2.233560822714926E-004
  5.954757264705349E-005  1.110640754862986E-004
 -5.499635540182302E-006  1.209906711487579E-006
         144 -1.109316527884540E-004 -2.653726035410200E-004
  1.052317691969798E-004  1.241594867258130E-005
 -5.217393576454113E-006  1.785793110448093E-006
         145 -2.963926088846172E-004 -4.289144850951415E-005
  4.980327802652023E-005 -6.755180326660323E-005
 -5.163444037561305E-006  2.076354753038361E-006
         146 -2.046588793429408E-004  2.368290889637058E-004
 -3.871988372005614E-005 -5.570346362450070E-005
 -5.455310474443993E-006  2.574345091799783E-006
         147  8.424610080397496E-005  3.124788616472991E-004
 -6.490066223960509E-005  2.843380484266995E-005
 -5.653652017607937E-006  3.650452537114826E-006
         148  3.081582804493111E-004  1.119661880557211E-004
  4.006122977249236E-006  9.307662292702993E-005
 -5.148676590017901E-006  5.055412351394961E-006
         149  2.664396962240633E-004 -1.839024395984568E-004
  1.042551662556402E-004  6.090422030494159E-005
 -3.778373507314309E-006  6.053996398689070E-006
         150  3.053946010583581E-006 -3.107115191441370E-004
  1.342812135672862E-004 -5.187664781459186E-005
 -2.183682189382150E-006  5.936569984161712E-006
         151 -2.381643691697901E-004 -1.662498062186523E-004
  5.329399181301693E-005 -1.487811543906500E-004
 -1.450563282465086E-006  5.018341820957576E-006
         152 -2.464742994603713E-004  1.009035818671933E-004
 -7.881831889055904E-005 -1.404969880180504E-004
 -1.807711210732645E-006  4.371517216733226E-006
         153 -3.516094617357246E-005  2.402283712848213E-004
 -1.517476583314252E-004 -2.871667891137176E-005
 -2.561044891850885E-006  4.765699305294094E-006
         154  1.808861598054899E-004  1.334525363723236E-004
 -1.057812859178398E-004  9.418801260680525E-005
 -2.646153026617896E-006  6.109903056491074E-006
         155  1.923432109033291E-004 -9.916020186479183E-005
  1.547261245660155E-005  1.258622010271248E-004
 -1.586649628586256E-006  7.498571813487998E-006
         156 -3.912710292269203E-006 -2.189213142367826E-004
  1.034144892216193E-004  4.887698086755464E-005
  3.008262689952820E-007  8.086965206411665E-006
         157 -2.058081754311401E-004 -1.032889705629457E-004
  8.878825675683603E-005 -5.909837770430937E-005
  2.161785529905674E-006  7.462524801931243E-006
         158 -2.043512603971840E-004  1.366204705613185E-004
 -5.430131538181679E-006 -1.011757879076432E-004
  3.069641748620346E-006  6.164217593158736E-006
         159  1.167748003788391E-005  2.615242016582210E-004
 -8.589551666802941E-005 -4.393908050449980E-005
  2.993531684472015E-006  5.209777846518100E-006
         160  2.398164278057530E-004  1.364268739729777E-004
 -7.738175358592375E-005  5.155207122412050E-005
  2.808212033959136E-006  5.179268742003801E-006
         161  2.542326224227225E-004 -1.335925500451110E-004
  9.003121093006628E-006  9.353383785125150E-005
  3.339476740666092E-006  5.522358266573510E-006
         162  2.597385329275107E-005 -2.951467486766418E-004
  9.167019379715518E-005  4.039960242843240E-005
  4.489752253086854E-006  5.437186855171549E-006
         163 -2.408684999120131E-004 -1.858208827533725E-004
  9.133617006977437E-005 -6.088430668438789E-005
  5.692166832385474E-006  4.554250016435753E-006
         164 -2.932834654095776E-004  1.059602383295198E-004
  3.826168742830539E-006 -1.187072016631154E-004
  6.282145078263960E-006  3.051759856324412E-006
         165 -6.970199052045731E-005  3.120319620018425E-004
 -9.568959487096126E-005 -7.708554484119518E-005
  5.943966559386959E-006  1.591995357456333E-006
         166  2.311855096428980E-004  2.322098060653772E-004
 -1.171690729809355E-004  2.909293218429809E-005
  5.062381227647949E-006  8.575386168813192E-007
         167  3.272743020706586E-004 -7.078100695888674E-005
 -4.233130606381910E-005  1.059605337865500E-004
  4.402966940198041E-006  9.246048639434997E-007
         168  1.194576936173675E-004 -3.184436770257913E-004
  6.086902149070923E-005  8.683451581651067E-005
  4.452535822461802E-006  1.202946577832688E-006
         169 -2.046258728488010E-004 -2.748134251995946E-004
  9.951251110067088E-005 -6.502838695332774E-006
  4.937313751047392E-006  9.844540396352530E-007
         170 -3.415394102523986E-004  2.422344750854445E-005
  4.458540726299595E-005 -8.498908053874001E-005
  5.125622647257616E-006  2.304468211535018E-007
         171 -1.608510844514207E-004  2.996252826478794E-004
 -4.495478546563742E-005 -8.024403058219726E-005
  4.709670462994599E-006 -4.425276910895691E-007
         172  1.678270110966721E-004  2.918679545215520E-004
 -8.382560874593222E-005 -7.279513456626586E-006
  4.105658029701360E-006 -5.019792109538517E-007
         173  3.332600747096564E-004  9.489872265046618E-006
 -4.341306531416904E-005  5.631096614461750E-005
  4.004266795112498E-006 -7.314055258013503E-008
         174  1.805180599534438E-004 -2.775083732312051E-004
  2.519018178593111E-005  4.981613798976589E-005
  4.635438234684558E-006  1.232490213258166E-007
         175 -1.413267585421249E-004 -2.978156387186899E-004
  4.632655644298951E-005 -1.211228671547953E-005
  5.471802239215807E-006 -4.863801731148151E-007
         176 -3.259045998533444E-004 -3.747559584971477E-005
 -3.305973288857242E-006 -5.668838339989416E-005
  5.708271894542907E-006 -1.780158761831489E-006
         177 -2.039561007077856E-004  2.523303090021559E-004
 -7.033438443480907E-005 -2.813024275590025E-005
  4.958966444677148E-006 -2.966078010400850E-006
         178  9.968464458569266E-005  3.008100303784875E-004
 -7.812597008661250E-005  5.351737901149169E-005
  3.741662505077017E-006 -3.226745416371753E-006
         179  2.946550006190943E-004  7.576234573224585E-005
 -5.104540636663229E-006  1.092781364745221E-004
  3.017951524899631E-006 -2.581055153826631E-006
         180  2.084870726917455E-004 -1.964902879743501E-004
  9.041269683610701E-005  7.755512405567312E-005
  3.338350608642030E-006 -1.815182908533438E-006
         181 -5.569465079897920E-005 -2.590104247677941E-004
  1.222990733613517E-004 -2.460782214089814E-005
  4.363551261005919E-006 -1.861575111158017E-006
         182 -2.320575053461249E-004 -7.214173506631524E-005
  5.770612352232184E-005 -1.135225602625448E-004
  5.148084108699843E-006 -2.895905046919142E-006
         183 -1.578701144990736E-004  1.612596262846967E-004
 -5.168278466879355E-005 -1.160438282908093E-004
  5.109901966871199E-006 -4.390503385309177E-006
         184  7.582192825578156E-005  2.041893930069333E-004
 -1.173100473689880E-004 -3.375473178128961E-005
  4.224931248201030E-006 -5.596258653297767E-006
         185  2.216232501792209E-004  1.794714958671044E-005
 -9.256463770007497E-005  6.010766623803488E-005
  3.100274447673691E-006 -6.062611231981668E-006
         186  1.235074654001683E-004 -2.032911965888580E-004
 -1.295180224201613E-005  9.056046641636873E-005
  2.303572482260595E-006 -6.105790610034689E-006
         187 -1.278231171522107E-004 -2.261020249785367E-004
  4.539797908616696E-005  4.846257873318379E-005
  1.917663239127570E-006 -6.208425045840439E-006
         188 -2.830422542942175E-004 -1.061318223097566E-005
  3.745873430972826E-005 -9.775220403676264E-006
  1.493729507094643E-006 -6.773046907302667E-006
         189 -1.768317582606394E-004  2.478615685561593E-004
 -1.018614193331243E-005 -2.054098500451202E-005
  4.388645863454573E-007 -7.363637842843695E-006
         190  1.099884023468603E-004  3.018801998445119E-004
 -3.237871183275586E-005  2.044795548041201E-005
 -9.294639413842732E-007 -7.378235863113087E-006
         191  3.214325763399694E-004  8.634740852298011E-005
  3.718361636209442E-006  5.893448150257655E-005
 -2.049617543995151E-006 -6.748660111431843E-006
         192  2.610310051863418E-004 -2.163041404428986E-004
  6.369985573570306E-005  3.940775166952033E-005
 -2.550917699523416E-006 -5.990500374253089E-006
         193 -2.539679148625663E-005 -3.399632479999282E-004
  7.919314574815890E-005 -3.369101702937497E-005
 -2.725564373329406E-006 -5.579647977048162E-006
         194 -2.908295013643517E-004 -1.747447441685083E-004
  1.747361779927791E-005 -9.492060562783299E-005
 -2.937010684079096E-006 -5.548113866408223E-006
         195 -3.062178011350453E-004  1.351516301924950E-004
 -8.004548048697337E-005 -7.534091153929732E-005
 -3.621280663566088E-006 -5.717779522568173E-006
         196 -6.397559159659183E-005  3.210158606561494E-004
 -1.249654762485680E-004  2.673485723362435E-005
 -4.783046396129493E-006 -5.454684203094253E-006
         197  2.185511435449423E-004  2.285995195571047E-004
 -6.358853690646186E-005  1.342678982463208E-004
 -5.883405490903503E-006 -4.474702840350932E-006
         198  2.975128034832852E-004 -4.580467720604773E-005
  7.191505070035421E-005  1.519198259586742E-004
 -6.317938656926292E-006 -2.925189339810294E-006
         199  1.228097234105573E-004 -2.532770565538731E-004
  1.753602069460693E-004  4.777204797840519E-005
 -5.792972007070962E-006 -1.630228544437986E-006
         200 -1.305392698571599E-004 -2.220903273431517E-004
  1.567262053694107E-004 -1.039432619287064E-004
 -4.961238836743487E-006 -1.189182299280043E-006
         201 -2.303726592144249E-004 -5.532985715297570E-006
  2.528988616114409E-005 -1.853641476655983E-004
 -4.556645753187728E-006 -1.390822199750477E-006
         202 -1.018007183317636E-004  1.759676648436490E-004
 -1.174324618745962E-004 -1.359011927067234E-004
 -4.816504510438213E-006 -1.593425717701114E-006
         203  1.065841479170160E-004  1.487669949658703E-004
 -1.669403136161615E-004 -2.897124307518192E-006
 -5.324067038078242E-006 -1.319005747295463E-006
         204  1.726707558911088E-004 -4.591205550090464E-005
 -1.031849171523030E-004  1.077269769922354E-004
 -5.585425186950093E-006 -7.212782674984220E-007
         205  2.162239806726594E-005 -1.940394028833996E-004
  3.600978637182134E-006  1.252185893446391E-004
 -5.567342339785107E-006 -2.316651896357003E-007
         206 -1.939887942110854E-004 -1.204317729259928E-004
  6.539102097704031E-005  6.826820378718749E-005
 -5.658410554436906E-006 -4.010155748900809E-009
         207 -2.368693804129767E-004  1.269636051712788E-004
  5.669456350589862E-005  1.232655023157060E-005
 -6.161562315914687E-006  3.367201847722024E-007
         208 -2.662042355878477E-005  3.072618313254450E-004
  2.639594349432237E-005  8.927674967373566E-006
 -6.819888843103358E-006  1.301936525585998E-006
         209  2.619797232369336E-004  2.192777532464178E-004
  3.788159161670712E-005  3.612136513912221E-005
 -6.936887483837949E-006  2.979698356412796E-006
         210  3.535787460572955E-004 -8.991645695705868E-005
  9.478860302895873E-005  2.488998417141136E-005
 -5.947075256395371E-006  4.748242731905459E-006
         211  1.382429966808092E-004 -3.499104249822644E-004
  1.283780215286322E-004 -5.896504193272264E-005
 -3.985624959619535E-006  5.660025067550228E-006
         212 -2.062182612071066E-004 -3.143700441505872E-004
  6.820293236759934E-005 -1.629766939955192E-004
 -1.967305441847830E-006  5.156108097570150E-006
         213 -3.668098361581020E-004 -3.861000592366318E-006
 -7.525120521366847E-005 -1.873500928563692E-004
 -9.793693746666505E-007  3.583275497823691E-006
         214 -1.900416408977530E-004  2.984003467970923E-004
 -2.008390189332827E-004 -8.003319398581242E-005
 -1.543905764646376E-006  2.024687122045751E-006
         215  1.608615828331910E-004  3.038725794000166E-004
 -1.974257367067379E-004  9.743090522829528E-005
 -3.099322420748638E-006  1.709962992556929E-006
         216  3.447774925833000E-004 -3.480194044120495E-007
 -5.300597764986929E-005  2.093549090697578E-004
 -4.322439944888290E-006  2.871498348403264E-006
         217  1.668401039021301E-004 -3.208577487861450E-004
  1.230780924471711E-004  1.642568552851332E-004
 -4.323084182131070E-006  4.665127748319637E-006
         218 -2.185019487221293E-004 -3.279988092003388E-004
  1.890290313463683E-004  1.565432593454119E-006
 -3.181264157224592E-006  6.000692046571563E-006
         219 -4.365291648609971E-004  2.099815481405055E-005
  9.833332407320116E-005 -1.374926566251463E-004
 -1.762481345832301E-006  6.397108244116482E-006
         220 -2.422552485402477E-004  4.177819365736116E-004
 -5.797898790925470E-005 -1.363726940793810E-004
 -7.027372569714847E-007  6.235749654525078E-006
         221  2.266592194182893E-004  4.740683528465809E-004
 -1.326516697477152E-004 -7.734977046164910E-006
 -2.250856798234013E-008  6.029478339678009E-006
         222  5.522713471105274E-004  9.446921904107971E-005
 -5.853978238966723E-005  1.177606259848931E-004
  6.296318384541873E-007  6.026227067427888E-006
         223  4.166203396724257E-004 -4.109851376869420E-004
  9.032209841616848E-005  1.151657791157019E-004
  1.580637423034254E-006  5.938624751661486E-006
         224 -9.328998072311446E-005 -5.926361119197109E-004
  1.680672659322459E-004 -2.095674950598685E-005
  2.683045408378129E-006  5.324335331106815E-006
         225 -5.423478667547009E-004 -2.686870998458972E-004
  9.087798475791118E-005 -1.677485528458152E-004
  3.348207137697957E-006  4.058913417296110E-006
         226 -5.283451357840574E-004  2.917089037109841E-004
 -8.171878516301960E-005 -1.874088448545420E-004
  3.028360536076929E-006  2.672912289917378E-006
         227 -5.415135076093967E-005  5.956701616131987E-004
 -2.008823362124409E-004 -5.365997151760569E-005
  1.902913908370350E-006  2.034609583023426E-006
         228  4.624130163773768E-004  3.707669202714254E-004
 -1.600289300878512E-004  1.222707764477296E-004
  8.004643760099535E-007  2.550979830172776E-006
         229  5.608341669408671E-004 -1.838203490511813E-004
  5.104584470484331E-006  1.881591758135801E-004
  5.985115868245495E-007  3.830563657252279E-006
         230  1.513769134948262E-004 -5.714441480674636E-004
  1.473024294316801E-004  9.144432481821014E-005
  1.528210881864500E-006  4.901077807962962E-006
         231 -3.975778345302852E-004 -4.415827552566393E-004
  1.431642366360568E-004 -7.357523142381162E-005
  2.980783611887347E-006  5.095206424708839E-006
         232 -5.907153047758039E-004  8.752281513215830E-005
  6.031759745605144E-006 -1.528474701650874E-004
  4.184535798449778E-006  4.448641617062902E-006
         233 -2.577909284287879E-004  5.387954542650761E-004
 -1.281439791462336E-004 -7.725884700761559E-005
  4.750052113095183E-006  3.498458046698124E-006
         234  2.971665671191865E-004  5.116394417404257E-004
 -1.302355649490539E-004  7.583902707097948E-005
  4.866547542036944E-006  2.788780280324889E-006
         235  5.763822102546008E-004  4.206502087832842E-005
  2.668357240268965E-006  1.565964032198283E-004
  5.002855057764670E-006  2.393144938359182E-006
         236  3.435710674797991E-004 -4.358685722544817E-004
  1.453173109120321E-004  8.377093447664276E-005
  5.368722463772976E-006  1.963741434953127E-006
         237 -1.645999961901039E-004 -4.974475493970502E-004
  1.629235896781590E-004 -8.136807404381353E-005
  5.723592219225120E-006  1.211737623635747E-006
         238 -4.731424631024931E-004 -1.180905867106724E-004
  3.258849247802270E-005 -1.924777959206635E-004
  5.669624307368862E-006  2.670705885379415E-007
         239 -3.168709892721493E-004  3.204906867256688E-004
 -1.353738829490954E-004 -1.496936614664620E-004
  5.140929418216951E-006 -3.914331626444913E-007
         240  1.207843934775500E-004  4.017050513059055E-004
 -1.984419231311166E-004  8.912542701682437E-006
  4.609441429366470E-006 -4.084450839652533E-007
         241  3.954881687201413E-004  6.923113905535873E-005
 -1.114598591352784E-004  1.472870326093980E-004
  4.678290355610084E-006 -5.853126800847365E-008
         242  2.352367564035308E-004 -3.272614636812710E-004
  4.006366667076211E-005  1.560709925143507E-004
  5.490260766376484E-006 -3.191055546136277E-008
         243 -1.982003881199005E-004 -3.765251865405132E-004
  1.225932326319705E-004  4.738087044295886E-005
  6.530881284619987E-006 -9.594669640115621E-007
         244 -4.646356425192855E-004 -6.350584594693215E-006
  7.850841515501958E-005 -6.382462058260987E-005
  6.864254259639979E-006 -2.793976083521073E-006
         245 -2.699112290783907E-004  4.365375033085709E-004
 -2.548437876465719E-005 -7.395556719979330E-005
  5.922246312367232E-006 -4.688710848140154E-006
         246  2.397899868551498E-004  5.104908612273274E-004
 -7.114498213760922E-005  1.012563110427292E-005
  4.070488848001059E-006 -5.618828145798365E-006
         247  6.024043142562533E-004  1.022907806987513E-004
 -8.039592502288945E-006  8.390461313097979E-005
  2.327939489143889E-006 -5.288191463805660E-006
         248  4.644261471610367E-004 -4.539133111838715E-004
  9.525535776363851E-005  5.200009300430380E-005
  1.522844769743765E-006 -4.252690638143086E-006
         249 -8.789720164642806E-005 -6.695821912897473E-004
  1.189859638680354E-004 -7.100705405231505E-005
  1.780175542885142E-006 -3.484629878067300E-006
         250 -5.945207656348854E-004 -3.424792868231820E-004
  1.370389302246204E-005 -1.697591758407607E-004
  2.368841887893914E-006 -3.665790061507816E-006
         251 -6.296885367704410E-004  2.585743671568212E-004
 -1.449679215277166E-004 -1.375633853610394E-004
  2.388705898812652E-006 -4.587554902486014E-006
         252 -1.751889870229231E-004  6.356527758760375E-004
 -2.227830814866759E-004  2.055350667755680E-005
  1.474133577688723E-006 -5.456257089007865E-006
         253  3.765848050723882E-004  4.962319567162399E-004
 -1.445648272468204E-004  1.894802397300832E-004
  6.972633187214403E-008 -5.493634405817313E-006
         254  5.738722169863828E-004 -5.284209637831055E-006
  3.877105245895277E-005  2.380674741927715E-004
 -9.635910282202468E-007 -4.706303326773988E-006
         255  2.952769080849990E-004 -4.235242545756129E-004
  1.913856508628186E-004  1.314701838550061E-004
 -1.231419121606260E-006 -3.699664883425880E-006
         256 -1.682191811651906E-004 -4.241269681666523E-004
  2.079685535178256E-004 -4.416366340447566E-005
 -9.321129463955235E-007 -3.055293189039010E-006
