   5120.00000000000     
         256           1           3
  8.994473019507991E-004   41.5809359669673        115.884657494814     
   18.8300000000000        145.590000000000        6160.02000000000     
           0  0.000000000000000E+000  0.000000000000000E+000
  0.000000000000000E+000  0.000000000000000E+000
  0.000000000000000E+000  0.000000000000000E+000
           1  0.000000000000000E+000  0.000000000000000E+000
  3.146370849487409E-010  3.604020707873516E-010
 -2.050072316938262E-008  4.773421209573642E-011
           2  0.000000000000000E+000  0.000000000000000E+000
  1.894729299220211E-010  1.217847057007024E-009
 -2.269742871044480E-008 -8.888195015990409E-010
           3  0.000000000000000E+000  0.000000000000000E+000
  3.839028122532614E-010  2.478028969307568E-009
 -2.754220949967226E-008  6.208879328360049E-010
           4  0.000000000000000E+000  0.000000000000000E+000
  1.548624270085395E-009  4.020127713048542E-009
 -3.366771073690636E-008  8.013408719483650E-009
           5  0.000000000000000E+000  0.000000000000000E+000
  4.236075523615663E-009  4.950014856928057E-009
 -3.409751559040594E-008  2.349742612393427E-008
           6  0.000000000000000E+000  0.000000000000000E+000
  7.885064291683580E-009  3.389555540743745E-009
 -1.919553076344909E-008  3.985379630320364E-008
           7  0.000000000000000E+000  0.000000000000000E+000
  9.175850434659519E-009 -5.178127411654951E-010
  9.517456550721216E-009  4.186104934520004E-008
           8  0.000000000000000E+000  0.000000000000000E+000
  8.033543492427704E-009 -4.494515694043741E-009
  3.799194750389057E-008  1.377067601407963E-008
           9  0.000000000000000E+000  0.000000000000000E+000
  4.029066661099314E-009 -6.775482278288437E-009
  2.928219671679641E-008 -3.838621490189938E-008
          10  0.000000000000000E+000  0.000000000000000E+000
 -5.717884452243837E-011 -4.990742592630859E-009
 -3.242091889981157E-008 -6.632270346546459E-008
          11  0.000000000000000E+000  0.000000000000000E+000
 -9.015397333574660E-010 -2.119883563877739E-009
 -1.066826217826760E-007 -2.203530765653247E-008
          12  0.000000000000000E+000  0.000000000000000E+000
 -1.258152005842275E-009  2.569871940252334E-009
 -1.110943537582612E-007  9.519224609781056E-008
          13  0.000000000000000E+000  0.000000000000000E+000
  5.760184622917109E-009  5.149293504985850E-009
  1.402715278221911E-008  1.659701359197938E-007
          14  0.000000000000000E+000  0.000000000000000E+000
  1.141473639446576E-008 -7.506187107501599E-010
  1.536931754441789E-007  8.350885516098912E-008
          15  0.000000000000000E+000  0.000000000000000E+000
  9.538757112371774E-009 -8.682081498209841E-009
  1.567989260928774E-007 -9.764687810903721E-008
          16  0.000000000000000E+000  0.000000000000000E+000
  2.615335880570656E-009 -1.306247782657240E-008
 -1.587552483548716E-008 -2.082146210532088E-007
          17  0.000000000000000E+000  0.000000000000000E+000
 -8.909208716297108E-009 -8.737057178329611E-009
 -2.230502498066692E-007 -9.609833290112125E-008
          18  0.000000000000000E+000  0.000000000000000E+000
 -7.341549520595489E-009  4.607553174554713E-009
 -2.192528161803150E-007  1.503244185185395E-007
          19  0.000000000000000E+000  0.000000000000000E+000
  3.890588734022528E-009  8.084950330100724E-009
 -2.891626078372060E-009  2.797187129031217E-007
          20  0.000000000000000E+000  0.000000000000000E+000
  1.186231872820662E-008  1.095621708930307E-009
  2.346527734246549E-007  1.620838255073657E-007
          21  0.000000000000000E+000  0.000000000000000E+000
  1.138815389271011E-008 -8.902293035636805E-009
  2.629236377961801E-007 -1.172423059113945E-007
          22  0.000000000000000E+000  0.000000000000000E+000
  1.890627349767886E-009 -1.720740881316905E-008
  2.014096278642736E-008 -2.947834850132102E-007
          23  0.000000000000000E+000  0.000000000000000E+000
 -1.163238676215744E-008 -7.392802174113295E-009
 -2.446049375800190E-007 -1.587241470747566E-007
          24  0.000000000000000E+000  0.000000000000000E+000
 -5.829514493419024E-009  5.145194460420747E-009
 -2.754611388866978E-007  1.119550214569518E-007
          25  0.000000000000000E+000  0.000000000000000E+000
  5.248175850474856E-009  5.263356417342217E-009
 -7.603186284647234E-008  2.977675696269143E-007
          26  0.000000000000000E+000  0.000000000000000E+000
  1.087409635077134E-008 -3.105744058646083E-009
  1.952715033069903E-007  2.367105786817087E-007
          27  0.000000000000000E+000  0.000000000000000E+000
  7.527781511946064E-009 -1.465311195379749E-008
  2.864717004404310E-007 -2.688535614971504E-008
          28  0.000000000000000E+000  0.000000000000000E+000
 -1.062117070431815E-008 -1.391183687080984E-008
  1.299942976420988E-007 -2.174750894929168E-007
          29  0.000000000000000E+000  0.000000000000000E+000
 -1.009522993622294E-008  2.095952622077374E-009
 -1.006407390786485E-007 -2.424292756057804E-007
          30  0.000000000000000E+000  0.000000000000000E+000
  6.164184295746551E-010  5.585342139851711E-009
 -2.841498813147141E-007 -4.650535467252913E-008
          31  0.000000000000000E+000  0.000000000000000E+000
  7.792805004056513E-009 -2.906701347476559E-010
 -2.051393301407712E-007  2.300555021637584E-007
          32  0.000000000000000E+000  0.000000000000000E+000
  7.897857062338273E-009 -1.021224614344472E-008
  7.240079196186184E-008  3.022113402056019E-007
          33  0.000000000000000E+000  0.000000000000000E+000
 -5.868410865165463E-009 -1.728081653252549E-008
  2.742542282610481E-007  1.263172802870123E-007
          34  0.000000000000000E+000  0.000000000000000E+000
 -1.388930594307919E-008 -2.930933832595563E-009
  2.668816610444034E-007 -1.618398722410320E-007
          35  0.000000000000000E+000  0.000000000000000E+000
 -6.552622584687012E-009  5.569232595098055E-009
 -2.073563849809540E-008 -3.036674472327407E-007
          36  0.000000000000000E+000  0.000000000000000E+000
  2.203242300402338E-009  5.405987543416950E-009
 -2.666577700435931E-007 -1.110959494971571E-007
          37  0.000000000000000E+000  0.000000000000000E+000
  8.089595118275128E-009 -1.134758192594244E-009
 -2.160227116119120E-007  1.726940574363535E-007
          38  0.000000000000000E+000  0.000000000000000E+000
  6.347387813276554E-009 -1.250387486332572E-008
  2.815634270412896E-008  2.633373009934420E-007
          39  0.000000000000000E+000  0.000000000000000E+000
 -9.164633597311362E-009 -1.351509954284922E-008
  2.362217947258214E-007  1.245852249383868E-007
          40  0.000000000000000E+000  0.000000000000000E+000
 -1.167754585285549E-008 -2.695987186169197E-009
  1.994637264260586E-007 -1.491387492432609E-007
          41  0.000000000000000E+000  0.000000000000000E+000
 -8.005457053275101E-009  3.271340412173563E-009
 -5.439700240609329E-008 -1.986752484758572E-007
          42  0.000000000000000E+000  0.000000000000000E+000
 -1.246407030506843E-009  5.660730932132274E-009
 -1.738692126466731E-007 -1.020626167794196E-008
          43  0.000000000000000E+000  0.000000000000000E+000
  6.143362894696162E-009  5.133084557849688E-010
 -6.819111497699297E-008  1.479160664616881E-007
          44  0.000000000000000E+000  0.000000000000000E+000
  1.947971949723256E-009 -9.674174930946394E-009
  1.053593565406640E-007  1.311672123103297E-007
          45  0.000000000000000E+000  0.000000000000000E+000
 -4.150727484209363E-009 -8.268826365318690E-009
  1.556640981886299E-007 -5.929797417098911E-008
          46  0.000000000000000E+000  0.000000000000000E+000
 -8.658124112337027E-009 -6.900209313177384E-009
 -2.050712267261566E-008 -1.392473031135381E-007
          47  0.000000000000000E+000  0.000000000000000E+000
 -1.148539406590633E-008 -2.449385433343044E-010
 -1.311609443600015E-007 -6.642802175708465E-009
          48  0.000000000000000E+000  0.000000000000000E+000
 -6.269506071764764E-009  5.990897659063345E-009
 -5.640880463704072E-008  1.347201810392239E-007
          49  0.000000000000000E+000  0.000000000000000E+000
  6.883022204996531E-010  3.418425756519347E-009
  1.044215785602066E-007  1.360861071858172E-007
          50  0.000000000000000E+000  0.000000000000000E+000
  2.182806227091266E-009 -1.115679341297954E-009
  1.935062811892937E-007 -2.294737682963837E-008
          51  0.000000000000000E+000  0.000000000000000E+000
 -4.598527996115371E-010 -6.798074866769124E-009
  7.780500426825032E-008 -1.796610669138617E-007
          52  0.000000000000000E+000  0.000000000000000E+000
 -7.777930805405311E-009 -6.761470510521243E-009
 -1.155504067017179E-007 -1.543990517775761E-007
          53  0.000000000000000E+000  0.000000000000000E+000
 -1.112971687014043E-008 -1.388398317424654E-010
 -2.001378376100833E-007  3.045892775673255E-008
          54  0.000000000000000E+000  0.000000000000000E+000
 -7.161943708066784E-009  5.730963926531980E-009
 -7.872885976988785E-008  2.131573260815261E-007
          55  0.000000000000000E+000  0.000000000000000E+000
 -7.483307175022829E-010  4.931536007104148E-009
  1.574921297551177E-007  2.028769748948986E-007
          56  0.000000000000000E+000  0.000000000000000E+000
  1.091404794625248E-009 -8.686751893041091E-011
  2.799801303973539E-007 -1.450026223324518E-008
          57  0.000000000000000E+000  0.000000000000000E+000
 -1.906683469154737E-009 -4.172643673773629E-009
  1.547045546771301E-007 -2.537719523781921E-007
          58  0.000000000000000E+000  0.000000000000000E+000
 -7.383418981674266E-009 -3.550968842079044E-009
 -1.409184646942596E-007 -2.711936110700613E-007
          59  0.000000000000000E+000  0.000000000000000E+000
 -9.708016930578012E-009  1.899077863319955E-009
 -3.132575511152296E-007 -3.799702788930511E-009
          60  0.000000000000000E+000  0.000000000000000E+000
 -5.830244312759824E-009  7.306400548068106E-009
 -1.532810123667264E-007  2.884411281315871E-007
          61  0.000000000000000E+000  0.000000000000000E+000
  1.119044183695131E-009  4.314924357565142E-009
  1.772134126221847E-007  2.987803853264170E-007
          62  0.000000000000000E+000  0.000000000000000E+000
  4.213849078831492E-010 -5.813702650903293E-010
  3.969191157196902E-007  8.102986673052380E-009
          63  0.000000000000000E+000  0.000000000000000E+000
 -3.428988493266276E-009 -3.997460635188451E-009
  2.096492765046490E-007 -3.686802825369610E-007
          64  0.000000000000000E+000  0.000000000000000E+000
 -1.030481441834156E-008 -1.553183638787896E-009
 -2.271180634550285E-007 -3.486423040607644E-007
          65  0.000000000000000E+000  0.000000000000000E+000
 -1.142351489793527E-008  8.062044120424513E-009
 -3.910027539381309E-007  4.518416121933845E-008
          66  0.000000000000000E+000  0.000000000000000E+000
  3.170871900263087E-010  1.215136148078347E-008
 -1.471887645967112E-007  3.588783420309928E-007
          67  0.000000000000000E+000  0.000000000000000E+000
  4.738383870279266E-009  5.170042958086938E-009
  2.886088133233933E-007  3.282071980108110E-007
          68  0.000000000000000E+000  0.000000000000000E+000
  4.621873556676478E-009 -3.200585676939828E-009
  4.256029310126008E-007 -1.356090230703861E-007
          69  0.000000000000000E+000  0.000000000000000E+000
 -5.696695698285362E-009 -7.695935898383670E-009
  7.312292636454275E-008 -4.041885903072392E-007
          70  0.000000000000000E+000  0.000000000000000E+000
 -1.503424667358687E-008  1.275328135696750E-009
 -2.704157775872243E-007 -2.432795896123623E-007
          71  0.000000000000000E+000  0.000000000000000E+000
 -8.668445998419107E-009  1.539199417328659E-008
 -3.243051813827714E-007  7.909334548788503E-008
          72  0.000000000000000E+000  0.000000000000000E+000
  2.820142271251444E-009  1.212407190254704E-008
 -9.956316740791459E-008  3.508767386543807E-007
          73  0.000000000000000E+000  0.000000000000000E+000
  8.898623186785065E-009  5.645021062789388E-009
  2.835699594781680E-007  2.204567098950828E-007
          74  0.000000000000000E+000  0.000000000000000E+000
  4.998067168628602E-009 -5.983902069085513E-009
  2.988534821343925E-007 -1.109334506694451E-007
          75  0.000000000000000E+000  0.000000000000000E+000
 -7.965355889154206E-009 -6.369677609770862E-009
  1.101504627036638E-007 -2.770682878127740E-007
          76  0.000000000000000E+000  0.000000000000000E+000
 -1.387220931884762E-008  6.216000331382958E-009
 -1.289603013444942E-007 -2.819239460035824E-007
          77  0.000000000000000E+000  0.000000000000000E+000
 -2.276028469806239E-009  1.362641816290065E-008
 -3.474541436259932E-007 -6.756197157222448E-008
          78  0.000000000000000E+000  0.000000000000000E+000
  3.344787535851270E-009  1.149670380617018E-008
 -1.919105507747753E-007  2.699084375602184E-007
          79  0.000000000000000E+000  0.000000000000000E+000
  8.226761875764892E-009  3.341927310907803E-009
  8.001263743431515E-008  2.896839741017228E-007
          80  0.000000000000000E+000  0.000000000000000E+000
  9.455212590760569E-010 -2.931085826851313E-009
  3.336442483004526E-007  1.557729768532271E-007
          81  0.000000000000000E+000  0.000000000000000E+000
 -6.135828888754325E-009  2.157037092019989E-009
  3.925425991965316E-007 -2.500908060923035E-007
          82  0.000000000000000E+000  0.000000000000000E+000
 -6.198459326034548E-010  9.468416989952806E-009
 -4.139013168491645E-008 -5.354087686094365E-007
          83  0.000000000000000E+000  0.000000000000000E+000
  1.073910895386904E-009  6.510963646492386E-009
 -4.616808157987824E-007 -2.070253964768523E-007
          84  0.000000000000000E+000  0.000000000000000E+000
  4.190595658339101E-009  5.152639780740645E-009
 -4.421624936179386E-007  2.467233262604344E-007
          85  0.000000000000000E+000  0.000000000000000E+000
  2.011640964126210E-009  2.230868330121267E-009
  4.575130860333156E-009  5.511193543074301E-007
          86  0.000000000000000E+000  0.000000000000000E+000
  2.968806790147722E-010  3.836009261101638E-009
  5.192202310681337E-007  2.285898696723611E-007
          87  0.000000000000000E+000  0.000000000000000E+000
  1.885671340654655E-009  6.455480330945390E-009
  4.171259184546828E-007 -3.679927087541415E-007
          88  0.000000000000000E+000  0.000000000000000E+000
  4.083969629601077E-009  2.195919537638735E-009
 -1.214151352409041E-007 -4.758383008480402E-007
          89  0.000000000000000E+000  0.000000000000000E+000
  2.277948945229482E-009  3.336752512102743E-009
 -3.946314499066831E-007 -1.698084445206141E-007
          90  0.000000000000000E+000  0.000000000000000E+000
  2.393212558545994E-009  2.542919801383499E-009
 -3.372709542847870E-007  2.304720590098160E-007
          91  0.000000000000000E+000  0.000000000000000E+000
  1.924258716853602E-009  3.217984508675066E-009
  5.620434782835155E-008  3.461421118929642E-007
          92  0.000000000000000E+000  0.000000000000000E+000
  2.312302057403206E-009  3.153579985663616E-009
  2.671384198865760E-007  6.399282455617304E-008
          93  0.000000000000000E+000  0.000000000000000E+000
  3.314882770798811E-009  3.744526394235952E-009
  1.169334845786548E-007 -1.626069426480574E-007
          94  0.000000000000000E+000  0.000000000000000E+000
  1.532043397485003E-009  2.032039648947739E-009
 -3.440436848677398E-008 -9.540949893032855E-008
          95  0.000000000000000E+000  0.000000000000000E+000
  2.540336014274178E-009  4.317412170593494E-009
 -4.570761323406990E-008 -4.447471369578773E-008
          96  0.000000000000000E+000  0.000000000000000E+000
  3.763630183648553E-009  4.128280080753014E-009
  2.458327736121426E-009 -8.820981505336785E-009
          97  0.000000000000000E+000  0.000000000000000E+000
  5.502281043060877E-009  3.167995301768527E-009
  4.601630851383266E-009 -1.165235760977668E-007
          98  0.000000000000000E+000  0.000000000000000E+000
  5.190207538428445E-009  9.216094894653505E-010
 -1.897673283211523E-007 -1.112098071468627E-007
          99  0.000000000000000E+000  0.000000000000000E+000
  3.322383124260573E-009 -1.457883957692648E-009
 -2.472734817282563E-007  1.690001217779805E-007
         100  0.000000000000000E+000  0.000000000000000E+000
 -1.450463493718461E-010  1.832452815302043E-009
  4.750856425820214E-008  3.176811634055029E-007
         101  0.000000000000000E+000  0.000000000000000E+000
  1.365896562517411E-009  5.476740822418744E-009
  3.342822757584081E-007  1.425041188501181E-007
         102  0.000000000000000E+000  0.000000000000000E+000
  6.387889927725062E-009  6.766311505509103E-009
  3.388182227194015E-007 -2.712708542463030E-007
         103  0.000000000000000E+000  0.000000000000000E+000
  1.027316219259032E-008  2.155961929529265E-009
 -8.282249747162793E-008 -4.818635590115332E-007
         104  0.000000000000000E+000  0.000000000000000E+000
  8.578057072807287E-009 -3.788664447614615E-009
 -4.789255126150889E-007 -1.937690181974891E-007
         105  0.000000000000000E+000  0.000000000000000E+000
  2.127058485295942E-009 -4.478697726899958E-009
 -4.290190253602969E-007  2.847620404218311E-007
         106  0.000000000000000E+000  0.000000000000000E+000
 -6.192363025400309E-010 -1.161873562107267E-010
 -9.265701250168182E-009  5.188773520557614E-007
         107  0.000000000000000E+000  0.000000000000000E+000
  1.519225335068246E-009  4.469341907528326E-009
  4.387979624806322E-007  2.860929566001528E-007
         108  0.000000000000000E+000  0.000000000000000E+000
  6.894834112751412E-009  4.777182442226633E-009
  4.842889746814842E-007 -2.303990047525339E-007
         109  0.000000000000000E+000  0.000000000000000E+000
  9.719906525302772E-009  1.141769485631667E-010
  6.478510847389332E-008 -5.598490523595205E-007
         110  0.000000000000000E+000  0.000000000000000E+000
  7.463558040816044E-009 -4.147087951036263E-009
 -4.651911531083469E-007 -3.797926900764373E-007
         111  0.000000000000000E+000  0.000000000000000E+000
  3.351362340691508E-009 -4.257934725219051E-009
 -5.848424467536554E-007  2.027030661667002E-007
         112  0.000000000000000E+000  0.000000000000000E+000
  1.812087449288680E-009 -1.888726361008488E-009
 -1.379940133731425E-007  5.922473850129367E-007
         113  0.000000000000000E+000  0.000000000000000E+000
  2.642717993403300E-009  7.058433777577806E-010
  4.287368000513437E-007  4.193598148118186E-007
         114  0.000000000000000E+000  0.000000000000000E+000
  6.171664612986667E-009  8.737137433686457E-010
  5.748384432115117E-007 -1.802576100936797E-007
         115  0.000000000000000E+000  0.000000000000000E+000
  6.633275091498063E-009 -2.875330731023294E-009
  9.710504000748994E-008 -6.086818773354410E-007
         116  0.000000000000000E+000  0.000000000000000E+000
  4.541517892591137E-009 -3.956668307693789E-009
 -5.273068125267683E-007 -3.539978890874381E-007
         117  0.000000000000000E+000  0.000000000000000E+000
  3.776873919762472E-009 -2.441835370073993E-009
 -5.230028221241234E-007  2.917133139091064E-007
         118  0.000000000000000E+000  0.000000000000000E+000
  4.315318971825311E-009 -2.629911508073018E-009
 -6.401119912172381E-009  5.783067839239548E-007
         119  0.000000000000000E+000  0.000000000000000E+000
  5.566430477219548E-009 -2.453566811271502E-009
  5.230687071924639E-007  2.412939545110241E-007
         120  0.000000000000000E+000  0.000000000000000E+000
  5.931875310858911E-009 -6.827946918988317E-009
  3.902229256456175E-007 -4.139959069310606E-007
         121  0.000000000000000E+000  0.000000000000000E+000
  8.595918711645499E-010 -6.839304854271072E-009
 -2.977288412600706E-007 -4.942428109293881E-007
         122  0.000000000000000E+000  0.000000000000000E+000
 -5.018355328542288E-010 -2.078577171543802E-009
 -5.224604202758262E-007  1.205510058510856E-007
         123  0.000000000000000E+000  0.000000000000000E+000
  3.120026356906182E-009 -1.096781979724785E-009
 -1.246818737601060E-007  5.120864120509723E-007
         124  0.000000000000000E+000  0.000000000000000E+000
  5.473940465258401E-009 -1.800037607523617E-009
  4.526058020917886E-007  3.213992860187408E-007
         125  0.000000000000000E+000  0.000000000000000E+000
  7.835151283691061E-009 -7.176220900851841E-009
  4.396406113226422E-007 -3.539066370160521E-007
         126  0.000000000000000E+000  0.000000000000000E+000
  3.425014312361512E-011 -1.055695124451340E-008
 -2.254267394478757E-007 -5.332576510879826E-007
         127  0.000000000000000E+000  0.000000000000000E+000
 -4.091377098424723E-009 -4.465483857644462E-009
 -5.694274510201934E-007  6.418761696235540E-008
         128  0.000000000000000E+000  0.000000000000000E+000
  1.183182694158474E-009 -4.132825097281806E-010
 -2.001121823511467E-007  4.906587136438164E-007
         129  0.000000000000000E+000  0.000000000000000E+000
  3.882209380060824E-009 -2.794300192328290E-009
  3.430064936559214E-007  4.465303375048686E-007
         130  0.000000000000000E+000  0.000000000000000E+000
  5.835764238599302E-009 -5.897806183075470E-009
  5.689847809801628E-007 -1.608948233868071E-007
         131  0.000000000000000E+000  0.000000000000000E+000
  1.071684563259549E-009 -1.259252330968283E-008
  2.883556475145954E-008 -5.822295359221289E-007
         132  0.000000000000000E+000  0.000000000000000E+000
 -6.719510228111820E-009 -6.532620381388465E-009
 -5.359247888796027E-007 -2.152882590750149E-007
         133  0.000000000000000E+000  0.000000000000000E+000
 -1.721566719497838E-009  1.713354143360570E-009
 -3.711982210522993E-007  3.448152202719097E-007
         134  0.000000000000000E+000  0.000000000000000E+000
  5.335223668086724E-009 -2.662567709207240E-009
  6.105164953882097E-008  5.133837310619059E-007
         135  0.000000000000000E+000  0.000000000000000E+000
  5.519061395510455E-009 -8.515136812333645E-009
  5.252626736067467E-007  1.818614129074409E-007
         136  0.000000000000000E+000  0.000000000000000E+000
 -2.338429925317327E-010 -1.607498117795824E-008
  3.318646636279155E-007 -3.952427934241307E-007
         137  0.000000000000000E+000  0.000000000000000E+000
 -1.333495932429271E-008 -9.835408975860244E-009
 -2.104043858953683E-007 -4.030668522253766E-007
         138  0.000000000000000E+000  0.000000000000000E+000
 -9.794034813395898E-009  4.530918696247346E-009
 -3.848735581587841E-007 -2.862881132016350E-008
         139  0.000000000000000E+000  0.000000000000000E+000
  2.773894130269479E-009  3.836601910300767E-009
 -3.196309223343494E-007  3.374736145993260E-007
         140  0.000000000000000E+000  0.000000000000000E+000
  6.878787345246129E-009 -4.348075024618933E-009
  1.821404489429715E-007  5.155528424832656E-007
         141  0.000000000000000E+000  0.000000000000000E+000
  3.023389660625636E-009 -1.417296953208871E-008
  5.421563210672497E-007  8.837728227330656E-008
         142  0.000000000000000E+000  0.000000000000000E+000
 -1.138401109285921E-008 -1.433923447704297E-008
  3.663160795157380E-007 -4.174258409254194E-007
         143  0.000000000000000E+000  0.000000000000000E+000
 -1.534518888778975E-008 -5.983337792689141E-010
 -1.804101771506881E-007 -5.598842576057343E-007
         144  0.000000000000000E+000  0.000000000000000E+000
 -5.243704587411405E-009  6.346820188187606E-009
 -6.939503203393626E-007 -1.368186157221557E-007
         145  0.000000000000000E+000  0.000000000000000E+000
  1.976109128619501E-009  2.399038749573830E-009
 -4.648738595982268E-007  6.766730173863944E-007
         146  0.000000000000000E+000  0.000000000000000E+000
  4.082933578975619E-009 -4.401614825208725E-009
  4.305542891009728E-007  7.456162791174766E-007
         147  0.000000000000000E+000  0.000000000000000E+000
 -1.196556857949728E-009 -1.130837428625909E-008
  8.671533231784406E-007 -1.312384507582709E-008
         148  0.000000000000000E+000  0.000000000000000E+000
 -1.086292378193976E-008 -7.971232248886684E-009
  4.230229919849794E-007 -7.700222707879794E-007
         149  0.000000000000000E+000  0.000000000000000E+000
 -1.062878076296056E-008  1.102953236949841E-009
 -4.725390491291630E-007 -7.567442184525024E-007
         150  0.000000000000000E+000  0.000000000000000E+000
 -4.110286888761442E-009  3.020248542377218E-009
 -9.367743817966941E-007  8.540802283252749E-008
         151  0.000000000000000E+000  0.000000000000000E+000
 -7.310905131070256E-010  4.042228695033795E-010
 -3.304735587105282E-007  8.843357801697329E-007
         152  0.000000000000000E+000  0.000000000000000E+000
 -2.931810441879734E-010 -4.219470852572454E-009
  5.862334178921108E-007  6.919315342565193E-007
         153  0.000000000000000E+000  0.000000000000000E+000
 -5.792820693160213E-009 -7.006075040994485E-009
  8.564364309100963E-007 -1.267190008517239E-007
         154  0.000000000000000E+000  0.000000000000000E+000
 -9.718842883295339E-009 -1.995241779810950E-009
  3.170147937955863E-007 -7.505910499466801E-007
         155  0.000000000000000E+000  0.000000000000000E+000
 -6.635450331296798E-009  2.059991710027663E-009
 -4.669180930480614E-007 -5.957359622971197E-007
         156  0.000000000000000E+000  0.000000000000000E+000
 -3.696582635224743E-009  1.183891727437021E-009
 -6.565160021421667E-007  1.244955799090521E-007
         157  0.000000000000000E+000  0.000000000000000E+000
 -2.885825385344559E-009 -1.072010707154360E-009
 -1.946759638405795E-007  5.439216599787993E-007
         158  0.000000000000000E+000  0.000000000000000E+000
 -5.044279556682972E-009 -3.063146126230827E-009
  2.947146006120727E-007  4.004935266000607E-007
         159  0.000000000000000E+000  0.000000000000000E+000
 -8.147069634193793E-009 -1.484331860519954E-009
  4.077334593001642E-007  1.261045154755408E-008
         160  0.000000000000000E+000  0.000000000000000E+000
 -8.103564678989494E-009  2.159626886571445E-009
  2.373092723832365E-007 -2.147758114854698E-007
         161  0.000000000000000E+000  0.000000000000000E+000
 -5.398640981876232E-009  3.302617971432670E-009
  4.759406608375888E-008 -2.739489030482207E-007
         162  0.000000000000000E+000  0.000000000000000E+000
 -3.932707976159761E-009  2.418211948765150E-009
 -1.375739486506661E-007 -2.283522248205122E-007
         163  0.000000000000000E+000  0.000000000000000E+000
 -3.586620291435124E-009  1.291007820606012E-009
 -2.751303186956895E-007 -6.770527488270803E-008
         164  0.000000000000000E+000  0.000000000000000E+000
 -4.038338201991551E-009 -1.909090616156506E-010
 -2.606817831979039E-007  2.113685621868066E-007
         165  0.000000000000000E+000  0.000000000000000E+000
 -6.792104213589109E-009 -3.353089559960974E-010
  4.534696662740755E-008  3.974458909824278E-007
         166  0.000000000000000E+000  0.000000000000000E+000
 -7.617169100578221E-009  2.579167395385761E-009
  4.221309521793160E-007  1.658735690846268E-007
         167  0.000000000000000E+000  0.000000000000000E+000
 -7.069874787656958E-009  3.653708741504767E-009
  3.270108764420451E-007 -2.679945336939475E-007
         168  0.000000000000000E+000  0.000000000000000E+000
 -6.624728552189256E-009  6.024311584220444E-009
 -2.534919370842201E-008 -3.643135430479939E-007
         169  0.000000000000000E+000  0.000000000000000E+000
 -2.746419975250778E-009  7.685799955846398E-009
 -2.901063723124731E-007 -1.549022744087099E-007
         170  0.000000000000000E+000  0.000000000000000E+000
  2.169848904784526E-010  3.283592003998980E-009
 -2.154918141440799E-007  1.908030620616736E-007
         171  0.000000000000000E+000  0.000000000000000E+000
 -2.986795858125082E-009  5.739128617284597E-010
  1.425027770313421E-007  2.186560267823884E-007
         172  0.000000000000000E+000  0.000000000000000E+000
 -5.643771055219291E-009  1.611321544591507E-010
  1.538615430009079E-007 -1.346941019864761E-007
         173  0.000000000000000E+000  0.000000000000000E+000
 -1.075120274258886E-008  3.919114814086657E-009
 -1.157157853135120E-007 -7.614249453202424E-008
         174  0.000000000000000E+000  0.000000000000000E+000
 -7.944894595933236E-009  1.279019829903377E-008
 -7.698857212713180E-008  1.345801124209181E-007
         175  0.000000000000000E+000  0.000000000000000E+000
  2.276473864225774E-009  1.238116376587168E-008
  1.777474273650180E-007  2.102533296705311E-007
         176  0.000000000000000E+000  0.000000000000000E+000
  4.775429239580602E-009  5.429704753696422E-009
  4.345607503401293E-007 -1.174009335085914E-007
         177  0.000000000000000E+000  0.000000000000000E+000
  3.113603996016418E-009 -8.512836109773677E-010
  4.867224145880394E-008 -6.378926862551731E-007
         178  0.000000000000000E+000  0.000000000000000E+000
 -6.661278357955441E-009 -2.399741143062725E-009
 -6.296231818053392E-007 -2.556226632511289E-007
         179  0.000000000000000E+000  0.000000000000000E+000
 -1.082176221881621E-008  7.807208725244959E-009
 -4.724778850982928E-007  4.367460139677822E-007
         180  0.000000000000000E+000  0.000000000000000E+000
 -1.907335541000964E-009  1.505303667262047E-008
  1.503641092917528E-007  6.492387907186304E-007
         181  0.000000000000000E+000  0.000000000000000E+000
  5.830523003945578E-009  9.716317990108130E-009
  7.055716646050158E-007  1.871805052028494E-007
         182  0.000000000000000E+000  0.000000000000000E+000
  6.187267971901202E-009  3.148538924509268E-009
  5.324987819461061E-007 -6.037456007611703E-007
         183  0.000000000000000E+000  0.000000000000000E+000
 -3.737091340017776E-010 -2.258121333918044E-009
 -3.363573026878141E-007 -6.824614251863127E-007
         184  0.000000000000000E+000  0.000000000000000E+000
 -7.770558815889143E-009  4.273433208353376E-009
 -5.977179534541842E-007 -3.619251735913018E-008
         185  0.000000000000000E+000  0.000000000000000E+000
 -3.532070307085064E-009  1.330163901670589E-008
 -3.359544725269170E-007  3.757113166204351E-007
         186  0.000000000000000E+000  0.000000000000000E+000
  6.383135969478157E-009  1.141051157463895E-008
  1.288359097936621E-007  4.731576581207878E-007
         187  0.000000000000000E+000  0.000000000000000E+000
  7.113748517677592E-009  4.123726217357909E-009
  4.689887868195299E-007  1.030636428016599E-007
         188  0.000000000000000E+000  0.000000000000000E+000
  3.020243785473188E-009 -5.559928189811310E-010
  2.313678543108516E-007 -3.266873824429822E-007
         189  0.000000000000000E+000  0.000000000000000E+000
 -4.941896317262952E-009  3.193617876124031E-009
 -1.833335669386921E-008 -2.479333390927505E-007
         190  0.000000000000000E+000  0.000000000000000E+000
 -2.244010132348248E-009  1.272690706442215E-008
 -1.427685659232177E-007 -2.653352622933968E-007
         191  0.000000000000000E+000  0.000000000000000E+000
  8.425452466113505E-009  1.276907061098803E-008
 -3.516403277204089E-007 -6.048613856450825E-008
         192  0.000000000000000E+000  0.000000000000000E+000
  1.130916621166885E-008  4.394245374599424E-009
 -2.556223931894631E-007  2.478740791084236E-007
         193  0.000000000000000E+000  0.000000000000000E+000
  7.678079685567975E-009 -1.724075796206444E-009
  1.745756870920503E-008  3.655884441653678E-007
         194  0.000000000000000E+000  0.000000000000000E+000
 -3.768087199259508E-010 -7.347322101842653E-010
  4.462313554350256E-007  2.517706365690349E-007
         195  0.000000000000000E+000  0.000000000000000E+000
 -8.651478740171141E-010  6.464571693676281E-009
  4.927303557190317E-007 -4.227361770184173E-007
         196  0.000000000000000E+000  0.000000000000000E+000
  5.012153767561721E-009  9.371078621162945E-009
 -2.208298058211589E-007 -6.683149371391979E-007
         197  0.000000000000000E+000  0.000000000000000E+000
  9.259184630571073E-009  5.350870728574905E-009
 -7.066295675566521E-007 -1.063972537757671E-007
         198  0.000000000000000E+000  0.000000000000000E+000
  8.697777638566247E-009  1.630424644138994E-009
 -4.161343615884381E-007  5.690569150883471E-007
         199  0.000000000000000E+000  0.000000000000000E+000
  6.122444559440945E-009 -5.801887192098964E-010
  3.243172182703440E-007  6.494871398316008E-007
         200  0.000000000000000E+000  0.000000000000000E+000
  4.068638647499511E-009  8.061985776027223E-010
  7.686063711557905E-007 -5.656133971218012E-008
         201  0.000000000000000E+000  0.000000000000000E+000
  4.196508170169496E-009  1.680680996961933E-009
  2.445844570061809E-007 -7.472623976611803E-007
         202  0.000000000000000E+000  0.000000000000000E+000
  4.672013614611100E-009  2.272665749319216E-009
 -5.517659606885792E-007 -5.460073805302970E-007
         203  0.000000000000000E+000  0.000000000000000E+000
  5.090892599473536E-009  2.397455964115811E-009
 -7.298487367648053E-007  2.038049325442948E-007
         204  0.000000000000000E+000  0.000000000000000E+000
  6.331709423180082E-009  2.671706082224931E-009
 -1.826734888930957E-007  7.059078432582764E-007
         205  0.000000000000000E+000  0.000000000000000E+000
  7.402553433543068E-009  1.505147758771685E-009
  5.225466266761639E-007  4.864108117439859E-007
         206  0.000000000000000E+000  0.000000000000000E+000
  7.997948483262766E-009 -2.218278023364414E-011
  6.511173874982315E-007 -2.445465469509336E-007
         207  0.000000000000000E+000  0.000000000000000E+000
  7.039695107038981E-009 -2.176452890710706E-009
  9.492903558615893E-008 -6.664770178951551E-007
         208  0.000000000000000E+000  0.000000000000000E+000
  4.725745489292874E-009 -2.333781266790576E-009
 -4.987957271646193E-007 -4.226901666480499E-007
         209  0.000000000000000E+000  0.000000000000000E+000
  3.804543234770424E-009 -5.785211415132684E-010
 -6.021524610215015E-007  1.663343321779145E-007
         210  0.000000000000000E+000  0.000000000000000E+000
  5.163569529300508E-009  7.041722647241515E-010
 -2.023607942256622E-007  5.348864617034048E-007
         211  0.000000000000000E+000  0.000000000000000E+000
  7.003247887628158E-009  3.977040233698501E-010
  2.782065156808285E-007  4.581470294027495E-007
         212  0.000000000000000E+000  0.000000000000000E+000
  8.398317297126264E-009 -2.167366121495224E-009
  5.276348976058268E-007  3.361882155872827E-008
         213  0.000000000000000E+000  0.000000000000000E+000
  6.377157177781034E-009 -4.226736768916303E-009
  3.146056516083502E-007 -4.213675081873559E-007
         214  0.000000000000000E+000  0.000000000000000E+000
  4.683719959706684E-009 -4.059448884915648E-009
 -1.731272308588431E-007 -5.073479293750716E-007
         215  0.000000000000000E+000  0.000000000000000E+000
  4.228162638053071E-009 -2.964998266112195E-009
 -5.318472783873744E-007 -1.813869091322924E-007
         216  0.000000000000000E+000  0.000000000000000E+000
  4.407677334887608E-009 -2.410636711438842E-009
 -4.874992987592774E-007  3.740957767773434E-007
         217  0.000000000000000E+000  0.000000000000000E+000
  6.477365782935678E-009 -2.510857153212982E-009
  9.431392334882490E-008  5.723070806640786E-007
         218  0.000000000000000E+000  0.000000000000000E+000
  5.490808115285995E-009 -5.909121890712420E-009
  4.398148940591876E-007  1.650848614838593E-007
         219  0.000000000000000E+000  0.000000000000000E+000
  3.041247379471368E-009 -4.880856648385192E-009
  3.038741631051206E-007 -2.192954968945544E-007
         220  0.000000000000000E+000  0.000000000000000E+000
  3.053377492122831E-009 -3.189204824550542E-009
  3.241244922641688E-009 -3.097434855208942E-007
         221  0.000000000000000E+000  0.000000000000000E+000
  5.040415165887549E-009 -3.158661048420944E-009
 -2.478794272736732E-007 -1.648241107694716E-007
         222  0.000000000000000E+000  0.000000000000000E+000
  6.421111905205619E-009 -4.252106623727265E-009
 -1.689372272254614E-007  1.034553631835345E-007
         223  0.000000000000000E+000  0.000000000000000E+000
  6.758947213826862E-009 -9.383164916575705E-009
 -6.411901550773506E-008  1.496416728091154E-008
         224  0.000000000000000E+000  0.000000000000000E+000
 -1.912687930087142E-010 -1.028297082433385E-008
 -2.015690471478195E-007  9.733951475909660E-008
         225  0.000000000000000E+000  0.000000000000000E+000
 -2.487694157026428E-009 -5.504022007642641E-009
 -6.281203747465915E-008  3.343029686901887E-007
         226  0.000000000000000E+000  0.000000000000000E+000
  3.196999999816774E-010 -1.905101799040648E-009
  2.596992189831517E-007  2.758726327126160E-007
         227  0.000000000000000E+000  0.000000000000000E+000
  3.823092963397813E-009 -2.054402012666696E-009
  4.722509327284555E-007  5.126806141279298E-009
         228  0.000000000000000E+000  0.000000000000000E+000
  7.657184017352538E-009 -7.142344176654301E-009
  2.958894805594056E-007 -5.790577998727580E-007
         229  0.000000000000000E+000  0.000000000000000E+000
  1.095539867014419E-009 -1.292248931984077E-008
 -5.039973852591219E-007 -5.542394046289467E-007
         230  0.000000000000000E+000  0.000000000000000E+000
 -4.639732663589229E-009 -9.270743842455943E-009
 -7.442892685763667E-007  2.200392746076632E-007
         231  0.000000000000000E+000  0.000000000000000E+000
 -4.765870759327997E-009 -3.809828228719001E-009
 -1.840569345916232E-007  7.294810845224416E-007
         232  0.000000000000000E+000  0.000000000000000E+000
 -1.701232073491174E-009 -1.351586183639222E-009
  4.940898268339579E-007  5.774830334399591E-007
         233  0.000000000000000E+000  0.000000000000000E+000
  3.751784591016910E-009 -2.325718801097912E-009
  7.439477459502437E-007 -1.857836275537292E-007
         234  0.000000000000000E+000  0.000000000000000E+000
  2.527625842874281E-009 -1.019879652198351E-008
  8.749805702550197E-008 -6.364891368590975E-007
         235  0.000000000000000E+000  0.000000000000000E+000
 -4.417625915020476E-009 -8.495254351277928E-009
 -3.729527987574436E-007 -2.678282863994993E-007
         236  0.000000000000000E+000  0.000000000000000E+000
 -4.421452678939577E-009 -4.050845746560142E-009
 -3.095733033637420E-007  8.133222877039680E-008
         237  0.000000000000000E+000  0.000000000000000E+000
 -1.361326507273110E-009 -3.207307460280689E-009
 -1.876073769827078E-007  1.904971969861893E-007
         238  0.000000000000000E+000  0.000000000000000E+000
 -6.158808222825716E-011 -4.425655656352959E-009
 -6.899983887706309E-009  2.832342667200665E-007
         239  0.000000000000000E+000  0.000000000000000E+000
  3.214348411458726E-010 -8.517788870892189E-009
  1.062409346621591E-007  1.955988329343735E-007
         240  0.000000000000000E+000  0.000000000000000E+000
 -6.904612532188349E-009 -9.109072029769769E-009
  2.503235804256276E-007  2.164963888162315E-007
         241  0.000000000000000E+000  0.000000000000000E+000
 -7.502747558750041E-009 -2.264691595302288E-009
  4.737208452049539E-007 -1.167808539131166E-007
         242  0.000000000000000E+000  0.000000000000000E+000
 -2.492807881243520E-009 -4.346023196352023E-010
  1.360017299341454E-007 -5.759484751771873E-007
         243  0.000000000000000E+000  0.000000000000000E+000
 -5.131151718084804E-011 -3.740153830629070E-009
 -4.808432228010725E-007 -3.962598981578730E-007
         244  0.000000000000000E+000  0.000000000000000E+000
 -4.904812880315771E-010 -7.944330132168426E-009
 -6.509963320148667E-007  1.918176911120266E-007
         245  0.000000000000000E+000  0.000000000000000E+000
 -7.533807077557231E-009 -1.020430827222985E-008
 -2.059784692933433E-007  7.901564363186789E-007
         246  0.000000000000000E+000  0.000000000000000E+000
 -1.127174432567823E-008 -3.262731192621811E-009
  6.756588515400247E-007  5.905898080980615E-007
         247  0.000000000000000E+000  0.000000000000000E+000
 -7.433241298445602E-009  1.492698930473439E-009
  8.230126889407837E-007 -3.392596667559924E-007
         248  0.000000000000000E+000  0.000000000000000E+000
 -3.299003923270960E-009  5.233923113392001E-010
  6.563229920907052E-008 -8.128521824566374E-007
         249  0.000000000000000E+000  0.000000000000000E+000
 -1.850744410433767E-009 -2.337714500222464E-009
 -6.400505288478692E-007 -4.151195606255531E-007
         250  0.000000000000000E+000  0.000000000000000E+000
 -4.378397517858835E-009 -5.634409104039651E-009
 -6.306957314195202E-007  3.946414311305143E-007
         251  0.000000000000000E+000  0.000000000000000E+000
 -8.374862243275647E-009 -3.410700912875007E-009
  1.007181960274505E-007  6.856045165079841E-007
         252  0.000000000000000E+000  0.000000000000000E+000
 -7.596291111468028E-009 -2.257925688610273E-010
  5.679194207493451E-007  1.907421288278417E-007
         253  0.000000000000000E+000  0.000000000000000E+000
 -5.844623125564864E-009  1.255222316229995E-010
  3.646782700573078E-007 -3.214920199050761E-007
         254  0.000000000000000E+000  0.000000000000000E+000
 -5.829653921137365E-009 -3.614251178031437E-010
 -5.881958028358066E-008 -3.718151108917496E-007
         255  0.000000000000000E+000  0.000000000000000E+000
 -6.043343995729020E-009  4.633990353090131E-011
 -2.790445519400746E-007 -1.117999995240481E-007
         256  0.000000000000000E+000  0.000000000000000E+000
 -6.050315918752375E-009  5.743574302858357E-010
 -1.920900719157271E-007  1.612341710344867E-007
