   5120.00000000000     
         256           1           3
  8.994473019507991E-004   38.3055482232089        118.153116144828     
   18.8300000000000        145.590000000000        6160.02000000000     
           0  0.000000000000000E+000  0.000000000000000E+000
  0.000000000000000E+000  0.000000000000000E+000
  0.000000000000000E+000  0.000000000000000E+000
           1  0.000000000000000E+000  0.000000000000000E+000
  3.262143418043860E-009  7.966445005352186E-011
 -2.454969735397810E-008  2.776528621359804E-011
           2  0.000000000000000E+000  0.000000000000000E+000
  3.153163032551493E-009  4.094289017705854E-010
 -2.668882160445204E-008 -1.159722717256040E-009
           3  0.000000000000000E+000  0.000000000000000E+000
  3.146552985871347E-009  1.007224205790318E-009
 -3.177560110331735E-008 -5.108680766620715E-010
           4  0.000000000000000E+000  0.000000000000000E+000
  3.598859305304088E-009  1.946655770660497E-009
 -3.955255914768097E-008  5.402236693275353E-009
           5  0.000000000000000E+000  0.000000000000000E+000
  5.085879737112488E-009  2.878600959412842E-009
 -4.467653944539088E-008  2.048912482935534E-008
           6  0.000000000000000E+000  0.000000000000000E+000
  7.719555208480070E-009  2.346093044650467E-009
 -3.694742148467469E-008  4.198665200551363E-008
           7  0.000000000000000E+000  0.000000000000000E+000
  8.996451008898774E-009  3.271544318373090E-010
 -1.111665868421689E-008  5.875796628987378E-008
           8  0.000000000000000E+000  0.000000000000000E+000
  9.963903699323159E-009 -1.959287190633422E-009
  3.130211214097866E-008  5.034151205588148E-008
           9  0.000000000000000E+000  0.000000000000000E+000
  9.546333826859314E-009 -5.165001476489329E-009
  5.915912832494419E-008  1.070087213698865E-009
          10  0.000000000000000E+000  0.000000000000000E+000
  7.377279752232159E-009 -7.767235540667456E-009
  3.232936085514220E-008 -6.544099589722811E-008
          11  0.000000000000000E+000  0.000000000000000E+000
  3.846137989727707E-009 -1.044880200889013E-008
 -5.540917942596786E-008 -9.130347635428263E-008
          12  0.000000000000000E+000  0.000000000000000E+000
 -4.549522159857849E-009 -6.852246284768719E-009
 -1.483250862883395E-007 -1.345012721573016E-008
          13  0.000000000000000E+000  0.000000000000000E+000
 -3.143963676270304E-009  2.866948911234643E-009
 -1.277601135389481E-007  1.245541099014080E-007
          14  0.000000000000000E+000  0.000000000000000E+000
  5.601832550795096E-009  6.246930014014308E-009
  9.015093803879350E-009  1.966450440963353E-007
          15  0.000000000000000E+000  0.000000000000000E+000
  1.400921483888354E-008  1.142671189558057E-009
  1.660376033012236E-007  1.226203029767716E-007
          16  0.000000000000000E+000  0.000000000000000E+000
  1.609002087731582E-008 -1.107848363352221E-008
  2.024078793156793E-007 -6.854904758836577E-008
          17  0.000000000000000E+000  0.000000000000000E+000
  1.811961159354142E-009 -1.959880946056958E-008
  5.006380409984177E-008 -2.136095060071675E-007
          18  0.000000000000000E+000  0.000000000000000E+000
 -8.744248554420453E-009 -1.040139778461236E-008
 -1.554715732086418E-007 -1.800558273235699E-007
          19  0.000000000000000E+000  0.000000000000000E+000
 -7.752486471536302E-009  6.171845653182925E-010
 -2.698736421869098E-007  1.046748804763285E-008
          20  0.000000000000000E+000  0.000000000000000E+000
  6.901601438956329E-010  6.435347441239089E-009
 -1.841608148001575E-007  2.358506571089634E-007
          21  0.000000000000000E+000  0.000000000000000E+000
  1.151163365348180E-008  3.201818283985686E-009
  6.459666155217347E-008  3.100134847727041E-007
          22  0.000000000000000E+000  0.000000000000000E+000
  1.381136188398293E-008 -1.206006485012887E-008
  2.778022578364192E-007  1.472364182381666E-007
          23  0.000000000000000E+000  0.000000000000000E+000
 -7.453906207866430E-010 -1.458350683487269E-008
  2.979285252937087E-007 -1.127881502650153E-007
          24  0.000000000000000E+000  0.000000000000000E+000
 -4.248462015341274E-009 -7.296153843895517E-009
  9.909714346585309E-008 -3.304788097339125E-007
          25  0.000000000000000E+000  0.000000000000000E+000
 -2.126266556907200E-009 -2.876292362053634E-009
 -2.320340093039813E-007 -3.000797719201502E-007
          26  0.000000000000000E+000  0.000000000000000E+000
  2.674434195013684E-009 -1.846461808074775E-009
 -4.170343143824393E-007  6.355598338049549E-009
          27  0.000000000000000E+000  0.000000000000000E+000
  7.169268381293298E-009 -9.206700430161920E-009
 -2.835679069025626E-007  3.577574430579642E-007
          28  0.000000000000000E+000  0.000000000000000E+000
 -6.478721787789716E-009 -1.332168044388219E-008
  1.041821615179555E-007  5.010165103976309E-007
          29  0.000000000000000E+000  0.000000000000000E+000
 -6.494558620190508E-009 -1.469556921792525E-009
  4.980379330070589E-007  2.214302235259033E-007
          30  0.000000000000000E+000  0.000000000000000E+000
  5.762542383527750E-010 -5.265387482415788E-010
  4.668161306731362E-007 -2.787910416589816E-007
          31  0.000000000000000E+000  0.000000000000000E+000
  3.413791834917368E-009 -4.164061920712103E-009
  3.977759916213280E-008 -5.374678681147157E-007
          32  0.000000000000000E+000  0.000000000000000E+000
  4.201642652320804E-009 -9.066601586848055E-009
 -4.244277333002250E-007 -3.477292026440706E-007
          33  0.000000000000000E+000  0.000000000000000E+000
 -5.645625227697579E-009 -1.581207421080232E-008
 -5.576927044554801E-007  1.604970501079045E-007
          34  0.000000000000000E+000  0.000000000000000E+000
 -1.117348938604414E-008 -2.765112481190023E-009
 -1.833745545913414E-007  5.537026703460315E-007
          35  0.000000000000000E+000  0.000000000000000E+000
 -2.923152750665700E-009  1.008437247750216E-009
  3.121355101252539E-007  4.696862110606811E-007
          36  0.000000000000000E+000  0.000000000000000E+000
  5.119295444571329E-010 -2.852392159502805E-009
  5.407083431326270E-007  5.382630763927278E-008
          37  0.000000000000000E+000  0.000000000000000E+000
 -1.565518656649192E-010 -5.601186033710355E-009
  3.644065656751813E-007 -3.762998206041214E-007
          38  0.000000000000000E+000  0.000000000000000E+000
 -1.481729673615411E-009 -9.238350696209480E-009
 -8.515906465105615E-008 -5.012648870763673E-007
          39  0.000000000000000E+000  0.000000000000000E+000
 -1.153104633501112E-008 -5.779572293449517E-009
 -4.354659389422361E-007 -2.037741804080061E-007
          40  0.000000000000000E+000  0.000000000000000E+000
 -4.539755249111705E-009  3.619145719555826E-009
 -4.144298560809361E-007  1.987472371293047E-007
          41  0.000000000000000E+000  0.000000000000000E+000
  3.040351910217795E-009 -1.540581762683892E-009
 -1.227600234302743E-007  4.548113691014402E-007
          42  0.000000000000000E+000  0.000000000000000E+000
  1.284316980906777E-009 -8.797134455541644E-009
  2.783846307708043E-007  3.993485797736503E-007
          43  0.000000000000000E+000  0.000000000000000E+000
 -4.313510301047639E-009 -1.185606762048942E-008
  4.864887847237512E-007  3.759304782601764E-008
          44  0.000000000000000E+000  0.000000000000000E+000
 -1.520328486871020E-008 -1.041606975651809E-008
  3.227801926056425E-007 -3.373855855246175E-007
          45  0.000000000000000E+000  0.000000000000000E+000
 -1.451322340588668E-008  5.337312248588876E-009
 -5.842378789461473E-008 -4.659665545942234E-007
          46  0.000000000000000E+000  0.000000000000000E+000
 -2.490336158600872E-009  7.369368750390580E-009
 -4.333691918185160E-007 -2.156576623315377E-007
          47  0.000000000000000E+000  0.000000000000000E+000
  3.294287235492520E-009  6.540109723104149E-010
 -4.217658550465559E-007  2.553003052650893E-007
          48  0.000000000000000E+000  0.000000000000000E+000
  2.382383380618647E-009 -6.944619847754762E-009
 -2.348335886229239E-008  4.987590025670210E-007
          49  0.000000000000000E+000  0.000000000000000E+000
 -5.106404347778817E-009 -1.254218483314661E-008
  3.888921644294068E-007  3.124269337506900E-007
          50  0.000000000000000E+000  0.000000000000000E+000
 -1.420221650769071E-008 -6.649428273614143E-009
  4.773645396025510E-007 -1.284461676546670E-007
          51  0.000000000000000E+000  0.000000000000000E+000
 -1.399356584831823E-008  1.238067465800880E-009
  1.552608233595303E-007 -4.398746157888401E-007
          52  0.000000000000000E+000  0.000000000000000E+000
 -9.764154278755196E-009  6.209841110654665E-009
 -2.574376216420757E-007 -3.441016394710492E-007
          53  0.000000000000000E+000  0.000000000000000E+000
 -3.415686092566377E-009  6.939595946061537E-009
 -4.034054357015477E-007  2.743006650136557E-008
          54  0.000000000000000E+000  0.000000000000000E+000
  1.252639944339561E-009  2.637261262332612E-009
 -1.917802928802759E-007  3.458934655396977E-007
          55  0.000000000000000E+000  0.000000000000000E+000
  8.061991383477175E-010 -3.961145020097228E-009
  1.768586816160060E-007  3.523099631434983E-007
          56  0.000000000000000E+000  0.000000000000000E+000
 -5.546780918210339E-009 -7.357529281682502E-009
  3.842813681047467E-007  6.870957659092181E-008
          57  0.000000000000000E+000  0.000000000000000E+000
 -1.158435019411751E-008 -4.158468337339590E-009
  2.843983599127040E-007 -2.569007031080672E-007
          58  0.000000000000000E+000  0.000000000000000E+000
 -1.312798232559963E-008  1.928777111170842E-009
 -3.830097923815398E-008 -3.676570760402830E-007
          59  0.000000000000000E+000  0.000000000000000E+000
 -1.035740163463947E-008  7.037788442080009E-009
 -3.139414121634256E-007 -1.644260549456617E-007
          60  0.000000000000000E+000  0.000000000000000E+000
 -4.799588726213361E-009  9.713421532606979E-009
 -2.987081162324987E-007  1.761411950679626E-007
          61  0.000000000000000E+000  0.000000000000000E+000
  2.278776790012065E-009  3.993267040662490E-009
 -2.695137286964362E-008  3.550557717104353E-007
          62  0.000000000000000E+000  0.000000000000000E+000
 -1.905798284497640E-009 -1.530541434773329E-009
  3.127067366676267E-007  2.556587213561785E-007
          63  0.000000000000000E+000  0.000000000000000E+000
 -5.317234712813449E-009 -2.020814129808364E-009
  4.159863865505293E-007 -1.360658215561020E-007
          64  0.000000000000000E+000  0.000000000000000E+000
 -9.784759727016214E-009 -1.125865869831877E-009
  1.104122723685807E-007 -4.243233511510308E-007
          65  0.000000000000000E+000  0.000000000000000E+000
 -1.332763250256553E-008  5.946848012561080E-009
 -2.805233319820352E-007 -3.075130798875534E-007
          66  0.000000000000000E+000  0.000000000000000E+000
 -3.657346527909045E-009  1.178334359622600E-008
 -4.050906313266274E-007  6.252904160860836E-008
          67  0.000000000000000E+000  0.000000000000000E+000
 -2.242323194946936E-009  7.052839816524925E-009
 -1.307911575676164E-007  4.180481608723328E-007
          68  0.000000000000000E+000  0.000000000000000E+000
  1.263704371880847E-009  5.881662845896974E-009
  3.181922542866964E-007  2.878102689155545E-007
          69  0.000000000000000E+000  0.000000000000000E+000
 -8.746656217152691E-011 -1.249383541827003E-009
  3.783108059638215E-007 -1.157742169701567E-007
          70  0.000000000000000E+000  0.000000000000000E+000
 -9.532572718971140E-009 -1.111344813560713E-009
  1.195223512601421E-007 -3.344321609760007E-007
          71  0.000000000000000E+000  0.000000000000000E+000
 -9.521889837188286E-009  1.113938960822542E-008
 -1.699954651173137E-007 -2.817592884431829E-007
          72  0.000000000000000E+000  0.000000000000000E+000
 -2.819225495714483E-009  8.440632989399748E-009
 -3.179728368884128E-007  1.739929806757348E-008
          73  0.000000000000000E+000  0.000000000000000E+000
  1.798357940463257E-010  1.084054122032269E-008
 -7.953450116823177E-008  2.342059864360241E-007
          74  0.000000000000000E+000  0.000000000000000E+000
  5.384714118159322E-009  3.691782236094650E-009
  1.136668603351532E-007  1.444519941619919E-007
          75  0.000000000000000E+000  0.000000000000000E+000
 -2.314065336456500E-009 -3.519062130079766E-009
  1.646498260493182E-007  2.436640228714405E-008
          76  0.000000000000000E+000  0.000000000000000E+000
 -1.251481096186929E-008  4.285827976266019E-009
  1.568286799711721E-007 -1.085385528963971E-007
          77  0.000000000000000E+000  0.000000000000000E+000
 -2.967148874763273E-009  1.258201067807679E-008
 -1.041498371485649E-008 -2.157835058920506E-007
          78  0.000000000000000E+000  0.000000000000000E+000
 -2.605942744346431E-009  1.237819376407196E-008
 -1.226256618782613E-007 -7.763070509056020E-008
          79  0.000000000000000E+000  0.000000000000000E+000
  6.639932957314273E-009  1.161678873709318E-008
 -1.414716458015786E-007 -1.730133486411089E-008
          80  0.000000000000000E+000  0.000000000000000E+000
  5.889641558497774E-009  1.092460653565156E-009
 -1.256555652896970E-007  1.591530919173007E-007
          81  0.000000000000000E+000  0.000000000000000E+000
 -4.201170572035864E-009  1.426168785662342E-009
  1.495304689618884E-007  2.189460018214005E-007
          82  0.000000000000000E+000  0.000000000000000E+000
  1.286214547525133E-010  1.077834270946201E-008
  3.042071395720953E-007 -9.276879481835995E-008
          83  0.000000000000000E+000  0.000000000000000E+000
 -2.862979626638887E-010  5.373395899083653E-009
  8.835427663213283E-008 -3.103409364818902E-007
          84  0.000000000000000E+000  0.000000000000000E+000
  2.035498258271077E-009  8.818425664295373E-009
 -2.458659985739483E-007 -3.274758164154014E-007
          85  0.000000000000000E+000  0.000000000000000E+000
  2.637781173636814E-009  5.212861279861449E-009
 -4.803720989719934E-007  9.780198049934000E-008
          86  0.000000000000000E+000  0.000000000000000E+000
 -5.572518488007200E-010  7.181538241705414E-009
 -9.863064585090282E-008  5.244863298696770E-007
          87  0.000000000000000E+000  0.000000000000000E+000
  4.004597042267142E-009  1.364756551525719E-008
  4.686184520308663E-007  3.133481385853955E-007
          88  0.000000000000000E+000  0.000000000000000E+000
  1.307407407622923E-008  3.683436036333438E-009
  5.064028365865648E-007 -2.582845418953425E-007
          89  0.000000000000000E+000  0.000000000000000E+000
  6.495564237282454E-009 -1.432572151081174E-009
  1.006932293925959E-007 -6.271286161357935E-007
          90  0.000000000000000E+000  0.000000000000000E+000
  9.698082031703809E-010 -3.221390485605288E-009
 -5.392823480906002E-007 -4.649179496280259E-007
          91  0.000000000000000E+000  0.000000000000000E+000
 -6.235701067828203E-009  1.990886627997813E-009
 -6.927248224636146E-007  2.348732172956007E-007
          92  0.000000000000000E+000  0.000000000000000E+000
 -4.799492933583308E-009  1.266977937098020E-008
 -1.563742592469083E-007  6.987129457937934E-007
          93  0.000000000000000E+000  0.000000000000000E+000
  8.759284931191334E-009  1.797336249383474E-008
  4.828374334908394E-007  4.895497803550187E-007
          94  0.000000000000000E+000  0.000000000000000E+000
  1.568860518205697E-008  4.712262474814199E-009
  6.849175002446286E-007 -8.565694885558924E-008
          95  0.000000000000000E+000  0.000000000000000E+000
  1.223802785580161E-008 -3.182500239418151E-009
  3.471928839545359E-007 -6.648473922894041E-007
          96  0.000000000000000E+000  0.000000000000000E+000
  2.558821438434525E-009 -7.536388481034531E-009
 -3.598233675216678E-007 -6.630585206823649E-007
          97  0.000000000000000E+000  0.000000000000000E+000
 -6.459211312165723E-009  1.556783496374778E-010
 -7.075538856773669E-007 -1.127924291969729E-007
          98  0.000000000000000E+000  0.000000000000000E+000
 -3.295187326801090E-009  1.258407010923538E-008
 -5.148661040435405E-007  4.393297624343247E-007
          99  0.000000000000000E+000  0.000000000000000E+000
  1.007346775890439E-008  1.220950874785156E-008
 -9.871723410341463E-009  6.751440926634208E-007
         100  0.000000000000000E+000  0.000000000000000E+000
  1.352420678148684E-008  5.379147931799265E-009
  5.554750039554467E-007  4.160921334053245E-007
         101  0.000000000000000E+000  0.000000000000000E+000
  1.176533398282022E-008 -2.465695190097379E-009
  6.609056293577183E-007 -1.861934297311892E-007
         102  0.000000000000000E+000  0.000000000000000E+000
  4.507508258567580E-009 -3.606701128127995E-009
  2.948495217817882E-007 -6.551722292439598E-007
         103  0.000000000000000E+000  0.000000000000000E+000
  1.694624127727040E-009  1.480300450403415E-009
 -3.506574081569487E-007 -6.908963846065401E-007
         104  0.000000000000000E+000  0.000000000000000E+000
  5.627342908048644E-009  4.426360921775412E-009
 -8.040612446579714E-007 -1.463496355489233E-007
         105  0.000000000000000E+000  0.000000000000000E+000
  7.615184378537585E-009  3.188691399638098E-009
 -5.902599162533006E-007  5.602312113415544E-007
         106  0.000000000000000E+000  0.000000000000000E+000
  9.223067209994250E-009  1.123577836717265E-009
  9.536650585917943E-008  7.828966531530073E-007
         107  0.000000000000000E+000  0.000000000000000E+000
  8.325330104018875E-009 -1.358412999507625E-009
  6.696374623361541E-007  3.609875967537147E-007
         108  0.000000000000000E+000  0.000000000000000E+000
  6.437497349596882E-009 -1.919879824763843E-009
  6.495747442740386E-007 -3.307149048041519E-007
         109  0.000000000000000E+000  0.000000000000000E+000
  5.145675542932120E-009 -1.121231723953171E-009
  1.076364262003246E-007 -6.897712535985548E-007
         110  0.000000000000000E+000  0.000000000000000E+000
  5.665791095833099E-009  8.216094560758220E-010
 -4.596706859749607E-007 -4.928542255096863E-007
         111  0.000000000000000E+000  0.000000000000000E+000
  7.603827352488528E-009  9.842144695699692E-010
 -6.416861993300039E-007  4.979338606710023E-008
         112  0.000000000000000E+000  0.000000000000000E+000
  1.005951869852396E-008 -6.661454138824253E-010
 -3.390281183752167E-007  4.723349840600820E-007
         113  0.000000000000000E+000  0.000000000000000E+000
  9.842100504217745E-009 -4.608210999283103E-009
  1.063772253315141E-007  5.064342837081540E-007
         114  0.000000000000000E+000  0.000000000000000E+000
  6.748828757103220E-009 -6.674060960733129E-009
  4.098671280184920E-007  2.429223410100426E-007
         115  0.000000000000000E+000  0.000000000000000E+000
  2.054362330631386E-009 -5.666374061941970E-009
  4.425838304066985E-007 -1.501794989135596E-007
         116  0.000000000000000E+000  0.000000000000000E+000
  3.007695746075741E-009 -7.289225796858333E-010
  1.335079700180062E-007 -4.491746958983727E-007
         117  0.000000000000000E+000  0.000000000000000E+000
  6.340423470472055E-009  1.426873014606833E-009
 -2.388861834760460E-007 -3.707923166246541E-007
         118  0.000000000000000E+000  0.000000000000000E+000
  1.170066262958075E-008 -1.836983360771143E-009
 -4.663649913767619E-007 -9.423601681037170E-008
         119  0.000000000000000E+000  0.000000000000000E+000
  1.103187754730203E-008 -7.942006232455753E-009
 -3.929001766731106E-007  3.375043826152269E-007
         120  0.000000000000000E+000  0.000000000000000E+000
  5.881735022863599E-009 -1.225324122084158E-008
  6.078087496511315E-008  5.045977426015736E-007
         121  0.000000000000000E+000  0.000000000000000E+000
  1.142717319418323E-009 -7.981305046674607E-009
  3.804363709600102E-007  1.708371972295968E-007
         122  0.000000000000000E+000  0.000000000000000E+000
  4.436847685037762E-011 -5.012815445912117E-009
  3.050842854012325E-007 -1.329951048872597E-007
         123  0.000000000000000E+000  0.000000000000000E+000
  3.568015806655138E-009 -2.859857958454469E-009
  5.256816925250591E-008 -3.175693688755902E-007
         124  0.000000000000000E+000  0.000000000000000E+000
  4.702415920892551E-009 -4.141105831338314E-009
 -2.107386099248384E-007 -1.538665482068371E-007
         125  0.000000000000000E+000  0.000000000000000E+000
  7.010724573536505E-009 -5.784165192658547E-009
 -1.513002847992476E-007  3.473381775356791E-008
         126  0.000000000000000E+000  0.000000000000000E+000
  4.453864299084192E-009 -7.959425136648461E-009
 -1.038752702489171E-007 -4.100279906872472E-009
         127  0.000000000000000E+000  0.000000000000000E+000
  3.246450795795345E-009 -1.043146929759991E-008
 -2.384453199133972E-007  1.367057963087216E-007
         128  0.000000000000000E+000  0.000000000000000E+000
  8.730707983442400E-010 -8.381428141006683E-009
 -2.138660121713764E-008  3.355386996452795E-007
         129  0.000000000000000E+000  0.000000000000000E+000
 -1.788779752652782E-010 -8.089659206534441E-009
  2.503720430378002E-007  2.896137912232916E-007
         130  0.000000000000000E+000  0.000000000000000E+000
  5.744403247356114E-010 -4.819882080107153E-009
  4.977812931575550E-007 -2.335399316613475E-008
         131  0.000000000000000E+000  0.000000000000000E+000
  3.027915783343921E-009 -8.292490795631335E-009
  2.839077077963584E-007 -5.618168329585395E-007
         132  0.000000000000000E+000  0.000000000000000E+000
  1.820044607993078E-009 -8.761064691946456E-009
 -4.843471095986824E-007 -6.163880363447305E-007
         133  0.000000000000000E+000  0.000000000000000E+000
 -1.160544272790093E-009 -8.392866662633639E-009
 -8.156212090731093E-007  1.841407004282667E-007
         134  0.000000000000000E+000  0.000000000000000E+000
  7.846592343630694E-011 -8.253997639306891E-009
 -3.417487586283906E-007  8.278285408657507E-007
         135  0.000000000000000E+000  0.000000000000000E+000
 -1.079967071482624E-009 -7.630437360652957E-009
  5.806522161594053E-007  8.445609131325717E-007
         136  0.000000000000000E+000  0.000000000000000E+000
  1.401545366308905E-009 -1.008807608271827E-008
  1.103785899730332E-006 -1.154779776296055E-007
         137  0.000000000000000E+000  0.000000000000000E+000
 -3.221908633519824E-009 -1.185257964303135E-008
  3.868211334816478E-007 -1.068150833057804E-006
         138  0.000000000000000E+000  0.000000000000000E+000
 -8.274404073006785E-009 -9.836104463376732E-009
 -7.172178219921482E-007 -7.822098981247899E-007
         139  0.000000000000000E+000  0.000000000000000E+000
 -7.283063209007720E-009 -5.096733105243453E-009
 -1.054686101552942E-006  1.647598722009007E-007
         140  0.000000000000000E+000  0.000000000000000E+000
 -5.709462140060406E-009 -2.270271168776469E-009
 -4.277384436639731E-007  1.030627446598291E-006
         141  0.000000000000000E+000  0.000000000000000E+000
  8.445326384707670E-010 -3.001854477833088E-009
  6.382932822229426E-007  8.801640720149405E-007
         142  0.000000000000000E+000  0.000000000000000E+000
 -1.350194429461826E-009 -1.052876265947897E-008
  1.007583268844921E-006 -3.517844302819068E-008
         143  0.000000000000000E+000  0.000000000000000E+000
 -7.810864028924859E-009 -1.117218859768355E-008
  5.174392810444632E-007 -7.319465270750928E-007
         144  0.000000000000000E+000  0.000000000000000E+000
 -1.045848994943631E-008 -4.851406497464508E-009
 -2.237037942329336E-007 -8.627106115635279E-007
         145  0.000000000000000E+000  0.000000000000000E+000
 -8.332352119539083E-009 -1.677103592185899E-009
 -8.710238514575524E-007 -3.149551296846155E-007
         146  0.000000000000000E+000  0.000000000000000E+000
 -4.404430854096906E-009  2.477496560956419E-010
 -7.484162406899738E-007  5.422888177304479E-007
         147  0.000000000000000E+000  0.000000000000000E+000
 -2.609699858844472E-010 -4.759207046729428E-009
 -2.103817272282278E-008  9.209229670242004E-007
         148  0.000000000000000E+000  0.000000000000000E+000
 -5.674059552048501E-009 -8.689701603734285E-009
  7.138798742408610E-007  5.942596712292482E-007
         149  0.000000000000000E+000  0.000000000000000E+000
 -1.064551309887115E-008 -5.705836090291761E-009
  9.380636578150857E-007 -1.824058095840464E-007
         150  0.000000000000000E+000  0.000000000000000E+000
 -9.208346257516401E-009 -7.604808093385952E-010
  3.874972591271297E-007 -9.025213469213172E-007
         151  0.000000000000000E+000  0.000000000000000E+000
 -6.456826557847729E-009  4.091773715482639E-010
 -5.287367223998377E-007 -7.803829383703473E-007
         152  0.000000000000000E+000  0.000000000000000E+000
 -2.717975851175861E-009 -7.984657429191456E-010
 -9.057652958408862E-007  9.916063934079559E-010
         153  0.000000000000000E+000  0.000000000000000E+000
 -3.527797981247647E-009 -6.521496253978592E-009
 -5.073479443593911E-007  7.458875238428739E-007
         154  0.000000000000000E+000  0.000000000000000E+000
 -9.178803422361542E-009 -7.100935310931571E-009
  3.335526135045104E-007  8.420144795184753E-007
         155  0.000000000000000E+000  0.000000000000000E+000
 -1.229632383316505E-008 -2.694906894560291E-009
  8.616764073767106E-007  1.648904181777794E-007
         156  0.000000000000000E+000  0.000000000000000E+000
 -1.147495416029831E-008  1.163360444487890E-009
  5.408268264549796E-007 -5.670636009222472E-007
         157  0.000000000000000E+000  0.000000000000000E+000
 -8.542091225788393E-009  3.843369848763011E-009
 -1.621049210982760E-007 -6.560986040775590E-007
         158  0.000000000000000E+000  0.000000000000000E+000
 -4.569263316393406E-009  2.843172546016410E-009
 -5.438433494992875E-007 -1.522968124667185E-007
         159  0.000000000000000E+000  0.000000000000000E+000
 -3.649121156875422E-009 -7.900995144583248E-010
 -3.074215657986174E-007  3.322972100467949E-007
         160  0.000000000000000E+000  0.000000000000000E+000
 -6.492050905438635E-009 -3.425556722416310E-009
  1.163591123274668E-007  3.311686403921467E-007
         161  0.000000000000000E+000  0.000000000000000E+000
 -1.013729934326302E-008 -2.729364634425130E-009
  2.527991520479107E-007  4.000820801223907E-008
         162  0.000000000000000E+000  0.000000000000000E+000
 -1.307609849502783E-008  3.561274660823842E-010
  7.968858180709339E-008 -1.176097450591511E-007
         163  0.000000000000000E+000  0.000000000000000E+000
 -1.275416044212791E-008  6.343127358519386E-009
 -3.397169250901258E-008 -6.730443892944300E-009
         164  0.000000000000000E+000  0.000000000000000E+000
 -6.139084601535467E-009  8.693733515611351E-009
  6.675046301561058E-008  7.609304381513503E-008
         165  0.000000000000000E+000  0.000000000000000E+000
 -2.565927553668983E-009  4.222100701703840E-009
  1.572333628764168E-007 -3.416798291631866E-008
         166  0.000000000000000E+000  0.000000000000000E+000
 -5.017529463673916E-009  1.026167818536815E-009
  1.125233536684860E-007 -1.500746196752480E-007
         167  0.000000000000000E+000  0.000000000000000E+000
 -7.318019184890243E-009  4.312780230488056E-010
 -5.546016899004219E-008 -2.392677673819800E-007
         168  0.000000000000000E+000  0.000000000000000E+000
 -1.158519130274276E-008  2.282180505523622E-009
 -2.588054998618621E-007 -6.918390521836617E-008
         169  0.000000000000000E+000  0.000000000000000E+000
 -1.032608804441704E-008  9.518639342619356E-009
 -1.828367761152236E-007  1.795144224102244E-007
         170  0.000000000000000E+000  0.000000000000000E+000
 -3.950373081783573E-009  7.879932689985955E-009
  2.296539347826531E-008  2.526537608586041E-007
         171  0.000000000000000E+000  0.000000000000000E+000
 -6.360644695410643E-009  4.021897459922924E-009
  2.009168049664144E-007  2.273897913758083E-007
         172  0.000000000000000E+000  0.000000000000000E+000
 -7.964241436514300E-009  7.812069587059361E-009
  4.326130570723272E-007 -2.752132412781591E-008
         173  0.000000000000000E+000  0.000000000000000E+000
 -6.843483717901530E-009  8.943438707811335E-009
  2.417848985934141E-007 -3.964545479498998E-007
         174  0.000000000000000E+000  0.000000000000000E+000
 -4.591097062347325E-009  1.356696894371415E-008
 -1.219836742887474E-007 -4.614699932944924E-007
         175  0.000000000000000E+000  0.000000000000000E+000
  4.647011759407521E-009  8.818347714295514E-009
 -4.965203956033870E-007 -2.297812357576348E-007
         176  0.000000000000000E+000  0.000000000000000E+000
 -1.282466129982085E-009 -9.198169899885822E-010
 -5.408401222950679E-007  3.767013610747914E-007
         177  0.000000000000000E+000  0.000000000000000E+000
 -9.630700484775338E-009  5.163254685332712E-009
  1.782182257699603E-007  6.819600678279923E-007
         178  0.000000000000000E+000  0.000000000000000E+000
 -7.610580924578555E-009  1.063946274906386E-008
  6.442478299918318E-007  1.395319093249880E-007
         179  0.000000000000000E+000  0.000000000000000E+000
 -4.882399748877885E-009  1.538179202274263E-008
  4.717732282349234E-007 -4.485681315529438E-007
         180  0.000000000000000E+000  0.000000000000000E+000
  6.164752481824279E-009  1.548523375327697E-008
 -1.470788772089052E-007 -6.430888731003901E-007
         181  0.000000000000000E+000  0.000000000000000E+000
  6.940952089489732E-009  3.208720953038292E-009
 -6.057515208114441E-007 -1.421127751794673E-007
         182  0.000000000000000E+000  0.000000000000000E+000
 -3.233262445428469E-009  2.591736303911970E-009
 -2.502444183704167E-007  4.711799452478192E-007
         183  0.000000000000000E+000  0.000000000000000E+000
 -2.799875385877297E-009  7.810430809166983E-009
  2.828682489616750E-007  2.364179101133856E-007
         184  0.000000000000000E+000  0.000000000000000E+000
 -3.576086148047739E-009  8.725951196505906E-009
  2.332431853335752E-007 -1.142831329256738E-007
         185  0.000000000000000E+000  0.000000000000000E+000
 -1.262781654108200E-009  1.490411621921094E-008
  8.815860462868550E-009 -2.402386698931658E-007
         186  0.000000000000000E+000  0.000000000000000E+000
  7.131192545155984E-009  1.084255093293326E-008
 -2.213453223276774E-007 -6.241105127086851E-008
         187  0.000000000000000E+000  0.000000000000000E+000
  2.518512799671211E-009  5.269833636831908E-009
 -6.087351303854933E-008  2.509653340980019E-007
         188  0.000000000000000E+000  0.000000000000000E+000
  1.673735148741252E-009  1.024448162852806E-008
  3.404429782519266E-007  1.220419600387228E-008
         189  0.000000000000000E+000  0.000000000000000E+000
  3.906726597767344E-009  8.435223218097533E-009
  6.773703573719318E-008 -3.643740050520333E-007
         190  0.000000000000000E+000  0.000000000000000E+000
  2.939903231852590E-009  1.079901615230120E-008
 -2.838272878956309E-007 -2.318151625122831E-007
         191  0.000000000000000E+000  0.000000000000000E+000
  9.209350805578077E-009  9.490347659549554E-009
 -3.723825985254759E-007  1.475842295670423E-007
         192  0.000000000000000E+000  0.000000000000000E+000
  5.966255337335523E-009  4.236984597382177E-009
  1.507064522554524E-008  4.542146306046764E-007
         193  0.000000000000000E+000  0.000000000000000E+000
  4.820469419375230E-009  8.812504228651784E-009
  5.244852502143416E-007  5.947578412378364E-008
         194  0.000000000000000E+000  0.000000000000000E+000
  8.767556082256756E-009  6.538993398284488E-009
  1.625737764626220E-007 -5.075963454482921E-007
         195  0.000000000000000E+000  0.000000000000000E+000
  6.482075336436655E-009  4.732368944134059E-009
 -3.817156698133935E-007 -3.226322481461582E-007
         196  0.000000000000000E+000  0.000000000000000E+000
  7.344757181907403E-009  6.464143581309731E-009
 -4.422617336631250E-007  1.918352213607178E-007
         197  0.000000000000000E+000  0.000000000000000E+000
  7.921569059895339E-009  4.617046216045687E-009
  1.408076713916875E-008  4.707689639913100E-007
         198  0.000000000000000E+000  0.000000000000000E+000
  7.426886171529396E-009  5.829056787414205E-009
  4.732254762352576E-007  1.377603467212195E-007
         199  0.000000000000000E+000  0.000000000000000E+000
  1.124594716476323E-008  4.542805448636963E-009
  2.666575517875738E-007 -4.379114589787738E-007
         200  0.000000000000000E+000  0.000000000000000E+000
  9.727144592884341E-009  1.056136312502357E-012
 -2.878884514256339E-007 -3.894377245995178E-007
         201  0.000000000000000E+000  0.000000000000000E+000
  6.101944377276335E-009  5.607211548353213E-010
 -4.334647053001526E-007  4.321701196192801E-008
         202  0.000000000000000E+000  0.000000000000000E+000
  6.385163443196368E-009  2.722478311761288E-009
 -1.786070196548959E-007  3.486990052921802E-007
         203  0.000000000000000E+000  0.000000000000000E+000
  7.036539142429882E-009  3.129197417000014E-009
  1.918127514923779E-007  2.873121271770059E-007
         204  0.000000000000000E+000  0.000000000000000E+000
  8.563996764070888E-009  4.115644260555518E-009
  3.082564970095645E-007 -5.117720910405919E-008
         205  0.000000000000000E+000  0.000000000000000E+000
  1.114793913850853E-008  2.225373119550161E-009
  6.478162699160004E-008 -2.619811998169015E-007
         206  0.000000000000000E+000  0.000000000000000E+000
  1.077958480066169E-008 -4.725009292751220E-010
 -1.466790375888108E-007 -1.594704453555019E-007
         207  0.000000000000000E+000  0.000000000000000E+000
  9.593797234865629E-009 -1.686457464240310E-009
 -1.642400038182448E-007 -6.331079026905486E-009
         208  0.000000000000000E+000  0.000000000000000E+000
  8.449394941980321E-009 -2.191883543762941E-009
 -9.430197958021906E-008  5.622083787146332E-008
         209  0.000000000000000E+000  0.000000000000000E+000
  7.395665393091444E-009 -1.942302821345644E-009
 -6.752221235973153E-008  5.187661534197151E-008
         210  0.000000000000000E+000  0.000000000000000E+000
  7.577061061508505E-009 -6.624156826067810E-010
 -4.640645800670334E-008  9.597126332682966E-008
         211  0.000000000000000E+000  0.000000000000000E+000
  9.407505037362294E-009 -1.217271051559376E-009
  3.308077579643731E-008  1.007393066076094E-007
         212  0.000000000000000E+000  0.000000000000000E+000
  9.240437633457291E-009 -3.523987926133357E-009
  1.034411908969067E-007  3.779635061366273E-008
         213  0.000000000000000E+000  0.000000000000000E+000
  7.693567598772071E-009 -3.330065808595950E-009
  8.193953814068416E-008 -9.007511474279803E-008
         214  0.000000000000000E+000  0.000000000000000E+000
  8.463729109327486E-009 -3.347562850469691E-009
 -6.354735062057176E-008 -1.129630379029095E-007
         215  0.000000000000000E+000  0.000000000000000E+000
  8.324180066050374E-009 -3.429695574680152E-009
 -7.040821457531552E-008  1.715998483247456E-008
         216  0.000000000000000E+000  0.000000000000000E+000
  1.067049905370815E-008 -4.944496754069016E-009
 -1.885995569807952E-008 -5.737051996111586E-008
         217  0.000000000000000E+000  0.000000000000000E+000
  9.133735248923279E-009 -9.778242976575727E-009
 -1.618249067427342E-007 -4.554082581440446E-008
         218  0.000000000000000E+000  0.000000000000000E+000
  2.370442673287877E-009 -1.016693857455205E-008
 -1.839787331885009E-007  1.202818918886704E-007
         219  0.000000000000000E+000  0.000000000000000E+000
  8.270899443707644E-010 -3.640246844054284E-009
 -5.654973565998983E-008  2.617865788552648E-007
         220  0.000000000000000E+000  0.000000000000000E+000
  4.707668842491413E-009 -6.467299967352384E-010
  1.985130742170291E-007  2.772106601653265E-007
         221  0.000000000000000E+000  0.000000000000000E+000
  1.149231005712391E-008 -6.876227083312343E-010
  4.346539217000911E-007 -8.736116761273983E-008
         222  0.000000000000000E+000  0.000000000000000E+000
  1.542361137163511E-008 -1.047996570726704E-008
  5.600385414062841E-008 -4.607584314618985E-007
         223  0.000000000000000E+000  0.000000000000000E+000
  6.808873271833995E-009 -1.946618394153157E-008
 -3.534794941887626E-007 -2.452319643316789E-007
         224  0.000000000000000E+000  0.000000000000000E+000
 -4.696553931461375E-009 -1.431379915733744E-008
 -4.036467407270190E-007  1.207815364259940E-007
         225  0.000000000000000E+000  0.000000000000000E+000
 -4.745172890888573E-009 -5.317461733220448E-009
 -1.700069663757155E-007  4.056125348474809E-007
         226  0.000000000000000E+000  0.000000000000000E+000
  1.363612703905283E-009  8.595533983411006E-010
  2.892890815995765E-007  3.241775804176801E-007
         227  0.000000000000000E+000  0.000000000000000E+000
  1.146166417034729E-008 -4.675789566298034E-009
  2.316904212174557E-007 -1.287035536206860E-007
         228  0.000000000000000E+000  0.000000000000000E+000
  8.291799331740950E-009 -1.652630171054894E-008
 -4.120878860674754E-008 -5.253121447516401E-008
         229  0.000000000000000E+000  0.000000000000000E+000
 -3.910852506046197E-009 -1.663534384343975E-008
  4.611000663188147E-008  7.263627628669630E-008
         230  0.000000000000000E+000  0.000000000000000E+000
 -6.554845739941699E-009 -8.267721493053272E-009
  1.720689280761841E-007 -2.914837431208442E-008
         231  0.000000000000000E+000  0.000000000000000E+000
 -3.222991318058729E-009 -2.683657364919243E-009
  1.442044631126244E-007 -2.719138225380487E-007
         232  0.000000000000000E+000  0.000000000000000E+000
  4.767998956031747E-009 -4.693339057135738E-009
 -3.521572529335920E-007 -4.475005795314841E-007
         233  0.000000000000000E+000  0.000000000000000E+000
  3.295197438340670E-009 -1.285812679299329E-008
 -7.465572698354899E-007  2.466126519911668E-007
         234  0.000000000000000E+000  0.000000000000000E+000
 -4.982492289162213E-009 -1.439667049538993E-008
 -1.181663209054345E-007  8.706510493711797E-007
         235  0.000000000000000E+000  0.000000000000000E+000
 -8.581079831230139E-009 -6.424678462215993E-009
  6.964774983466891E-007  5.802264715625927E-007
         236  0.000000000000000E+000  0.000000000000000E+000
 -3.706402611378791E-009 -2.458851424680085E-009
  8.779741137939866E-007 -2.524371158974612E-007
         237  0.000000000000000E+000  0.000000000000000E+000
  1.908871239279833E-009 -3.352998613870678E-009
  2.870834211322848E-007 -9.387420054174721E-007
         238  0.000000000000000E+000  0.000000000000000E+000
  3.052354011745030E-009 -1.101346482278239E-008
 -7.419792111058711E-007 -6.968686419907266E-007
         239  0.000000000000000E+000  0.000000000000000E+000
 -3.622510793294235E-009 -1.465697074737778E-008
 -8.861367324765278E-007  3.087690416563297E-007
         240  0.000000000000000E+000  0.000000000000000E+000
 -1.053401706708999E-008 -1.051452540060315E-008
 -2.222855654774904E-007  7.962920607610159E-007
         241  0.000000000000000E+000  0.000000000000000E+000
 -8.837611650446160E-009 -3.907923241048999E-009
  4.280343719194244E-007  6.107565559543622E-007
         242  0.000000000000000E+000  0.000000000000000E+000
 -4.675924684918252E-009 -2.579114705849813E-009
  6.946563463413991E-007  4.539725833387208E-008
         243  0.000000000000000E+000  0.000000000000000E+000
 -1.392333430298143E-009 -6.635672002483840E-009
  3.281960913330427E-007 -4.567466401167635E-007
         244  0.000000000000000E+000  0.000000000000000E+000
 -5.534450523450393E-009 -1.039352789957036E-008
 -7.249648771699888E-008 -3.442017372076950E-007
         245  0.000000000000000E+000  0.000000000000000E+000
 -1.059939272520712E-008 -7.850220501647826E-009
 -1.714632773831368E-007 -2.242864117096761E-007
         246  0.000000000000000E+000  0.000000000000000E+000
 -9.493134482185922E-009 -2.765177202392843E-009
 -3.226103306217148E-007 -9.794041150918608E-008
         247  0.000000000000000E+000  0.000000000000000E+000
 -6.371307286626886E-009 -2.670984691315605E-009
 -3.581349173350423E-007  1.987035808062037E-007
         248  0.000000000000000E+000  0.000000000000000E+000
 -5.472971434264624E-009 -5.542921742971803E-009
 -1.525032309124962E-007  4.767223441516015E-007
         249  0.000000000000000E+000  0.000000000000000E+000
 -9.564193174479208E-009 -6.679831675113305E-009
  3.527049235986503E-007  5.572522381499797E-007
         250  0.000000000000000E+000  0.000000000000000E+000
 -1.186773947311034E-008 -3.143883676914400E-009
  7.632477165353394E-007  3.213529414210826E-009
         251  0.000000000000000E+000  0.000000000000000E+000
 -1.056447659530100E-008  6.213692895749441E-010
  4.077237110734642E-007 -6.600345257356884E-007
         252  0.000000000000000E+000  0.000000000000000E+000
 -7.178780373681745E-009  1.111130753778088E-009
 -3.377779500726434E-007 -6.659048108902902E-007
         253  0.000000000000000E+000  0.000000000000000E+000
 -5.819907038936474E-009 -7.502498617132561E-010
 -7.082915225740364E-007 -5.865426929985338E-008
         254  0.000000000000000E+000  0.000000000000000E+000
 -6.888236171633164E-009 -2.768542015580546E-009
 -4.149062899533685E-007  5.610021973284966E-007
         255  0.000000000000000E+000  0.000000000000000E+000
 -9.346933520370316E-009 -2.334956686224716E-009
  2.476981756695329E-007  6.311820383824065E-007
         256  0.000000000000000E+000  0.000000000000000E+000
 -1.015800295038070E-008 -4.595160619729240E-010
  6.150045980213131E-007  1.448741288809892E-007
