   5120.00000000000     
         256           1           3
  8.994473019507991E-004   41.0915189589990        117.229215993196     
   18.8300000000000        145.590000000000        6160.02000000000     
           0  0.000000000000000E+000  0.000000000000000E+000
  0.000000000000000E+000  0.000000000000000E+000
  0.000000000000000E+000  0.000000000000000E+000
           1  0.000000000000000E+000  0.000000000000000E+000
  1.595528684312819E-010  3.746271950739713E-010
 -2.182046698826664E-008  5.021839004303110E-011
           2  0.000000000000000E+000  0.000000000000000E+000
  3.257183777281974E-012  1.255687668083890E-009
 -2.399178297647200E-008 -9.489721357669176E-010
           3  0.000000000000000E+000  0.000000000000000E+000
  1.410160889360211E-010  2.571836059614418E-009
 -2.890190191231463E-008  2.938520607959210E-010
           4  0.000000000000000E+000  0.000000000000000E+000
  1.237714392085425E-009  4.245068132324574E-009
 -3.555469587414980E-008  7.219846913228795E-009
           5  0.000000000000000E+000  0.000000000000000E+000
  3.918653991118689E-009  5.430633086618068E-009
 -3.750142873519205E-008  2.263847138802925E-008
           6  0.000000000000000E+000  0.000000000000000E+000
  7.785817023864754E-009  4.232385794763836E-009
 -2.480120029311002E-008  4.083168902252187E-008
           7  0.000000000000000E+000  0.000000000000000E+000
  9.692501514291856E-009  5.259846178845945E-010
  3.485341021245079E-009  4.775284693484453E-008
           8  0.000000000000000E+000  0.000000000000000E+000
  9.340606277434471E-009 -3.825965271275056E-009
  3.744108265186953E-008  2.541490806212962E-008
           9  0.000000000000000E+000  0.000000000000000E+000
  5.721505661648838E-009 -7.188620086895698E-009
  4.082759410021342E-008 -2.796023976529502E-008
          10  0.000000000000000E+000  0.000000000000000E+000
  9.247248427969161E-010 -6.674045723763181E-009
 -1.223875596376788E-008 -7.101238905104442E-008
          11  0.000000000000000E+000  0.000000000000000E+000
 -1.646009775272388E-009 -4.069866168946237E-009
 -9.677354872764683E-008 -4.849722866197854E-008
          12  0.000000000000000E+000  0.000000000000000E+000
 -3.505684601713193E-009  1.990056770730934E-009
 -1.338920378380384E-007  6.414852066093320E-008
          13  0.000000000000000E+000  0.000000000000000E+000
  3.769582928688800E-009  7.024066191849088E-009
 -3.607187823701129E-008  1.681259281094376E-007
          14  0.000000000000000E+000  0.000000000000000E+000
  1.196802003480426E-008  2.465422450489928E-009
  1.206892368184156E-007  1.368902211408675E-007
          15  0.000000000000000E+000  0.000000000000000E+000
  1.295921854164438E-008 -7.019491369204512E-009
  1.883096959013332E-007 -2.872637495762158E-008
          16  0.000000000000000E+000  0.000000000000000E+000
  6.380728459279239E-009 -1.497210349865489E-008
  7.297833479857184E-008 -1.949664358819281E-007
          17  0.000000000000000E+000  0.000000000000000E+000
 -8.173507955617541E-009 -1.321246248588791E-008
 -1.550687920793066E-007 -1.757320081569089E-007
          18  0.000000000000000E+000  0.000000000000000E+000
 -1.076520615783061E-008  1.490698581300836E-009
 -2.550366209596110E-007  3.545288130473347E-008
          19  0.000000000000000E+000  0.000000000000000E+000
 -5.686938619186709E-010  9.440772764354698E-009
 -1.356685947587610E-007  2.435249598055831E-007
          20  0.000000000000000E+000  0.000000000000000E+000
  1.078867452369702E-008  5.770756172799970E-009
  1.183600540255228E-007  2.654982863992561E-007
          21  0.000000000000000E+000  0.000000000000000E+000
  1.504400143271204E-008 -5.381337487410302E-009
  2.886458660002405E-007  5.455110790163631E-008
          22  0.000000000000000E+000  0.000000000000000E+000
  7.143050742784981E-009 -1.850739608762512E-008
  1.936683342263495E-007 -2.167166629092796E-007
          23  0.000000000000000E+000  0.000000000000000E+000
 -1.000829687736714E-008 -1.270429785802921E-008
 -7.311179361806038E-008 -2.706563089593235E-007
          24  0.000000000000000E+000  0.000000000000000E+000
 -9.457781834813111E-009  1.237460092412268E-009
 -2.757971311215687E-007 -1.077688732150538E-007
          25  0.000000000000000E+000  0.000000000000000E+000
  3.715751598363405E-010  6.509122572511403E-009
 -2.740519529732564E-007  1.690871736350943E-007
          26  0.000000000000000E+000  0.000000000000000E+000
  9.880152032509638E-009  1.707792743373814E-009
 -3.483740995773337E-008  3.385753537559909E-007
          27  0.000000000000000E+000  0.000000000000000E+000
  1.163016862269055E-008 -1.159678415301421E-008
  2.432710859469140E-007  2.353260940604288E-007
          28  0.000000000000000E+000  0.000000000000000E+000
 -5.864293983873603E-009 -1.652110506385361E-008
  3.324404918109019E-007 -2.851989747604205E-008
          29  0.000000000000000E+000  0.000000000000000E+000
 -1.019511582762201E-008 -3.307998559652103E-009
  1.820247411653437E-007 -3.081802095479384E-007
          30  0.000000000000000E+000  0.000000000000000E+000
 -4.062158872242110E-009  3.039404502384855E-009
 -1.812810741305016E-007 -3.312599219357801E-007
          31  0.000000000000000E+000  0.000000000000000E+000
  3.356085631896498E-009  2.641251864123608E-009
 -3.958502850602881E-007 -1.789307058624346E-008
          32  0.000000000000000E+000  0.000000000000000E+000
  8.624040235009675E-009 -4.689616706387562E-009
 -2.471660533013818E-007  3.309725871859124E-007
          33  0.000000000000000E+000  0.000000000000000E+000
 -9.936817675011678E-011 -1.544711968555488E-008
  1.220279365971682E-007  4.166115024190891E-007
          34  0.000000000000000E+000  0.000000000000000E+000
 -9.226571385217451E-009 -7.322374478882596E-009
  4.337708662154747E-007  1.294155142324420E-007
          35  0.000000000000000E+000  0.000000000000000E+000
 -7.763556922933826E-009 -1.160877848919631E-009
  3.173972406567122E-007 -2.920879633927825E-007
          36  0.000000000000000E+000  0.000000000000000E+000
 -4.498214241008268E-009  2.546869127269164E-009
 -8.157633161958911E-008 -3.926818970796660E-007
          37  0.000000000000000E+000  0.000000000000000E+000
  1.783953593760227E-009  3.284106951306709E-009
 -3.599768366366537E-007 -1.272055279689850E-007
          38  0.000000000000000E+000  0.000000000000000E+000
  7.010145809223848E-009 -4.425670057930545E-009
 -2.980550870947225E-007  2.326067676959530E-007
          39  0.000000000000000E+000  0.000000000000000E+000
 -1.609669289013199E-009 -9.852761561942501E-009
  4.517063857678053E-008  3.858719629762710E-007
          40  0.000000000000000E+000  0.000000000000000E+000
 -4.017217745033206E-009 -7.175969978055944E-009
  3.295935107833333E-007  1.406484006691018E-007
          41  0.000000000000000E+000  0.000000000000000E+000
 -7.297139236108524E-009 -6.310179163573749E-009
  2.507767986388240E-007 -1.726241587081073E-007
          42  0.000000000000000E+000  0.000000000000000E+000
 -9.253644397112755E-009 -6.971459476898668E-010
 -1.072262972540555E-008 -2.540514010518912E-007
          43  0.000000000000000E+000  0.000000000000000E+000
 -3.888501535937547E-009  3.765294681784076E-009
 -2.001890838032709E-007 -1.003480499498774E-007
          44  0.000000000000000E+000  0.000000000000000E+000
 -8.489281818547221E-010  5.174860018121114E-010
 -1.675614070429812E-007  1.339601461827803E-007
          45  0.000000000000000E+000  0.000000000000000E+000
  2.990719783900533E-009 -5.181528986213985E-011
  4.069216038976520E-008  1.818323468658223E-007
          46  0.000000000000000E+000  0.000000000000000E+000
  2.693608393738163E-009 -8.714697322060434E-009
  1.399624298753705E-007  6.615816328621787E-008
          47  0.000000000000000E+000  0.000000000000000E+000
 -6.835230346672558E-009 -1.133509052179934E-008
  1.224838579343457E-007 -5.593975679713091E-008
          48  0.000000000000000E+000  0.000000000000000E+000
 -1.325742516818351E-008 -4.143961455390909E-009
  1.452435412272913E-008 -1.155823406988448E-007
          49  0.000000000000000E+000  0.000000000000000E+000
 -1.159709047921883E-008  3.657992224791716E-009
 -9.322454837632746E-008 -4.499241035027627E-008
          50  0.000000000000000E+000  0.000000000000000E+000
 -4.274029154063852E-009  9.202525609602084E-009
 -6.846275049841558E-008  7.680460887328865E-008
          51  0.000000000000000E+000  0.000000000000000E+000
  4.871990915838692E-009  3.873340933236677E-009
  4.247150606968232E-008  1.145624663346537E-007
          52  0.000000000000000E+000  0.000000000000000E+000
  3.836694647007378E-009 -5.969048891185853E-009
  1.432220254782790E-007  2.831227750143500E-008
          53  0.000000000000000E+000  0.000000000000000E+000
 -4.672187104527798E-009 -9.562270259527750E-009
  1.051038878292563E-007 -1.183464686207657E-007
          54  0.000000000000000E+000  0.000000000000000E+000
 -1.180822970389576E-008 -4.504112334512255E-009
 -5.919818204802669E-008 -1.497396898077379E-007
          55  0.000000000000000E+000  0.000000000000000E+000
 -1.158454547909361E-008  3.537752830876338E-009
 -1.696712053305589E-007 -5.509904216683835E-009
          56  0.000000000000000E+000  0.000000000000000E+000
 -5.500293176301713E-009  8.059601999493575E-009
 -8.591330533351575E-008  1.789598773218528E-007
          57  0.000000000000000E+000  0.000000000000000E+000
  1.647536038215846E-009  5.133202928281020E-009
  1.402693403263662E-007  1.870317015624407E-007
          58  0.000000000000000E+000  0.000000000000000E+000
  2.055649967796569E-009 -2.343730536776515E-009
  2.566171993155071E-007 -2.523765933740526E-008
          59  0.000000000000000E+000  0.000000000000000E+000
 -4.470985078396431E-009 -5.777340265165146E-009
  1.194622280417348E-007 -2.355603245307290E-007
          60  0.000000000000000E+000  0.000000000000000E+000
 -1.022825158505337E-008 -8.411148709400404E-010
 -1.360263788950968E-007 -2.235494797216358E-007
          61  0.000000000000000E+000  0.000000000000000E+000
 -8.071661494476851E-009  4.221046538297896E-009
 -2.749481890250675E-007  1.565358664002657E-008
          62  0.000000000000000E+000  0.000000000000000E+000
 -4.302466546012756E-009  7.421110311144515E-009
 -9.248646124146564E-008  2.725879567647981E-007
          63  0.000000000000000E+000  0.000000000000000E+000
  1.585385993824370E-009  4.017794466055231E-009
  2.013255905718066E-007  2.027239816716718E-007
          64  0.000000000000000E+000  0.000000000000000E+000
 -7.367924044910088E-010 -2.661459038541206E-009
  2.740501279543230E-007 -5.402377526624353E-008
          65  0.000000000000000E+000  0.000000000000000E+000
 -8.205796382669888E-009 -1.386519513908355E-009
  1.218487880388642E-007 -2.456761059224327E-007
          66  0.000000000000000E+000  0.000000000000000E+000
 -6.794252549960222E-009  4.552820563265939E-009
 -1.403769754490589E-007 -2.412311691895020E-007
          67  0.000000000000000E+000  0.000000000000000E+000
 -6.356345758792031E-009  7.581668082814035E-009
 -2.381601389297952E-007  2.452974357313852E-008
          68  0.000000000000000E+000  0.000000000000000E+000
  1.148896106013744E-009  8.493971086146100E-009
 -9.636298894896617E-008  1.695232687137536E-007
          69  0.000000000000000E+000  0.000000000000000E+000
  3.101098705821681E-009  1.126789967586693E-009
  6.797064642109360E-008  2.015798825655803E-007
          70  0.000000000000000E+000  0.000000000000000E+000
 -3.029150462884438E-009 -2.119542869797084E-009
  2.539414167764300E-007  8.253225786763291E-008
          71  0.000000000000000E+000  0.000000000000000E+000
 -5.484944519852661E-009  3.281566101227458E-009
  2.446363213367851E-007 -2.096927507586792E-007
          72  0.000000000000000E+000  0.000000000000000E+000
 -6.156126012884456E-009  2.399145612267867E-009
 -6.006083463910210E-008 -3.051288728530872E-007
          73  0.000000000000000E+000  0.000000000000000E+000
 -4.822147705487950E-009  8.682079307365195E-009
 -2.650944359266682E-007 -1.557091311978311E-007
          74  0.000000000000000E+000  0.000000000000000E+000
  5.340683876938492E-010  7.300696471015392E-009
 -3.291573630130696E-007  1.610596522402109E-007
          75  0.000000000000000E+000  0.000000000000000E+000
  4.522316908224069E-010  4.219454363109261E-009
  2.454847820909925E-009  4.343100112338776E-007
          76  0.000000000000000E+000  0.000000000000000E+000
 -9.371878966721059E-010  5.170085069150467E-009
  4.545138015406952E-007  2.074837634913261E-007
          77  0.000000000000000E+000  0.000000000000000E+000
  4.138858961178690E-009  2.418954223471989E-009
  4.082655460530805E-007 -3.326530843524119E-007
          78  0.000000000000000E+000  0.000000000000000E+000
 -3.273873002075690E-009  3.796287396458612E-011
 -1.964007430322088E-008 -5.373549895623445E-007
          79  0.000000000000000E+000  0.000000000000000E+000
 -4.393996986935127E-009  3.053806173821993E-009
 -5.357711361652325E-007 -3.196207604145828E-007
          80  0.000000000000000E+000  0.000000000000000E+000
 -6.335527360458417E-009  6.630626668815207E-009
 -5.614697763256395E-007  3.726399087762810E-007
          81  0.000000000000000E+000  0.000000000000000E+000
 -3.060066425474270E-009  1.354866536301669E-008
  1.114095221382265E-007  6.748166496704325E-007
          82  0.000000000000000E+000  0.000000000000000E+000
  1.054894213432721E-008  1.368823789661572E-008
  6.345613811159899E-007  1.923040470937169E-007
          83  0.000000000000000E+000  0.000000000000000E+000
  1.006788547843122E-008 -7.799352281835970E-010
  5.203524823126005E-007 -4.091574546669310E-007
          84  0.000000000000000E+000  0.000000000000000E+000
  3.079330589859936E-009 -5.388865258262124E-009
 -9.032940194671624E-008 -7.140860929213013E-007
          85  0.000000000000000E+000  0.000000000000000E+000
 -7.258999586645792E-009 -2.748121376967044E-009
 -6.474592645731394E-007 -2.482221832408369E-007
          86  0.000000000000000E+000  0.000000000000000E+000
 -9.099563336218884E-009  9.263191302122089E-009
 -4.793912364574586E-007  3.803743896957637E-007
          87  0.000000000000000E+000  0.000000000000000E+000
  1.871125860448464E-009  1.747735908128461E-008
  4.305655946562050E-008  5.257723590235317E-007
          88  0.000000000000000E+000  0.000000000000000E+000
  1.346150043847276E-008  7.086887136571435E-009
  4.000379670960653E-007  2.791460862949636E-007
          89  0.000000000000000E+000  0.000000000000000E+000
  1.014167905428278E-008 -1.724245899789178E-009
  4.833253395878605E-007 -1.890025198023492E-007
          90  0.000000000000000E+000  0.000000000000000E+000
  1.957977837882174E-009 -6.244773459320571E-009
  9.186517716518378E-008 -4.787858284241840E-007
          91  0.000000000000000E+000  0.000000000000000E+000
 -6.096547991175749E-009 -1.952961089892011E-010
 -2.754774301583521E-007 -3.337506497155789E-007
          92  0.000000000000000E+000  0.000000000000000E+000
 -4.154378100471734E-009  9.119109187283391E-009
 -3.998373449922964E-007 -3.283946741983679E-008
          93  0.000000000000000E+000  0.000000000000000E+000
  6.107204000306931E-009  1.221405720256404E-008
 -2.955475169713047E-007  2.622162719279973E-007
          94  0.000000000000000E+000  0.000000000000000E+000
  1.001370623434787E-008  2.876894457334855E-009
  4.303233740870272E-008  4.177562372180017E-007
          95  0.000000000000000E+000  0.000000000000000E+000
  7.014005770118949E-009 -2.410510926537482E-009
  3.493668998687025E-007  1.641595316888486E-007
          96  0.000000000000000E+000  0.000000000000000E+000
 -4.413398297289626E-010 -3.167364902968859E-009
  3.308048491129237E-007 -1.509270918992377E-007
          97  0.000000000000000E+000  0.000000000000000E+000
 -3.597267780564290E-009  4.055429606716623E-009
  1.139267357627010E-007 -3.757163837166393E-007
          98  0.000000000000000E+000  0.000000000000000E+000
  1.795622406141359E-009  1.025182962430678E-008
 -2.459793451877229E-007 -3.462446942455719E-007
          99  0.000000000000000E+000  0.000000000000000E+000
  1.040205261298391E-008  6.130796933773774E-009
 -4.272867355089167E-007  1.215907812179090E-008
         100  0.000000000000000E+000  0.000000000000000E+000
  9.966087051032158E-009 -3.159750158102976E-010
 -2.011272835008784E-007  3.011011299591004E-007
         101  0.000000000000000E+000  0.000000000000000E+000
  4.864145370929350E-009 -4.580883985024976E-009
  9.423065930617957E-008  3.096147847814355E-007
         102  0.000000000000000E+000  0.000000000000000E+000
 -8.813175105353085E-010 -1.280828932659861E-009
  2.813936636358938E-007  7.982788016229665E-008
         103  0.000000000000000E+000  0.000000000000000E+000
 -3.088623564383639E-010  4.660157872692817E-009
  1.812426897918211E-007 -1.628898903090741E-007
         104  0.000000000000000E+000  0.000000000000000E+000
  5.387772362267224E-009  6.558626377960676E-009
 -3.590366090246890E-009 -1.889464377904442E-007
         105  0.000000000000000E+000  0.000000000000000E+000
  8.874101215300545E-009  3.836039892748744E-009
 -7.867195242325482E-008 -1.380975100373523E-007
         106  0.000000000000000E+000  0.000000000000000E+000
  1.003150315921818E-008 -9.006119714052710E-010
 -1.571195289399644E-007 -9.954118761795464E-008
         107  0.000000000000000E+000  0.000000000000000E+000
  6.682005571860718E-009 -4.508048029148854E-009
 -2.309487234912733E-007  1.555669432259776E-008
         108  0.000000000000000E+000  0.000000000000000E+000
  2.512254865930184E-009 -3.956498406656575E-009
 -1.884603999571449E-007  2.154291576787436E-007
         109  0.000000000000000E+000  0.000000000000000E+000
  5.945915524056660E-010 -8.899661958393593E-010
  6.656143678314360E-008  3.277670149240391E-007
         110  0.000000000000000E+000  0.000000000000000E+000
  1.962258687376322E-009  2.593029672568525E-009
  3.459949808229293E-007  1.328046994181599E-007
         111  0.000000000000000E+000  0.000000000000000E+000
  5.607392534573768E-009  3.733504339590571E-009
  3.313202515941067E-007 -2.403968470086163E-007
         112  0.000000000000000E+000  0.000000000000000E+000
  9.353401485134916E-009  9.336265603526256E-010
 -2.786951987823857E-008 -4.704742236127250E-007
         113  0.000000000000000E+000  0.000000000000000E+000
  8.912369120365707E-009 -3.467830819252291E-009
 -4.595719988899449E-007 -2.495939123053496E-007
         114  0.000000000000000E+000  0.000000000000000E+000
  6.424351429579093E-009 -5.712246920506999E-009
 -4.752468264263276E-007  2.600551021364188E-007
         115  0.000000000000000E+000  0.000000000000000E+000
  2.299388402869179E-009 -6.254405316051989E-009
 -4.078726312575273E-008  5.279337645773780E-007
         116  0.000000000000000E+000  0.000000000000000E+000
  3.406074610407624E-010 -2.831862342639728E-009
  3.812263848511422E-007  3.126083341287922E-007
         117  0.000000000000000E+000  0.000000000000000E+000
  2.115432744251184E-009  1.126380336523627E-009
  4.838027284768529E-007 -1.587278226442734E-007
         118  0.000000000000000E+000  0.000000000000000E+000
  6.135889483512974E-009  4.434286463633646E-010
  7.520966101065726E-008 -5.040373366771284E-007
         119  0.000000000000000E+000  0.000000000000000E+000
  8.343266681844957E-009 -1.835718248209914E-009
 -3.726201800228099E-007 -3.032950174624071E-007
         120  0.000000000000000E+000  0.000000000000000E+000
  8.331709586105387E-009 -7.621883164907385E-009
 -4.444453731215788E-007  1.074701167247633E-007
         121  0.000000000000000E+000  0.000000000000000E+000
  2.832920125459354E-009 -9.091624741876418E-009
 -2.221258386225186E-007  4.051239107020612E-007
         122  0.000000000000000E+000  0.000000000000000E+000
 -1.324593987950108E-009 -5.504290878110338E-009
  2.480191877007753E-007  4.552765785251290E-007
         123  0.000000000000000E+000  0.000000000000000E+000
  3.471367464745803E-010 -2.267740134228111E-009
  4.868056341281955E-007 -7.594645985564215E-009
         124  0.000000000000000E+000  0.000000000000000E+000
  2.796589594271501E-009 -3.942821323931063E-010
  2.504805831973641E-007 -3.982398267398553E-007
         125  0.000000000000000E+000  0.000000000000000E+000
  7.942386995602946E-009 -3.713567212565568E-009
 -2.349955853073516E-007 -4.736196361644684E-007
         126  0.000000000000000E+000  0.000000000000000E+000
  3.643983193599232E-009 -9.183585952313367E-009
 -6.152687219651475E-007 -2.644110841221349E-008
         127  0.000000000000000E+000  0.000000000000000E+000
 -1.607045716877418E-009 -7.692735314970313E-009
 -3.241078691811104E-007  6.427707854926783E-007
         128  0.000000000000000E+000  0.000000000000000E+000
 -5.484013304477441E-010 -2.980864012979736E-009
  4.539154333834235E-007  5.314178637211866E-007
         129  0.000000000000000E+000  0.000000000000000E+000
  1.448725258663425E-009 -2.440119214297298E-009
  6.471841401509998E-007 -1.353328755167086E-007
         130  0.000000000000000E+000  0.000000000000000E+000
  5.551240053390868E-009 -3.060128829488458E-009
  1.885090390748279E-007 -6.742167981352384E-007
         131  0.000000000000000E+000  0.000000000000000E+000
  4.850840536155924E-009 -1.142552560078433E-008
 -6.011392667375168E-007 -4.918225923079406E-007
         132  0.000000000000000E+000  0.000000000000000E+000
 -3.427573613160999E-009 -1.081392615450228E-008
 -7.774171652123061E-007  3.974633240982491E-007
         133  0.000000000000000E+000  0.000000000000000E+000
 -5.264739039595162E-009 -3.475396654101518E-009
  9.994887348286897E-008  8.865667473001783E-007
         134  0.000000000000000E+000  0.000000000000000E+000
 -7.642926091967085E-010 -1.913508948827429E-009
  7.724536980202642E-007  2.908399785171485E-007
         135  0.000000000000000E+000  0.000000000000000E+000
  2.677158501310436E-009 -2.251190606034147E-009
  6.294623149889832E-007 -5.500777448568618E-007
         136  0.000000000000000E+000  0.000000000000000E+000
  5.021212454608742E-009 -9.758867087439021E-009
 -2.837056733235992E-007 -8.374302460149774E-007
         137  0.000000000000000E+000  0.000000000000000E+000
 -4.191610339387973E-009 -1.213357440426982E-008
 -9.287330752519679E-007 -2.636873258386365E-008
         138  0.000000000000000E+000  0.000000000000000E+000
 -7.833709854376623E-009 -5.068809761867724E-009
 -3.148681047452327E-007  8.571352987724988E-007
         139  0.000000000000000E+000  0.000000000000000E+000
 -3.607727449665106E-009 -2.806341514827493E-009
  5.726251644272988E-007  5.909218377785652E-007
         140  0.000000000000000E+000  0.000000000000000E+000
 -2.374580747386883E-009 -3.102728582565722E-009
  7.640491581455337E-007 -2.271510826653096E-007
         141  0.000000000000000E+000  0.000000000000000E+000
 -6.241862811346131E-010 -5.720667562382246E-009
  6.921365640149113E-008 -7.781821056322813E-007
         142  0.000000000000000E+000  0.000000000000000E+000
 -6.346702379870068E-009 -7.378334536890546E-009
 -6.863724127078212E-007 -3.064651305688030E-007
         143  0.000000000000000E+000  0.000000000000000E+000
 -7.430328244643267E-009 -1.120334780201276E-009
 -5.015358467040214E-007  5.409502278914882E-007
         144  0.000000000000000E+000  0.000000000000000E+000
 -7.889458455532500E-010  4.061719413248056E-010
  2.651992604891045E-007  6.189416376890167E-007
         145  0.000000000000000E+000  0.000000000000000E+000
  2.221603819144389E-010 -5.379631390727123E-009
  6.453983908038953E-007  8.768216005278933E-008
         146  0.000000000000000E+000  0.000000000000000E+000
 -3.404466471888281E-009 -7.540768903907453E-009
  3.877638487581678E-007 -5.479161647178605E-007
         147  0.000000000000000E+000  0.000000000000000E+000
 -7.606156367256786E-009 -7.351218904065263E-009
 -3.558808848751663E-007 -5.861214870161559E-007
         148  0.000000000000000E+000  0.000000000000000E+000
 -1.143958474441040E-008 -1.112542395435328E-009
 -6.957076046002178E-007  8.811153288960796E-008
         149  0.000000000000000E+000  0.000000000000000E+000
 -5.928364258727868E-009  5.297535543947822E-009
 -2.259144872820507E-007  6.821377841372001E-007
         150  0.000000000000000E+000  0.000000000000000E+000
  2.235374561821371E-009  1.652442965707560E-009
  4.582145259696335E-007  5.489272342265933E-007
         151  0.000000000000000E+000  0.000000000000000E+000
  1.390820284821770E-009 -5.805247530554571E-009
  7.511381006500638E-007 -8.182460184079141E-008
         152  0.000000000000000E+000  0.000000000000000E+000
 -3.964662651443766E-009 -8.990641942157003E-009
  3.196552073731312E-007 -7.191784066020056E-007
         153  0.000000000000000E+000  0.000000000000000E+000
 -1.109571051361955E-008 -7.082214039844562E-009
 -4.705740551389523E-007 -6.264041806018283E-007
         154  0.000000000000000E+000  0.000000000000000E+000
 -1.268319476929403E-008  1.513990277823684E-009
 -7.724604330034720E-007  9.182320089559267E-008
         155  0.000000000000000E+000  0.000000000000000E+000
 -5.612254390818693E-009  6.031440507927812E-009
 -3.482900028514944E-007  7.052683460979838E-007
         156  0.000000000000000E+000  0.000000000000000E+000
 -3.431872683774700E-010  1.827958176138711E-009
  4.132513968220582E-007  7.259076202452485E-007
         157  0.000000000000000E+000  0.000000000000000E+000
 -1.341109828992933E-009 -3.279711113537045E-009
  8.620669439062621E-007  5.788093442567543E-008
         158  0.000000000000000E+000  0.000000000000000E+000
 -6.018157201657126E-009 -5.047006618953728E-009
  5.270444625522965E-007 -6.809424045652476E-007
         159  0.000000000000000E+000  0.000000000000000E+000
 -9.901466873564810E-009 -1.660502479526610E-009
 -2.780553338661784E-007 -7.992037816404311E-007
         160  0.000000000000000E+000  0.000000000000000E+000
 -8.791693315472240E-009  3.194214187617349E-009
 -8.053236119297855E-007 -1.715179224967022E-007
         161  0.000000000000000E+000  0.000000000000000E+000
 -4.572367141677650E-009  3.629001615175132E-009
 -5.433883414164659E-007  5.753000442748055E-007
         162  0.000000000000000E+000  0.000000000000000E+000
 -3.834582818458377E-009  9.039813343621640E-010
  1.810753227579584E-007  7.455887000033938E-007
         163  0.000000000000000E+000  0.000000000000000E+000
 -5.705434879092697E-009  3.290785600388985E-010
  6.890402353952738E-007  2.558705407345131E-007
         164  0.000000000000000E+000  0.000000000000000E+000
 -6.396827751363749E-009  1.250163014643243E-009
  5.529000370011214E-007 -3.717962336451204E-007
         165  0.000000000000000E+000  0.000000000000000E+000
 -7.095960935724285E-009  2.610604750073706E-009
  3.767634797180642E-008 -5.678273311186018E-007
         166  0.000000000000000E+000  0.000000000000000E+000
 -5.368754255138775E-009  4.917743057240914E-009
 -3.087846080555922E-007 -3.442793879314475E-007
         167  0.000000000000000E+000  0.000000000000000E+000
 -3.112215682578480E-009  2.702466446056170E-009
 -4.477730132571547E-007 -3.201012055493746E-008
         168  0.000000000000000E+000  0.000000000000000E+000
 -5.632323306635156E-009  1.374588110552555E-009
 -3.080875959726359E-007  3.386142078854769E-007
         169  0.000000000000000E+000  0.000000000000000E+000
 -6.422506800145633E-009  4.115321398875110E-009
  6.149422835853384E-008  4.500928971561527E-007
         170  0.000000000000000E+000  0.000000000000000E+000
 -5.325964013854113E-009  3.877493575273872E-009
  3.948573724051529E-007  2.948166383297208E-007
         171  0.000000000000000E+000  0.000000000000000E+000
 -6.660323511669687E-009  5.614996955868055E-009
  5.840547090011308E-007 -8.687452795933166E-008
         172  0.000000000000000E+000  0.000000000000000E+000
 -3.136883996756296E-009  7.046020029558065E-009
  3.090656750108501E-007 -6.606835533228343E-007
         173  0.000000000000000E+000  0.000000000000000E+000
 -3.536075595984398E-009  4.791681784474818E-009
 -4.350430419192218E-007 -6.000224134418166E-007
         174  0.000000000000000E+000  0.000000000000000E+000
 -3.836252019250670E-009  7.482242149494504E-009
 -7.130200365176954E-007  4.121927424584160E-008
         175  0.000000000000000E+000  0.000000000000000E+000
  4.596576417346375E-011  5.820746739037772E-009
 -3.461851387693242E-007  6.649246714800334E-007
         176  0.000000000000000E+000  0.000000000000000E+000
 -2.667456523185246E-009  3.722541578813590E-009
  4.828357822170365E-007  6.676109244527446E-007
         177  0.000000000000000E+000  0.000000000000000E+000
 -1.829841266799554E-009  5.513148595206758E-009
  8.327674088144939E-007 -2.436753533134630E-007
         178  0.000000000000000E+000  0.000000000000000E+000
 -3.608250046761066E-009  3.404845316913948E-009
  6.135752570548897E-008 -7.573966138816018E-007
         179  0.000000000000000E+000  0.000000000000000E+000
 -6.252132600591327E-009  8.199204151521259E-009
 -5.348740319511840E-007 -3.279415391948136E-007
         180  0.000000000000000E+000  0.000000000000000E+000
  2.042355828538197E-010  1.234140350850789E-008
 -4.600130051343587E-007  3.141147129431655E-007
         181  0.000000000000000E+000  0.000000000000000E+000
  4.425630973307352E-009  7.476870780147354E-009
  1.659476679823962E-007  4.955141265418350E-007
         182  0.000000000000000E+000  0.000000000000000E+000
  4.130624049111764E-009  4.281513156927580E-009
  5.541142457934562E-007 -8.144466456796839E-008
         183  0.000000000000000E+000  0.000000000000000E+000
  1.306718003339905E-009 -1.110474922265791E-009
 -2.468267117135318E-008 -5.520696826750017E-007
         184  0.000000000000000E+000  0.000000000000000E+000
 -7.584423354546733E-009  1.876954373725022E-009
 -4.656012233964893E-007 -7.601722705782002E-008
         185  0.000000000000000E+000  0.000000000000000E+000
 -6.610563156292088E-009  1.271395229639751E-008
 -2.071735611835958E-007  3.703422379713868E-007
         186  0.000000000000000E+000  0.000000000000000E+000
  3.735645695743641E-009  1.412582928624580E-008
  2.974905429395268E-007  3.689233145617915E-007
         187  0.000000000000000E+000  0.000000000000000E+000
  7.530573743779460E-009  8.755051124009724E-009
  5.571024597411199E-007 -1.612404054825251E-007
         188  0.000000000000000E+000  0.000000000000000E+000
  8.416294682245611E-009  2.456815348502611E-009
  2.736829153949791E-008 -7.052859548385676E-007
         189  0.000000000000000E+000  0.000000000000000E+000
  1.278587855262712E-010 -1.149716487831696E-009
 -6.356105486789423E-007 -2.301825297410973E-007
         190  0.000000000000000E+000  0.000000000000000E+000
 -4.122254894468636E-009  7.138404348762380E-009
 -4.075908857149599E-007  4.028396013018197E-007
         191  0.000000000000000E+000  0.000000000000000E+000
  3.138362505839433E-009  1.167489632905606E-008
  1.565514542615200E-007  5.125433315875141E-007
         192  0.000000000000000E+000  0.000000000000000E+000
  7.424396093989255E-009  8.349533955737318E-009
  5.425986349547093E-007  5.745864538929253E-008
         193  0.000000000000000E+000  0.000000000000000E+000
  9.388813594215335E-009  3.924124550661000E-009
  2.208406674948915E-007 -5.181944148345512E-007
         194  0.000000000000000E+000  0.000000000000000E+000
  4.343531581758075E-009 -3.245000953915052E-010
 -3.490314427666034E-007 -2.940405011933764E-007
         195  0.000000000000000E+000  0.000000000000000E+000
  4.887149146667474E-010  4.393993536180141E-009
 -2.751777222520470E-007  1.039006262725513E-007
         196  0.000000000000000E+000  0.000000000000000E+000
  4.959096396837662E-009  8.602485587711935E-009
 -5.901290220153339E-008  1.791676269244887E-007
         197  0.000000000000000E+000  0.000000000000000E+000
  9.571475953564363E-009  5.068556567137154E-009
  8.107915557572754E-008  9.122908001206113E-008
         198  0.000000000000000E+000  0.000000000000000E+000
  8.995961141972043E-009  8.003380033079046E-010
  7.778717306338877E-008 -3.288819813770360E-008
         199  0.000000000000000E+000  0.000000000000000E+000
  5.484817072362437E-009 -2.082153788165537E-009
 -1.351118469805854E-008 -2.594344670450835E-008
         200  0.000000000000000E+000  0.000000000000000E+000
  1.090611899855299E-009  7.804993687632815E-010
  7.257658372089828E-008 -1.485528935289151E-008
         201  0.000000000000000E+000  0.000000000000000E+000
  2.570097391417145E-009  5.461119225756240E-009
  8.250065302247568E-009 -1.767779725775018E-007
         202  0.000000000000000E+000  0.000000000000000E+000
  7.470077752108899E-009  6.003435673692776E-009
 -2.123354753692770E-007 -1.076860889133261E-007
         203  0.000000000000000E+000  0.000000000000000E+000
  9.842234729185513E-009  2.312692943677215E-009
 -2.197202563330941E-007  1.478045216667697E-007
         204  0.000000000000000E+000  0.000000000000000E+000
  9.073814455227400E-009 -9.192320055170901E-010
  2.811055544395330E-008  2.736279430566229E-007
         205  0.000000000000000E+000  0.000000000000000E+000
  6.230668013192030E-009 -2.797891059633423E-009
  2.916027110770706E-007  1.104944087905958E-007
         206  0.000000000000000E+000  0.000000000000000E+000
  3.705607627876889E-009 -1.168550126913868E-009
  2.646852192816049E-007 -2.781668212215831E-007
         207  0.000000000000000E+000  0.000000000000000E+000
  4.058950763167271E-009  9.250473983790259E-010
 -1.650896128566853E-007 -4.268240203819380E-007
         208  0.000000000000000E+000  0.000000000000000E+000
  5.590633181423093E-009  1.723935729262621E-009
 -5.094027719295585E-007 -7.435181802168901E-008
         209  0.000000000000000E+000  0.000000000000000E+000
  7.343059668763045E-009  1.286718289959951E-009
 -3.466865084785109E-007  4.285576801752680E-007
         210  0.000000000000000E+000  0.000000000000000E+000
  8.867152234613449E-009 -5.279781843070507E-010
  2.101996911462392E-007  5.156097202466319E-007
         211  0.000000000000000E+000  0.000000000000000E+000
  8.296082171843847E-009 -3.139199402156205E-009
  5.387044245837282E-007  6.837884814259012E-008
         212  0.000000000000000E+000  0.000000000000000E+000
  6.498409955817333E-009 -4.631973542692926E-009
  3.466536740451341E-007 -4.359004575258656E-007
         213  0.000000000000000E+000  0.000000000000000E+000
  4.065563418397706E-009 -3.974332041000418E-009
 -1.957762389359906E-007 -5.570709454019944E-007
         214  0.000000000000000E+000  0.000000000000000E+000
  3.896103442814663E-009 -2.381705189319835E-009
 -5.917599898600040E-007 -1.595522068332868E-007
         215  0.000000000000000E+000  0.000000000000000E+000
  5.092860206219200E-009 -1.354648895327232E-009
 -4.756293987635965E-007  3.544776955289003E-007
         216  0.000000000000000E+000  0.000000000000000E+000
  6.194644468821563E-009 -2.571683974993455E-009
 -8.185530130195930E-008  6.113885930511250E-007
         217  0.000000000000000E+000  0.000000000000000E+000
  6.535767296513180E-009 -3.324046538138435E-009
  5.012462006330736E-007  4.944590884214330E-007
         218  0.000000000000000E+000  0.000000000000000E+000
  5.764407857058329E-009 -5.221392942278038E-009
  7.330152999358369E-007 -1.907991980680733E-007
         219  0.000000000000000E+000  0.000000000000000E+000
  4.855545490410585E-009 -4.899699816856247E-009
  2.272950476354389E-007 -7.536553822552732E-007
         220  0.000000000000000E+000  0.000000000000000E+000
  4.383109132347669E-009 -5.213349902056273E-009
 -5.198679457080516E-007 -6.259249020982788E-007
         221  0.000000000000000E+000  0.000000000000000E+000
  4.606369686729317E-009 -5.642639894848344E-009
 -8.937973414226191E-007  3.679659757742799E-008
         222  0.000000000000000E+000  0.000000000000000E+000
  3.336651001077716E-009 -5.937211217270003E-009
 -4.853557594937682E-007  8.723855809782058E-007
         223  0.000000000000000E+000  0.000000000000000E+000
  3.522112442932139E-009 -6.396801646274513E-009
  5.228115111113745E-007  8.223600521721516E-007
         224  0.000000000000000E+000  0.000000000000000E+000
  1.734141302510814E-009 -5.883607992860198E-009
  8.723632742661503E-007 -2.254989712948731E-008
         225  0.000000000000000E+000  0.000000000000000E+000
  2.503442054055877E-009 -5.190381274518757E-009
  4.083889280668364E-007 -6.725470117869250E-007
         226  0.000000000000000E+000  0.000000000000000E+000
  3.596677970281166E-009 -5.612010589446390E-009
 -3.332563787129429E-007 -7.031329527931335E-007
         227  0.000000000000000E+000  0.000000000000000E+000
  2.586501454410006E-009 -7.667872806226381E-009
 -7.632498035053821E-007  7.383228510600607E-009
         228  0.000000000000000E+000  0.000000000000000E+000
  1.995652835978326E-009 -7.986178731180774E-009
 -2.483216409521319E-007  5.369826979485242E-007
         229  0.000000000000000E+000  0.000000000000000E+000
 -8.310094028400450E-010 -8.775163366966244E-009
  1.676043536843443E-007  3.341481662430779E-007
         230  0.000000000000000E+000  0.000000000000000E+000
 -2.021846059485709E-009 -6.888192688451327E-009
  1.948936916112150E-007  1.091213931073433E-007
         231  0.000000000000000E+000  0.000000000000000E+000
 -2.256898492651388E-009 -4.918543199717156E-009
  1.663849837733216E-007  2.269807699086637E-008
         232  0.000000000000000E+000  0.000000000000000E+000
 -1.473011498329654E-009 -4.081233305583914E-009
  1.356637150885108E-007  3.143619160280100E-008
         233  0.000000000000000E+000  0.000000000000000E+000
  1.173447217714512E-009 -2.581710075573268E-009
  3.282556553030232E-007 -1.346484553717045E-007
         234  0.000000000000000E+000  0.000000000000000E+000
  3.287828761571319E-009 -7.746005591487958E-009
 -1.227182157533910E-008 -5.543657402063792E-007
         235  0.000000000000000E+000  0.000000000000000E+000
 -1.302882238478145E-009 -9.810446515858910E-009
 -6.209886652936207E-007 -2.436444621777253E-007
         236  0.000000000000000E+000  0.000000000000000E+000
 -4.819336384350494E-009 -8.171691474133905E-009
 -5.580659434540898E-007  4.755749134946583E-007
         237  0.000000000000000E+000  0.000000000000000E+000
 -5.203806336157817E-009 -4.621502557669205E-009
  8.201207062736085E-008  7.353264899395379E-007
         238  0.000000000000000E+000  0.000000000000000E+000
 -3.604778862083474E-009 -2.062839428931093E-009
  7.002105272384452E-007  4.033311482201887E-007
         239  0.000000000000000E+000  0.000000000000000E+000
  1.158023731701179E-009 -3.363501996239189E-009
  7.189322451091480E-007 -4.602486148894709E-007
         240  0.000000000000000E+000  0.000000000000000E+000
 -1.068789590641696E-009 -8.269478692572067E-009
 -1.114854968566676E-007 -7.778406294185684E-007
         241  0.000000000000000E+000  0.000000000000000E+000
 -4.426854345690805E-009 -7.425521095254012E-009
 -6.424881970649082E-007 -2.272205063357830E-007
         242  0.000000000000000E+000  0.000000000000000E+000
 -5.346339144056168E-009 -5.236603529168782E-009
 -4.618524897008117E-007  3.621213842165732E-007
         243  0.000000000000000E+000  0.000000000000000E+000
 -5.049106088972792E-009 -4.329214776357943E-009
  2.136657563360277E-008  5.633570922470588E-007
         244  0.000000000000000E+000  0.000000000000000E+000
 -3.474440639161700E-009 -3.877556821705779E-009
  4.538088720307707E-007  2.126501230482309E-007
         245  0.000000000000000E+000  0.000000000000000E+000
 -4.771944026247006E-009 -6.635953393040772E-009
  2.527378715537604E-007 -1.922848321720567E-007
         246  0.000000000000000E+000  0.000000000000000E+000
 -7.850572910410539E-009 -4.794001665302671E-009
  1.869382878019304E-008 -1.296067287949314E-007
         247  0.000000000000000E+000  0.000000000000000E+000
 -7.761350150866645E-009 -1.589270005273966E-009
  4.204694791481512E-008 -6.848366155200118E-008
         248  0.000000000000000E+000  0.000000000000000E+000
 -5.538097648840978E-009 -4.268623277613789E-010
 -7.579117628399512E-010 -1.328489164669410E-007
         249  0.000000000000000E+000  0.000000000000000E+000
 -3.328534427559702E-009 -9.092772309408371E-010
 -1.345063755495887E-007 -1.465191956563618E-007
         250  0.000000000000000E+000  0.000000000000000E+000
 -3.042598182369546E-009 -4.552008636495705E-009
 -3.195075737480505E-007  6.821706153780323E-008
         251  0.000000000000000E+000  0.000000000000000E+000
 -7.440533065218686E-009 -5.268126165798053E-009
 -9.378007419982906E-008  4.312339748556572E-007
         252  0.000000000000000E+000  0.000000000000000E+000
 -9.554177549339548E-009 -1.893450301767620E-009
  3.855975736609654E-007  3.176949890672600E-007
         253  0.000000000000000E+000  0.000000000000000E+000
 -8.248481476989907E-009  1.243006555702365E-009
  4.701529555329721E-007 -1.821232967137679E-007
         254  0.000000000000000E+000  0.000000000000000E+000
 -6.004814210485747E-009  1.929057956486047E-009
  7.855070540504954E-008 -4.627205487679015E-007
         255  0.000000000000000E+000  0.000000000000000E+000
 -4.311366450267070E-009  1.223101992229138E-009
 -3.386930284854785E-007 -2.761558615216797E-007
         256  0.000000000000000E+000  0.000000000000000E+000
 -4.126484182501436E-009 -5.895174442825387E-010
 -3.770048273483492E-007  1.688409150236958E-007
