   409.600000000000     
         256           1           3
  1.124309127438499E-002   38.1670089695906        118.241115860849     
   39.0000000000000        116.000000000000        6351.00000000000     
           0  0.000000000000000E+000  0.000000000000000E+000
  0.000000000000000E+000  0.000000000000000E+000
  0.000000000000000E+000  0.000000000000000E+000
           1 -2.966642379819186E-007  1.583411676084154E-007
  2.190481858237587E-006  4.865445077717622E-008
 -1.529142594895496E-006 -1.666497673829369E-007
           2 -2.805321405593104E-007  5.140576841805551E-007
  2.130300592643364E-006  1.680113770742363E-007
 -1.490968174309527E-006 -5.494661172275029E-007
           3  1.716685876893717E-007  1.023652676546819E-006
  2.086406706617404E-006  5.568031750111967E-007
 -1.823373834544732E-006 -1.110806816086577E-006
           4  1.319115114701681E-006  1.074701608028064E-006
  2.528219025582764E-006  1.351392898011489E-006
 -2.660716835095147E-006 -1.408883710063112E-006
           5  2.535750280182598E-006 -1.839640124912277E-007
  4.106899459414211E-006  1.981514596157074E-006
 -3.621072067016347E-006 -1.026321458586474E-006
           6  2.308751623040807E-006 -2.642582018065391E-006
  6.673848313334052E-006  1.078174380713662E-006
 -4.073454883913860E-006 -1.240423247510959E-007
           7 -3.945417524913984E-007 -4.531649423019246E-006
  8.540805394135205E-006 -2.324656830545919E-006
 -3.772439416462960E-006  6.781665254231881E-007
           8 -4.480934145747759E-006 -3.397045503687096E-006
  7.249015328019163E-006 -7.276316998908131E-006
 -3.115508379538895E-006  7.036339215582413E-007
           9 -6.559910913022883E-006  1.462399293487198E-006
  1.737006101153158E-006 -1.047496179674372E-005
 -3.076405042680975E-006 -1.822013890639886E-007
          10 -3.454485061201919E-006  7.206836935747554E-006
 -5.480222432559934E-006 -8.206678651477912E-006
 -4.381488053498065E-006 -9.638708770298900E-007
          11  4.575791860495722E-006  8.451854807083709E-006
 -8.924315486970146E-006 -2.092120404704516E-007
 -6.589931272318003E-006 -4.795915549244342E-007
          12  1.179616617992029E-005  1.369964893214330E-006
 -4.510513514329220E-006  8.627480962546966E-006
 -8.644687638029736E-006  1.781162621493480E-006
          13  1.015817778545286E-005 -1.125471406327997E-005
  6.430587577547496E-006  1.099920471347836E-005
 -8.851049198836117E-006  5.518058838203906E-006
          14 -3.918565584198008E-006 -1.937848905865973E-005
  1.594975735752838E-005  3.208602679718719E-006
 -6.770291401894661E-006  8.873578151387851E-006
          15 -2.314574458026683E-005 -1.140672707509240E-005
  1.539899901693017E-005 -1.008206737947561E-005
 -3.173617539701327E-006  1.030563054862420E-005
          16 -2.993361788289068E-005  1.410129759808619E-005
  3.589981983053302E-006 -1.732861671798261E-005
 -9.818252567181322E-008  9.455529951500916E-006
          17 -1.015416701962948E-005  4.007281586362021E-005
 -8.965637080625940E-006 -1.056553367961682E-005
  1.542828483061996E-006  8.095084201644229E-006
          18  2.967021061779550E-005  4.076792358794667E-005
 -8.387912455353233E-006  5.589583898558087E-006
  2.178065440954733E-006  6.733252959574783E-006
          19  5.962118071922096E-005  3.528677207277889E-006
  1.067523909955931E-005  1.322271715510783E-005
  2.461039579552315E-006  6.164729595196937E-006
          20  4.596317935277855E-005 -5.085237400510075E-005
  3.179609191003060E-005 -4.689398475656919E-006
  3.422123269267460E-006  5.707458688453003E-006
          21 -1.376283280715293E-005 -7.473278694873452E-005
  2.681035199753613E-005 -4.154602805242214E-005
  4.270611172975127E-006  4.453261914729283E-006
          22 -7.324864894825332E-005 -3.462667278787746E-005
 -1.648943551625101E-005 -6.396384916031150E-005
  4.287767039332085E-006  2.271811380013869E-006
          23 -7.097751030290363E-005  4.337630687862324E-005
 -7.045991851765691E-005 -3.602729720132206E-005
  1.958465454135301E-006  7.296596137172215E-007
          24  2.565094296855443E-006  8.226305125629781E-005
 -7.954332580462766E-005  3.499884316755642E-005
 -8.026768785441775E-007  2.489019806928600E-006
          25  7.318334275493054E-005  3.109432934105682E-005
 -1.888488841654474E-005  8.731000722078075E-005
 -5.480342293139133E-007  6.313275952680636E-006
          26  5.241431049770904E-005 -5.759297949597219E-005
  6.203338848964708E-005  6.106250151167718E-005
  3.693964129785505E-006  8.435404728543817E-006
          27 -4.341833612231192E-005 -6.898608313764487E-005
  7.820482910244464E-005 -2.289921375478294E-005
  8.035492173965955E-006  5.722277859620313E-006
          28 -8.841367390889213E-005  2.594155475838911E-005
  1.203182632501284E-005 -7.187923274420179E-005
  7.953724397466318E-006  8.775437631539382E-007
          29 -4.323416555735478E-006  1.068615804866319E-004
 -5.285819283764560E-005 -3.041400410770783E-005
  4.294356256786737E-006 -9.032345028577954E-007
          30  1.109609188850688E-004  4.823803100906261E-005
 -3.125205569763768E-005  3.878328171520298E-005
  2.100036284555535E-006  1.762143495833613E-006
          31  9.331841629171417E-005 -9.094262322967021E-005
  4.144950597590016E-005  3.110876445605578E-005
  4.577644816758829E-006  4.286243172250512E-006
          32 -5.082027843386714E-005 -1.230100448839673E-004
  4.986207704175592E-005 -4.900263696136978E-005
  8.188736541312883E-006  2.312951265371822E-006
          33 -1.302450469994643E-004  5.416735284005859E-006
 -3.504810647089152E-005 -8.336632255895176E-005
  7.888023006949134E-006 -1.996446076015269E-006
          34 -3.255315435380803E-005  1.211828324564776E-004
 -1.024691898820280E-004 -7.499568253726565E-006
  4.205973933016491E-006 -3.441400207387193E-006
          35  1.061477076849540E-004  6.165889659174940E-005
 -5.377918381479158E-005  8.750488252564383E-005
  2.187989256141680E-006 -9.225410963176232E-007
          36  8.797986558647723E-005 -8.822457168495383E-005
  5.187954156941726E-005  7.653642312780263E-005
  4.184586516593422E-006  1.100794098142688E-006
          37 -6.176945232264674E-005 -1.136343229532711E-004
  7.616485764445972E-005 -2.168038223507642E-005
  6.682539105572371E-006 -7.359499338375757E-007
          38 -1.310456318581091E-004  2.212539638333869E-005
 -4.050695756482408E-006 -7.110134695657706E-005
  5.721994100926750E-006 -3.861405181382134E-006
          39 -2.491128511234270E-005  1.293950212715815E-004
 -6.898983599305276E-005 -1.119954697780962E-005
  2.657506296008289E-006 -4.149400419975708E-006
          40  1.063201672789392E-004  6.491783513291097E-005
 -2.889594087118143E-005  6.361332148967543E-005
  1.656268442780703E-006 -1.724327566629884E-006
          41  8.664216396372780E-005 -7.199598277326846E-005
  5.231917749926074E-005  4.376161665457519E-005
  3.888199810942582E-006 -4.537125905090331E-007
          42 -4.104122469169939E-005 -9.115416688310999E-005
  5.500607404512013E-005 -3.983312914215194E-005
  5.740303983215001E-006 -2.525400778337300E-006
          43 -8.927321233406855E-005  1.997163052923402E-005
 -2.545813033238836E-005 -6.685325620300420E-005
  4.572125468713122E-006 -5.250728372195054E-006
          44  3.490558836071270E-006  9.057718011422480E-005
 -7.639465552211284E-005  2.559065499120352E-006
  1.865523084044063E-006 -5.584267056843588E-006
          45  9.464658221870101E-005  1.788075856134176E-005
 -2.652966476967190E-005  7.321824680106383E-005
  6.982864623277455E-007 -3.551261999684698E-006
          46  4.775286642977626E-005 -9.292052172724130E-005
  5.579839948984620E-005  5.015336903853786E-005
  2.123223129798197E-006 -2.476114435396607E-006
          47 -7.737387147171834E-005 -8.103479021390689E-005
  6.207502108943111E-005 -3.392050420493990E-005
  3.516562769739176E-006 -3.831090937591238E-006
          48 -1.088237961930813E-004  4.650836710441710E-005
 -1.303379108229173E-005 -6.755764723976996E-005
  2.690361303768482E-006 -5.974806280789999E-006
          49  3.767710924558570E-006  1.237725973383325E-004
 -6.837327670723410E-005 -1.040469335656204E-005
  1.986540366956753E-007 -6.380945851584619E-006
          50  1.208640747198288E-004  4.580115871360997E-005
 -3.588670276529195E-005  5.839051990065978E-005
 -9.837500727106786E-007 -4.784692756728217E-006
          51  9.476626485423031E-005 -9.544020162721076E-005
  3.711294585372838E-005  5.232017216645117E-005
 -2.214057399310230E-007 -3.663543475593170E-006
          52 -4.564680045463651E-005 -1.304338452648929E-004
  5.530202713070524E-005 -1.573988275161967E-005
  6.849907190346349E-007 -4.424007182839411E-006
          53 -1.370333102058930E-004 -2.049986870182571E-005
 -1.214517408254590E-006 -5.415561528433300E-005
 -1.496797666849359E-007 -6.109481333049069E-006
          54 -8.209337965788028E-005  1.059595983352372E-004
 -5.576397747558512E-005 -1.513022573194142E-005
 -2.494825750542339E-006 -6.085045181078891E-006
          55  4.618913745626354E-005  1.145378540953649E-004
 -3.942935723483850E-005  4.999633478796624E-005
 -3.869628912987842E-006 -4.190613478709496E-006
          56  1.061217326305071E-004  1.654590845723599E-005
  2.602185190407526E-005  5.971903415960506E-005
 -3.266361310698772E-006 -2.341892156306326E-006
          57  5.540878335092992E-005 -6.729541090226448E-005
  5.907766971988659E-005  5.955449668796250E-006
 -1.744972888503546E-006 -2.064047216878478E-006
          58 -2.344520111029978E-005 -6.050237102172761E-005
  2.549781123777061E-005 -4.140896967968714E-005
 -1.329352518070313E-006 -3.063230622039016E-006
          59 -4.305488788679815E-005 -3.735095076849332E-006
 -2.589031089300965E-005 -2.812507436477623E-005
 -2.073411770137304E-006 -3.667155963601957E-006
          60 -9.605515413217841E-006  2.276473651183063E-005
 -2.869063712322762E-005  2.048194193119143E-005
 -2.741705899112592E-006 -3.278441911159066E-006
          61  1.171203006727184E-005  3.692751864028029E-006
  1.507431037129383E-005  3.638808815546270E-005
 -2.602364643598124E-006 -2.781032642777367E-006
          62 -3.918419516821576E-006 -1.010451107797061E-005
  4.425309348487600E-005 -1.801542354252232E-007
 -2.252737535045480E-006 -3.289351443033848E-006
          63 -1.460012427962000E-005  1.042735530043802E-005
  1.982604288857309E-005 -4.229012830442949E-005
 -2.912891848311794E-006 -4.293218586970579E-006
          64  1.474698578725414E-005  2.658399207883375E-005
 -2.969886862580426E-005 -3.659170932441243E-005
 -4.647643822972286E-006 -4.565589628529824E-006
          65  4.805602087700994E-005 -8.740603895277854E-006
 -4.531745081846033E-005  1.038399266433206E-005
 -6.479432815146724E-006 -3.464475868053812E-006
          66  1.991298551646823E-005 -6.957395480647989E-005
 -1.125683852688306E-005  4.264883108373895E-005
 -7.086040013072580E-006 -1.458300676476929E-006
          67 -6.771592492418042E-005 -7.172944523312855E-005
  2.783003435419660E-005  2.571248693031624E-005
 -6.526866697636290E-006  7.975304227758107E-008
          68 -1.230108098648645E-004  2.189578451389827E-005
  2.475903305552683E-005 -1.176158625159199E-005
 -5.852702884381846E-006  6.274055695044590E-007
          69 -6.188643728274303E-005  1.351036040061586E-004
 -1.001235112241533E-005 -1.702333528666368E-005
 -5.828558038227915E-006  9.694608511138310E-007
          70  8.355232012850102E-005  1.447878390942532E-004
 -2.386553661854397E-005  1.888564909968747E-005
 -5.974102446389560E-006  1.921091727011698E-006
          71  1.778353945857545E-004  1.740884755655726E-005
  1.203724131672505E-005  4.895117813754306E-005
 -5.408264972998937E-006  3.302476574758571E-006
          72  1.193766992080217E-004 -1.376925546442839E-004
  6.391833688586399E-005  2.570780657148387E-005
 -3.797683150480139E-006  4.139407973323065E-006
          73 -4.465214968285182E-005 -1.724109277071352E-004
  7.131187443843268E-005 -3.950191980998040E-005
 -2.189682980300748E-006  3.587644170832324E-006
          74 -1.589198842700777E-004 -5.349026313323607E-005
  1.621433276458186E-005 -8.457617359547094E-005
 -1.750190774618140E-006  2.191124826557428E-006
          75 -1.166975098392116E-004  1.000199079647094E-004
 -5.375114623023347E-005 -6.396494480465419E-005
 -2.689511008062374E-006  1.311125657427471E-006
          76  3.138811317444928E-005  1.362285702876108E-004
 -7.502126219956825E-005  4.136756427288148E-006
 -3.945441666374339E-006  1.965335249420829E-006
          77  1.280451195306724E-004  2.606872939601248E-005
 -3.225924249014804E-005  5.473394395180166E-005
 -4.114511667385290E-006  3.468084673720283E-006
          78  7.372590635787294E-005 -1.072857284279991E-004
  2.556055806288012E-005  4.472708377891969E-005
 -3.082534877900450E-006  4.670281585348786E-006
          79 -7.168818646185790E-005 -1.181645775698062E-004
  4.094347425054584E-005 -4.387815426571067E-006
 -1.659396995795097E-006  4.855095934347982E-006
          80 -1.511968507227342E-004  1.056532730266682E-005
  5.468780902418124E-006 -3.339740454297659E-005
 -8.400620017702109E-007  4.249465617425319E-006
          81 -7.286663088862619E-005  1.493034816477834E-004
 -3.192599596454586E-005 -1.022215661984584E-005
 -6.752726791510074E-007  3.713556751267585E-006
          82  9.463164926554584E-005  1.512401041604478E-004
 -2.236777469823944E-005  3.567792186061256E-005
 -8.044317671273490E-007  3.696478545085770E-006
          83  1.867247611997075E-004  3.489529814680364E-006
  3.000363934433907E-005  4.730121511994550E-005
 -5.476690592462328E-007  4.093479468469992E-006
          84  1.082012965866005E-004 -1.570437621002756E-004
  6.960935594604695E-005  9.464224748194608E-007
  2.771181925069874E-007  4.097112373116719E-006
          85 -7.143218098289171E-005 -1.766162393928911E-004
  4.900406280701337E-005 -6.299263236615896E-005
  9.087838881219009E-007  3.475833707585050E-006
          86 -1.840259620898569E-004 -3.563027813749436E-005
 -1.975453291084841E-005 -8.268843575653373E-005
  7.983400337867067E-007  2.572251039269938E-006
          87 -1.252704992366675E-004  1.330416356890657E-004
 -7.741455329103175E-005 -3.570702969819455E-005
 -6.447296666913999E-008  2.255464929124773E-006
          88  4.599095513044199E-005  1.715755598841498E-004
 -7.201294460341534E-005  3.883428105030005E-005
 -7.153561534666237E-007  3.017931379569947E-006
          89  1.660422939087721E-004  4.853005380902662E-005
 -8.804336798902904E-006  7.714879107001894E-005
 -4.567052803834448E-007  4.154536087403386E-006
          90  1.245146207836839E-004 -1.139690857743930E-004
  5.732427673639544E-005  4.786234690066170E-005
  7.669856285359105E-007  4.795582035440477E-006
          91 -3.133023984001367E-005 -1.620463166286286E-004
  6.963280283026964E-005 -2.074035931530525E-005
  2.087828644994138E-006  4.302144375902510E-006
          92 -1.506671982883278E-004 -5.722150047202121E-005
  2.286584704725189E-005 -6.672680721753831E-005
  2.504489301249641E-006  3.241072420121437E-006
          93 -1.240333111714875E-004  9.481444548381092E-005
 -3.728895625246383E-005 -5.471403619635129E-005
  2.114866647552033E-006  2.447149592988784E-006
          94  1.499486357477443E-005  1.487714626835576E-004
 -5.837745725115918E-005 -2.964054985641109E-006
  1.433297445669040E-006  2.506007375757016E-006
          95  1.277650832802942E-004  6.065608363363024E-005
 -3.003498543786018E-005  3.707265624996201E-005
  1.320967500089191E-006  3.206554870765923E-006
          96  1.098146718438366E-004 -7.449599720352610E-005
  1.149094742823189E-005  3.467176983667830E-005
  1.876731780789186E-006  3.758749713560368E-006
          97 -1.010082962403502E-005 -1.241409171055194E-004
  2.650068317959609E-005  3.440812837452460E-006
  2.807020950458778E-006  3.887163727312216E-006
          98 -1.074323279661285E-004 -4.768593006581097E-005
  8.032505763548342E-006 -1.821128264487444E-005
  3.566615164866960E-006  3.435034683607838E-006
          99 -8.824873203138837E-005  6.847547805952960E-005
 -1.405572625227379E-005 -8.267487760212281E-006
  3.867746097445881E-006  2.950610238506054E-006
         100  1.700625216050147E-005  1.050566832896754E-004
 -8.867505316989280E-006  1.534134573403600E-005
  4.132421883006775E-006  2.733622323419348E-006
         101  9.420984455254794E-005  3.489216893948353E-005
  2.004931282103491E-005  1.609938997517588E-005
  4.685861147813487E-006  2.635944534246410E-006
         102  7.176230625628263E-005 -5.855835877160404E-005
  3.383726254427026E-005 -1.717232136360376E-005
  5.565358983824268E-006  2.056032426981970E-006
         103 -1.184024448073908E-005 -8.092051027653104E-005
  5.718165875710884E-006 -5.018829685157657E-005
  6.041410738658789E-006  8.639844503259097E-007
         104 -6.237317377230287E-005 -2.537817328987229E-005
 -4.357780000008138E-005 -4.179729764770921E-005
  5.800081151514191E-006 -2.870404221662115E-007
         105 -3.842685165195259E-005  3.168448619300794E-005
 -6.456819912733692E-005  9.021413848314324E-006
  5.196023907275328E-006 -8.877727184529820E-007
         106  9.904049885047172E-006  2.948713764344383E-005
 -3.130905849584922E-005  5.657958957602687E-005
  4.908582097696705E-006 -9.627583542993764E-007
         107  1.555040993619372E-005 -7.870077062273701E-006
  2.822190801510721E-005  5.320782040745436E-005
  5.215403704676750E-006 -1.192271346635426E-006
         108 -1.882804134609877E-005 -1.410914004311272E-005
  5.556391043640598E-005  2.221989949528092E-007
  5.502332184281679E-006 -2.167445352147758E-006
         109 -2.955777032680473E-005  2.599592093429835E-005
  2.338255973067638E-005 -4.956721667624487E-005
  4.989675006409878E-006 -3.444757945114373E-006
         110  1.700616964671956E-005  5.206358514858548E-005
 -3.535411028740821E-005 -4.578641802450439E-005
  3.672407287462550E-006 -4.174895720038347E-006
         111  6.766564580608523E-005  8.627171805170819E-006
 -6.034156166751864E-005  6.523761205023236E-006
  2.371874550670477E-006 -3.815339993900761E-006
         112  4.357517858500130E-005 -6.803263280006970E-005
 -2.828899754205266E-005  5.251085208984734E-005
  1.990556248043453E-006 -2.902321124219685E-006
         113 -5.059986386770706E-005 -7.986792549001633E-005
  2.379169910676339E-005  4.673546227477792E-005
  2.517252739145624E-006 -2.371691753664094E-006
         114 -1.100187218580751E-004  1.349096680704473E-005
  3.973193250580787E-005  3.897059639263473E-006
  3.233474710935294E-006 -2.842522843038795E-006
         115 -4.373009569641985E-005  1.222511062544252E-004
  1.253406260721399E-005 -2.168843702142666E-005
  3.136714510614258E-006 -3.891405776570717E-006
         116  1.005428603879775E-004  1.116397676552975E-004
 -1.298229627951015E-005 -5.802911811847791E-006
  2.302168891659240E-006 -4.469395831937435E-006
         117  1.658049187019670E-004 -3.582075795429574E-005
  4.373289881603966E-007  1.976601003821514E-005
  1.543306454951750E-006 -4.335804950040692E-006
         118  5.943650896032197E-005 -1.762614684801605E-004
  3.404499448703572E-005  7.025098310991081E-006
  1.519092573046377E-006 -3.976454002814181E-006
         119 -1.277856639018950E-004 -1.505685519817538E-004
  3.191733338778916E-005 -4.072742609184364E-005
  1.917711741346657E-006 -4.451550927879403E-006
         120 -1.998731024836654E-004  3.428038857368818E-005
 -2.312381634771176E-005 -6.503038005908124E-005
  1.471224977698168E-006 -5.634644980232084E-006
         121 -6.842999447337097E-005  1.904964675772457E-004
 -8.097519485965474E-005 -2.283338778768930E-005
 -7.540818537641034E-008 -6.322553359489906E-006
         122  1.340550063617983E-004  1.466516427724297E-004
 -7.459393427011891E-005  5.631539447779505E-005
 -1.816923144011269E-006 -5.630275022477804E-006
         123  1.877635261005081E-004 -5.577508114637097E-005
 -8.579146051348146E-007  9.450039428613096E-005
 -2.351157899681913E-006 -4.034205311350744E-006
         124  2.681139093031735E-005 -1.966487179326078E-004
  6.973579928205514E-005  5.125128139278410E-005
 -1.549001642377045E-006 -3.056109579607756E-006
         125 -1.771612948364243E-004 -1.101649773294938E-004
  6.511708539513841E-005 -2.811312314519069E-005
 -6.169152708215288E-007 -3.439344803941347E-006
         126 -1.899272914113517E-004  1.218026821919528E-004
 -4.372592048198502E-006 -5.514021335776832E-005
 -7.958075537080755E-007 -4.601701548234228E-006
         127  2.253806830397309E-005  2.447588826649363E-004
 -5.334277360683731E-005 -1.928315380594520E-006
 -2.118698262724752E-006 -5.114809618821782E-006
         128  2.416013096691431E-004  1.074476648034023E-004
 -1.933619588936808E-005  6.598736286109434E-005
 -3.405271413589534E-006 -4.451580431854663E-006
         129  2.264275971703627E-004 -1.618193638710207E-004
  6.540867691883600E-005  6.041027335334435E-005
 -3.778764908997130E-006 -3.214877354999483E-006
         130 -2.328833371366387E-005 -2.843932871422165E-004
  1.025554664567922E-004 -2.759466328671998E-005
 -3.195283039629687E-006 -2.501904417232956E-006
         131 -2.562556474835871E-004 -1.244101510472709E-004
  3.869648979976303E-005 -1.114565380980033E-004
 -2.718655008135422E-006 -2.818476909164906E-006
         132 -2.296476772022651E-004  1.572849478585940E-004
 -7.363775855994621E-005 -1.002913804137944E-004
 -3.152220122485125E-006 -3.445122334085264E-006
         133  2.803309390459996E-005  2.677903961114085E-004
 -1.253058788609350E-004  3.706472284700854E-006
 -4.268226184789251E-006 -3.405196683888615E-006
         134  2.445989577831955E-004  9.458275958040873E-005
 -6.559851469300522E-005  1.017021904173573E-004
 -5.081993104506339E-006 -2.477649075336995E-006
         135  1.922998696120650E-004 -1.765576627598762E-004
  4.425135249032472E-005  1.015024399020270E-004
 -5.055523136795634E-006 -1.449685722677708E-006
         136 -7.350756886972123E-005 -2.563372236633687E-004
  9.371982388073501E-005  1.192937683690090E-005
 -4.647298696147840E-006 -1.069928370647708E-006
         137 -2.712734867279174E-004 -5.679490272789260E-005
  3.970329663055454E-005 -6.500974641452505E-005
 -4.740582750726176E-006 -1.222403232499955E-006
         138 -1.905874479232672E-004  2.166696665399399E-004
 -4.716721072886722E-005 -4.664080701603925E-005
 -5.551345054173435E-006 -9.746327432762291E-007
         139  8.991607217644257E-005  2.827948339766180E-004
 -6.250475521956622E-005  4.136602737998656E-005
 -6.235565215069011E-006  2.668063819892065E-007
         140  2.890541574229802E-004  7.412434743375174E-005
  1.678621168326398E-005  9.398655471798299E-005
 -5.800982760457110E-006  1.957468372757621E-006
         141  2.125159552153059E-004 -1.996513417350915E-004
  1.072163266247805E-004  4.349968770802830E-005
 -4.244144510415350E-006  2.833990832606790E-006
         142 -5.303565406719938E-005 -2.711104905672391E-004
  1.094836331149335E-004 -6.775133601901789E-005
 -2.755720703285035E-006  2.233051413960513E-006
         143 -2.388634941273576E-004 -8.725782913791799E-005
  1.287215492023544E-005 -1.316195283794461E-004
 -2.554315722682517E-006  8.177882729029779E-007
         144 -1.739284668990285E-004  1.495540061914953E-004
 -9.361190948128848E-005 -8.554878240197815E-005
 -3.772633260325752E-006  5.450733811827646E-009
         145  5.045988071848496E-005  2.001076837102272E-004
 -1.121524665055848E-004  2.445015998575507E-005
 -5.261191469684560E-006  6.802764510993559E-007
         146  1.881109187591384E-004  3.198255063361376E-005
 -3.541773200461409E-005  9.304398339989797E-005
 -5.783691562929721E-006  2.312296476706142E-006
         147  9.944990712301150E-005 -1.580383677118472E-004
  5.248067184669391E-005  6.522031722172465E-005
 -5.105387458212083E-006  3.760725121615267E-006
         148 -1.088195870733148E-004 -1.602989148417111E-004
  6.716066602273249E-005 -1.480072006333568E-005
 -3.992682177980679E-006  4.239722246693129E-006
         149 -2.056467750087828E-004  2.872086115267344E-005
  7.268845915940683E-006 -5.630992850175301E-005
 -3.437925458590760E-006  4.034608163434455E-006
         150 -7.893786154704293E-005  2.087604898002309E-004
 -5.005939974128139E-005 -1.796787212639552E-005
 -3.619547437562921E-006  3.989487692528686E-006
         151  1.484198325113504E-004  1.836914727221882E-004
 -3.514211579287280E-005  5.124492112643268E-005
 -3.992359840981512E-006  4.762351381233385E-006
         152  2.424529429062990E-004 -3.261900832608268E-005
  3.989083902291970E-005  6.823041594875893E-005
 -3.619478366075252E-006  6.140095351633692E-006
         153  1.005421849089988E-004 -2.274826675572765E-004
  9.584658950125147E-005  4.956328036188367E-006
 -2.325687895986131E-006  7.175093138709541E-006
         154 -1.430813317092272E-004 -2.045339212571958E-004
  7.019971688476922E-005 -8.252665977117671E-005
 -6.947551840843526E-007  7.354585807869363E-006
         155 -2.485132117366422E-004  1.944039194961637E-005
 -2.169787335211768E-005 -1.110737986690408E-004
  4.329711764185122E-007  6.774886312245916E-006
         156 -1.065997460129939E-004  2.256315599305335E-004
 -9.766028817805256E-005 -4.980133069542496E-005
  8.723574538402716E-007  6.336541595070224E-006
         157  1.460101922574248E-004  2.056238051203854E-004
 -8.987000544246421E-005  4.486961530869354E-005
  1.325713066430470E-006  6.286608281796795E-006
         158  2.568352319798182E-004 -2.728514805976646E-005
 -1.038375900241693E-005  8.958790700270829E-005
  2.050853314327946E-006  6.354815626275852E-006
         159  1.072039655357361E-004 -2.451872070957419E-004
  6.612822235649956E-005  4.906094372141785E-005
  3.092004517801959E-006  6.109526559141230E-006
         160 -1.646812776507934E-004 -2.255145740882635E-004
  7.145928047008476E-005 -3.242948209305543E-005
  4.034310686374743E-006  5.341946364305662E-006
         161 -2.904332359218882E-004  2.731146823500311E-005
  8.218646749676844E-006 -7.652529913493873E-005
  4.497990633912168E-006  4.260811855628750E-006
         162 -1.323318429957364E-004  2.732758673169858E-004
 -5.899634616538033E-005 -4.595597828550096E-005
  4.311107084191838E-006  3.349001624919243E-006
         163  1.698707240343325E-004  2.648295114344454E-004
 -6.630590596047046E-005  2.524088947310711E-005
  3.957547559952048E-006  3.066355765442102E-006
         164  3.243832586165255E-004 -6.462929803036826E-006
 -8.814222925196744E-006  6.695030994232788E-005
  3.994828966416399E-006  3.201233907899115E-006
         165  1.681456372019943E-004 -2.873402407189125E-004
  5.750792093549684E-005  3.669243675939952E-005
  4.609482697300240E-006  3.261698076071259E-006
         166 -1.611416864486020E-004 -2.994315030738101E-004
  6.303636899574612E-005 -3.965624660789255E-005
  5.508093633780613E-006  2.654329020596700E-006
         167 -3.451184940355571E-004 -1.800358268547953E-005
 -4.838207636557591E-006 -8.422054332633961E-005
  5.926109271177233E-006  1.397869030139161E-006
         168 -1.959776489891406E-004  2.889125218535868E-004
 -8.265692329136878E-005 -4.519441676554416E-005
  5.474384319868816E-006  1.262862419834230E-007
         169  1.470897801129757E-004  3.173935752354795E-004
 -8.932526592694792E-005  4.787971451119255E-005
  4.436573535690790E-006 -4.110626932724005E-007
         170  3.450343779437375E-004  3.517802256284988E-005
 -8.874032677139598E-006  1.052078872718324E-004
  3.695670592603958E-006 -2.988501122768686E-008
         171  1.997840545367731E-004 -2.747835324101591E-004
  8.643772960243663E-005  6.570556204546671E-005
  3.842457771547185E-006  5.708544147328043E-007
         172 -1.366901365095008E-004 -2.992976466134023E-004
  1.045490543082702E-004 -3.876664354870901E-005
  4.592308326872267E-006  5.666923279443898E-007
         173 -3.155150123884235E-004 -2.100123831625412E-005
  2.573697959753549E-005 -1.107943864775757E-004
  5.128133324294880E-006 -2.003778353178316E-007
         174 -1.557288389558197E-004  2.607352070620700E-004
 -7.583176901462932E-005 -8.361666262113650E-005
  4.950308835131323E-006 -1.126217292809211E-006
         175  1.619895714554654E-004  2.459270396564832E-004
 -1.055330915506377E-004  1.280752956803458E-005
  4.362861449929376E-006 -1.536130890451125E-006
         176  2.880375057085917E-004 -4.246594710321867E-005
 -4.253240469736740E-005  8.285314929955753E-005
  4.056842870951987E-006 -1.418080626130391E-006
         177  8.419014027200833E-005 -2.823420189276554E-004
  4.109350653558609E-005  6.328222188447741E-005
  4.312613140331197E-006 -1.377628256024175E-006
         178 -2.244573371477131E-004 -2.044989438918761E-004
  5.806162029198201E-005 -1.251160461444490E-005
  4.715317383542999E-006 -1.912359038412986E-006
         179 -2.945460044461233E-004  1.121930041025665E-004
 -5.245718009272458E-007 -5.400356928811866E-005
  4.586286516406627E-006 -2.839343318862424E-006
         180 -3.964221638175516E-005  3.235050044819472E-004
 -5.901083797893401E-005 -1.513231787919414E-005
  3.837162852392572E-006 -3.416469790704959E-006
         181  2.714622615910178E-004  1.937275247041829E-004
 -4.418399726269591E-005  5.629133982774547E-005
  3.148189497866373E-006 -3.242326016576392E-006
         182  3.033263740211596E-004 -1.459719285550284E-004
  3.226492900679409E-005  7.294935903362001E-005
  3.234267463798214E-006 -2.745172044154957E-006
         183  1.766661926786631E-005 -3.351377916605623E-004
  8.460019417210955E-005  7.438166840484613E-006
  4.046256076260659E-006 -2.896596919914169E-006
         184 -2.835071493822832E-004 -1.730128614493507E-004
  4.935474574571055E-005 -7.435626508927668E-005
  4.632873800733470E-006 -4.107748347359311E-006
         185 -2.822287808644392E-004  1.673155248869842E-004
 -4.355260823465913E-005 -8.342355719448608E-005
  4.155069053282334E-006 -5.732366242991398E-006
         186  1.703593212789284E-005  3.248185962226267E-004
 -9.823732572533783E-005 -4.188464914273518E-006
  2.677119187331636E-006 -6.731501267593749E-006
         187  2.948919889496584E-004  1.350012541406129E-004
 -5.513126907282385E-005  8.306309878097209E-005
  1.237056236165057E-006 -6.617541265169310E-006
         188  2.571505032439820E-004 -1.976754970617112E-004
  4.204959398202268E-005  8.759163820668929E-005
  5.844462208278200E-007 -6.127342423265219E-006
         189 -5.216182863259765E-005 -3.198705998511271E-004
  9.194031659968952E-005  4.772313460052493E-006
  4.321894061635581E-007 -6.025533842321820E-006
         190 -3.038440534246678E-004 -1.067309916750405E-004
  4.229827024725531E-005 -7.678250614670622E-005
  1.080781261318625E-007 -6.530578032301268E-006
         191 -2.356950716793005E-004  2.119296805313864E-004
 -5.131167914116144E-005 -7.052992373991839E-005
 -9.108479198093819E-007 -7.032815050490934E-006
         192  7.231583819433369E-005  3.002189938849464E-004
 -8.774300087796272E-005  1.375726014366668E-005
 -2.287107794242524E-006 -6.881457900089044E-006
         193  2.893804869453261E-004  7.377615267859578E-005
 -3.141127729141275E-005  8.162744901528606E-005
 -3.316504030237079E-006 -6.065691095777297E-006
         194  1.911724549963703E-004 -2.164656139411091E-004
  4.927202615318652E-005  6.237332435044615E-005
 -3.602840470906909E-006 -5.231414220377323E-006
         195 -1.056666527732805E-004 -2.609752754642706E-004
  6.418581064990407E-005 -1.404666253517784E-005
 -3.705930492976617E-006 -4.996855062423731E-006
         196 -2.771548754715660E-004 -2.063451731105319E-005
  2.630659685695633E-007 -5.405259935077939E-005
 -4.355287615919742E-006 -5.057481503089776E-006
         197 -1.424965726562169E-004  2.382201201592645E-004
 -6.066708815394489E-005 -4.680011764459659E-006
 -5.589021788957833E-006 -4.561701584115072E-006
         198  1.470851605664685E-004  2.363450291752956E-004
 -3.341583540775718E-005  7.927502908139764E-005
 -6.488616634947128E-006 -3.037046948703676E-006
         199  2.763771724945599E-004 -1.999732881344567E-005
  6.970500222746228E-005  9.332037314059535E-005
 -6.222019766950513E-006 -1.221499459123628E-006
         200  1.093475419243195E-004 -2.484787586611531E-004
  1.438405471721234E-004 -4.271176123154731E-006
 -4.928495255259268E-006 -1.693019480818826E-007
         201 -1.640790698698025E-004 -2.028988132510643E-004
  9.435515844230118E-005 -1.350519022433059E-004
 -3.584879456640042E-006 -4.587848131909555E-007
         202 -2.409937409170307E-004  5.651917008578023E-005
 -5.532996315931856E-005 -1.695186977062378E-004
 -3.297675759852318E-006 -1.608973210108430E-006
         203 -4.204997434029934E-005  2.326426833216329E-004
 -1.747115757452442E-004 -5.965065036856006E-005
 -4.303066499394795E-006 -2.433805508957893E-006
         204  2.002805851484098E-004  1.227286801733940E-004
 -1.520745098596788E-004  1.028454054787174E-004
 -5.785927538053152E-006 -2.080811360443495E-006
         205  1.971336304620463E-004 -1.519956536763660E-004
 -9.906485823066804E-006  1.744846007033057E-004
 -6.680807935639048E-006 -7.569251112512473E-007
         206 -7.073719627591311E-005 -2.697291940436982E-004
  1.192217236977294E-004  1.018530538657492E-004
 -6.650571615102528E-006  6.673682101233270E-007
         207 -3.131407151670620E-004 -6.360790885403115E-005
  1.257172420776072E-004 -2.965754884907929E-005
 -6.181509691299419E-006  1.602564293815401E-006
         208 -2.368294448530947E-004  2.764033203682378E-004
  3.062472967161442E-005 -8.879661082789724E-005
 -5.855247431541272E-006  2.242662420498184E-006
         209  1.268338100266230E-004  3.855907847817830E-004
 -4.645250223783843E-005 -3.624940470358411E-005
 -5.553042604927874E-006  3.083505892245573E-006
         210  4.270176769107888E-004  1.086770479607128E-004
 -2.264282223486237E-005  4.222681403501569E-005
 -4.779032266111449E-006  4.038002888937730E-006
         211  3.423698651556213E-004 -3.147076146217642E-004
  6.061350393402671E-005  3.961791336758110E-005
 -3.404967084417422E-006  4.490809707359092E-006
         212 -7.713139044270661E-005 -4.716732400005028E-004
  8.970124235379124E-005 -5.085677228727764E-005
 -2.069895281104362E-006  3.890801586873774E-006
         213 -4.393162185855668E-004 -1.934694749828800E-004
  9.560942391742880E-006 -1.267625307298594E-004
 -1.772491176623833E-006  2.586880911272133E-006
         214 -3.933784011825064E-004  2.630139180731395E-004
 -1.092530555371604E-004 -9.055197100144180E-005
 -2.801375367725310E-006  1.732194787853532E-006
         215  1.714467720051462E-005  4.603402984570694E-004
 -1.436413140838919E-004  3.920365055744481E-005
 -4.287268608966469E-006  2.347281260768184E-006
         216  3.919243666700886E-004  2.132322778063529E-004
 -4.891689796776081E-005  1.422576967094975E-004
 -4.787062640309166E-006  4.260846665131687E-006
         217  3.690150308642232E-004 -2.273256867413751E-004
  9.041969623899738E-005  1.178719612033005E-004
 -3.662653975981299E-006  6.149922832092670E-006
         218 -1.789189596124225E-005 -4.246690559755322E-004
  1.435076708081836E-004 -1.137151636521232E-005
 -1.561972982005626E-006  6.783544402073694E-006
         219 -3.769886004497657E-004 -1.889276527361371E-004
  6.306616861576131E-005 -1.210122107775129E-004
  1.356577130612617E-007  5.976873889531570E-006
         220 -3.496894868332692E-004  2.369995925971304E-004
 -6.719530584568989E-005 -1.074110584376298E-004
  6.171141946581836E-007  4.718408662591787E-006
         221  3.310773687939708E-005  4.242543695714372E-004
 -1.176113306873794E-004  8.455022398409502E-006
  1.673882778159188E-007  4.058023149726642E-006
         222  3.867566005604196E-004  1.852390832231094E-004
 -4.201083095034404E-005  1.060822357183013E-004
 -2.672897246709589E-007  4.430647069913220E-006
         223  3.568222357984637E-004 -2.417191004479359E-004
  7.869114403620607E-005  8.621689098182180E-005
  1.919107203814948E-007  5.212072760544828E-006
         224 -2.873369775955323E-005 -4.307743051458814E-004
  1.193461141937906E-004 -2.853999052836389E-005
  1.387744378955985E-006  5.381323663340008E-006
         225 -3.868313160404487E-004 -1.914839343708620E-004
  4.029910580546076E-005 -1.204551521408108E-004
  2.432193443172691E-006  4.603346452694379E-006
         226 -3.597891238052344E-004  2.398648715435851E-004
 -7.755474145503860E-005 -9.895110708777842E-005
  2.528957446922095E-006  3.440365668072604E-006
         227  2.904566558972442E-005  4.348937825322587E-004
 -1.176404681286627E-004  1.064784465933268E-005
  1.819848073584833E-006  2.923306442785002E-006
         228  3.978399295788312E-004  1.951546081393308E-004
 -4.582418562059492E-005  9.688135462311268E-005
  1.240965911063321E-006  3.398289390827868E-006
         229  3.779831709312765E-004 -2.514539811051527E-004
  6.035558674163661E-005  7.719315953812459E-005
  1.562992502137409E-006  4.317178280285037E-006
         230 -2.362501423916659E-005 -4.661123927179157E-004
  9.233896366309468E-005 -2.306672799549970E-005
  2.759864745021496E-006  4.695033432147558E-006
         231 -4.213599470704014E-004 -2.283974295199895E-004
  1.830279113481615E-005 -9.773607635636675E-005
  3.990571245714799E-006  4.077024584371647E-006
         232 -4.257353754629049E-004  2.419144461706850E-004
 -8.529831627134272E-005 -6.617145967150882E-005
  4.466372834971678E-006  2.865812790692159E-006
         233 -2.354602038905744E-005  4.952056762157615E-004
 -1.086319228298439E-004  4.606391258158997E-005
  4.030978092700221E-006  1.917520323473040E-006
         234  4.051696061229488E-004  2.858695555590560E-004
 -1.701548592019736E-005  1.278306605781387E-004
  3.345980213013675E-006  1.869285968513982E-006
         235  4.518818178862023E-004 -1.863995079267918E-004
  1.092409248892305E-004  9.025834054847831E-005
  3.266520223928043E-006  2.476147054694269E-006
         236  7.926149056232068E-005 -4.680149135131834E-004
  1.497956050869863E-004 -4.480369651429135E-005
  4.067004922456193E-006  2.969147666483808E-006
         237 -3.434797511031854E-004 -2.982914539866973E-004
  5.566344911333575E-005 -1.612301997119216E-004
  5.314792022281465E-006  2.644478011945903E-006
         238 -4.088885730721927E-004  1.386494925494307E-004
 -1.001456862659801E-004 -1.507763818812970E-004
  6.157533655882241E-006  1.499933652976298E-006
         239 -7.178393699137891E-005  4.017957296217341E-004
 -1.842409354502767E-004 -1.535717218424017E-005
  6.207016743625416E-006  2.094904009262482E-007
         240  3.085362543434059E-004  2.354307059111232E-004
 -1.239703533387084E-004  1.317797866967223E-004
  5.800595263974830E-006 -6.425853209898917E-007
         241  3.356232356695668E-004 -1.704616029181897E-004
  2.650824962297447E-005  1.674456102344152E-004
  5.505785188044011E-006 -1.078437356286520E-006
         242 -1.339895142693194E-005 -3.772277056342566E-004
  1.355913626385244E-004  7.007776248394878E-005
  5.501659876476176E-006 -1.565248245236252E-006
         243 -3.614601367357915E-004 -1.539843047733044E-004
  1.171515502564514E-004 -6.282222736566209E-005
  5.392128594863020E-006 -2.397820713561775E-006
         244 -3.196251931024777E-004  2.739198856765010E-004
  8.290536767594752E-006 -1.122750634675755E-004
  4.768794838171389E-006 -3.237484223984174E-006
         245  9.904628592808310E-005  4.464026040746833E-004
 -7.654766365137334E-005 -5.192656927834674E-005
  3.842575772507338E-006 -3.526358522766049E-006
         246  4.739994160039796E-004  1.482722012015207E-004
 -6.306297812722899E-005  3.736054195831887E-005
  3.300063090970499E-006 -3.233237481050305E-006
         247  4.015363955297326E-004 -3.519679460616249E-004
  1.558661931276842E-005  5.674293548451654E-005
  3.489235446307675E-006 -3.054125650237013E-006
         248 -8.520576632114828E-005 -5.579248120762245E-004
  5.907614614512513E-005 -9.519488073904424E-006
  3.911874063396337E-006 -3.646010571230789E-006
         249 -5.306546498074550E-004 -2.440853363162565E-004
  8.149113424544391E-006 -7.916037712093728E-005
  3.713506544054395E-006 -4.934304673645869E-006
         250 -5.039893969405591E-004  3.074888527233487E-004
 -8.928423824267719E-005 -5.974641697674009E-005
  2.425225090564211E-006 -6.096559715811488E-006
         251 -2.789607868822069E-005  5.813694045779130E-004
 -1.248327564933858E-004  4.939351574077543E-005
  4.906389857545484E-007 -6.248189911873998E-006
         252  4.480090759039210E-004  3.344130349282134E-004
 -4.195756016666023E-005  1.487869226184315E-004
 -1.131366671911920E-006 -5.148521844870674E-006
         253  4.915004054916066E-004 -1.771543805404669E-004
  9.712460275937061E-005  1.335296480648781E-004
 -1.536702424903698E-006 -3.417195057573643E-006
         254  1.034157749769956E-004 -4.636303188779229E-004
  1.654002411413252E-004  6.297627094063242E-006
 -7.193465214772596E-007 -2.219059100666394E-006
         255 -3.068824073316774E-004 -2.889172851572269E-004
  1.003840691556791E-004 -1.208192399893191E-004
  4.334967615811717E-007 -2.175745162107302E-006
         256 -3.495731430608737E-004  1.170140968380493E-004
 -3.370337723896819E-005 -1.372938143115102E-004
  9.904624170723104E-007 -2.999610260739230E-006
