   5120.00000000000     
         256           1           3
  8.994473019507991E-004   41.0470265037292        117.351448583958     
   18.8300000000000        145.590000000000        6160.02000000000     
           0  0.000000000000000E+000  0.000000000000000E+000
  0.000000000000000E+000  0.000000000000000E+000
  0.000000000000000E+000  0.000000000000000E+000
           1  0.000000000000000E+000  0.000000000000000E+000
  1.424174008335058E-010  3.761316385303910E-010
 -2.194727131426474E-008  5.056178001767683E-011
           2  0.000000000000000E+000  0.000000000000000E+000
 -1.687584237684710E-011  1.259683849702033E-009
 -2.411602393803702E-008 -9.542193918256232E-010
           3  0.000000000000000E+000  0.000000000000000E+000
  1.154986594323880E-010  2.581380575252044E-009
 -2.903111408376764E-008  2.641656903368984E-010
           4  0.000000000000000E+000  0.000000000000000E+000
  1.205729479195418E-009  4.267148635084252E-009
 -3.572973652080646E-008  7.145492877652226E-009
           5  0.000000000000000E+000  0.000000000000000E+000
  3.885613091008007E-009  5.476891942568865E-009
 -3.781376646952809E-008  2.254995701916485E-008
           6  0.000000000000000E+000  0.000000000000000E+000
  7.772025704995051E-009  4.313561823879979E-009
 -2.532639198596474E-008  4.089520126401080E-008
           7  0.000000000000000E+000  0.000000000000000E+000
  9.735577071747259E-009  6.292256121101185E-010
  2.881076562392199E-009  4.826014766193001E-008
           8  0.000000000000000E+000  0.000000000000000E+000
  9.460280166161514E-009 -3.752467343467112E-009
  3.728065847168954E-008  2.649926991441006E-008
           9  0.000000000000000E+000  0.000000000000000E+000
  5.886587667807117E-009 -7.213082415758323E-009
  4.178161921491665E-008 -2.685460943248741E-008
          10  0.000000000000000E+000  0.000000000000000E+000
  1.036288984398469E-009 -6.824645923128191E-009
 -1.031382292607729E-008 -7.116939001067691E-008
          11  0.000000000000000E+000  0.000000000000000E+000
 -1.692410896847850E-009 -4.266103851465023E-009
 -9.547460777244273E-008 -5.077130645370803E-008
          12  0.000000000000000E+000  0.000000000000000E+000
 -3.711620178933746E-009  1.900969751616017E-009
 -1.354789753085818E-007  6.096866616085667E-008
          13  0.000000000000000E+000  0.000000000000000E+000
  3.550210893056363E-009  7.168113768306030E-009
 -4.065705295992624E-008  1.674766412358779E-007
          14  0.000000000000000E+000  0.000000000000000E+000
  1.196300999777725E-008  2.777311726375398E-009
  1.167147242971331E-007  1.411340734575811E-007
          15  0.000000000000000E+000  0.000000000000000E+000
  1.324967302364444E-008 -6.799612543235394E-009
  1.897864748443598E-007 -2.184227584383933E-008
          16  0.000000000000000E+000  0.000000000000000E+000
  6.775053645698127E-009 -1.507795997791419E-008
  8.073260534875413E-008 -1.918358775789288E-007
          17  0.000000000000000E+000  0.000000000000000E+000
 -8.007358207112688E-009 -1.362335796373794E-008
 -1.470898957594374E-007 -1.812973454197626E-007
          18  0.000000000000000E+000  0.000000000000000E+000
 -1.101719821643612E-008  1.111354946550760E-009
 -2.553505626210394E-007  2.427494347808071E-008
          19  0.000000000000000E+000  0.000000000000000E+000
 -1.027247511517492E-009  9.450557284346361E-009
 -1.465438448956955E-007  2.367603795307532E-007
          20  0.000000000000000E+000  0.000000000000000E+000
  1.055436538613311E-008  6.177547907471415E-009
  1.050716173744958E-007  2.714412846741329E-007
          21  0.000000000000000E+000  0.000000000000000E+000
  1.527979187505695E-008 -4.945691570501141E-009
  2.858153985693710E-007  7.063856266169917E-008
          22  0.000000000000000E+000  0.000000000000000E+000
  7.671158763765602E-009 -1.846942576943167E-008
  2.066334933177445E-007 -2.042541413126504E-007
          23  0.000000000000000E+000  0.000000000000000E+000
 -9.688459688137732E-009 -1.314639744270493E-008
 -5.410100160671521E-008 -2.747729447435542E-007
          24  0.000000000000000E+000  0.000000000000000E+000
 -9.656543425819316E-009  7.481154583254380E-010
 -2.679237696638215E-007 -1.272598919868841E-007
          25  0.000000000000000E+000  0.000000000000000E+000
 -1.234066711261192E-010  6.431727244808657E-009
 -2.867638782532502E-007  1.502076293931982E-007
          26  0.000000000000000E+000  0.000000000000000E+000
  9.588783948861881E-009  2.092084111484681E-009
 -5.929519458218100E-008  3.385045638119640E-007
          27  0.000000000000000E+000  0.000000000000000E+000
  1.184933086944243E-008 -1.116108600062114E-008
  2.285299394630009E-007  2.568623206227644E-007
          28  0.000000000000000E+000  0.000000000000000E+000
 -5.363579484620461E-009 -1.653519884966567E-008
  3.422807645793960E-007 -2.731655267263667E-009
          29  0.000000000000000E+000  0.000000000000000E+000
 -9.962991213891840E-009 -3.748594863935179E-009
  2.105668765864933E-007 -3.012274402533407E-007
          30  0.000000000000000E+000  0.000000000000000E+000
 -4.315511946500332E-009  2.610348821938266E-009
 -1.584697931233979E-007 -3.521708124723323E-007
          31  0.000000000000000E+000  0.000000000000000E+000
  2.857816351678980E-009  2.642937329398008E-009
 -4.008844402693920E-007 -4.978413778287539E-008
          32  0.000000000000000E+000  0.000000000000000E+000
  8.390263972557723E-009 -4.237423467235512E-009
 -2.776020486411142E-007  3.171329984630160E-007
          33  0.000000000000000E+000  0.000000000000000E+000
  2.192363216948667E-010 -1.502332880725250E-008
  9.262972464458884E-008  4.349222394199465E-007
          34  0.000000000000000E+000  0.000000000000000E+000
 -8.671675220248507E-009 -7.389792399246357E-009
  4.329644696444994E-007  1.652566487565111E-007
          35  0.000000000000000E+000  0.000000000000000E+000
 -7.489192545517554E-009 -1.712050583837017E-009
  3.476263140966101E-007 -2.715547772872135E-007
          36  0.000000000000000E+000  0.000000000000000E+000
 -4.835150297161513E-009  1.959922966626594E-009
 -4.774321996391105E-008 -4.071311734158952E-007
          37  0.000000000000000E+000  0.000000000000000E+000
  1.059337400945276E-009  3.247248823280494E-009
 -3.539469785369044E-007 -1.634642437091534E-007
          38  0.000000000000000E+000  0.000000000000000E+000
  6.577661758744029E-009 -3.798165992100768E-009
 -3.254061077357410E-007  2.081052206584572E-007
          39  0.000000000000000E+000  0.000000000000000E+000
 -1.299380169995550E-009 -9.127636977672350E-009
  9.829826069957290E-009  3.960462339009595E-007
          40  0.000000000000000E+000  0.000000000000000E+000
 -3.178211622526849E-009 -7.014354944340160E-009
  3.199685618543752E-007  1.757670797330898E-007
          41  0.000000000000000E+000  0.000000000000000E+000
 -6.632951124017463E-009 -6.984144592668131E-009
  2.751425731664020E-007 -1.466907892216946E-007
          42  0.000000000000000E+000  0.000000000000000E+000
 -9.459050461277662E-009 -1.705265684168970E-009
  2.324116626547465E-008 -2.611430452733885E-007
          43  0.000000000000000E+000  0.000000000000000E+000
 -4.889109419499558E-009  3.346018833545048E-009
 -1.890134731299661E-007 -1.322083486955306E-007
          44  0.000000000000000E+000  0.000000000000000E+000
 -1.790490821156540E-009  1.115823973855601E-009
 -1.889524506724231E-007  1.088168656220947E-007
          45  0.000000000000000E+000  0.000000000000000E+000
  2.957308772599382E-009  1.117709446986914E-009
  9.238503395025263E-009  1.878941935587088E-007
          46  0.000000000000000E+000  0.000000000000000E+000
  3.713920002574298E-009 -8.036839421324352E-009
  1.297363771141685E-007  9.577912153028683E-008
          47  0.000000000000000E+000  0.000000000000000E+000
 -5.677350594439609E-009 -1.186230646431709E-008
  1.429554650938926E-007 -3.250512075224583E-008
          48  0.000000000000000E+000  0.000000000000000E+000
 -1.306407877505258E-008 -5.441441990259052E-009
  4.509838167948833E-008 -1.218475268164312E-007
          49  0.000000000000000E+000  0.000000000000000E+000
 -1.258438236637241E-008  2.751806286609687E-009
 -8.385637654333727E-008 -7.515282441471662E-008
          50  0.000000000000000E+000  0.000000000000000E+000
 -5.593679638075564E-009  9.519452779393973E-009
 -9.087728521577647E-008  5.375235812084330E-008
          51  0.000000000000000E+000  0.000000000000000E+000
  4.423630257091620E-009  5.139442669189546E-009
  1.039550994533323E-008  1.235232002812640E-007
          52  0.000000000000000E+000  0.000000000000000E+000
  4.646247174620051E-009 -4.936229832930662E-009
  1.353682293458170E-007  6.232361025529894E-008
          53  0.000000000000000E+000  0.000000000000000E+000
 -3.391027643560215E-009 -9.696984687554666E-009
  1.325315358265299E-007 -9.382547133238815E-008
          54  0.000000000000000E+000  0.000000000000000E+000
 -1.124623497893125E-008 -5.649471161984189E-009
 -2.251485847912081E-008 -1.624237130275893E-007
          55  0.000000000000000E+000  0.000000000000000E+000
 -1.223988831568611E-008  2.454638664660812E-009
 -1.623250198685948E-007 -4.588231242990090E-008
          56  0.000000000000000E+000  0.000000000000000E+000
 -6.749358727706854E-009  8.022742018002528E-009
 -1.192050363048322E-007  1.511512834562023E-007
          57  0.000000000000000E+000  0.000000000000000E+000
  9.688128766984017E-010  6.140532361294789E-009
  9.736380051440749E-008  2.030542613582428E-007
          58  0.000000000000000E+000  0.000000000000000E+000
  2.546814624548417E-009 -1.287220033519827E-009
  2.486895378340704E-007  2.231330436877580E-008
          59  0.000000000000000E+000  0.000000000000000E+000
 -3.357131670119918E-009 -5.681785159356674E-009
  1.583630800077613E-007 -2.031458334014930E-007
          60  0.000000000000000E+000  0.000000000000000E+000
 -9.618059761850193E-009 -1.744283971029814E-009
 -8.621162499091461E-008 -2.412758440705443E-007
          61  0.000000000000000E+000  0.000000000000000E+000
 -8.548585749605444E-009  3.244779230526215E-009
 -2.643765262412316E-007 -3.846374502944014E-008
          62  0.000000000000000E+000  0.000000000000000E+000
 -5.412130782760381E-009  7.348933536482155E-009
 -1.352918530581748E-007  2.350768207786957E-007
          63  0.000000000000000E+000  0.000000000000000E+000
  9.869862038054423E-010  4.958035271482852E-009
  1.460812817623561E-007  2.207959258382974E-007
          64  0.000000000000000E+000  0.000000000000000E+000
 -2.010232026869586E-010 -1.707759307320610E-009
  2.606739359316521E-007  3.828716241806294E-009
          65  0.000000000000000E+000  0.000000000000000E+000
 -7.129032969330437E-009 -1.415511533885437E-009
  1.653635854963936E-007 -2.030521808251559E-007
          66  0.000000000000000E+000  0.000000000000000E+000
 -6.291605719227450E-009  3.574101928420351E-009
 -7.963491841860972E-008 -2.568916923917637E-007
          67  0.000000000000000E+000  0.000000000000000E+000
 -7.033989795514783E-009  6.607161421919424E-009
 -2.198867792209469E-007 -3.652554341715378E-008
          68  0.000000000000000E+000  0.000000000000000E+000
 -8.221884100600299E-011  8.638421116349104E-009
 -1.391719169968541E-007  1.208260884089896E-007
          69  0.000000000000000E+000  0.000000000000000E+000
  2.593813098532526E-009  2.276757344534334E-009
  1.768755418292141E-009  2.124365034947189E-007
          70  0.000000000000000E+000  0.000000000000000E+000
 -2.316119311422799E-009 -1.071397464852295E-009
  2.276280880427938E-007  1.477832125523436E-007
          71  0.000000000000000E+000  0.000000000000000E+000
 -4.186347151342651E-009  3.244469158655074E-009
  2.895027864939137E-007 -1.509607708022954E-007
          72  0.000000000000000E+000  0.000000000000000E+000
 -5.476773000150314E-009  1.189270319972276E-009
  1.630610215912649E-008 -3.141219122926460E-007
          73  0.000000000000000E+000  0.000000000000000E+000
 -5.554504898245749E-009  7.453639370056170E-009
 -2.312994686590635E-007 -2.285489104442995E-007
          74  0.000000000000000E+000  0.000000000000000E+000
 -9.158778324164271E-010  7.244463169602298E-009
 -3.766800489860198E-007  9.020007559156746E-008
          75  0.000000000000000E+000  0.000000000000000E+000
 -4.511732476876507E-010  5.404558334442021E-009
 -8.824027822406248E-008  4.397103164331814E-007
          76  0.000000000000000E+000  0.000000000000000E+000
 -4.798725992597142E-010  6.644519568354814E-009
  4.113050269598322E-007  2.934114806104039E-007
          77  0.000000000000000E+000  0.000000000000000E+000
  5.688260631253256E-009  2.880363505050783E-009
  4.631419548447388E-007 -2.482345619335162E-007
          78  0.000000000000000E+000  0.000000000000000E+000
 -2.075557753784490E-009 -1.037706586415965E-009
  8.581458525696532E-008 -5.405550914453617E-007
          79  0.000000000000000E+000  0.000000000000000E+000
 -4.601257275612137E-009  1.476466468940902E-009
 -4.809165865818007E-007 -4.176922574279386E-007
          80  0.000000000000000E+000  0.000000000000000E+000
 -7.803027996757900E-009  5.861280800707792E-009
 -6.218457116929496E-007  2.704510073177370E-007
          81  0.000000000000000E+000  0.000000000000000E+000
 -4.608799458321123E-009  1.438175681114726E-008
 -1.153235069710274E-008  6.753551411252582E-007
          82  0.000000000000000E+000  0.000000000000000E+000
  1.041118261236932E-008  1.551970419524877E-008
  5.704030398594114E-007  3.003141679208549E-007
          83  0.000000000000000E+000  0.000000000000000E+000
  1.150681730433049E-008  2.956396879937256E-010
  5.796831834437338E-007 -2.950629855735752E-007
          84  0.000000000000000E+000  0.000000000000000E+000
  4.764971274266681E-009 -5.958602073769539E-009
  4.160721665860732E-008 -7.049593204660619E-007
          85  0.000000000000000E+000  0.000000000000000E+000
 -6.841934289554878E-009 -4.507487998631270E-009
 -5.701379824189106E-007 -3.568327455432166E-007
          86  0.000000000000000E+000  0.000000000000000E+000
 -1.041799057304797E-008  8.018152669833132E-009
 -5.292885766666495E-007  2.576407624628431E-007
          87  0.000000000000000E+000  0.000000000000000E+000
  1.620484140764341E-010  1.800249716004754E-008
 -8.577379895442314E-008  5.004887592923383E-007
          88  0.000000000000000E+000  0.000000000000000E+000
  1.307305668791150E-008  8.741907333227483E-009
  3.076459302012987E-007  3.720872791289443E-007
          89  0.000000000000000E+000  0.000000000000000E+000
  1.127245986956637E-008 -5.504220784155104E-010
  5.106370369221543E-007 -6.055591597494461E-008
          90  0.000000000000000E+000  0.000000000000000E+000
  3.508142867117429E-009 -6.606783367948371E-009
  2.125022446930321E-007 -4.321505951488859E-007
          91  0.000000000000000E+000  0.000000000000000E+000
 -5.696196934638100E-009 -1.663141460791423E-009
 -1.721130358329330E-007 -4.061180550460064E-007
          92  0.000000000000000E+000  0.000000000000000E+000
 -5.214613115354872E-009  8.145615725889415E-009
 -4.013155113785542E-007 -1.560612375111427E-007
          93  0.000000000000000E+000  0.000000000000000E+000
  4.826299680795388E-009  1.269326025041249E-008
 -3.958774771027164E-007  1.955990202568319E-007
          94  0.000000000000000E+000  0.000000000000000E+000
  9.821641641783391E-009  4.158302031880335E-009
 -6.534420866470096E-008  4.627836410731273E-007
          95  0.000000000000000E+000  0.000000000000000E+000
  8.028693306712134E-009 -1.606423144374899E-009
  3.283090250945019E-007  2.738150090959014E-007
          96  0.000000000000000E+000  0.000000000000000E+000
  7.304286218942853E-010 -3.701782729561766E-009
  4.046130344531359E-007 -7.706036819511310E-008
          97  0.000000000000000E+000  0.000000000000000E+000
 -3.569114189025499E-009  2.801306056862232E-009
  2.098571880005269E-007 -3.936527103733259E-007
          98  0.000000000000000E+000  0.000000000000000E+000
  6.998142836186733E-010  9.689494991066003E-009
 -2.099865215692582E-007 -4.294850272909966E-007
          99  0.000000000000000E+000  0.000000000000000E+000
  9.398250357429768E-009  6.834073642503008E-009
 -4.726473750603364E-007 -5.677586413363862E-008
         100  0.000000000000000E+000  0.000000000000000E+000
  1.006723831923166E-008  9.643095045123699E-010
 -2.727262815628002E-007  3.016688500965568E-007
         101  0.000000000000000E+000  0.000000000000000E+000
  6.080123799470162E-009 -4.013853980715048E-009
  6.151749170976431E-008  3.596130175932407E-007
         102  0.000000000000000E+000  0.000000000000000E+000
  2.267638207044173E-010 -2.046945522243029E-009
  3.006441940375984E-007  1.232318730108624E-007
         103  0.000000000000000E+000  0.000000000000000E+000
 -3.851428008143802E-010  3.324891494114024E-009
  2.142641293293989E-007 -1.582821962457815E-007
         104  0.000000000000000E+000  0.000000000000000E+000
  4.211317009277480E-009  5.913211092568487E-009
  7.294178958097393E-009 -2.024355185877435E-007
         105  0.000000000000000E+000  0.000000000000000E+000
  7.657204940223185E-009  4.510019738116072E-009
 -7.868902421248817E-008 -1.382446202688723E-007
         106  0.000000000000000E+000  0.000000000000000E+000
  9.956007583849387E-009  5.434825602990533E-010
 -1.404984195487031E-007 -9.628542840539082E-008
         107  0.000000000000000E+000  0.000000000000000E+000
  7.874768074390870E-009 -3.639630259136868E-009
 -2.076924567190085E-007 -9.321412062617850E-009
         108  0.000000000000000E+000  0.000000000000000E+000
  3.901788758868397E-009 -4.459480465937260E-009
 -2.018229157082088E-007  1.660477624447815E-007
         109  0.000000000000000E+000  0.000000000000000E+000
  9.528777833972721E-010 -2.300253544898028E-009
  1.702305854295280E-009  3.085644072580446E-007
         110  0.000000000000000E+000  0.000000000000000E+000
  1.015929564921914E-009  1.540772438956367E-009
  2.841763836885911E-007  1.881300414940847E-007
         111  0.000000000000000E+000  0.000000000000000E+000
  4.236873337190157E-009  3.940408640934378E-009
  3.482417819485452E-007 -1.444934013944674E-007
         112  0.000000000000000E+000  0.000000000000000E+000
  8.798080475553457E-009  2.173110345084449E-009
  7.582374632621287E-008 -4.298718288903546E-007
         113  0.000000000000000E+000  0.000000000000000E+000
  9.610078816325179E-009 -2.360756366722556E-009
 -3.614192552163635E-007 -3.251473246656518E-007
         114  0.000000000000000E+000  0.000000000000000E+000
  7.659874143972089E-009 -5.642548383331486E-009
 -4.905438427357073E-007  1.262955841311167E-007
         115  0.000000000000000E+000  0.000000000000000E+000
  3.035190144465248E-009 -7.133034538221504E-009
 -1.714959686514834E-007  4.678752708609192E-007
         116  0.000000000000000E+000  0.000000000000000E+000
  1.213006630352650E-010 -3.858883542406915E-009
  2.549984607289146E-007  3.976179808394727E-007
         117  0.000000000000000E+000  0.000000000000000E+000
  1.226447397376120E-009  7.445598874667530E-010
  4.924967793802294E-007  1.760203058552815E-009
         118  0.000000000000000E+000  0.000000000000000E+000
  5.420003749755080E-009  8.851172765708486E-010
  2.236632815509944E-007 -4.282339439789091E-007
         119  0.000000000000000E+000  0.000000000000000E+000
  8.246416018602093E-009 -1.095859171214860E-009
 -2.290736011916972E-007 -3.950561482173210E-007
         120  0.000000000000000E+000  0.000000000000000E+000
  8.804915695781594E-009 -7.087805348476396E-009
 -4.504301211498575E-007 -6.677706820195460E-008
         121  0.000000000000000E+000  0.000000000000000E+000
  3.560485868148390E-009 -9.103209975050724E-009
 -3.805118073488307E-007  3.190030533024384E-007
         122  0.000000000000000E+000  0.000000000000000E+000
 -9.324938787218795E-010 -6.075222769264107E-009
  8.903363966800334E-008  5.550983245946033E-007
         123  0.000000000000000E+000  0.000000000000000E+000
  2.028927025265495E-010 -2.852365063005657E-009
  4.984901821291759E-007  1.843543150718117E-007
         124  0.000000000000000E+000  0.000000000000000E+000
  2.281336764648207E-009 -6.567760422946739E-010
  4.282245771605491E-007 -3.134584423611762E-007
         125  0.000000000000000E+000  0.000000000000000E+000
  7.466327910088330E-009 -3.433502473774983E-009
 -6.927654500323139E-008 -5.931832525030146E-007
         126  0.000000000000000E+000  0.000000000000000E+000
  3.660593592782747E-009 -8.668802338859153E-009
 -6.447277201891630E-007 -2.381755355610992E-007
         127  0.000000000000000E+000  0.000000000000000E+000
 -1.206475722082258E-009 -7.520126942952271E-009
 -5.360809297551412E-007  5.704078188485594E-007
         128  0.000000000000000E+000  0.000000000000000E+000
 -2.285889057696668E-010 -3.129774727123318E-009
  2.902881141909492E-007  6.941311252533849E-007
         129  0.000000000000000E+000  0.000000000000000E+000
  1.545709600485352E-009 -2.791170759421396E-009
  7.192141412466092E-007  9.049971188975884E-008
         130  0.000000000000000E+000  0.000000000000000E+000
  5.305634369812181E-009 -3.289293702488171E-009
  4.313179797915090E-007 -6.329802129968693E-007
         131  0.000000000000000E+000  0.000000000000000E+000
  4.612865678051987E-009 -1.131190327527533E-008
 -4.482974989198364E-007 -6.984915228520493E-007
         132  0.000000000000000E+000  0.000000000000000E+000
 -3.372140891026221E-009 -1.060840169435485E-008
 -8.999131838483435E-007  1.593143854712823E-007
         133  0.000000000000000E+000  0.000000000000000E+000
 -5.104383431896792E-009 -3.424295449757491E-009
 -1.748820455007570E-007  8.930862796949958E-007
         134  0.000000000000000E+000  0.000000000000000E+000
 -5.251930064927674E-010 -2.053186029232000E-009
  6.525661050299906E-007  5.426990853481830E-007
         135  0.000000000000000E+000  0.000000000000000E+000
  2.642951464199444E-009 -2.623767987461313E-009
  8.030404285755423E-007 -3.233266114678374E-007
         136  0.000000000000000E+000  0.000000000000000E+000
  4.661446593713056E-009 -9.928104493804124E-009
  3.297342583258023E-009 -8.937178634111694E-007
         137  0.000000000000000E+000  0.000000000000000E+000
 -4.557133201279928E-009 -1.193178311667610E-008
 -8.543661155960493E-007 -3.132994262102917E-007
         138  0.000000000000000E+000  0.000000000000000E+000
 -7.959346072354227E-009 -4.565888706797345E-009
 -5.408660723442066E-007  6.678875932181318E-007
         139  0.000000000000000E+000  0.000000000000000E+000
 -3.062045092065784E-009 -2.287206294582365E-009
  3.064540595444603E-007  7.080070918333371E-007
         140  0.000000000000000E+000  0.000000000000000E+000
 -1.476901715538626E-009 -3.398602546297998E-009
  7.513885993693127E-007  6.244126292986711E-008
         141  0.000000000000000E+000  0.000000000000000E+000
 -3.267055509973917E-010 -6.816327361579448E-009
  3.242985848692032E-007 -6.423828632884207E-007
         142  0.000000000000000E+000  0.000000000000000E+000
 -7.236844558279473E-009 -8.411033866961459E-009
 -4.568892699546927E-007 -4.775959031046496E-007
         143  0.000000000000000E+000  0.000000000000000E+000
 -9.014729094927139E-009 -9.114689576787134E-010
 -5.575883966990236E-007  2.642203201577000E-007
         144  0.000000000000000E+000  0.000000000000000E+000
 -1.485665098802605E-009  2.114046692574284E-009
 -5.345773948986039E-009  5.496261076902164E-007
         145  0.000000000000000E+000  0.000000000000000E+000
  1.484007786092315E-009 -3.826173789396925E-009
  4.627939042545627E-007  3.026202672433850E-007
         146  0.000000000000000E+000  0.000000000000000E+000
 -1.290604771473614E-009 -7.855628979392054E-009
  5.054074593794960E-007 -2.844216527847627E-007
         147  0.000000000000000E+000  0.000000000000000E+000
 -6.698599386362429E-009 -9.461998441489691E-009
 -6.022011296208869E-008 -5.783057980049203E-007
         148  0.000000000000000E+000  0.000000000000000E+000
 -1.283794163210740E-008 -3.112593009384281E-009
 -5.558737214151232E-007 -1.810647367903524E-007
         149  0.000000000000000E+000  0.000000000000000E+000
 -8.477609331078386E-009  5.443345343131647E-009
 -4.092747299737402E-007  4.306319482954968E-007
         150  0.000000000000000E+000  0.000000000000000E+000
  1.060984973482498E-009  3.958246700811095E-009
  1.410061428127108E-007  5.978163082510937E-007
         151  0.000000000000000E+000  0.000000000000000E+000
  2.753504376795796E-009 -3.655937869657090E-009
  6.429562787006365E-007  2.334185386612578E-007
         152  0.000000000000000E+000  0.000000000000000E+000
 -1.450563982711694E-009 -9.044378136899316E-009
  5.552545947346025E-007 -4.680231678996645E-007
         153  0.000000000000000E+000  0.000000000000000E+000
 -9.857802786474874E-009 -9.254576321630043E-009
 -1.298863670473731E-007 -7.162833984935424E-007
         154  0.000000000000000E+000  0.000000000000000E+000
 -1.389716042377310E-008 -6.291408108974880E-010
 -6.843093944068532E-007 -2.550443973944110E-007
         155  0.000000000000000E+000  0.000000000000000E+000
 -7.979704852551518E-009  6.005107915268031E-009
 -6.086121298772883E-007  4.539429775550396E-007
         156  0.000000000000000E+000  0.000000000000000E+000
 -1.470725112551691E-009  3.707291179556645E-009
  6.275715466542572E-008  8.259739618919356E-007
         157  0.000000000000000E+000  0.000000000000000E+000
 -3.692407648944826E-010 -1.523688036574279E-009
  7.718514681064031E-007  4.099641141533972E-007
         158  0.000000000000000E+000  0.000000000000000E+000
 -4.178354232062016E-009 -5.055015388040220E-009
  7.800473324172398E-007 -4.268618335853877E-007
         159  0.000000000000000E+000  0.000000000000000E+000
 -9.123360744711070E-009 -3.161358795504869E-009
  6.204208061023544E-008 -8.820492781082466E-007
         160  0.000000000000000E+000  0.000000000000000E+000
 -9.693006867489299E-009  1.930962227070715E-009
 -7.019902925947047E-007 -4.921933725493419E-007
         161  0.000000000000000E+000  0.000000000000000E+000
 -5.944484438929891E-009  3.834495659127756E-009
 -7.485100232370636E-007  3.311519732763780E-007
         162  0.000000000000000E+000  0.000000000000000E+000
 -4.220055412090513E-009  2.053025875375017E-009
 -1.142191030873445E-007  7.827251436277495E-007
         163  0.000000000000000E+000  0.000000000000000E+000
 -4.938607139008498E-009  1.071988929280223E-009
  5.665377367804078E-007  5.008293583918922E-007
         164  0.000000000000000E+000  0.000000000000000E+000
 -5.492183058998853E-009  8.650073156809512E-010
  6.710582531600185E-007 -1.537241104398419E-007
         165  0.000000000000000E+000  0.000000000000000E+000
 -7.107893345049733E-009  1.648518046424350E-009
  2.571062165993181E-007 -5.357427909098935E-007
         166  0.000000000000000E+000  0.000000000000000E+000
 -6.278569074336086E-009  4.548648998782072E-009
 -1.616144986539610E-007 -4.774458712177675E-007
         167  0.000000000000000E+000  0.000000000000000E+000
 -3.814674590810249E-009  3.348083201162415E-009
 -4.489856023625321E-007 -2.165983890487316E-007
         168  0.000000000000000E+000  0.000000000000000E+000
 -5.429581749422652E-009  2.258235056979548E-009
 -4.414408744164001E-007  2.197921086575206E-007
         169  0.000000000000000E+000  0.000000000000000E+000
 -5.569101677946982E-009  4.393433867419701E-009
 -1.159551181709735E-007  4.693749530431760E-007
         170  0.000000000000000E+000  0.000000000000000E+000
 -4.646262873724675E-009  3.255213873889815E-009
  2.876980646853915E-007  4.468674780051840E-007
         171  0.000000000000000E+000  0.000000000000000E+000
 -6.886229049845867E-009  4.670318205122928E-009
  6.374920729360304E-007  1.073874548312365E-007
         172  0.000000000000000E+000  0.000000000000000E+000
 -4.039887570158955E-009  6.779384293416591E-009
  5.170004116843656E-007 -5.837594273567806E-007
         173  0.000000000000000E+000  0.000000000000000E+000
 -4.257694097675637E-009  5.283541199316074E-009
 -2.460400096115109E-007 -7.405951341725197E-007
         174  0.000000000000000E+000  0.000000000000000E+000
 -3.957255958795411E-009  8.355867719839523E-009
 -7.309091341812989E-007 -2.025916997377803E-007
         175  0.000000000000000E+000  0.000000000000000E+000
  6.476179768998880E-010  6.451392731380088E-009
 -5.712224267553270E-007  5.503314151800441E-007
         176  0.000000000000000E+000  0.000000000000000E+000
 -1.864411783886858E-009  3.643746393551343E-009
  2.682966223519904E-007  8.115170995573025E-007
         177  0.000000000000000E+000  0.000000000000000E+000
 -1.357233855384841E-009  4.971724018595517E-009
  8.653685659217773E-007  1.050920698059443E-008
         178  0.000000000000000E+000  0.000000000000000E+000
 -3.614171320097007E-009  2.543795108859651E-009
  2.909029714037835E-007 -6.810745474495392E-007
         179  0.000000000000000E+000  0.000000000000000E+000
 -7.107122344574625E-009  7.565847511056646E-009
 -3.785579764287799E-007 -4.893951922579450E-007
         180  0.000000000000000E+000  0.000000000000000E+000
 -9.366633165846580E-010  1.269491171486021E-008
 -5.376799184526753E-007  1.193906254867200E-007
         181  0.000000000000000E+000  0.000000000000000E+000
  3.957236291112486E-009  8.702068274768122E-009
 -2.939275680248822E-008  4.954097776706955E-007
         182  0.000000000000000E+000  0.000000000000000E+000
  4.851432570906852E-009  5.523752541709186E-009
  4.953320623167104E-007  9.167535291922441E-008
         183  0.000000000000000E+000  0.000000000000000E+000
  2.931469456044041E-009 -1.002546435835305E-009
  1.136970980639202E-007 -4.538019613093303E-007
         184  0.000000000000000E+000  0.000000000000000E+000
 -6.667072994067864E-009  4.504201761748546E-010
 -3.366088319091644E-007 -1.724849208311293E-007
         185  0.000000000000000E+000  0.000000000000000E+000
 -7.360264736694913E-009  1.124594064278508E-008
 -2.552808145704957E-007  2.156548949441460E-007
         186  0.000000000000000E+000  0.000000000000000E+000
  2.134988434393514E-009  1.395545761396384E-008
  1.274000952307973E-007  3.606684913491630E-007
         187  0.000000000000000E+000  0.000000000000000E+000
  6.496556206594005E-009  9.970639392221256E-009
  4.850267121234357E-007  5.651379585911738E-009
         188  0.000000000000000E+000  0.000000000000000E+000
  8.902357678934826E-009  3.994364494392704E-009
  1.642587868135439E-007 -5.728066348241223E-007
         189  0.000000000000000E+000  0.000000000000000E+000
  1.558238702328052E-009 -8.793574451838468E-010
 -4.599714323664223E-007 -3.039411270609438E-007
         190  0.000000000000000E+000  0.000000000000000E+000
 -3.347719634858863E-009  6.255220936766573E-009
 -3.961766657681920E-007  2.138652430797001E-007
         191  0.000000000000000E+000  0.000000000000000E+000
  2.866387352692419E-009  1.076648327727403E-008
 -6.761546202665908E-009  4.172841555652701E-007
         192  0.000000000000000E+000  0.000000000000000E+000
  6.663407458359118E-009  8.186709612005442E-009
  3.879659032013357E-007  1.588164858394370E-007
         193  0.000000000000000E+000  0.000000000000000E+000
  9.054174231545627E-009  4.449426195539302E-009
  2.408748776822741E-007 -3.469507896052413E-007
         194  0.000000000000000E+000  0.000000000000000E+000
  4.613739720855102E-009 -7.371338929772006E-011
 -2.081490219992865E-007 -2.343878784636626E-007
         195  0.000000000000000E+000  0.000000000000000E+000
  5.410821846795089E-010  4.262688607769816E-009
 -1.610302600766589E-007  2.611320836957008E-008
         196  0.000000000000000E+000  0.000000000000000E+000
  4.746238506767563E-009  8.675908509078521E-009
 -6.196782927899327E-008  5.117690988918410E-008
         197  0.000000000000000E+000  0.000000000000000E+000
  9.536269370188846E-009  5.469873833381892E-009
 -1.932147503119808E-008  2.889340358653134E-008
         198  0.000000000000000E+000  0.000000000000000E+000
  9.421462753425052E-009  1.153238455245931E-009
 -2.148955960646208E-008  1.118880244406810E-008
         199  0.000000000000000E+000  0.000000000000000E+000
  6.150898405083873E-009 -2.284238801781786E-009
 -3.570326022258722E-008  7.307479043098899E-008
         200  0.000000000000000E+000  0.000000000000000E+000
  1.250402754996842E-009  4.355975815240038E-011
  1.392854502066880E-007  6.313001974179925E-008
         201  0.000000000000000E+000  0.000000000000000E+000
  2.037458364249622E-009  4.960990788297687E-009
  1.162551932100177E-007 -1.894917571880636E-007
         202  0.000000000000000E+000  0.000000000000000E+000
  6.782729738433120E-009  6.139297602277874E-009
 -1.626054395826494E-007 -2.120700085401067E-007
         203  0.000000000000000E+000  0.000000000000000E+000
  9.513716443754045E-009  2.931417460804251E-009
 -2.865738529984675E-007  4.338902116047789E-008
         204  0.000000000000000E+000  0.000000000000000E+000
  9.324864886855449E-009 -2.389974614649641E-010
 -1.069173716970245E-007  2.762466924893344E-007
         205  0.000000000000000E+000  0.000000000000000E+000
  6.926102827545750E-009 -2.535630304285925E-009
  2.168784726524898E-007  2.409719717150776E-007
         206  0.000000000000000E+000  0.000000000000000E+000
  4.343286450901029E-009 -1.489017966037659E-009
  3.502333187388540E-007 -1.328367501773152E-007
         207  0.000000000000000E+000  0.000000000000000E+000
  4.277521004474932E-009  2.708252257445992E-010
  2.230190047578567E-008 -4.307942153646190E-007
         208  0.000000000000000E+000  0.000000000000000E+000
  5.260155528707325E-009  1.107390612900972E-009
 -4.116879187321895E-007 -2.565134434527575E-007
         209  0.000000000000000E+000  0.000000000000000E+000
  6.629302954859890E-009  1.140820373485919E-009
 -4.673448836684644E-007  2.368964823619214E-007
         210  0.000000000000000E+000  0.000000000000000E+000
  8.300460208837068E-009 -2.005659121162154E-011
 -3.444175363269742E-008  5.255269459200475E-007
         211  0.000000000000000E+000  0.000000000000000E+000
  8.352474267799073E-009 -2.377200074992017E-009
  4.147966779309359E-007  2.980710169027342E-007
         212  0.000000000000000E+000  0.000000000000000E+000
  7.110813446077649E-009 -4.165099571662307E-009
  4.861827149918109E-007 -1.975457898417890E-007
         213  0.000000000000000E+000  0.000000000000000E+000
  4.838039895816058E-009 -4.118730460678850E-009
  9.347982970480750E-008 -5.505088101648458E-007
         214  0.000000000000000E+000  0.000000000000000E+000
  4.289274226828907E-009 -3.046220031528805E-009
 -4.263299160860442E-007 -4.091378168581420E-007
         215  0.000000000000000E+000  0.000000000000000E+000
  4.860090293180271E-009 -2.018625067681402E-009
 -5.961886133931991E-007  7.281212068287804E-008
         216  0.000000000000000E+000  0.000000000000000E+000
  5.639980988722600E-009 -2.848844336903863E-009
 -3.915239807858132E-007  5.499986859618237E-007
         217  0.000000000000000E+000  0.000000000000000E+000
  5.921163995095223E-009 -3.128054142162897E-009
  2.686718624593821E-007  7.252325740551635E-007
         218  0.000000000000000E+000  0.000000000000000E+000
  5.516729986338890E-009 -4.567454964989949E-009
  7.979507620562020E-007  1.380230360898880E-007
         219  0.000000000000000E+000  0.000000000000000E+000
  5.230788009891662E-009 -4.282789325967770E-009
  5.382096681230698E-007 -6.219510933899618E-007
         220  0.000000000000000E+000  0.000000000000000E+000
  5.094310325374333E-009 -5.100835969272198E-009
 -2.339463292962577E-007 -8.059590300976130E-007
         221  0.000000000000000E+000  0.000000000000000E+000
  5.213246992241895E-009 -6.064035589365565E-009
 -8.749447563996498E-007 -3.040302239974353E-007
         222  0.000000000000000E+000  0.000000000000000E+000
  3.404374902194677E-009 -6.750000527022459E-009
 -7.594859376666055E-007  6.624629652475316E-007
         223  0.000000000000000E+000  0.000000000000000E+000
  2.905347863991712E-009 -6.868858352210846E-009
  2.015809290310749E-007  9.305955498541461E-007
         224  0.000000000000000E+000  0.000000000000000E+000
  1.121835325702170E-009 -5.678802050989448E-009
  7.797576783696815E-007  2.901567300230055E-007
         225  0.000000000000000E+000  0.000000000000000E+000
  2.336842282621334E-009 -4.694365540528102E-009
  5.996055774456394E-007 -4.237658384808415E-007
         226  0.000000000000000E+000  0.000000000000000E+000
  3.843649482086823E-009 -5.205344735832649E-009
 -2.953895500994332E-008 -7.129313297697963E-007
         227  0.000000000000000E+000  0.000000000000000E+000
  3.006020535366439E-009 -7.700033795303044E-009
 -6.096005389832399E-007 -2.331069510720279E-007
         228  0.000000000000000E+000  0.000000000000000E+000
  2.068768020450071E-009 -8.172041304119562E-009
 -3.394150725547474E-007  2.998181423708764E-007
         229  0.000000000000000E+000  0.000000000000000E+000
 -7.311043633218035E-010 -8.748548383374212E-009
 -4.650633100590474E-008  2.602532243039113E-007
         230  0.000000000000000E+000  0.000000000000000E+000
 -1.707067614903538E-009 -7.050814890666527E-009
  1.401328793815787E-008  2.107288692762680E-007
         231  0.000000000000000E+000  0.000000000000000E+000
 -2.164032476849717E-009 -5.451171531171745E-009
  1.236028311254551E-007  2.105378285055555E-007
         232  0.000000000000000E+000  0.000000000000000E+000
 -1.907904043532592E-009 -4.655022370930663E-009
  2.312547935554738E-007  1.813449014657518E-007
         233  0.000000000000000E+000  0.000000000000000E+000
  1.942468097808268E-010 -2.522214145698831E-009
  5.018425792720009E-007 -8.732136507379401E-008
         234  0.000000000000000E+000  0.000000000000000E+000
  2.828953181197478E-009 -6.681088722875934E-009
  1.566431044806796E-007 -6.584764547825868E-007
         235  0.000000000000000E+000  0.000000000000000E+000
 -5.344667947675196E-010 -8.844488524349621E-009
 -5.954376165450027E-007 -4.550072710657398E-007
         236  0.000000000000000E+000  0.000000000000000E+000
 -3.557107835614574E-009 -8.328613495777214E-009
 -7.151303817453592E-007  3.216859798113075E-007
         237  0.000000000000000E+000  0.000000000000000E+000
 -4.587424532912048E-009 -5.744351895307981E-009
 -1.386146302711070E-007  7.641730024856836E-007
         238  0.000000000000000E+000  0.000000000000000E+000
 -4.181651454581887E-009 -3.278250161477543E-009
  5.832475287052852E-007  6.013443343213224E-007
         239  0.000000000000000E+000  0.000000000000000E+000
 -1.466718677490972E-010 -3.507800616566859E-009
  8.150823137575472E-007 -2.464882523912959E-007
         240  0.000000000000000E+000  0.000000000000000E+000
 -1.788471367291080E-009 -7.380197502886277E-009
  1.099833519134040E-007 -7.375486723326172E-007
         241  0.000000000000000E+000  0.000000000000000E+000
 -4.179523859962641E-009 -6.491082922250747E-009
 -4.907264745309033E-007 -3.704616590740285E-007
         242  0.000000000000000E+000  0.000000000000000E+000
 -4.581592030854592E-009 -4.885837513303505E-009
 -4.791404895055308E-007  1.700062451893332E-007
         243  0.000000000000000E+000  0.000000000000000E+000
 -4.348642592890041E-009 -4.697767230327448E-009
 -1.303732083560023E-007  4.649145413513098E-007
         244  0.000000000000000E+000  0.000000000000000E+000
 -3.369161323921996E-009 -4.518476358418275E-009
  3.017617996651560E-007  2.665388605920877E-007
         245  0.000000000000000E+000  0.000000000000000E+000
 -4.998149690011944E-009 -7.070388884807326E-009
  1.991692486947933E-007 -6.590490301454645E-008
         246  0.000000000000000E+000  0.000000000000000E+000
 -8.245780166986164E-009 -5.069866139654920E-009
  5.950281705482769E-008 -1.096949455300075E-008
         247  0.000000000000000E+000  0.000000000000000E+000
 -8.308011069434200E-009 -1.565804913653662E-009
  1.540638888541906E-007 -6.905676741196693E-009
         248  0.000000000000000E+000  0.000000000000000E+000
 -5.924919454837961E-009 -1.153390060463664E-011
  1.294902223153667E-007 -1.723521410717431E-007
         249  0.000000000000000E+000  0.000000000000000E+000
 -3.320047409683976E-009 -3.053678784873161E-010
 -7.005151739485359E-008 -2.795263463787827E-007
         250  0.000000000000000E+000  0.000000000000000E+000
 -2.499389398378336E-009 -4.136532927971143E-009
 -3.892903253972793E-007 -8.218737981611580E-008
         251  0.000000000000000E+000  0.000000000000000E+000
 -6.760589334748425E-009 -5.506930261892611E-009
 -2.731033623952620E-007  3.991030231047639E-007
         252  0.000000000000000E+000  0.000000000000000E+000
 -9.359801606283843E-009 -2.569807305372877E-009
  2.540710392445920E-007  4.567242312160867E-007
         253  0.000000000000000E+000  0.000000000000000E+000
 -8.611138960011066E-009  7.087451643522496E-010
  5.159316469102434E-007  6.526935834980920E-009
         254  0.000000000000000E+000  0.000000000000000E+000
 -6.569260491299402E-009  1.804560247652579E-009
  2.598816125136636E-007 -3.981368426490699E-007
         255  0.000000000000000E+000  0.000000000000000E+000
 -4.781985721200300E-009  1.475603184059262E-009
 -1.880440659028460E-007 -3.905438459157786E-007
         256  0.000000000000000E+000  0.000000000000000E+000
 -4.307161256361404E-009 -1.366002560319233E-010
 -3.909113384045080E-007 -1.453457421851563E-008
