   409.600000000000     
         256           1           3
  1.124309127438499E-002   39.3632433740677        114.662137854011     
   39.0000000000000        116.000000000000        6351.00000000000     
           0  0.000000000000000E+000  0.000000000000000E+000
  0.000000000000000E+000  0.000000000000000E+000
  0.000000000000000E+000  0.000000000000000E+000
           1 -4.489090455410324E-007  1.721668813175108E-008
 -1.067970781300561E-005 -5.260182895864794E-008
  1.811828114746333E-005 -4.527441740957663E-007
           2 -3.643479235574065E-007  2.119271314105632E-009
 -1.065291668322811E-005 -2.167593750575043E-007
  1.874422391082850E-005 -1.080109172552456E-006
           3 -2.770497835553727E-007 -2.354513899926142E-007
 -1.065528677135503E-005 -6.365651989094262E-007
  1.968662245770278E-005 -2.085584926786073E-006
           4 -4.985268737077901E-007 -7.215955509056440E-007
 -1.089400258943238E-005 -1.520609303393451E-006
  2.078722081780800E-005 -3.598680786553378E-006
           5 -1.332232655335552E-006 -1.156124379241201E-006
 -1.181822133022510E-005 -2.985439707595877E-006
  2.188013981308361E-005 -5.726127842443393E-006
           6 -2.810948668683668E-006 -1.007821804120772E-006
 -1.410777265486454E-005 -4.744038183371701E-006
  2.270094312788089E-005 -8.463706309277250E-006
           7 -4.604557297795435E-006  3.524619123746984E-007
 -1.826229720827932E-005 -6.078765605419247E-006
  2.314342074454660E-005 -1.179838158212629E-005
           8 -5.762197196837467E-006  3.396612874758493E-006
 -2.455291440865866E-005 -5.840086838525431E-006
  2.290911166523462E-005 -1.584317630809825E-005
           9 -4.931076290192320E-006  7.760073816312621E-006
 -3.248767923099071E-005 -2.287455355737976E-006
  2.147865723743229E-005 -2.028856855116069E-005
          10 -1.024419386780109E-006  1.213011203322316E-005
 -4.027467045529559E-005  5.918771331926903E-006
  1.868969785340794E-005 -2.469058393130802E-005
          11  6.083400076615412E-006  1.444755217841633E-005
 -4.526819711869563E-005  1.921639444492416E-005
  1.451639670445752E-005 -2.841709079913840E-005
          12  1.537107423438265E-005  1.261134600413765E-005
 -4.428362107645473E-005  3.640322545046675E-005
  9.552655510305663E-006 -3.099282480780912E-005
          13  2.446541679295798E-005  4.841107375729985E-006
 -3.531843695516710E-005  5.430778929390903E-005
  3.705360748447253E-006 -3.273898254955550E-005
          14  2.951418092766997E-005 -9.242964925436188E-006
 -1.727100175517919E-005  6.904889796837530E-005
 -2.926280888176700E-006 -3.270344603673960E-005
          15  2.625192508225292E-005 -2.746478053736446E-005
  8.422494336249461E-006  7.540932277647032E-005
 -9.513434974991078E-006 -3.026731101175700E-005
          16  1.151712605460869E-005 -4.492037306479270E-005
  3.734783602594135E-005  6.888038485352552E-005
 -1.435751699391617E-005 -2.554920118148292E-005
          17 -1.486387384507830E-005 -5.406504055506901E-005
  6.151830112263612E-005  4.722183656237070E-005
 -1.691040578346789E-005 -2.068741396831420E-005
          18 -4.805346097642944E-005 -4.737247100984161E-005
  7.248129958879825E-005  1.490876578073546E-005
 -1.818609614127601E-005 -1.554901626088491E-005
          19 -7.844953639155703E-005 -1.950250058498914E-005
  6.510580805740901E-005 -2.057743388973693E-005
 -1.741229503938284E-005 -1.066712564564448E-005
          20 -9.178876294900269E-005  2.852494205581777E-005
  3.789850715121839E-005 -4.798856312523090E-005
 -1.507757607997009E-005 -7.320184207594872E-006
          21 -7.421598556025842E-005  8.568411420123769E-005
 -2.476019389458293E-006 -5.530456329271695E-005
 -1.201851177000420E-005 -6.251282008188006E-006
          22 -1.953063643448609E-005  1.308413319313264E-004
 -4.211466011995714E-005 -3.495022009445816E-005
 -1.058861779797970E-005 -7.125324083765368E-006
          23  6.321039473822304E-005  1.391733108984997E-004
 -6.142451074645713E-005  9.470869665870338E-006
 -1.078227173764375E-005 -7.963288318962970E-006
          24  1.481476467635902E-004  9.294825368960663E-005
 -4.660434489194848E-005  6.068403905141522E-005
 -1.212313185004046E-005 -8.311399601616256E-006
          25  1.977859180446578E-004 -7.024704623985030E-006
  3.263351217869738E-006  9.439435174938868E-005
 -1.401509265150842E-005 -7.004724692135019E-006
          26  1.767323775329483E-004 -1.323963566314569E-004
  7.113472221320187E-005  8.712369487494713E-005
 -1.501407599545208E-005 -4.282352427345544E-006
          27  7.399195182243198E-005 -2.311057593013143E-004
  1.249054325715965E-004  3.136070355142721E-005
 -1.386276584360768E-005 -1.002072037663954E-006
          28 -8.222361563556179E-005 -2.491188090419715E-004
  1.309794090985064E-004 -5.592803170397825E-005
 -1.051633699786407E-005  6.033987580738696E-007
          29 -2.277665107099320E-004 -1.603709660268835E-004
  7.340218238607994E-005 -1.346572769752322E-004
 -7.010358940134902E-006 -7.714622645921493E-007
          30 -2.902906677969867E-004  9.841828231353593E-006
 -3.056823992425581E-005 -1.603941717157328E-004
 -5.358397471416994E-006 -4.837204052262090E-006
          31 -2.295391808943312E-004  1.893929808620491E-004
 -1.351722589139620E-004 -1.095264630655537E-004
 -7.512287785096983E-006 -9.935453429826372E-006
          32 -6.402098407539031E-005  2.929466120905695E-004
 -1.865529737584436E-004  4.017935456312622E-006
 -1.378483263102353E-005 -1.304875401316770E-005
          33  1.324597825869242E-004  2.660536270765246E-004
 -1.520915484368455E-004  1.311465028474905E-004
 -2.215009396592095E-005 -1.147656729516577E-005
          34  2.649169222225615E-004  1.181307756714977E-004
 -4.034766089425743E-005  2.108954137163467E-004
 -2.899270843556250E-005 -4.537876481908084E-006
          35  2.683026311447436E-004 -7.833830785417516E-005
  1.000967663463409E-004  2.019056187246209E-004
 -3.113069569089020E-005  5.769829922823530E-006
          36  1.432624294864029E-004 -2.250695392910408E-004
  2.041586668677283E-004  1.058876480097040E-004
 -2.736435141897791E-005  1.589286197756267E-005
          37 -4.295729082843199E-005 -2.499617155595586E-004
  2.245850153977075E-004 -3.239608411908070E-005
 -1.912759193534012E-005  2.250459819325257E-005
          38 -1.931673458989406E-004 -1.457288543025625E-004
  1.552540759818977E-004 -1.493288949888410E-004
 -8.977487100749397E-006  2.357694484014983E-005
          39 -2.318065502424643E-004  2.856184980581522E-005
  3.301457065479043E-005 -1.930193538749932E-004
 -1.055787516752455E-006  1.903456376311751E-005
          40 -1.427181094003138E-004  1.798417251756017E-004
 -8.105454430885009E-005 -1.499540091690605E-004
  1.959924994916491E-006  1.212300255299233E-005
          41  2.431697257194328E-005  2.290986324250643E-004
 -1.346697419762476E-004 -4.968772201940901E-005
  2.480300769256640E-007  5.989769919900516E-006
          42  1.803559636317124E-004  1.517085819914209E-004
 -1.081317931732538E-004  5.314327414500984E-005
 -4.195160203422622E-006  3.375671200892288E-006
          43  2.442201251151619E-004 -1.234046639044486E-005
 -2.325102950823355E-005  1.059380611548777E-004
 -8.729015787006053E-006  4.226903046998307E-006
          44  1.811172854838673E-004 -1.798185062254343E-004
  7.081166062502373E-005  8.548905672417327E-005
 -1.185012628611481E-005  8.134903878283552E-006
          45  2.056202260391296E-005 -2.655428061042427E-004
  1.233001414777463E-004  5.630460437414874E-006
 -1.116146789427228E-005  1.327077691566068E-005
          46 -1.601136823333758E-004 -2.261246966842447E-004
  1.059498187531370E-004 -8.872846541936465E-005
 -7.840153006188709E-006  1.674583066252532E-005
          47 -2.759658524291282E-004 -7.821579329315059E-005
  2.818759158591388E-005 -1.481467624095298E-004
 -3.592558896651872E-006  1.755491440845303E-005
          48 -2.725846217701259E-004  1.121822015247981E-004
 -7.190669515736198E-005 -1.417198231210761E-004
 -6.855112474196291E-007  1.623833769262001E-005
          49 -1.506529842159732E-004  2.600158437559763E-004
 -1.459385611849718E-004 -7.154740169890562E-005
  9.078172050625840E-007  1.501997665746753E-005
          50  3.665868263593603E-005  3.020162477326989E-004
 -1.609958455351317E-004  3.169917393957000E-005
  1.397469759958909E-006  1.340638805080148E-005
          51  2.104334582482797E-004  2.219083372579553E-004
 -1.073722834182060E-004  1.244876729302546E-004
  5.064721328879055E-007  1.313293132243179E-005
          52  3.004115234250643E-004  5.487655153556931E-005
 -6.424279618189766E-006  1.646303298565843E-004
  2.577389586572558E-007  1.480519481409465E-005
          53  2.734213012064824E-004 -1.302772424090628E-004
  9.822950565556647E-005  1.348620476060869E-004
  1.685557131085080E-006  1.754774098565781E-005
          54  1.448590280621217E-004 -2.609552536228614E-004
  1.630325883075573E-004  4.797869693320215E-005
  5.939430297474065E-006  1.921640045793159E-005
          55 -3.150211286176935E-005 -2.906166421941001E-004
  1.632057505250557E-004 -5.791176780414829E-005
  1.061649396152228E-005  1.824633691633769E-005
          56 -1.871194924700884E-004 -2.140179156994822E-004
  1.036171429482712E-004 -1.420433184801588E-004
  1.461128190527423E-005  1.566854230605309E-005
          57 -2.660215666106950E-004 -6.681506502370585E-005
  8.636960325202103E-006 -1.757056699879182E-004
  1.735468107481166E-005  1.129695067527722E-005
          58 -2.460605042432852E-004  9.120148947259953E-005
 -8.465936926138371E-005 -1.496321322107182E-004
  1.815202849440239E-005  6.374040852062934E-006
          59 -1.448400970377638E-004  2.028243240155344E-004
 -1.436202546434407E-004 -7.826584433815247E-005
  1.653679205430987E-005  1.418760686971425E-006
          60 -6.728117557619820E-006  2.348988060360767E-004
 -1.499734431699704E-004  8.569128522355722E-006
  1.262065093267579E-005 -1.482265754921034E-006
          61  1.167456862084761E-004  1.864601502674043E-004
 -1.087289325790546E-004  7.644574312251116E-005
  8.862375777591301E-006 -1.713799021637469E-006
          62  1.861443245561608E-004  8.434456750121084E-005
 -4.331599054656499E-005  1.055381858318744E-004
  5.925979075428628E-006 -1.565389497953443E-007
          63  1.860236456344216E-004 -2.971671424288674E-005
  1.947942752736399E-005  9.259579367417714E-005
  4.757701907417888E-006  2.501710235989857E-006
          64  1.271397842807402E-004 -1.164886380247380E-004
  5.701826603185434E-005  5.066350686260031E-005
  5.301872058783643E-006  5.076006332168363E-006
          65  3.816006097068650E-005 -1.519471652176445E-004
  6.104106272368671E-005  2.078121443231082E-006
  7.321084752087713E-006  7.163606809973065E-006
          66 -4.660022176042611E-005 -1.336899866914721E-004
  3.743965811298079E-005 -3.260771055883655E-005
  1.024463870308759E-005  7.796895232961089E-006
          67 -1.013237632772774E-004 -7.788528837514029E-005
  3.373584061653621E-006 -4.189868385929878E-005
  1.329797381061446E-005  7.202065004239431E-006
          68 -1.152587195484174E-004 -8.840139145351142E-006
 -2.314017268048882E-005 -2.855723056135623E-005
  1.610119545366358E-005  5.410792341913010E-006
          69 -9.243774573666901E-005  5.017285194395305E-005
 -3.160430340453687E-005 -4.412333772132560E-006
  1.820384935991391E-005  2.584869632682678E-006
          70 -4.735286974298830E-005  8.465176952979023E-005
 -2.064352791731821E-005  1.597816766078133E-005
  1.912953463705683E-005 -6.004410685519077E-007
          71  3.556826482515506E-006  9.132134916061302E-005
  7.017159274996549E-007  2.073201023908403E-005
  1.956927291489136E-005 -3.678081876238153E-006
          72  4.764170114824539E-005  7.463637176054965E-005
  1.902044292881347E-005  8.151687997657294E-006
  1.936431547455365E-005 -7.220975667133937E-006
          73  7.837646517875093E-005  4.238576069786871E-005
  2.380788923337523E-005 -1.576769326232494E-005
  1.824047772570801E-005 -1.069811159921028E-005
          74  9.331993956581558E-005 -4.514809393504807E-008
  1.047135048943895E-005 -3.887183840052410E-005
  1.595934814943656E-005 -1.376234937492010E-005
          75  8.877001755609268E-005 -4.728581438154526E-005
 -1.659409866901433E-005 -5.043649574435323E-005
  1.345625652476895E-005 -1.600193478227192E-005
          76  6.250435134599368E-005 -9.193937427801050E-005
 -4.768122261922016E-005 -4.345345985769339E-005
  1.045355076539968E-005 -1.824458311936866E-005
          77  1.358823597711758E-005 -1.242135409383990E-004
 -6.975566752417619E-005 -2.023719119769349E-005
  6.389407898393325E-006 -1.917125272251932E-005
          78 -5.293306509257071E-005 -1.307123360733845E-004
 -7.824244880343645E-005  1.008929589895217E-005
  2.649086871007092E-006 -1.893796398087832E-005
          79 -1.223159851072012E-004 -1.011345384198749E-004
 -7.155423898086126E-005  4.069790869234472E-005
 -6.670649657979063E-007 -1.762899782919468E-005
          80 -1.748913493912267E-004 -3.454634812299644E-005
 -5.315430432938235E-005  6.329931443129215E-005
 -3.030521039429114E-006 -1.577218096786574E-005
          81 -1.899300267888401E-004  5.983442707360917E-005
 -3.001501812990677E-005  7.550238697165056E-005
 -5.166828919042106E-006 -1.369342401555023E-005
          82 -1.523233757359670E-004  1.593252800471009E-004
 -8.367774082413206E-006  7.772533868142926E-005
 -6.082174933062638E-006 -1.093089088660320E-005
          83 -6.184971723993264E-005  2.339361311662323E-004
  8.091486423142724E-006  7.764477630611124E-005
 -6.092201816607905E-006 -8.767867220860686E-006
          84  6.513601755714566E-005  2.553082317326677E-004
  2.580620687154560E-005  7.935315819488941E-005
 -5.833987355893787E-006 -6.930185270322262E-006
          85  1.963460198080990E-004  2.048988334713819E-004
  4.966563579484863E-005  7.865327017837594E-005
 -5.220738430039682E-006 -5.560987262867117E-006
          86  2.890380701094136E-004  8.574271115415979E-005
  8.066755191889614E-005  6.868275378755279E-005
 -4.522755065441634E-006 -3.967340329637553E-006
          87  3.075520742911143E-004 -7.297607558979884E-005
  1.120706356275436E-004  4.200011694209342E-005
 -2.831148183102930E-006 -2.775596237153550E-006
          88  2.376213332027929E-004 -2.244901093805208E-004
  1.348141492712139E-004 -2.464092107933668E-006
 -8.882020308170183E-007 -2.572233851216567E-006
          89  9.467480974197033E-005 -3.200931440390461E-004
  1.376793462041493E-004 -6.364523919509042E-005
  1.314437480898078E-006 -3.014600043623276E-006
          90 -8.087365119976211E-005 -3.268616684569784E-004
  1.072931544542050E-004 -1.291139820187146E-004
  3.239548597037825E-006 -4.777373223845296E-006
          91 -2.353571830143672E-004 -2.387959219513406E-004
  4.200561114520573E-005 -1.791468935654178E-004
  4.626480454721236E-006 -7.438869066787451E-006
          92 -3.189006150177511E-004 -8.139727401307069E-005
 -4.898012466198602E-005 -1.932004072705749E-004
  4.901856434705317E-006 -1.139020276137131E-005
          93 -3.037570194355789E-004  9.442948412985568E-005
 -1.423204240151680E-004 -1.585932672702125E-004
  2.803300581581381E-006 -1.559585278650545E-005
          94 -1.961633867110764E-004  2.298048335478540E-004
 -2.124629412924738E-004 -7.897545820380100E-005
 -1.123472882180938E-006 -1.899537962999468E-005
          95 -3.658912237295323E-005  2.788242785158935E-004
 -2.365521282442960E-004  3.103593403277955E-005
 -6.779289348256194E-006 -2.056252194940154E-005
          96  1.143132001222177E-004  2.295957081819264E-004
 -2.023676741506838E-004  1.426311545384788E-004
 -1.280362306495164E-005 -1.962338777548413E-005
          97  2.020766269256048E-004  1.083574789263807E-004
 -1.164177465494635E-004  2.248638668666988E-004
 -1.840697773412261E-005 -1.653710870286995E-005
          98  1.984785670696613E-004 -3.203347780768228E-005
 -9.006658315257340E-007  2.536708001771133E-004
 -2.235572532033587E-005 -1.105356059213026E-005
          99  1.133295724525232E-004 -1.319505738889099E-004
  1.108854823512163E-004  2.234160118810937E-004
 -2.373023452426763E-005 -4.657972859264996E-006
         100 -8.334075014130055E-006 -1.516147823244222E-004
  1.916034785347609E-004  1.454060505625500E-004
 -2.244337691851308E-005  1.559649503897831E-006
         101 -1.079769514376274E-004 -8.805100247195278E-005
  2.211329399002698E-004  4.270208590298703E-005
 -1.882520186988617E-005  6.104762164222993E-006
         102 -1.373891919079477E-004  2.500352823241640E-005
  1.971448320999494E-004 -5.233170315780951E-005
 -1.434742526390543E-005  8.433544337422090E-006
         103 -8.034967723334071E-005  1.295342727298384E-004
  1.358792753546001E-004 -1.143622935576838E-004
 -9.947404205523578E-006  8.449859024929770E-006
         104  3.774577872632156E-005  1.698905695557824E-004
  6.398911569224714E-005 -1.328802381460061E-004
 -6.736816517664942E-006  6.661451533570436E-006
         105  1.612502402658554E-004  1.187036084910226E-004
  6.877796953948113E-006 -1.151473156329953E-004
 -5.304492307326125E-006  3.943667530086510E-006
         106  2.273610506393335E-004 -9.876517915813648E-006
 -2.172398013486834E-005 -8.127143977585054E-005
 -5.695283360520073E-006  1.258709773280153E-006
         107  1.949148072168984E-004 -1.628087931662500E-004
 -2.358763670528678E-005 -5.213940883406397E-005
 -7.774086417227040E-006 -4.880195717171161E-007
         108  6.542119589245815E-005 -2.704186763489172E-004
 -1.272207242248877E-005 -4.275688969653809E-005
 -1.048733772625845E-005 -4.047362547492454E-007
         109 -1.147586005761788E-004 -2.768006728806453E-004
 -9.740667155635812E-006 -5.267541987929178E-005
 -1.271963298127081E-005  8.880426289146796E-007
         110 -2.708613765827882E-004 -1.659198929234505E-004
 -2.707247756263195E-005 -6.807011811858839E-005
 -1.441415248660543E-005  3.211371859992871E-006
         111 -3.311895999616947E-004  2.604005896017195E-005
 -6.602504826772724E-005 -6.838996967767526E-005
 -1.524524538321685E-005  5.992275816884768E-006
         112 -2.609890799483366E-004  2.239134202182720E-004
 -1.089565556441752E-004 -3.668939549050650E-005
 -1.540229043992661E-005  9.251871806971393E-006
         113 -7.951512404342926E-005  3.438510423254364E-004
 -1.306898558574398E-004  2.585040677750835E-005
 -1.411103373388334E-005  1.272269833769444E-005
         114  1.435936556022391E-004  3.300587384175751E-004
 -1.104495534755148E-004  1.018043681850771E-004
 -1.202505129825046E-005  1.554397097663961E-005
         115  3.178305242823741E-004  1.822838350283162E-004
 -4.443493012935008E-005  1.601604850360056E-004
 -9.119387900490491E-006  1.783745648507235E-005
         116  3.706031449231147E-004 -4.566372598814732E-005
  5.187321377497205E-005  1.757255601486350E-004
 -5.683532775062097E-006  1.928285951414992E-005
         117  2.736406900615021E-004 -2.647897752163413E-004
  1.504612113401508E-004  1.322065326258470E-004
 -1.725466056136916E-006  2.003371479818140E-005
         118  6.020685430408896E-005 -3.842671985858464E-004
  2.126162916016658E-004  3.480294199445586E-005
  2.559702162825126E-006  1.901821751660263E-005
         119 -1.875255371285443E-004 -3.512686861934226E-004
  2.112450504465981E-004 -8.784031661987507E-005
  5.998153985094590E-006  1.668053337529502E-005
         120 -3.699839524905406E-004 -1.726473962164237E-004
  1.382250269834484E-004 -1.934800277428965E-004
  8.382250312526756E-006  1.329270190319830E-005
         121 -4.100369038648646E-004  8.530282538226891E-005
  1.654079719794610E-005 -2.411116724617961E-004
  8.858421799672683E-006  9.332783826003347E-006
         122 -2.850762920286557E-004  3.204935828478022E-004
 -1.128856843264339E-004 -2.145246202864780E-004
  7.824946863110045E-006  5.876753453759986E-006
         123 -4.035706627069315E-005  4.365951133927442E-004
 -2.070446579888477E-004 -1.194855396507517E-004
  5.034093272534878E-006  3.458733368746302E-006
         124  2.297504545667123E-004  3.837801369287863E-004
 -2.324165175808896E-004  1.167440559051082E-005
  1.534017303207035E-006  3.312005613420648E-006
         125  4.191069847948311E-004  1.781031015923113E-004
 -1.804292077680651E-004  1.346841890607003E-004
 -1.271056534996821E-006  5.019870188965672E-006
         126  4.506056004865634E-004 -1.037305598184356E-004
 -6.788169531035371E-005  2.052858803799032E-004
 -2.762261296131402E-006  8.380056698486981E-006
         127  3.085087306409429E-004 -3.533776936059051E-004
  6.139859553667333E-005  1.991242683131706E-004
 -2.237596319405612E-006  1.217809569563503E-005
         128  4.259173940830390E-005 -4.742242754712250E-004
  1.623939703363575E-004  1.222421052740537E-004
  1.789386887822149E-007  1.574458023027318E-005
         129 -2.489708803501154E-004 -4.141559317010315E-004
  1.997599204654685E-004  3.469713904106528E-006
  4.606176057441554E-006  1.800723806990746E-005
         130 -4.522096037099937E-004 -1.891334776567358E-004
  1.627625430123501E-004 -1.114290125297310E-004
  9.565499872288731E-006  1.795668577276759E-005
         131 -4.829692123321151E-004  1.170412901031020E-004
  6.830593118860588E-005 -1.817881069555786E-004
  1.411484136017813E-005  1.596053599976123E-005
         132 -3.251283699093609E-004  3.859202182074249E-004
 -4.523551812411774E-005 -1.822208474973639E-004
  1.737391012575092E-005  1.255144694191373E-005
         133 -3.513805114321859E-005  5.120729952978073E-004
 -1.321430523431547E-004 -1.187426160299294E-004
  1.920572430829690E-005  8.679205572926509E-006
         134  2.775502293350566E-004  4.430913515177358E-004
 -1.631005437146677E-004 -2.087583117185315E-005
  1.970317532210716E-005  4.613789014943282E-006
         135  4.941065653756341E-004  2.019284169748439E-004
 -1.296268104921611E-004  7.175501275462420E-005
  1.892662182268166E-005  1.129981791370929E-006
         136  5.315294384118692E-004 -1.248122051827037E-004
 -4.841230158973598E-005  1.219752189195479E-004
  1.749594271461315E-005 -1.438542429428389E-006
         137  3.708360252830882E-004 -4.175379958947557E-004
  4.485957189141616E-005  1.087334327412597E-004
  1.598934402957376E-005 -3.176144219861643E-006
         138  6.710512646200325E-005 -5.662806735374498E-004
  1.071109721450315E-004  3.770941562995558E-005
  1.466775653289766E-005 -4.495432345005082E-006
         139 -2.706505488549507E-004 -5.140670941879564E-004
  1.084634757170251E-004 -5.918115011916744E-005
  1.339418234722380E-005 -5.611973857175572E-006
         140 -5.207501731831704E-004 -2.769073459433420E-004
  4.454691062619993E-005 -1.387494790895414E-004
  1.205680545320184E-005 -6.597994517527701E-006
         141 -5.928731673346668E-004  6.166180859351313E-005
 -6.230098230445926E-005 -1.632206441276724E-004
  1.050681017706489E-005 -7.314218645517826E-006
         142 -4.620306381377629E-004  3.825029818654781E-004
 -1.707660371313389E-004 -1.144604971850320E-004
  8.775324429901362E-006 -7.600896590876212E-006
         143 -1.741069131494978E-004  5.750685213907675E-004
 -2.349921820156675E-004 -2.975274913051817E-006
  7.054708819746969E-006 -7.103264832956674E-006
         144  1.711669852458681E-004  5.733621060046775E-004
 -2.236501637090600E-004  1.353767048691383E-004
  5.902383473368856E-006 -5.869815541903350E-006
         145  4.538136868525749E-004  3.802752862623434E-004
 -1.306044812583429E-004  2.517385407776720E-004
  5.536694451716751E-006 -4.179130448658851E-006
         146  5.786071908057152E-004  6.647647069981053E-005
  1.957204795784325E-005  3.001743866969277E-004
  6.483732676623172E-006 -2.284059191051092E-006
         147  5.079388393138477E-004 -2.580816338463216E-004
  1.798406459102553E-004  2.574309815822418E-004
  8.796056620478200E-006 -1.053989456061952E-006
         148  2.726127339491861E-004 -4.826525931033660E-004
  2.957908310360158E-004  1.294615410173114E-004
  1.218070562458123E-005 -1.275811998078228E-006
         149 -4.028746939731879E-005 -5.360046236385990E-004
  3.253854007208700E-004 -4.445704635688677E-005
  1.565294768987063E-005 -3.638449404857984E-006
         150 -3.230086559231900E-004 -4.082929980471990E-004
  2.581381752492572E-004 -2.107267731500582E-004
  1.811604328926196E-005 -7.580061870141208E-006
         151 -4.818379324401139E-004 -1.490638509232543E-004
  1.110536238527829E-004 -3.178921980638031E-004
  1.927143693834003E-005 -1.302657662862258E-005
         152 -4.661368552821905E-004  1.494024783171901E-004
 -7.087849473164531E-005 -3.320011490781713E-004
  1.806477328165701E-005 -1.944807351491463E-005
         153 -2.855263356600842E-004  3.820231133186674E-004
 -2.334256340766037E-004 -2.485355971195725E-004
  1.409838076227561E-005 -2.550996405488865E-005
         154 -6.797922006856566E-006  4.682326682530785E-004
 -3.249870918305969E-004 -9.333265331115178E-005
  7.428011269774584E-006 -2.968704830102541E-005
         155  2.702927589674322E-004  3.776590513151245E-004
 -3.222776745812076E-004  7.996345068329684E-005
  1.810603923089529E-008 -3.094608821641280E-005
         156  4.438906343765278E-004  1.412595265134110E-004
 -2.341396466901334E-004  2.217951475061542E-004
 -7.289908771368530E-006 -2.993260896506164E-005
         157  4.467344907992190E-004 -1.557616696320793E-004
 -9.221458737189028E-005  2.938649296502080E-004
 -1.395129991000459E-005 -2.636922479150962E-005
         158  2.720643531960099E-004 -4.036902553127039E-004
  5.812299132664190E-005  2.833414008103051E-004
 -1.871228084762721E-005 -2.080880060391593E-005
         159 -2.310406673302397E-005 -5.061229664221942E-004
  1.727945864659952E-004  1.985536045898908E-004
 -2.059530530633643E-005 -1.424568790638681E-005
         160 -3.337941636850355E-004 -4.143511930990523E-004
  2.171107620818758E-004  7.695842855552039E-005
 -2.000727023418139E-005 -8.570914409105038E-006
         161 -5.426657796967150E-004 -1.483031597110775E-004
  1.907392783318384E-004 -3.520393145922585E-005
 -1.810205114951519E-005 -4.090145901771841E-006
         162 -5.600336045717220E-004  2.062349278911977E-004
  1.148158160415662E-004 -1.037433408065866E-004
 -1.503931988957164E-005 -1.046420643755494E-006
         163 -3.599425085245972E-004  5.212837402506760E-004
  2.566901636007930E-005 -1.125549914596550E-004
 -1.171136208405655E-005  2.850810336449372E-007
         164  2.696091130725873E-006  6.711923416934470E-004
 -4.134420857857297E-005 -6.801982724925963E-005
 -8.841482040364915E-006  5.142394749312705E-008
         165  4.046249881327703E-004  5.819203793717104E-004
 -5.750839037677796E-005  4.383765662280355E-006
 -7.007709266379315E-006 -1.114153931990161E-006
         166  6.963868357760354E-004  2.649884515046033E-004
 -1.816869788331457E-005  6.371125420228752E-005
 -6.081119372666516E-006 -2.560162630613857E-006
         167  7.582609554692496E-004 -1.796870581224425E-004
  5.424613285588356E-005  7.801805062985679E-005
 -6.003159366783437E-006 -4.136588472359659E-006
         168  5.491595315587685E-004 -5.962739687584536E-004
  1.236012824499447E-004  3.477897383538322E-005
 -6.694440109955263E-006 -5.536825502741864E-006
         169  1.268348039586773E-004 -8.287317982190822E-004
  1.521237945057281E-004 -5.396083636702970E-005
 -7.960582891141441E-006 -6.576270944470517E-006
         170 -3.667919460153455E-004 -7.797195411718837E-004
  1.154161521535812E-004 -1.544556614070738E-004
 -9.657760695649691E-006 -7.259290061472541E-006
         171 -7.550185384771269E-004 -4.524148776471936E-004
  1.405244987431163E-005 -2.218470363015877E-004
 -1.187193115827519E-005 -7.537076191363897E-006
         172 -8.923253934976423E-004  4.651580539514120E-005
 -1.220720723122689E-004 -2.184586656026642E-004
 -1.459224294619021E-005 -7.059599383572121E-006
         173 -7.197897588691317E-004  5.420135108450577E-004
 -2.445111151063347E-004 -1.314465197627709E-004
 -1.751603459322343E-005 -5.534665921195782E-006
         174 -2.927263010119060E-004  8.534980796456418E-004
 -3.041464898382104E-004  2.103199404493353E-005
 -2.021206598241816E-005 -2.784400546960950E-006
         175  2.363950865824681E-004  8.659610779262313E-004
 -2.693086214446198E-004  1.942083413255061E-004
 -2.216089461000653E-005  1.143947275187992E-006
         176  6.762369552540614E-004  5.748795826032818E-004
 -1.388124769430232E-004  3.301425093280472E-004
 -2.276760668010599E-005  6.045084602035391E-006
         177  8.679427191849459E-004  8.809387797561415E-005
  5.388624680233085E-005  3.780934052609974E-004
 -2.144136655995539E-005  1.123525061440049E-005
         178  7.458026650525185E-004 -4.139728064086857E-004
  2.506225541782047E-004  3.139919417630566E-004
 -1.821479698135892E-005  1.568791382000617E-005
         179  3.614847810406557E-004 -7.473242649155964E-004
  3.871613147059735E-004  1.512534003471768E-004
 -1.355114881440574E-005  1.858176701259254E-005
         180 -1.357346431069890E-004 -7.932146683013574E-004
  4.184331614223717E-004 -6.173838326256507E-005
 -8.335315767869440E-006  1.942564336417569E-005
         181 -5.560747247793374E-004 -5.440582491966754E-004
  3.329654934047161E-004 -2.601185467194845E-004
 -3.510097408256928E-006  1.817958235393888E-005
         182 -7.442099278005834E-004 -1.054447796530704E-004
  1.577674859229596E-004 -3.821628394341676E-004
 -6.201635529401275E-008  1.507777424674340E-005
         183 -6.384444422648596E-004  3.490739154412424E-004
 -5.008661655773429E-005 -3.936897401729486E-004
  1.130494189190012E-006  1.123665295596949E-005
         184 -2.902398374376546E-004  6.449507223560742E-004
 -2.266793540547488E-004 -2.965447992550782E-004
  1.734798135332596E-007  7.924756464345178E-006
         185  1.577364657867852E-004  6.743231326021290E-004
 -3.190650169078207E-004 -1.272585403498801E-004
 -2.348410762365380E-006  6.012364476303441E-006
         186  5.303832782415693E-004  4.323834213416889E-004
 -3.046247853478068E-004  5.481495371915365E-005
 -5.464253993087627E-006  6.080787297291108E-006
         187  6.817803997855804E-004  1.716316088316342E-005
 -1.966866586920745E-004  1.881529062718036E-004
 -8.333647464537633E-006  8.224452156461579E-006
         188  5.530270276775469E-004 -4.046093589746934E-004
 -4.494987231112292E-005  2.301232814167828E-004
 -9.652265011368046E-006  1.219413404377993E-005
         189  1.964053726749906E-004 -6.652112685502878E-004
  8.923395552131912E-005  1.795355573117898E-004
 -8.571307023800277E-006  1.661726300577005E-005
         190 -2.481747697205165E-004 -6.607371124524007E-004
  1.584418758704416E-004  6.826877759043401E-005
 -5.586121615355153E-006  2.022781589327581E-005
         191 -6.051830251121459E-004 -3.894556971335875E-004
  1.449886019569247E-004 -5.056852730288456E-005
 -1.569648081368503E-006  2.248204500760306E-005
         192 -7.319790422738566E-004  4.438186360899034E-005
  6.425637684964187E-005 -1.305470385443766E-004
  3.125343235971755E-006  2.345593654385639E-005
         193 -5.770101977358695E-004  4.717250566955223E-004
 -4.788457393105791E-005 -1.379726688596006E-004
  8.055236526323668E-006  2.264639784584662E-005
         194 -1.995718471179903E-004  7.282612003398616E-004
 -1.368427982218401E-004 -6.840832876350869E-005
  1.193457832761060E-005  2.024151414381297E-005
         195  2.582671575014509E-004  7.170476133429934E-004
 -1.592238902850837E-004  4.589114646700237E-005
  1.450620819164695E-005  1.731852323310570E-005
         196  6.257943292157828E-004  4.417973852758001E-004
 -9.975496996014831E-005  1.523651689396131E-004
  1.617408814470207E-005  1.454433978862877E-005
         197  7.663071403971582E-004  3.495662745693952E-006
  1.837767635186761E-005  2.016126625721054E-004
  1.739043694602262E-005  1.188058715852173E-005
         198  6.261477816272446E-004 -4.350117987212364E-004
  1.512113965054276E-004  1.693638102008646E-004
  1.813075747031265E-005  9.209233743466461E-006
         199  2.579323281087241E-004 -7.090610476574485E-004
  2.469647340319420E-004  5.775591001258478E-005
  1.850485956035175E-005  6.724977992271540E-006
         200 -1.980682700831571E-004 -7.164542947528047E-004
  2.623750816994003E-004 -9.813539405614165E-005
  1.868782537682345E-005  4.299616300105504E-006
         201 -5.692109567895249E-004 -4.581445524254095E-004
  1.829312215566317E-004 -2.431545131164090E-004
  1.854322171733354E-005  1.690763830481395E-006
         202 -7.178938418529766E-004 -3.447137550183991E-005
  3.032417735203180E-005 -3.224241705287936E-004
  1.771719891322743E-005 -9.510663217135834E-007
         203 -5.893466058873607E-004  3.941806919825798E-004
 -1.452976559591141E-004 -3.048283485218163E-004
  1.611359351833314E-005 -3.204073608764756E-006
         204 -2.320459100936007E-004  6.633451796335632E-004
 -2.857558125877560E-004 -1.925664257646124E-004
  1.390508165791477E-005 -4.653489210139887E-006
         205  2.162827187493233E-004  6.674353087693613E-004
 -3.424095270714110E-004 -2.087870733619394E-005
  1.155837215518203E-005 -4.927783434958680E-006
         206  5.815528747258081E-004  4.021635623774087E-004
 -2.962854993310110E-004  1.519702359213730E-004
  9.805225476523244E-006 -4.057555214618509E-006
         207  7.188991190645832E-004 -3.357969306127640E-005
 -1.658267502176142E-004  2.683467582543893E-004
  9.229651339638282E-006 -2.556174016163217E-006
         208  5.684370892032435E-004 -4.729006391440982E-004
  2.054271107719731E-006  2.920427973008915E-004
  9.971837040296716E-006 -1.166493512110001E-006
         209  1.797510950379155E-004 -7.445951211725388E-004
  1.484868477913582E-004  2.193073148687263E-004
  1.181754282378576E-005 -5.146283665146987E-007
         210 -3.069775411103679E-004 -7.367033564422499E-004
  2.227660785463016E-004  8.100288309818087E-005
  1.440926086903580E-005 -1.157100525810390E-006
         211 -7.092088606501907E-004 -4.380397417320707E-004
  2.016217703202866E-004 -6.873478692436373E-005
  1.693855761906288E-005 -3.518276692179187E-006
         212 -8.689023434115031E-004  5.214949158537227E-005
  9.710542112245018E-005 -1.713775641000460E-004
  1.836688198035258E-005 -7.470107622642774E-006
         213 -7.143119985934715E-004  5.593456175011169E-004
 -4.511612137936400E-005 -1.874377665810858E-004
  1.790043719466258E-005 -1.218575496080836E-005
         214 -2.872375013900552E-004  8.973649703563787E-004
 -1.662777638393512E-004 -1.124055551668541E-004
  1.545295297722322E-005 -1.650676557108485E-005
         215  2.689622293825684E-004  9.361323675918592E-004
 -2.157578511063452E-004  2.333215605497508E-005
  1.151713021395049E-005 -1.971025765129310E-005
         216  7.622651311913937E-004  6.515646596110472E-004
 -1.713792035544926E-004  1.651068089181283E-004
  6.611737264173036E-006 -2.129626781284938E-005
         217  1.019722975744223E-003  1.299174929061091E-004
 -4.558669484266362E-005  2.562707119739037E-004
  1.574133027720380E-006 -2.081881685982869E-005
         218  9.429008739996380E-004 -4.578365049278969E-004
  1.178865378089265E-004  2.559459058578415E-004
 -2.558194597365004E-006 -1.848237942372538E-005
         219  5.476589873088109E-004 -9.111966778425795E-004
  2.586017197163934E-004  1.562964551413977E-004
 -4.961890962003468E-006 -1.505898023720570E-005
         220 -3.917693115211837E-005 -1.072687138546575E-003
  3.206319128675950E-004 -1.586199366256062E-005
 -5.476893399510808E-006 -1.160542936274611E-005
         221 -6.234950210682186E-004 -8.807071710158622E-004
  2.704597244776235E-004 -2.011599912587427E-004
 -4.557398971597304E-006 -8.958510666866029E-006
         222 -1.005803088827299E-003 -3.932463223010801E-004
  1.197574117798854E-004 -3.300814654852182E-004
 -2.799704862300492E-006 -7.603867530090136E-006
         223 -1.052958067623471E-003  2.270616329273974E-004
 -8.257684418745291E-005 -3.546701997543907E-004
 -9.666216795181213E-007 -7.680407036330198E-006
         224 -7.453429697724052E-004  7.701401558015258E-004
 -2.687394345951286E-004 -2.624033836461597E-004
  1.967136716410718E-007 -8.930436500401848E-006
         225 -1.850265568635514E-004  1.047753795817944E-003
 -3.769732266930760E-004 -8.146271130627663E-005
  2.306357169157286E-007 -1.076929391122041E-005
         226  4.334811555779994E-004  9.615265199407902E-004
 -3.702386226672594E-004  1.321154525055706E-004
 -8.037151121908434E-007 -1.246481279243717E-005
         227  8.946607179779403E-004  5.428730097832150E-004
 -2.476810227375856E-004  3.088924536334427E-004
 -2.634832739541762E-006 -1.363151914505653E-005
         228  1.038993617101873E-003 -6.290498182194252E-005
 -4.891668420954382E-005  3.900727605745045E-004
 -4.886076763439646E-006 -1.399002663839992E-005
         229  8.142617712413691E-004 -6.446206359357973E-004
  1.594786486866023E-004  3.486773663169822E-004
 -7.019666259712199E-006 -1.353519026715274E-005
         230  2.973541146215369E-004 -9.970363369775194E-004
  3.062585519315268E-004  2.018638036759219E-004
 -8.712686487794820E-006 -1.256116104434967E-005
         231 -3.319847996569888E-004 -9.927775176888614E-004
  3.449711859155003E-004  4.346907795450236E-006
 -9.861677306785651E-006 -1.152533124015578E-005
         232 -8.504256796630485E-004 -6.279296730511783E-004
  2.675427761270353E-004 -1.746468797380441E-004
 -1.077653778924590E-005 -1.080338288938407E-005
         233 -1.070895121137814E-003 -2.826708412188803E-005
  1.069989786069161E-004 -2.726994929030622E-004
 -1.189961043141354E-005 -1.029562308815256E-005
         234 -9.111181500607282E-004  5.967554181514559E-004
 -7.442372281298742E-005 -2.591580842883007E-004
 -1.341551131570554E-005 -9.755390771641624E-006
         235 -4.202326091651491E-004  1.027004851613117E-003
 -2.093524515202954E-004 -1.434328654028079E-004
 -1.537000735374036E-005 -8.836028507214492E-006
         236  2.357622437060811E-004  1.106618292481876E-003
 -2.470609483276527E-004  2.788793085228462E-005
 -1.762146211270364E-005 -7.147617317442193E-006
         237  8.306923128297494E-004  8.001519823558759E-004
 -1.736314309743025E-004  1.872379425539680E-004
 -1.973270590023439E-005 -4.322392944478739E-006
         238  1.155529229766759E-003  2.056434157861321E-004
 -1.669541469342730E-005  2.710716152704454E-004
 -2.089657725384823E-005 -3.803301020557176E-007
         239  1.091540298871639E-003 -4.755601141140776E-004
  1.632946691227606E-004  2.433502372191058E-004
 -2.049073966572381E-005  4.069153834921917E-006
         240  6.556409896348771E-004 -1.008926037730178E-003
  2.957697904901229E-004  1.108147415445565E-004
 -1.835043630139278E-005  8.153835165450594E-006
         241 -5.928913500385048E-006 -1.210698690942499E-003
  3.272626742443630E-004 -7.976235445536141E-005
 -1.481129066923524E-005  1.100852231698921E-005
         242 -6.686017033475838E-004 -1.010661532623902E-003
  2.420170859954952E-004 -2.590854290717665E-004
 -1.063411490884446E-005  1.210291502826580E-005
         243 -1.106630487961666E-003 -4.781655067688287E-004
  6.655509160327720E-005 -3.627670448088212E-004
 -6.681684361553031E-006  1.129736314423820E-005
         244 -1.174211104280140E-003  2.017085337657445E-004
 -1.423418788706850E-004 -3.523888064417659E-004
 -3.878718949163340E-006  8.844691549645545E-006
         245 -8.568771629659046E-004  7.956234895470985E-004
 -3.153498520307989E-004 -2.264137097848226E-004
 -3.015627709441462E-006  5.499328905485553E-006
         246 -2.743769767983302E-004  1.105766764109845E-003
 -3.931029630143502E-004 -2.352951337531065E-005
 -4.399748674247587E-006  2.408575805428574E-006
         247  3.654870622049618E-004  1.039474607750791E-003
 -3.486516430089788E-004  1.912962767126222E-004
 -7.612290276066784E-006  9.071532545678006E-007
         248  8.428914795963128E-004  6.382988920566693E-004
 -1.948080091342790E-004  3.484621114659334E-004
 -1.137877936057527E-005  1.762587938852641E-006
         249  1.004880208169592E-003  5.965758360471975E-005
  1.717788969288664E-005  3.981421869839676E-004
 -1.446508950778366E-005  4.796237678125645E-006
         250  8.181513906966228E-004 -4.855062679459056E-004
  2.197395774203700E-004  3.287047462582300E-004
 -1.587985760159582E-005  9.486758806720422E-006
         251  3.738174354456791E-004 -8.109344627019407E-004
  3.513388288352053E-004  1.664616580094544E-004
 -1.497287923889827E-005  1.484835661576760E-005
         252 -1.511900645190505E-004 -8.188908735880261E-004
  3.768146995253678E-004 -3.414747076463588E-005
 -1.158960659694107E-005  1.967914867774063E-005
         253 -5.599161214566063E-004 -5.321976548046264E-004
  2.946289544193964E-004 -2.112805748314573E-004
 -6.263096173693212E-006  2.267457392113692E-005
         254 -7.101341863195724E-004 -8.217977955136315E-005
  1.374269960801237E-004 -3.103571608502694E-004
 -3.163271076302917E-007  2.323640066925946E-005
         255 -5.651072512396241E-004  3.456899425339572E-004
 -3.576136968360294E-005 -3.070217039343968E-004
  5.105465463100960E-006  2.159720064784245E-005
         256 -2.047012820372763E-004  5.831319378524348E-004
 -1.660662616908618E-004 -2.160392420269781E-004
  9.274803443497067E-006  1.838248151575968E-005
