   5120.00000000000     
         256           1           3
  8.994473019507991E-004   39.2742584635280        114.906603035535     
   18.8300000000000        145.590000000000        6160.02000000000     
           0  0.000000000000000E+000  0.000000000000000E+000
  0.000000000000000E+000  0.000000000000000E+000
  0.000000000000000E+000  0.000000000000000E+000
           1  0.000000000000000E+000  0.000000000000000E+000
  3.316978800007461E-009  4.603777367336382E-011
 -2.095283305083082E-008  1.754724091446946E-011
           2  0.000000000000000E+000  0.000000000000000E+000
  3.247315456386931E-009  3.033549126455940E-010
 -2.316900175216241E-008 -1.018812060409279E-009
           3  0.000000000000000E+000  0.000000000000000E+000
  3.294834441724300E-009  7.871361572454090E-010
 -2.815142950363601E-008  2.960721045926866E-010
           4  0.000000000000000E+000  0.000000000000000E+000
  3.794937336418744E-009  1.531166598730650E-009
 -3.476691613464106E-008  7.489153797795189E-009
           5  0.000000000000000E+000  0.000000000000000E+000
  5.261561093601689E-009  2.131183881272631E-009
 -3.622656274184514E-008  2.325183631708063E-008
           6  0.000000000000000E+000  0.000000000000000E+000
  7.626764690733362E-009  1.096373304519628E-009
 -2.238868068678534E-008  4.124404774591829E-008
           7  0.000000000000000E+000  0.000000000000000E+000
  8.079142447640657E-009 -1.307319594332836E-009
  7.016236278677050E-009  4.636250895356523E-008
           8  0.000000000000000E+000  0.000000000000000E+000
  7.846927156491578E-009 -3.316856232703805E-009
  3.970440147880045E-008  2.081546042206767E-008
           9  0.000000000000000E+000  0.000000000000000E+000
  6.401573016639107E-009 -5.211888687087036E-009
  3.802632115399885E-008 -3.376825962400200E-008
          10  0.000000000000000E+000  0.000000000000000E+000
  4.445649810118492E-009 -5.665672616003068E-009
 -2.049225204641271E-008 -7.174267897173538E-008
          11  0.000000000000000E+000  0.000000000000000E+000
  2.954689182739410E-009 -6.754047566760170E-009
 -1.032072289278869E-007 -3.887449325918912E-008
          12  0.000000000000000E+000  0.000000000000000E+000
 -2.341698429616689E-009 -3.500769650877065E-009
 -1.267437738673590E-007  7.882079871660636E-008
          13  0.000000000000000E+000  0.000000000000000E+000
  1.188467161709024E-009  2.870844703836050E-009
 -1.437809842090497E-008  1.710721973599597E-007
          14  0.000000000000000E+000  0.000000000000000E+000
  8.179702206307608E-009  1.926774801917928E-009
  1.395482834357193E-007  1.162555767127726E-007
          15  0.000000000000000E+000  0.000000000000000E+000
  1.141937717413665E-008 -4.432565209034730E-009
  1.803589024931018E-007 -6.182267653847809E-008
          16  0.000000000000000E+000  0.000000000000000E+000
  8.890940052777232E-009 -1.286409136156712E-008
  3.474856580684870E-008 -2.083393072045147E-007
          17  0.000000000000000E+000  0.000000000000000E+000
 -5.004733501180686E-009 -1.450237548258132E-008
 -1.917694335124728E-007 -1.459542835742201E-007
          18  0.000000000000000E+000  0.000000000000000E+000
 -8.972018133240949E-009 -1.670668343324017E-009
 -2.484475924751392E-007  9.020812986281967E-008
          19  0.000000000000000E+000  0.000000000000000E+000
 -1.175806308434189E-009  5.797790486538745E-009
 -7.767877990245387E-008  2.715573909845911E-007
          20  0.000000000000000E+000  0.000000000000000E+000
  8.242707705909118E-009  3.921243871392877E-009
  1.822152371020201E-007  2.275506870264327E-007
          21  0.000000000000000E+000  0.000000000000000E+000
  1.318539290131616E-008 -4.611553571813839E-009
  2.928474102512898E-007 -2.936585322598034E-008
          22  0.000000000000000E+000  0.000000000000000E+000
  7.470680323415515E-009 -1.779476579395952E-008
  1.188447327651156E-007 -2.714092920793017E-007
          23  0.000000000000000E+000  0.000000000000000E+000
 -9.044899587525787E-009 -1.212183261642806E-008
 -1.674951399063902E-007 -2.353995307156433E-007
          24  0.000000000000000E+000  0.000000000000000E+000
 -7.052910979337110E-009  2.668944916810776E-010
 -3.003503723567396E-007 -6.226582774994121E-010
          25  0.000000000000000E+000  0.000000000000000E+000
  1.583111033667378E-009  3.177220207815163E-009
 -1.908082406755533E-007  2.558192123052664E-007
          26  0.000000000000000E+000  0.000000000000000E+000
  8.463060438114594E-009 -1.588855624849593E-009
  9.333904923432844E-008  3.151857700121522E-007
          27  0.000000000000000E+000  0.000000000000000E+000
  9.063421461614901E-009 -1.325571741546519E-008
  2.990219804942324E-007  1.070461015165288E-007
          28  0.000000000000000E+000  0.000000000000000E+000
 -9.210655319536363E-009 -1.525059716029693E-008
  2.533647667410510E-007 -1.545154457672618E-007
          29  0.000000000000000E+000  0.000000000000000E+000
 -9.043302884585250E-009 -1.020927587958309E-010
  2.341686271683158E-008 -3.133928093439447E-007
          30  0.000000000000000E+000  0.000000000000000E+000
  9.556952131085966E-013  2.368995206433707E-009
 -2.770936860949620E-007 -1.942591989320779E-007
          31  0.000000000000000E+000  0.000000000000000E+000
  5.268440745633306E-009 -2.041615706269915E-009
 -3.299384090947610E-007  1.436670029386663E-007
          32  0.000000000000000E+000  0.000000000000000E+000
  6.303009842435747E-009 -9.761072630772896E-009
 -6.908714854157535E-008  3.644101401646011E-007
          33  0.000000000000000E+000  0.000000000000000E+000
 -6.286019635874561E-009 -1.730883349938421E-008
  2.524676819160583E-007  2.807436957262119E-007
          34  0.000000000000000E+000  0.000000000000000E+000
 -1.306671592729668E-008 -2.856542514703708E-009
  3.884373046617209E-007 -6.035013581660540E-008
          35  0.000000000000000E+000  0.000000000000000E+000
 -5.458057172164610E-009  3.154404842514998E-009
  1.301511111615363E-007 -3.566062243562192E-007
          36  0.000000000000000E+000  0.000000000000000E+000
  4.770258659205829E-010  2.117485282642054E-009
 -2.364235432397130E-007 -2.683073439086865E-007
          37  0.000000000000000E+000  0.000000000000000E+000
  4.589986645180464E-009 -1.841584982218095E-009
 -3.366098526722348E-007  6.921032981412855E-008
          38  0.000000000000000E+000  0.000000000000000E+000
  4.654176828650334E-009 -1.098003146980584E-008
 -1.194406277538002E-007  3.161829264688272E-007
          39  0.000000000000000E+000  0.000000000000000E+000
 -8.969434461009884E-009 -1.175125812175619E-008
  2.095737139586923E-007  2.773069833782499E-007
          40  0.000000000000000E+000  0.000000000000000E+000
 -8.810089548625974E-009 -3.189416471674041E-009
  3.208048040243761E-007 -5.325639196055470E-008
          41  0.000000000000000E+000  0.000000000000000E+000
 -6.983048973890055E-009 -1.185095445496406E-009
  8.509830550110880E-008 -2.618629373114616E-007
          42  0.000000000000000E+000  0.000000000000000E+000
 -4.806669238196626E-009  1.467233481838642E-009
 -1.666287252936273E-007 -1.609361205243120E-007
          43  0.000000000000000E+000  0.000000000000000E+000
  8.702844878427307E-010  4.300534756269057E-010
 -1.982595263544460E-007  7.433080970533459E-008
          44  0.000000000000000E+000  0.000000000000000E+000
 -1.370386838416986E-009 -6.330117378415846E-009
 -1.904896313362100E-008  2.147128699276787E-007
          45  0.000000000000000E+000  0.000000000000000E+000
 -2.312463662093626E-009 -4.333059864267235E-009
  1.768436778961303E-007  9.257359849762447E-008
          46  0.000000000000000E+000  0.000000000000000E+000
 -4.419445677348257E-009 -8.056635406891232E-009
  1.280591958571403E-007 -9.118737441803975E-008
          47  0.000000000000000E+000  0.000000000000000E+000
 -1.064830178975587E-008 -5.575279903699329E-009
 -1.887112110422503E-008 -1.205428340078885E-007
          48  0.000000000000000E+000  0.000000000000000E+000
 -1.059016739125094E-008  1.454083611717886E-009
 -1.085967269292573E-007 -2.256345499482161E-008
          49  0.000000000000000E+000  0.000000000000000E+000
 -5.848851458751742E-009  3.516343752902324E-009
 -6.713747881210552E-008  1.081096628633052E-007
          50  0.000000000000000E+000  0.000000000000000E+000
 -1.365350872720897E-009  3.660728834847200E-009
  8.247644992640742E-008  1.237602902270546E-007
          51  0.000000000000000E+000  0.000000000000000E+000
  1.307345180293413E-009 -2.536987877677495E-009
  1.583435261012941E-007 -2.638075344876813E-009
          52  0.000000000000000E+000  0.000000000000000E+000
 -3.802537563377944E-009 -7.067518735651751E-009
  9.024862847177983E-008 -1.382466079939112E-007
          53  0.000000000000000E+000  0.000000000000000E+000
 -9.942894874593754E-009 -4.685041363154170E-009
 -7.821052621691008E-008 -1.520855174839949E-007
          54  0.000000000000000E+000  0.000000000000000E+000
 -1.114139951091097E-008  1.511605090751638E-009
 -1.838150792086628E-007  4.888831671491921E-009
          55  0.000000000000000E+000  0.000000000000000E+000
 -6.856671573516122E-009  5.413326978733834E-009
 -8.907525488336254E-008  1.902862893749058E-007
          56  0.000000000000000E+000  0.000000000000000E+000
 -2.303765798106512E-009  4.328163390489037E-009
  1.385711122324833E-007  2.047773614300501E-007
          57  0.000000000000000E+000  0.000000000000000E+000
 -5.183228262844406E-010  1.743360212027276E-010
  2.811641790984302E-007 -8.945993373522523E-009
          58  0.000000000000000E+000  0.000000000000000E+000
 -3.643167711218153E-009 -3.631522357871761E-009
  1.489683165101485E-007 -2.586547130925136E-007
          59  0.000000000000000E+000  0.000000000000000E+000
 -9.090015483638630E-009 -2.409880810983958E-009
 -1.514621240025943E-007 -2.606786626183574E-007
          60  0.000000000000000E+000  0.000000000000000E+000
 -1.053459662307026E-008  4.263285473302833E-009
 -3.021300928633862E-007  9.088566187735052E-009
          61  0.000000000000000E+000  0.000000000000000E+000
 -4.487746003553352E-009  5.985647449625345E-009
 -1.519733339875611E-007  2.884791752607182E-007
          62  0.000000000000000E+000  0.000000000000000E+000
 -2.338682841787205E-009  4.943421606472294E-009
  2.174528029673934E-007  3.018314701549344E-007
          63  0.000000000000000E+000  0.000000000000000E+000
 -3.709242407076996E-010  6.496219882514632E-010
  3.860206236068884E-007 -5.829336028278219E-008
          64  0.000000000000000E+000  0.000000000000000E+000
 -5.840470569392048E-009 -3.121386350011992E-009
  1.392817653123187E-007 -3.527648328360204E-007
          65  0.000000000000000E+000  0.000000000000000E+000
 -1.241118556060342E-008  2.975509483050157E-009
 -2.120941439209506E-007 -2.838815696784954E-007
          66  0.000000000000000E+000  0.000000000000000E+000
 -5.183346618171086E-009  1.015359744304869E-008
 -3.497632143613378E-007  3.387132080976565E-008
          67  0.000000000000000E+000  0.000000000000000E+000
 -2.079131560757551E-009  8.863210766541533E-009
 -1.050202885252482E-007  3.483187116303965E-007
          68  0.000000000000000E+000  0.000000000000000E+000
  3.946438764130174E-009  4.981555057405581E-009
  2.517931161913103E-007  2.239624546292907E-007
          69  0.000000000000000E+000  0.000000000000000E+000
  5.249581152982871E-011 -3.669152862637507E-009
  3.017589978537609E-007 -7.278003186360086E-008
          70  0.000000000000000E+000  0.000000000000000E+000
 -1.032414812408567E-008 -1.724430184808570E-009
  1.364556305211386E-007 -2.736858518094083E-007
          71  0.000000000000000E+000  0.000000000000000E+000
 -9.493082076408825E-009  1.054929790928696E-008
 -1.387738425281368E-007 -2.948996559987924E-007
          72  0.000000000000000E+000  0.000000000000000E+000
 -3.357482036112500E-009  9.167304130522683E-009
 -3.374586084667434E-007 -8.438664736629655E-009
          73  0.000000000000000E+000  0.000000000000000E+000
  2.035782918849078E-009  1.036272113778155E-008
 -1.539425381994630E-007  2.479325899551279E-007
          74  0.000000000000000E+000  0.000000000000000E+000
  4.570303293588049E-009  1.970300134945658E-009
  9.342593100334384E-008  2.836752661048421E-007
          75  0.000000000000000E+000  0.000000000000000E+000
 -3.226110390995570E-009 -1.755972609699700E-009
  3.438675507747508E-007  1.156657801432365E-007
          76  0.000000000000000E+000  0.000000000000000E+000
 -8.976154871368998E-009  5.766972822510606E-009
  3.451772515184851E-007 -2.748815893262773E-007
          77  0.000000000000000E+000  0.000000000000000E+000
  1.437669207475842E-010  9.223378954336202E-009
 -8.604276553314000E-008 -4.869300903859672E-007
          78  0.000000000000000E+000  0.000000000000000E+000
 -1.244160213944788E-009  7.861966924471669E-009
 -4.238876476706925E-007 -1.805964080215546E-007
          79  0.000000000000000E+000  0.000000000000000E+000
  2.378718629663932E-009  5.589820732933811E-009
 -4.357649740509149E-007  2.443624214147333E-007
          80  0.000000000000000E+000  0.000000000000000E+000
 -1.966505166710741E-009  3.259142045907192E-009
  7.387398513036246E-009  5.837411085342660E-007
          81  0.000000000000000E+000  0.000000000000000E+000
 -4.110826391854440E-009  9.190782506681860E-009
  5.968002024655513E-007  2.723005174718893E-007
          82  0.000000000000000E+000  0.000000000000000E+000
  6.569342007702663E-009  1.272908839806560E-008
  5.294946149832660E-007 -4.429980727974504E-007
          83  0.000000000000000E+000  0.000000000000000E+000
  5.588378921712383E-009  2.441140789445007E-009
 -8.817025818667621E-008 -6.541496859816047E-007
          84  0.000000000000000E+000  0.000000000000000E+000
  2.807398759027876E-009  5.562252449377082E-010
 -6.290737504829562E-007 -3.093244163754773E-007
          85  0.000000000000000E+000  0.000000000000000E+000
 -3.526780699014922E-009  1.790502431289857E-009
 -5.743288328865402E-007  4.264176034304673E-007
          86  0.000000000000000E+000  0.000000000000000E+000
 -3.566942516785096E-009  9.593384008649203E-009
  1.255429485248248E-007  6.639840471470636E-007
          87  0.000000000000000E+000  0.000000000000000E+000
  4.651826356083869E-009  1.390788199864535E-008
  5.909394734662097E-007  1.734253296661220E-007
          88  0.000000000000000E+000  0.000000000000000E+000
  1.112649314346245E-008  3.325501892798057E-009
  4.035330539489836E-007 -3.568037629109925E-007
          89  0.000000000000000E+000  0.000000000000000E+000
  5.714359551690277E-009 -2.967920161515438E-010
 -4.146266148642188E-008 -5.316264023680389E-007
          90  0.000000000000000E+000  0.000000000000000E+000
  5.355061167055670E-010 -9.586860441525262E-010
 -4.597556095599485E-007 -2.279491472156198E-007
          91  0.000000000000000E+000  0.000000000000000E+000
 -2.251962542826105E-009  4.656477157460955E-009
 -3.621805391925588E-007  2.345096082514462E-007
          92  0.000000000000000E+000  0.000000000000000E+000
  1.664466622769300E-009  8.637296715281264E-009
 -1.861041023764092E-009  3.344255559123417E-007
          93  0.000000000000000E+000  0.000000000000000E+000
  8.097709214733441E-009  7.869019903920483E-009
  2.011114918314213E-007  1.497037714957433E-007
          94  0.000000000000000E+000  0.000000000000000E+000
  6.473754243908087E-009  2.162853123593309E-010
  2.195800338658310E-007 -2.680252513501490E-008
          95  0.000000000000000E+000  0.000000000000000E+000
  3.029930110556953E-009  4.225507963887300E-010
  9.880961778196093E-008 -1.949733842019563E-007
          96  0.000000000000000E+000  0.000000000000000E+000
  1.470842962362473E-011  3.123342456749545E-009
 -5.614064374402798E-008 -1.476769621498014E-007
          97  0.000000000000000E+000  0.000000000000000E+000
  2.714482614828418E-009  7.618328901687915E-009
 -8.334953042227244E-008 -9.995447745126143E-008
          98  0.000000000000000E+000  0.000000000000000E+000
  7.957094875596198E-009  7.064333124420821E-009
 -1.574758118054821E-007 -6.455529366792550E-008
          99  0.000000000000000E+000  0.000000000000000E+000
  1.046391456799100E-008 -7.299337781935063E-011
 -1.910300979878855E-007  9.596207211895161E-008
         100  0.000000000000000E+000  0.000000000000000E+000
  4.664168568556964E-009 -2.377965375104079E-009
 -3.725663298606911E-008  1.948789986850603E-007
         101  0.000000000000000E+000  0.000000000000000E+000
  1.977898048073523E-010  2.728748476243911E-010
  1.209454517994254E-007  1.733590490204188E-007
         102  0.000000000000000E+000  0.000000000000000E+000
  1.494700605207268E-009  6.428266679001507E-009
  2.426550417837984E-007 -6.310733575497884E-009
         103  0.000000000000000E+000  0.000000000000000E+000
  7.711421074179152E-009  7.436272443553787E-009
  1.377716291073975E-007 -2.211166498834730E-007
         104  0.000000000000000E+000  0.000000000000000E+000
  1.223120993217134E-008  2.388577082694091E-009
 -8.590231987416590E-008 -2.575632206280171E-007
         105  0.000000000000000E+000  0.000000000000000E+000
  9.710203264336840E-009 -3.120649134416453E-009
 -2.567143117419482E-007 -1.364073291715329E-007
         106  0.000000000000000E+000  0.000000000000000E+000
  5.056005534062559E-009 -4.588166646455596E-009
 -3.143762921943664E-007  1.053314656903991E-007
         107  0.000000000000000E+000  0.000000000000000E+000
  1.466937088351960E-009 -1.527021102512341E-009
 -1.286468859370883E-007  3.393225902216670E-007
         108  0.000000000000000E+000  0.000000000000000E+000
  2.562914526058337E-009  2.709456136920175E-009
  2.157124046109479E-007  3.313429559247877E-007
         109  0.000000000000000E+000  0.000000000000000E+000
  6.524433209162526E-009  3.599045706807521E-009
  4.394738415386684E-007 -2.084725508351419E-009
         110  0.000000000000000E+000  0.000000000000000E+000
  9.588904680145743E-009  1.240907030747678E-009
  2.498489081999911E-007 -4.271602392027470E-007
         111  0.000000000000000E+000  0.000000000000000E+000
  9.435363426081812E-009 -2.480167032359992E-009
 -2.554490656679634E-007 -4.741378635829022E-007
         112  0.000000000000000E+000  0.000000000000000E+000
  7.250860517233444E-009 -4.811211048118868E-009
 -5.799216099825979E-007 -5.269561727574406E-008
         113  0.000000000000000E+000  0.000000000000000E+000
  4.013670986544409E-009 -4.247696061337353E-009
 -3.752059438101673E-007  4.923316861207710E-007
         114  0.000000000000000E+000  0.000000000000000E+000
  4.166036917969528E-009 -1.713659912158847E-009
  2.471227692352472E-007  5.793974238954479E-007
         115  0.000000000000000E+000  0.000000000000000E+000
  4.856883966005671E-009 -2.038801946992175E-009
  6.232200170350734E-007  4.552568371374756E-008
         116  0.000000000000000E+000  0.000000000000000E+000
  5.802533704622727E-009 -1.975903923396671E-009
  2.965215786452183E-007 -5.236307121691027E-007
         117  0.000000000000000E+000  0.000000000000000E+000
  6.693541473996961E-009 -1.906665632186685E-009
 -3.006704386430983E-007 -5.119375130864529E-007
         118  0.000000000000000E+000  0.000000000000000E+000
  7.274561574517459E-009 -4.242623943799972E-009
 -6.243367385406630E-007  1.966659647983406E-008
         119  0.000000000000000E+000  0.000000000000000E+000
  6.844793508272731E-009 -4.657493201897409E-009
 -2.467375647011928E-007  5.595640436364380E-007
         120  0.000000000000000E+000  0.000000000000000E+000
  6.708885554250314E-009 -8.576251067549599E-009
  3.624712427231457E-007  4.099960315220263E-007
         121  0.000000000000000E+000  0.000000000000000E+000
  1.774090215525595E-009 -8.320456692186944E-009
  4.299140214663902E-007 -1.432363586159672E-007
         122  0.000000000000000E+000  0.000000000000000E+000
 -4.165795547059892E-010 -3.774858509918523E-009
  8.303148408521009E-008 -3.860918288140339E-007
         123  0.000000000000000E+000  0.000000000000000E+000
  3.161091435876866E-009 -2.091022951861550E-009
 -3.372750135214914E-007 -2.500775453338878E-007
         124  0.000000000000000E+000  0.000000000000000E+000
  5.700453295390593E-009 -1.984123545534908E-009
 -3.401052525710708E-007  2.148692135980002E-007
         125  0.000000000000000E+000  0.000000000000000E+000
  9.968199618923213E-009 -7.525445760990637E-009
  2.936429885856318E-008  3.371408814922949E-007
         126  0.000000000000000E+000  0.000000000000000E+000
  1.905770770558220E-009 -1.313655793052121E-008
  2.429041087136884E-007  1.223427211771632E-007
         127  0.000000000000000E+000  0.000000000000000E+000
 -4.659904896461752E-009 -7.917564332172902E-009
  2.241683898838621E-007 -8.449152699211044E-008
         128  0.000000000000000E+000  0.000000000000000E+000
 -5.336922686176838E-010 -1.229290045961933E-009
  1.875486377039487E-008 -3.107631936266411E-007
         129  0.000000000000000E+000  0.000000000000000E+000
  3.707879881652749E-009 -1.936152748710625E-009
 -3.204206102890851E-007 -1.125343172570238E-007
         130  0.000000000000000E+000  0.000000000000000E+000
  8.732420851278280E-009 -5.305876412756678E-009
 -2.387153425562795E-007  2.225726322468430E-007
         131  0.000000000000000E+000  0.000000000000000E+000
  4.875361704028645E-009 -1.667945566842597E-008
  3.169916513708099E-008  3.274316178028964E-007
         132  0.000000000000000E+000  0.000000000000000E+000
 -7.513861124774249E-009 -1.299581740734999E-008
  2.933205552612181E-007  1.863603950392910E-007
         133  0.000000000000000E+000  0.000000000000000E+000
 -7.127423205720138E-009 -1.053898489848178E-009
  3.825115677924135E-007 -2.261836330855330E-007
         134  0.000000000000000E+000  0.000000000000000E+000
  1.418995225803725E-009 -1.952387689535776E-010
 -1.313421255116099E-007 -4.587788617609047E-007
         135  0.000000000000000E+000  0.000000000000000E+000
  7.012354431324963E-009 -3.910069918147870E-009
 -4.667003839508438E-007 -6.307233387503067E-008
         136  0.000000000000000E+000  0.000000000000000E+000
  6.777785143457652E-009 -1.663728086870444E-008
 -3.306245309042850E-007  4.051860397208655E-007
         137  0.000000000000000E+000  0.000000000000000E+000
 -9.478268238145184E-009 -1.771040064206734E-008
  2.213224264743552E-007  5.698578597579640E-007
         138  0.000000000000000E+000  0.000000000000000E+000
 -1.390287685958714E-008 -3.930382007999998E-009
  7.297833244275401E-007  2.582326762895179E-008
         139  0.000000000000000E+000  0.000000000000000E+000
 -5.555414952343145E-009  1.167060103449545E-009
  2.413381757603568E-007 -7.099568873755633E-007
         140  0.000000000000000E+000  0.000000000000000E+000
  4.522769062466124E-010  2.796768943233198E-010
 -5.671290657180795E-007 -4.785192845090949E-007
         141  0.000000000000000E+000  0.000000000000000E+000
  4.666888789020014E-009 -7.618179221628048E-009
 -7.299140997622621E-007  3.484161443147697E-007
         142  0.000000000000000E+000  0.000000000000000E+000
 -5.009003862381474E-009 -1.378475529851322E-008
  2.944500833000150E-008  9.059918115515521E-007
         143  0.000000000000000E+000  0.000000000000000E+000
 -1.101340748280932E-008 -6.681686701679945E-009
  9.210924524559513E-007  3.723947942397319E-007
         144  0.000000000000000E+000  0.000000000000000E+000
 -7.109122889300199E-009 -1.978065451494240E-009
  6.980255025253480E-007 -7.600858753524375E-007
         145  0.000000000000000E+000  0.000000000000000E+000
 -6.120149179476724E-009 -2.181066204602797E-009
 -4.275742610820358E-007 -9.089571094273649E-007
         146  0.000000000000000E+000  0.000000000000000E+000
 -3.825396261042141E-009 -1.032022382091505E-009
 -1.013536879188178E-006 -7.664394079831647E-009
         147  0.000000000000000E+000  0.000000000000000E+000
 -2.161580883335549E-009 -4.614823739195164E-009
 -4.902200207229938E-007  9.544704744681091E-007
         148  0.000000000000000E+000  0.000000000000000E+000
 -6.109842275523839E-009 -4.987353368795948E-009
  6.623652904675632E-007  9.132888344593895E-007
         149  0.000000000000000E+000  0.000000000000000E+000
 -5.783614832397970E-009 -2.516781186983430E-009
  1.151889099479564E-006 -1.794512098830285E-007
         150  0.000000000000000E+000  0.000000000000000E+000
 -4.755862181719062E-009 -4.300526188871547E-009
  3.317362479690970E-007 -1.091035601444866E-006
         151  0.000000000000000E+000  0.000000000000000E+000
 -7.475279399641198E-009 -3.712365066575683E-009
 -7.676506523971967E-007 -7.633089262118579E-007
         152  0.000000000000000E+000  0.000000000000000E+000
 -6.734167457786012E-009 -1.845092506413085E-009
 -1.024513745061564E-006  2.937532629148309E-007
         153  0.000000000000000E+000  0.000000000000000E+000
 -7.116203056775490E-009 -2.382815100502160E-009
 -2.368902105133904E-007  1.042915878461735E-006
         154  0.000000000000000E+000  0.000000000000000E+000
 -7.063641857655275E-009 -3.582199910182886E-010
  7.775478015553988E-007  7.048000787258329E-007
         155  0.000000000000000E+000  0.000000000000000E+000
 -4.918567782778132E-009 -9.633609453776012E-010
  9.324148149982599E-007 -2.981615857037391E-007
         156  0.000000000000000E+000  0.000000000000000E+000
 -6.560553075288168E-009 -2.728668081245182E-009
  2.234083775284780E-007 -8.436845080812606E-007
         157  0.000000000000000E+000  0.000000000000000E+000
 -8.198112217523796E-009 -1.195368194314280E-009
 -5.253926227584704E-007 -5.813828210844873E-007
         158  0.000000000000000E+000  0.000000000000000E+000
 -7.837567466525817E-009  3.762612692838133E-010
 -6.967166400586120E-007  1.147562886388997E-007
         159  0.000000000000000E+000  0.000000000000000E+000
 -6.893952472733337E-009  8.639473034301088E-010
 -2.752023794753013E-007  5.824370665455704E-007
         160  0.000000000000000E+000  0.000000000000000E+000
 -6.609612060420804E-009  4.532578728310224E-010
  2.801522767947056E-007  5.414447182403110E-007
         161  0.000000000000000E+000  0.000000000000000E+000
 -7.352330322378788E-009 -7.005353759516731E-011
  5.719362808037607E-007  1.082770951559805E-007
         162  0.000000000000000E+000  0.000000000000000E+000
 -9.229139027599067E-009  1.220572538083352E-009
  4.181231587519950E-007 -3.454728945639420E-007
         163  0.000000000000000E+000  0.000000000000000E+000
 -8.602506870288305E-009  4.607872750391096E-009
  5.704859664299660E-009 -5.110470416601013E-007
         164  0.000000000000000E+000  0.000000000000000E+000
 -4.616515913647446E-009  4.810299355309523E-009
 -3.857730073785244E-007 -2.961574739524550E-007
         165  0.000000000000000E+000  0.000000000000000E+000
 -4.230643774222142E-009  1.747076894335952E-009
 -4.409374786940102E-007  1.497861018316891E-007
         166  0.000000000000000E+000  0.000000000000000E+000
 -5.712144308717920E-009  1.189581737520428E-009
 -8.880544790471993E-008  4.156150862879730E-007
         167  0.000000000000000E+000  0.000000000000000E+000
 -7.897162863338495E-009  8.729692652241717E-011
  2.327804865083717E-007  2.982802839623380E-007
         168  0.000000000000000E+000  0.000000000000000E+000
 -1.189609629916166E-008  3.660202422422958E-009
  3.902739019134659E-007  3.839474388693924E-008
         169  0.000000000000000E+000  0.000000000000000E+000
 -9.036009436548340E-009  1.041832388725234E-008
  2.708281490332473E-007 -2.934815100063462E-007
         170  0.000000000000000E+000  0.000000000000000E+000
 -2.728059261723184E-009  8.993569798430838E-009
 -6.926436856523699E-008 -3.411728437571073E-007
         171  0.000000000000000E+000  0.000000000000000E+000
 -2.160538503656183E-009  6.359313258078481E-009
 -2.238911182916585E-007 -1.107803711344222E-007
         172  0.000000000000000E+000  0.000000000000000E+000
 -8.759476732034151E-010  2.956526918956876E-009
 -2.158496601186964E-007  1.554216409114997E-008
         173  0.000000000000000E+000  0.000000000000000E+000
 -7.453313557159465E-009  4.649383902620314E-010
 -1.335398113553630E-007  2.364271648694117E-007
         174  0.000000000000000E+000  0.000000000000000E+000
 -1.080713980312379E-008  8.472948481166854E-009
  1.511525095564625E-007  2.144457590877940E-007
         175  0.000000000000000E+000  0.000000000000000E+000
 -4.260651181594640E-009  1.183270113649451E-008
  2.341800711598060E-007  2.744368605111838E-008
         176  0.000000000000000E+000  0.000000000000000E+000
 -1.730351151281893E-009  1.102513074461171E-008
  2.225467584875401E-007 -1.378390206449858E-007
         177  0.000000000000000E+000  0.000000000000000E+000
  3.725213865930838E-009  8.619937954112318E-009
  6.877556108274132E-009 -3.618210489222258E-007
         178  0.000000000000000E+000  0.000000000000000E+000
 -1.008448493172260E-010  1.238579426472178E-009
 -3.270023675973336E-007 -8.392973348130570E-008
         179  0.000000000000000E+000  0.000000000000000E+000
 -6.825155125408057E-009  5.259697128859444E-009
 -9.454196580393901E-008  2.025795800924572E-007
         180  0.000000000000000E+000  0.000000000000000E+000
 -2.859052522155097E-009  1.154663675649143E-008
  1.161894848150412E-007  9.191157153763855E-008
         181  0.000000000000000E+000  0.000000000000000E+000
  1.006687866664314E-009  9.363088108313947E-009
  1.070135442019397E-007 -8.545306104472597E-008
         182  0.000000000000000E+000  0.000000000000000E+000
  2.694485044113427E-009  8.246733362928397E-009
 -4.966863812448926E-008 -1.617897373603008E-007
         183  0.000000000000000E+000  0.000000000000000E+000
  1.392752628750526E-009  2.512200104696320E-009
 -2.548060129829533E-007  8.863681066845941E-008
         184  0.000000000000000E+000  0.000000000000000E+000
 -5.805953405608390E-009  5.717948912386518E-009
  1.557105870421147E-007  3.475491207054443E-007
         185  0.000000000000000E+000  0.000000000000000E+000
 -3.016511435697631E-009  1.448277060032123E-008
  4.510808074106644E-007 -1.166729563089219E-007
         186  0.000000000000000E+000  0.000000000000000E+000
  6.668212084577698E-009  1.279638651992880E-008
  8.753336121712876E-008 -5.057944271378024E-007
         187  0.000000000000000E+000  0.000000000000000E+000
  7.224000395087626E-009  6.418014596902021E-009
 -4.153172696423709E-007 -3.588783790262007E-007
         188  0.000000000000000E+000  0.000000000000000E+000
  5.222780969959706E-009  1.594015308458867E-009
 -6.249437089647588E-007  1.770359234914148E-007
         189  0.000000000000000E+000  0.000000000000000E+000
 -3.740872380867265E-009  2.808278152274603E-009
 -6.449731285864845E-008  7.763772653052679E-007
         190  0.000000000000000E+000  0.000000000000000E+000
 -3.256464782159883E-009  1.360649168383089E-008
  7.485520814577944E-007  3.202647643352943E-007
         191  0.000000000000000E+000  0.000000000000000E+000
  8.207734213817112E-009  1.536450563116725E-008
  6.075200067513903E-007 -5.436166179650022E-007
         192  0.000000000000000E+000  0.000000000000000E+000
  1.213840828728010E-008  7.552104063238589E-009
 -1.802341477222878E-007 -8.184516541253091E-007
         193  0.000000000000000E+000  0.000000000000000E+000
  1.056612630253802E-008  1.065572030380550E-009
 -8.598035317150623E-007 -2.629185311425794E-007
         194  0.000000000000000E+000  0.000000000000000E+000
  2.381022560650530E-009 -2.548022321808553E-010
 -5.698861625193366E-007  7.127846741329726E-007
         195  0.000000000000000E+000  0.000000000000000E+000
  6.964894749917666E-010  7.070833204986836E-009
  4.227254131389371E-007  7.000803489680935E-007
         196  0.000000000000000E+000  0.000000000000000E+000
  7.186598756546595E-009  1.016752275918794E-008
  7.161581820205663E-007 -8.554977786737016E-008
         197  0.000000000000000E+000  0.000000000000000E+000
  1.123192120078999E-008  4.787990182084002E-009
  2.421210249978937E-007 -6.287606820286354E-007
         198  0.000000000000000E+000  0.000000000000000E+000
  8.969840187385789E-009  9.554398363264937E-010
 -3.990917934431454E-007 -5.033492883044287E-007
         199  0.000000000000000E+000  0.000000000000000E+000
  5.296991717955268E-009  1.468990569112224E-010
 -6.051774375257810E-007  1.044938158959145E-007
         200  0.000000000000000E+000  0.000000000000000E+000
  3.910044626630464E-009  4.052505830579337E-009
 -1.573311577979549E-007  4.959393172698360E-007
         201  0.000000000000000E+000  0.000000000000000E+000
  7.427124935054600E-009  5.636497003013730E-009
  2.693414373136830E-007  3.231810713826277E-007
         202  0.000000000000000E+000  0.000000000000000E+000
  1.055813497900912E-008  3.201253148631239E-009
  3.848222807058599E-007 -2.178518808297674E-008
         203  0.000000000000000E+000  0.000000000000000E+000
  9.564236458120505E-009 -7.449902522572361E-010
  2.158868022008608E-007 -3.413440495214719E-007
         204  0.000000000000000E+000  0.000000000000000E+000
  6.702336270290093E-009 -1.370032040468804E-009
 -1.693587734076432E-007 -4.124463893359113E-007
         205  0.000000000000000E+000  0.000000000000000E+000
  4.796486727684832E-009  2.826090175546030E-010
 -4.583842598554736E-007 -1.040112284907873E-007
         206  0.000000000000000E+000  0.000000000000000E+000
  6.138846479026116E-009  2.821022664591829E-009
 -3.713375893444494E-007  3.055010770247477E-007
         207  0.000000000000000E+000  0.000000000000000E+000
  9.012318998523900E-009  2.276968396811666E-009
  3.289082000645221E-008  5.053771328810229E-007
         208  0.000000000000000E+000  0.000000000000000E+000
  1.017870574470740E-008 -1.206359714972562E-010
  4.753909353222863E-007  2.510765838810312E-007
         209  0.000000000000000E+000  0.000000000000000E+000
  9.456838047518321E-009 -2.330453162800356E-009
  4.898686526855896E-007 -3.061159576904860E-007
         210  0.000000000000000E+000  0.000000000000000E+000
  8.192661916700695E-009 -3.336793253579336E-009
 -1.292036816583759E-008 -6.413358277483950E-007
         211  0.000000000000000E+000  0.000000000000000E+000
  6.796227018257230E-009 -3.499096816997974E-009
 -6.107818016854603E-007 -3.406576935720331E-007
         212  0.000000000000000E+000  0.000000000000000E+000
  6.192292673085345E-009 -3.288138730504096E-009
 -6.175056763087358E-007  3.483867522748083E-007
         213  0.000000000000000E+000  0.000000000000000E+000
  5.448651301015686E-009 -2.141471712281664E-009
 -4.068086248167069E-008  6.879628058550846E-007
         214  0.000000000000000E+000  0.000000000000000E+000
  7.023784653111943E-009 -1.483835049873424E-009
  5.352556168792773E-007  3.807668869164432E-007
         215  0.000000000000000E+000  0.000000000000000E+000
  8.721930859596756E-009 -2.408963997850097E-009
  5.715948236885226E-007 -2.709764198039829E-007
         216  0.000000000000000E+000  0.000000000000000E+000
  8.597853684002479E-009 -5.162004708474202E-009
  2.013355319611415E-008 -5.570542530902505E-007
         217  0.000000000000000E+000  0.000000000000000E+000
  7.760122583383588E-009 -6.143157624046088E-009
 -3.506156880824290E-007 -2.935619667724303E-007
         218  0.000000000000000E+000  0.000000000000000E+000
  5.350734630845993E-009 -8.115941691838331E-009
 -4.295380912931902E-007  1.279891482447451E-008
         219  0.000000000000000E+000  0.000000000000000E+000
  3.282850794492892E-009 -5.930859637768682E-009
 -3.124749322890729E-007  3.182868950031011E-007
         220  0.000000000000000E+000  0.000000000000000E+000
  3.596356137853685E-009 -4.251158288393343E-009
  2.487315420988311E-008  4.613962716769169E-007
         221  0.000000000000000E+000  0.000000000000000E+000
  5.838698006543003E-009 -4.156535902088874E-009
  3.234870688895240E-007  2.737837854429479E-007
         222  0.000000000000000E+000  0.000000000000000E+000
  6.718590796341037E-009 -5.080790990083399E-009
  4.815448396418706E-007 -7.288765362501929E-009
         223  0.000000000000000E+000  0.000000000000000E+000
  8.133594319078145E-009 -9.148573172377022E-009
  3.260690400071292E-007 -5.224646157621215E-007
         224  0.000000000000000E+000  0.000000000000000E+000
  2.980408482841901E-009 -1.114203502208986E-008
 -3.550345517718609E-007 -5.957929812948388E-007
         225  0.000000000000000E+000  0.000000000000000E+000
  5.632501666549530E-010 -9.181140320775200E-009
 -7.249037605806844E-007  5.511885301035086E-009
         226  0.000000000000000E+000  0.000000000000000E+000
  8.139609904725144E-010 -6.922567611087210E-009
 -4.207024428887523E-007  5.825353239664223E-007
         227  0.000000000000000E+000  0.000000000000000E+000
  1.006006284404582E-009 -6.239047295706698E-009
  2.467256150205136E-007  7.605667641832768E-007
         228  0.000000000000000E+000  0.000000000000000E+000
  4.163285941650065E-009 -7.079673156387868E-009
  8.164002210344096E-007  1.054661597173563E-007
         229  0.000000000000000E+000  0.000000000000000E+000
  8.842789727572344E-010 -1.087794771085207E-008
  3.632223085117721E-007 -6.157688553186795E-007
         230  0.000000000000000E+000  0.000000000000000E+000
 -1.867922636994322E-009 -8.991555099192272E-009
 -3.217561722810958E-007 -4.888000009171173E-007
         231  0.000000000000000E+000  0.000000000000000E+000
 -2.086455443571618E-009 -6.314482141237434E-009
 -4.686502915798688E-007  1.667351625251444E-008
         232  0.000000000000000E+000  0.000000000000000E+000
 -1.012015463153296E-009 -5.608178965011971E-009
 -2.078070128932481E-007  3.706742222388355E-007
         233  0.000000000000000E+000  0.000000000000000E+000
  2.417113678123871E-009 -5.352747607828409E-009
  2.138142956428197E-007  2.122805346083855E-007
         234  0.000000000000000E+000  0.000000000000000E+000
  1.404586661150855E-009 -1.282236088433765E-008
  3.036786959320210E-008 -8.919964857570152E-008
         235  0.000000000000000E+000  0.000000000000000E+000
 -6.857292337468978E-009 -1.081708991110142E-008
 -1.113831382052467E-007  1.658178104825001E-007
         236  0.000000000000000E+000  0.000000000000000E+000
 -7.547958004604538E-009 -4.243951789185065E-009
  2.252589698322951E-007  2.732389527759348E-007
         237  0.000000000000000E+000  0.000000000000000E+000
 -2.280238900568446E-009 -1.177383071100643E-009
  4.117855973056557E-007 -1.204035577993909E-007
         238  0.000000000000000E+000  0.000000000000000E+000
  2.073362260170086E-009 -3.221440595012767E-009
  1.491448417055405E-007 -4.582080907804525E-007
         239  0.000000000000000E+000  0.000000000000000E+000
  4.431630287840364E-009 -1.081462244559172E-008
 -4.209547194742989E-007 -4.783031531735431E-007
         240  0.000000000000000E+000  0.000000000000000E+000
 -5.942545421196881E-009 -1.592662226016174E-008
 -7.477493978573978E-007  2.398089708079007E-007
         241  0.000000000000000E+000  0.000000000000000E+000
 -1.219113764051614E-008 -8.097732458342134E-009
 -1.145046104936788E-007  8.415977866430516E-007
         242  0.000000000000000E+000  0.000000000000000E+000
 -9.137686435085186E-009 -9.790638345671936E-010
  6.788711634728615E-007  5.010738024691753E-007
         243  0.000000000000000E+000  0.000000000000000E+000
 -3.617390313785889E-009 -3.176952780890092E-010
  7.578720935062870E-007 -2.739627030443676E-007
         244  0.000000000000000E+000  0.000000000000000E+000
  9.811568527555516E-010 -4.576587913174757E-009
  1.558836010337320E-007 -8.192875359544195E-007
         245  0.000000000000000E+000  0.000000000000000E+000
 -3.960536102040842E-009 -1.168317665888715E-008
 -6.767057701112690E-007 -4.639888015418172E-007
         246  0.000000000000000E+000  0.000000000000000E+000
 -1.084000343690541E-008 -8.136221372119350E-009
 -6.381673578316237E-007  3.836426510781360E-007
         247  0.000000000000000E+000  0.000000000000000E+000
 -1.084494604982291E-008 -2.486172206414994E-009
  2.533944993378603E-008  6.518928828659039E-007
         248  0.000000000000000E+000  0.000000000000000E+000
 -7.825996410370715E-009 -5.509381388939600E-010
  4.785208844459336E-007  3.037607240553040E-007
         249  0.000000000000000E+000  0.000000000000000E+000
 -4.994689117362648E-009 -1.173357006754086E-009
  4.510260516359016E-007 -2.077804894959683E-007
         250  0.000000000000000E+000  0.000000000000000E+000
 -5.601375313206087E-009 -4.827485885745152E-009
  3.447741874698466E-008 -3.683393911190479E-007
         251  0.000000000000000E+000  0.000000000000000E+000
 -9.673629764689626E-009 -3.437096133849644E-009
 -1.706064652040803E-007 -1.616605654882751E-007
         252  0.000000000000000E+000  0.000000000000000E+000
 -9.025543544726122E-009  8.103724000831204E-012
 -1.757238664843940E-007 -1.680816217679939E-008
         253  0.000000000000000E+000  0.000000000000000E+000
 -6.631792818337268E-009  4.359545150179078E-010
 -1.601527013810693E-007  1.079423577247809E-007
         254  0.000000000000000E+000  0.000000000000000E+000
 -6.233733659655080E-009 -9.360188405430855E-010
 -2.093357144688590E-008  2.396915152413476E-007
         255  0.000000000000000E+000  0.000000000000000E+000
 -7.164541067038926E-009 -1.462492803020478E-009
  2.027811334513555E-007  1.851604749929764E-007
         256  0.000000000000000E+000  0.000000000000000E+000
 -8.555051547050289E-009 -9.765203791294093E-010
  2.960608411863904E-007 -4.937665500227653E-008
