   409.600000000000     
         256           1           3
  1.124309127438499E-002   38.7848414555598        116.251161533917     
   39.0000000000000        116.000000000000        6351.00000000000     
           0  0.000000000000000E+000  0.000000000000000E+000
  0.000000000000000E+000  0.000000000000000E+000
  0.000000000000000E+000  0.000000000000000E+000
           1 -4.279170645363701E-005  3.968971544454066E-007
 -2.298263520514617E-005  2.364415774033042E-007
 -3.856716910460628E-005 -4.149287047762395E-008
           2 -4.306716003335658E-005  7.122962547021230E-007
 -2.321948657310363E-005  4.307828043639112E-007
 -3.842547249715167E-005 -2.617464490257063E-007
           3 -4.352607062877317E-005  1.007853804596280E-006
 -2.363399756644272E-005  6.740843841426728E-007
 -3.829704598075386E-005 -8.073063376247209E-007
           4 -4.421492593456517E-005  1.216105153636194E-006
 -2.421587938970996E-005  9.715583234625252E-007
 -3.836878882127502E-005 -1.810528398822401E-006
           5 -4.522802227716559E-005  1.318001095989203E-006
 -2.498417255874583E-005  1.342701093925686E-006
 -3.891011852519239E-005 -3.273915944461951E-006
           6 -4.666524711800460E-005  1.321924296370867E-006
 -2.593829618345803E-005  1.794575007348530E-006
 -4.012855951309740E-005 -5.180050738138900E-006
           7 -4.868165452896085E-005  1.254365265573205E-006
 -2.714974479561627E-005  2.364117535676803E-006
 -4.239295224812028E-005 -7.333664008253634E-006
           8 -5.146102078283800E-005  1.252153894717574E-006
 -2.863281757918735E-005  3.178275637084739E-006
 -4.581065636906609E-005 -9.292794494595257E-006
           9 -5.511994067252228E-005  1.519077091396462E-006
 -3.031306702228325E-005  4.273891500508211E-006
 -5.025169217549971E-005 -1.095600969809025E-005
          10 -5.975331561729252E-005  2.299261117377241E-006
 -3.220839309684940E-005  5.722936179069933E-006
 -5.590413280774945E-005 -1.206283589022187E-005
          11 -6.538367121822188E-005  3.862723149237825E-006
 -3.427819303754298E-005  7.568347278427453E-006
 -6.281788441152763E-005 -1.240872405557355E-005
          12 -7.206280820451654E-005  6.497160374212111E-006
 -3.664894930731959E-005  9.904671420619593E-006
 -7.151297703206131E-005 -1.148070370899471E-005
          13 -7.980336589383266E-005  1.064662547473290E-005
 -3.904892456472030E-005  1.318331396688772E-005
 -8.105590916119512E-005 -7.643178404201156E-006
          14 -8.842060642516049E-005  1.681659387716782E-005
 -4.110218026197805E-005  1.721255902972574E-005
 -9.015593220822841E-005 -1.454385608024284E-006
          15 -9.767219336263719E-005  2.550778397566937E-005
 -4.268958188563830E-005  2.173896296317373E-005
 -9.834828485376811E-005  6.282013967631640E-006
          16 -1.070517759478216E-004  3.739660103310448E-005
 -4.412504845911675E-005  2.664944553564125E-005
 -1.066666055610704E-004  1.510856848229342E-005
          17 -1.157502515435764E-004  5.283466848109353E-005
 -4.533936875650473E-005  3.260914378930253E-005
 -1.149609427593741E-004  2.742183485662838E-005
          18 -1.230649916129872E-004  7.222554260108896E-005
 -4.562054671400688E-005  3.922196996188307E-005
 -1.203404699220921E-004  4.187745913187512E-005
          19 -1.277816822151412E-004  9.599021833091972E-005
 -4.528971428097230E-005  4.620818659108599E-005
 -1.238000260227939E-004  5.685021127445844E-005
          20 -1.283990583271842E-004  1.240915320331993E-004
 -4.444642595101095E-005  5.382176288390766E-005
 -1.260416002327899E-004  7.270542807025190E-005
          21 -1.232209627854228E-004  1.562418497785929E-004
 -4.312217796704191E-005  6.241935814456896E-005
 -1.275965142991007E-004  9.023151650146754E-005
          22 -1.099931736200597E-004  1.913968232129328E-004
 -4.046256437018125E-005  7.234305162360660E-005
 -1.261898612836916E-004  1.100855082013472E-004
          23 -8.692640934616595E-005  2.271339546091196E-004
 -3.615954253047658E-005  8.322008377006966E-005
 -1.219950300058683E-004  1.303598849596691E-004
          24 -5.318859097649025E-005  2.606492791983914E-004
 -2.976133787631118E-005  9.529467306852389E-005
 -1.155791512664311E-004  1.521147450238933E-004
          25 -8.580109884915311E-006  2.886334786953168E-004
 -2.033643438487039E-005  1.081239517341455E-004
 -1.053144209007835E-004  1.751567452880486E-004
          26  4.572392348270745E-005  3.075465641334099E-004
 -7.183044254970161E-006  1.211199536319562E-004
 -9.011276050921593E-005  1.989030615015420E-004
          27  1.077569473308202E-004  3.144950687149586E-004
  1.022131726002599E-005  1.332211330205079E-004
 -6.952269386298933E-005  2.212775490512735E-004
          28  1.746481714757510E-004  3.063074388401438E-004
  3.230881432339012E-005  1.432986602903523E-004
 -4.428505569351640E-005  2.414468493644754E-004
          29  2.416953233062472E-004  2.810745443401326E-004
  5.923204100979457E-005  1.495164305855742E-004
 -1.378834558591757E-005  2.586557196344931E-004
          30  3.040055255544909E-004  2.385447315794851E-004
  8.993173482701458E-005  1.500006644648203E-004
  2.135281675101750E-005  2.708140270420194E-004
          31  3.562093225248412E-004  1.800162257370942E-004
  1.229595980560708E-004  1.435863597994868E-004
  5.974164044949026E-005  2.767474931176079E-004
          32  3.938534220695202E-004  1.091537667287320E-004
  1.567607533703432E-004  1.293491282997005E-004
  9.981649768555254E-005  2.758109036382183E-004
          33  4.143835599877820E-004  3.029127762322218E-005
  1.893468867161336E-004  1.065802610491181E-004
  1.399786653581598E-004  2.679398572220084E-004
          34  4.162566543946334E-004 -5.179847665098883E-005
  2.182673355550282E-004  7.523904000342088E-005
  1.789793961403952E-004  2.533421775199454E-004
          35  3.996988597631156E-004 -1.322456330092467E-004
  2.411717343385640E-004  3.620367820570195E-005
  2.155895000148917E-004  2.323707171050224E-004
          36  3.658375551402713E-004 -2.068212564516228E-004
  2.560779816495950E-004 -9.067054949174473E-006
  2.486490351666478E-004  2.056423533005778E-004
          37  3.169785080627160E-004 -2.715275425937797E-004
  2.615876424371490E-004 -5.876072071264952E-005
  2.774560827211943E-004  1.737238678611042E-004
          38  2.562993853909540E-004 -3.237447790742191E-004
  2.562274169386379E-004 -1.107841902525774E-004
  3.002533848232937E-004  1.375961336024851E-004
          39  1.866457858709095E-004 -3.615462132306532E-004
  2.396000521566552E-004 -1.621577758645604E-004
  3.171826963589742E-004  9.955477778383106E-005
          40  1.116848858832222E-004 -3.830026769590748E-004
  2.122033482825247E-004 -2.106494427408467E-004
  3.289996401675536E-004  5.970235345416822E-005
          41  3.579351179746765E-005 -3.878718228589369E-004
  1.744557181252217E-004 -2.539120823365866E-004
  3.349090637025984E-004  1.884903323690900E-005
          42 -3.726547876117554E-005 -3.770963142160728E-004
  1.274224235200255E-004 -2.897299182071844E-004
  3.345394038382344E-004 -2.228381170855114E-005
          43 -1.043772700315217E-004 -3.525471540977040E-004
  7.292453621661017E-005 -3.156845508041106E-004
  3.281350096276630E-004 -6.107689566590637E-005
          44 -1.635042513271940E-004 -3.163196730312183E-004
  1.378008128324058E-005 -3.307072314048652E-004
  3.186602057398051E-004 -9.740904632567912E-005
          45 -2.127509543241702E-004 -2.702810561726719E-004
 -4.848166148576934E-005 -3.345190601982237E-004
  3.047319990460979E-004 -1.329522918726124E-004
          46 -2.504277831354517E-004 -2.171488860714157E-004
 -1.116185245250732E-004 -3.260135405764177E-004
  2.863289376810140E-004 -1.655927667806759E-004
          47 -2.761059898475576E-004 -1.597627516715738E-004
 -1.729784676754158E-004 -3.049518491759680E-004
  2.644220277876618E-004 -1.941612395112030E-004
          48 -2.897165772706113E-004 -1.004587123183447E-004
 -2.295555402329431E-004 -2.719501370961496E-004
  2.415712070373626E-004 -2.185531999475827E-004
          49 -2.914981565103006E-004 -4.156062398346438E-005
 -2.794546170282307E-004 -2.290639977654290E-004
  2.176181522122927E-004 -2.422523286211138E-004
          50 -2.820423626464088E-004  1.473961469561744E-005
 -3.215969354417291E-004 -1.767453929111271E-004
  1.897466283059670E-004 -2.626804249807675E-004
          51 -2.623313774265809E-004  6.628512945739879E-005
 -3.534476340272701E-004 -1.163537159357125E-004
  1.608368055661156E-004 -2.781524335721799E-004
          52 -2.340832124579178E-004  1.112142659797168E-004
 -3.734587833356321E-004 -5.044243114072170E-005
  1.324769710325069E-004 -2.901763906333028E-004
          53 -1.991820838412966E-004  1.486181511093561E-004
 -3.808059337158457E-004  1.831256259094950E-005
  1.053281530984588E-004 -3.005788428367107E-004
          54 -1.591805793208154E-004  1.777671327862671E-004
 -3.760442070443888E-004  8.772958821077145E-005
  7.607568889454634E-005 -3.099687838924534E-004
          55 -1.158776565507138E-004  1.982076318748803E-004
 -3.585164912675441E-004  1.563181011114327E-004
  4.599797560155663E-005 -3.150239197283708E-004
          56 -7.086265474619484E-005  2.099340079643946E-004
 -3.281292573977437E-004  2.209284137025693E-004
  1.774836638421585E-005 -3.177566636660911E-004
          57 -2.558267166504764E-005  2.129223257062874E-004
 -2.863918333187126E-004  2.792069789989303E-004
 -1.010295824768735E-005 -3.195736667588710E-004
          58  1.827745253597275E-005  2.074497192034413E-004
 -2.348823606786831E-004  3.292381394562992E-004
 -3.904869047799499E-005 -3.211875436915026E-004
          59  5.930310230298212E-005  1.942294561824281E-004
 -1.751021431147611E-004  3.700983884331074E-004
 -7.028008595986893E-005 -3.197937043724597E-004
          60  9.627990844397578E-005  1.741581170626295E-004
 -1.080830058998650E-004  4.000432068092052E-004
 -1.008416698459126E-004 -3.148540864537215E-004
          61  1.284005868205078E-004  1.482677893711748E-004
 -3.660168990876334E-005  4.174691193383343E-004
 -1.317941971068311E-004 -3.087882278471910E-004
          62  1.549646810819403E-004  1.174108391420479E-004
  3.709896546777424E-005  4.224155077322445E-004
 -1.642437696481544E-004 -2.998057076199326E-004
          63  1.752163848499883E-004  8.250664278558318E-005
  1.110541467655472E-004  4.146374469714722E-004
 -1.977791590605669E-004 -2.866325148603671E-004
          64  1.884080199077707E-004  4.487636279024397E-005
  1.831164229110180E-004  3.941157763999643E-004
 -2.308441189293436E-004 -2.682226010093704E-004
          65  1.944757938038899E-004  6.099165190443464E-006
  2.507718604096473E-004  3.612342039168144E-004
 -2.621706850729045E-004 -2.458475370650171E-004
          66  1.937507879285122E-004 -3.280790367605314E-005
  3.120628997339912E-004  3.176777422696692E-004
 -2.925269292020146E-004 -2.186422676383932E-004
          67  1.861810487090306E-004 -7.091043895761007E-005
  3.659524996869858E-004  2.643655799576342E-004
 -3.198907220183687E-004 -1.858173667709904E-004
          68  1.721517289545297E-004 -1.069038410523818E-004
  4.107413874872539E-004  2.022786286260174E-004
 -3.426148799921022E-004 -1.481943957928597E-004
          69  1.522908327404769E-004 -1.401427987224844E-004
  4.448028197144386E-004  1.332037558357278E-004
 -3.597035069539276E-004 -1.066113695977949E-004
          70  1.267333537071199E-004 -1.698257596993077E-004
  4.677013292040291E-004  5.925086341618595E-005
 -3.696101545788262E-004 -6.247958903786747E-005
          71  9.602580229085685E-005 -1.948335823237414E-004
  4.788368704058238E-004 -1.861794635333438E-005
 -3.725631837167619E-004 -1.830201601273430E-005
          72  6.092207987433516E-005 -2.141920422835701E-004
  4.769767357165465E-004 -9.836111858291900E-005
 -3.693013570944428E-004  2.549749799740481E-005
          73  2.268599498165156E-005 -2.267955254058044E-004
  4.619386259575015E-004 -1.776343794279771E-004
 -3.595183355250208E-004  6.748152032149336E-005
          74 -1.689678107462460E-005 -2.325367394114444E-004
  4.341883817044058E-004 -2.542894108937273E-004
 -3.432575183280086E-004  1.060943778911961E-004
          75 -5.694414030921570E-005 -2.316883431827968E-004
  3.936624286854677E-004 -3.267703306703104E-004
 -3.234059255028973E-004  1.387040262484726E-004
          76 -9.624631938239918E-005 -2.241397990514123E-004
  3.407178128622617E-004 -3.919603409872755E-004
 -3.030375611105138E-004  1.680785449154974E-004
          77 -1.337536629639226E-004 -2.107258146382554E-004
  2.779202927827725E-004 -4.478376215209431E-004
 -2.793506254715090E-004  1.951459073405319E-004
          78 -1.692509633933312E-004 -1.916704449555929E-004
  2.065616495665662E-004 -4.936608525423669E-004
 -2.534488293499130E-004  2.178290656698991E-004
          79 -2.017560096359903E-004 -1.670485455334077E-004
  1.279756621189378E-004 -5.281289086358017E-004
 -2.268746109312267E-004  2.358263469771671E-004
          80 -2.306319295200186E-004 -1.373145134431656E-004
  4.377449728275986E-005 -5.497645352037753E-004
 -2.017381873670224E-004  2.505873389329764E-004
          81 -2.547387643106813E-004 -1.024841059452463E-004
 -4.307720461548951E-005 -5.572999125429614E-004
 -1.760052213726968E-004  2.650164612710172E-004
          82 -2.725364744272900E-004 -6.412905044908933E-005
 -1.301940554324850E-004 -5.517657356706420E-004
 -1.483198108778997E-004  2.756685997586079E-004
          83 -2.845613677214918E-004 -2.385944898990432E-005
 -2.164929192330973E-004 -5.331376286288021E-004
 -1.216905689795199E-004  2.823910142730700E-004
          84 -2.906919803237367E-004  1.812961478477377E-005
 -3.000636390783171E-004 -5.011240179012088E-004
 -9.678186945482109E-005  2.869907798513727E-004
          85 -2.906984102734316E-004  6.054245104211290E-005
 -3.786417881587330E-004 -4.557472693299064E-004
 -7.333404708884977E-005  2.912345954435944E-004
          86 -2.852413608578835E-004  1.029026150658339E-004
 -4.493673365990841E-004 -3.983822314434094E-004
 -4.834691894142330E-005  2.944212391187357E-004
          87 -2.740621372377985E-004  1.449906310149417E-004
 -5.113239237950827E-004 -3.308588817067145E-004
 -2.408950184170297E-005  2.941102368576727E-004
          88 -2.571520822089163E-004  1.861941131092308E-004
 -5.632352908151047E-004 -2.537391759159288E-004
 -2.307960278135922E-006  2.930288692222826E-004
          89 -2.339021288332872E-004  2.263428363225279E-004
 -6.031177865750139E-004 -1.687085749517712E-004
  1.892309886495967E-005  2.922207913638178E-004
          90 -2.033901775040206E-004  2.633583394681212E-004
 -6.297871329368516E-004 -7.776656470365495E-005
  4.107378250435935E-005  2.918163230529577E-004
          91 -1.673718513330392E-004  2.953574956347969E-004
 -6.426683659562903E-004  1.656069739012660E-005
  6.458932189779079E-005  2.890978096139845E-004
          92 -1.269636934161757E-004  3.225763865845001E-004
 -6.419689682524868E-004  1.127285594203161E-004
  8.634372657979553E-005  2.845496505218840E-004
          93 -8.235081774332593E-005  3.446793693809305E-004
 -6.266268389844313E-004  2.091576676529966E-004
  1.082896534850336E-004  2.812795642528057E-004
          94 -3.385132233885046E-005  3.612658657923281E-004
 -5.967535269694234E-004  3.029265864519797E-004
  1.324182535969223E-004  2.773066152168675E-004
          95  1.860295934447254E-005  3.714436998742943E-004
 -5.532241028919037E-004  3.919139714974780E-004
  1.587273032882893E-004  2.708485187784048E-004
          96  7.406687713431417E-005  3.737654223852278E-004
 -4.972419748183763E-004  4.746659264180920E-004
  1.851814072663192E-004  2.608038221981806E-004
          97  1.314137572319972E-004  3.677373315452927E-004
 -4.289629114283894E-004  5.503781350878986E-004
  2.112448579031825E-004  2.500074802643108E-004
          98  1.897757494898756E-004  3.520725964435629E-004
 -3.484103272359776E-004  6.161054734590363E-004
  2.406768005274169E-004  2.366558619813804E-004
          99  2.466902087473909E-004  3.258859281396254E-004
 -2.581251860704526E-004  6.696530034797647E-004
  2.714415542261499E-004  2.172607423954317E-004
         100  3.001047542550716E-004  2.896155418370813E-004
 -1.599101026717137E-004  7.104972699973937E-004
  3.010628294855704E-004  1.917192311143608E-004
         101  3.482301571085064E-004  2.435645418293314E-004
 -5.481841121133028E-005  7.376351701305060E-004
  3.278925980575237E-004  1.605631746215051E-004
         102  3.890779350491682E-004  1.886526186907089E-004
  5.584744379669314E-005  7.492504729290953E-004
  3.519396442178682E-004  1.238205981403714E-004
         103  4.214473807146473E-004  1.258519643828900E-004
  1.692275170050421E-004  7.440503282451507E-004
  3.700399370011944E-004  8.039684182534153E-005
         104  4.432068400780861E-004  5.568006121315386E-005
  2.833275225783918E-004  7.217015029200381E-004
  3.793253552914105E-004  3.331986743341090E-005
         105  4.520101170196218E-004 -1.954171044376082E-005
  3.957834359280624E-004  6.809559266819661E-004
  3.797214945766039E-004 -1.446627802868768E-005
         106  4.467920653133304E-004 -9.732628863357391E-005
  5.030809829703729E-004  6.212411871541115E-004
  3.712349816086767E-004 -6.054521608668777E-005
         107  4.261373302610283E-004 -1.749276086522990E-004
  6.016366147342044E-004  5.432220836296426E-004
  3.557133903618301E-004 -1.017828725168217E-004
         108  3.897088225312950E-004 -2.482993633817453E-004
  6.883038080415869E-004  4.476784141181851E-004
  3.364637722569170E-004 -1.383476979257052E-004
         109  3.386949449847769E-004 -3.137038699093959E-004
  7.587179913999464E-004  3.361401856326885E-004
  3.130425943497350E-004 -1.709395952766721E-004
         110  2.751336019461008E-004 -3.676552826667772E-004
  8.094001835411639E-004  2.122389006880643E-004
  2.868448461546818E-004 -1.979325913343309E-004
         111  2.025558284900629E-004 -4.076770796415988E-004
  8.381572948455946E-004  8.015835469525983E-005
  2.599650762808183E-004 -2.193357964555122E-004
         112  1.239688871104082E-004 -4.331036019307293E-004
  8.440638853123394E-004 -5.607310181158401E-005
  2.346171323915845E-004 -2.369481704156051E-004
         113  4.195394131103186E-005 -4.427742137681961E-004
  8.259445838636967E-004 -1.926658576633367E-004
  2.088750463941143E-004 -2.537103171494542E-004
         114 -4.000708401997640E-005 -4.362748119601992E-004
  7.838755009585995E-004 -3.240857741230100E-004
  1.816790004939470E-004 -2.663116194608889E-004
         115 -1.188871165718083E-004 -4.139852313850821E-004
  7.199812826204859E-004 -4.461933054997037E-004
  1.564022069962938E-004 -2.753397298442376E-004
         116 -1.914241945743239E-004 -3.764888081324997E-004
  6.361775652245058E-004 -5.556591541221728E-004
  1.331294232460474E-004 -2.834337298561090E-004
         117 -2.542417955475850E-004 -3.255198164478492E-004
  5.347576876479178E-004 -6.492495964534669E-004
  1.103076296795534E-004 -2.924203102967037E-004
         118 -3.046944770884351E-004 -2.637062098522995E-004
  4.184097963415914E-004 -7.232899737002414E-004
  8.445584045547466E-005 -3.001060517801960E-004
         119 -3.408837523648385E-004 -1.943211085934587E-004
  2.922140055388183E-004 -7.752956749789950E-004
  5.936568302058253E-005 -3.038766959866015E-004
         120 -3.623311439020456E-004 -1.208100708947858E-004
  1.600916979348044E-004 -8.051927577349001E-004
  3.620681777752725E-005 -3.079737815904138E-004
         121 -3.690010495807229E-004 -4.582591141528350E-005
  2.520276601428640E-005 -8.119168628290508E-004
  1.142706652464235E-005 -3.127262292290820E-004
         122 -3.609566592498756E-004  2.774905010148547E-005
 -1.082280522006814E-004 -7.949112717514466E-004
 -1.675503802179230E-005 -3.164024022787297E-004
         123 -3.390844747428162E-004  9.700078691978487E-005
 -2.350582160337739E-004 -7.543651106975855E-004
 -4.670668031081512E-005 -3.149604805000437E-004
         124 -3.048588843654101E-004  1.594813085823466E-004
 -3.505759503246658E-004 -6.932904482032648E-004
 -7.440310933688484E-005 -3.108369675129618E-004
         125 -2.601467938063328E-004  2.131082285358114E-004
 -4.527217105648821E-004 -6.144241941084830E-004
 -1.035957924279052E-004 -3.063947416678621E-004
         126 -2.072725619203307E-004  2.564837030952207E-004
 -5.381840434556420E-004 -5.197107067699757E-004
 -1.347317650875665E-004 -2.978243468755372E-004
         127 -1.483870113828884E-004  2.890204427134039E-004
 -6.039561886214423E-004 -4.128698852189553E-004
 -1.654821760157747E-004 -2.836313424010892E-004
         128 -8.496757582507193E-005  3.103139036083977E-004
 -6.481793848166958E-004 -2.986653673961418E-004
 -1.925889139693568E-004 -2.651563365133171E-004
         129 -1.878054013677449E-005  3.192562155986744E-004
 -6.712912691157665E-004 -1.818053491576850E-004
 -2.174795910548950E-004 -2.460725887004290E-004
         130  4.741020545794115E-005  3.154939321632860E-004
 -6.736380549692832E-004 -6.502460574139500E-005
 -2.422370058033377E-004 -2.231359797144179E-004
         131  1.111356284994187E-004  2.996263275210409E-004
 -6.551654894313201E-004  4.729692128002736E-005
 -2.631304670573707E-004 -1.958756351199559E-004
         132  1.702910474756654E-004  2.730678750977927E-004
 -6.182331920483879E-004  1.508704229380973E-004
 -2.792262476806496E-004 -1.668084980351389E-004
         133  2.243537362323973E-004  2.372009404252721E-004
 -5.659493621022369E-004  2.430531690280817E-004
 -2.911913127053037E-004 -1.375901432602438E-004
         134  2.722524953599866E-004  1.917931153038582E-004
 -5.012110446323834E-004  3.224416887433043E-004
 -3.006616485901195E-004 -1.078446713415458E-004
         135  3.116796424599666E-004  1.380000661777016E-004
 -4.262308887815446E-004  3.873629397232466E-004
 -3.058828460111909E-004 -7.704350518198845E-005
         136  3.419378741166119E-004  7.747829490822819E-005
 -3.446496681584677E-004  4.364078146379977E-004
 -3.066256340989165E-004 -4.761272676463621E-005
         137  3.617429856927373E-004  1.081759657788756E-005
 -2.599623315168345E-004  4.700003771417814E-004
 -3.045485542682758E-004 -2.033909851782426E-005
         138  3.692375398697092E-004 -6.004190367281995E-005
 -1.747349437643863E-004  4.890721461783254E-004
 -3.005756944778226E-004  4.830288107535640E-006
         139  3.634798403920890E-004 -1.326666039655709E-004
 -9.093862734898320E-005  4.947184381284579E-004
 -2.953481157371301E-004  2.814635321221822E-005
         140  3.439618600785904E-004 -2.039240781797048E-004
 -1.030720650514080E-005  4.880953841268406E-004
 -2.894009126948371E-004  4.986408072231872E-005
         141  3.122992492590012E-004 -2.709869870221195E-004
  6.594772368921944E-005  4.705784294972139E-004
 -2.828847473714673E-004  7.037283062773484E-005
         142  2.696831384623883E-004 -3.331920635763573E-004
  1.369383649495286E-004  4.433024462884523E-004
 -2.761015841546096E-004  8.971021646154356E-005
         143  2.159511047106265E-004 -3.889895706198318E-004
  2.018932678597975E-004  4.073161241480716E-004
 -2.695190230206906E-004  1.080932781008255E-004
         144  1.522065039013770E-004 -4.361802919390518E-004
  2.600908811209457E-004  3.638073141283264E-004
 -2.639374266600813E-004  1.264073820090808E-004
         145  7.959420701589059E-005 -4.734300142835308E-004
  3.115243845254911E-004  3.140694583959058E-004
 -2.584198436594415E-004  1.466172981417821E-004
         146 -6.442940745047933E-007 -4.987545124486457E-004
  3.563730540612886E-004  2.581661989081027E-004
 -2.511531561810888E-004  1.674916910205419E-004
         147 -8.639180480361593E-005 -5.107923342219616E-004
  3.935977621015141E-004  1.962770300969929E-004
 -2.435872455588338E-004  1.885350392281031E-004
         148 -1.758808495744519E-004 -5.081441964313510E-004
  4.224093876269428E-004  1.294276729027619E-004
 -2.359958878737560E-004  2.114847706704223E-004
         149 -2.658097039835344E-004 -4.894881663884870E-004
  4.426271226841586E-004  5.853568482024948E-005
 -2.269835024838519E-004  2.382643900471334E-004
         150 -3.529926546223755E-004 -4.556816309799039E-004
  4.544158493414075E-004 -1.657480700723188E-005
 -2.121267313184847E-004  2.681483125756267E-004
         151 -4.358324207419740E-004 -4.074884154747311E-004
  4.556448584255956E-004 -9.632027271766048E-005
 -1.926422760023724E-004  2.971758290125702E-004
         152 -5.122815663229003E-004 -3.450091357952958E-004
  4.445736506393377E-004 -1.787708420544093E-004
 -1.695937079730655E-004  3.283256557348667E-004
         153 -5.802661291781423E-004 -2.688090583381564E-004
  4.204021454395688E-004 -2.629409905398881E-004
 -1.376014505046802E-004  3.612563571558407E-004
         154 -6.371733129716139E-004 -1.789591080157082E-004
  3.811122888319260E-004 -3.472821275906745E-004
 -9.370208772900092E-005  3.909170407255864E-004
         155 -6.792041360288787E-004 -7.714092967359285E-005
  3.242253770349619E-004 -4.291255638055771E-004
 -4.099204961545458E-005  4.093745815325569E-004
         156 -7.040536405983952E-004  3.353164964891217E-005
  2.487448179939048E-004 -5.028729477102334E-004
  1.358914476449587E-005  4.182793702563632E-004
         157 -7.097164192551702E-004  1.504549468277477E-004
  1.570972494498188E-004 -5.645212853425632E-004
  7.343837756478809E-005  4.182361550670148E-004
         158 -6.942088288957096E-004  2.694354723945425E-004
  4.974300097663747E-005 -6.110431154641651E-004
  1.341265185406041E-004  4.023705668397267E-004
         159 -6.578227301656569E-004  3.859699607426584E-004
 -7.122619480662363E-005 -6.369568546517694E-004
  1.872210770164730E-004  3.718649411646505E-004
         160 -6.013603970409727E-004  4.966872659891499E-004
 -2.004511721226705E-004 -6.374271380404825E-004
  2.278085145670193E-004  3.338054146746148E-004
         161 -5.259955863386967E-004  5.981558032112102E-004
 -3.305719268184210E-004 -6.111076639449946E-004
  2.594862725071762E-004  2.941416969244767E-004
         162 -4.332328889179698E-004  6.877586955357667E-004
 -4.568070727437126E-004 -5.593526065716244E-004
  2.829150750666765E-004  2.507887019602045E-004
         163 -3.240612196247040E-004  7.621586960991140E-004
 -5.744742856626136E-004 -4.818854303226492E-004
  2.953496184833485E-004  2.078130583364926E-004
         164 -2.014991302331989E-004  8.174511190439020E-004
 -6.774972327745178E-004 -3.805012952967474E-004
  2.996394424057132E-004  1.694522051662119E-004
         165 -6.933833053758493E-005  8.516148390451547E-004
 -7.610384069407608E-004 -2.588602893728665E-004
  2.994614039795506E-004  1.367211880830987E-004
         166  6.908344109890277E-005  8.625906390818777E-004
 -8.216693082796023E-004 -1.214156836576538E-004
  2.974567098933101E-004  1.080994202861566E-004
         167  2.088361924238046E-004  8.486569981243614E-004
 -8.569980696336725E-004  2.760627839154287E-005
  2.934114709862651E-004  8.302156536360731E-005
         168  3.446652875894667E-004  8.101817668987695E-004
 -8.649280723331141E-004  1.833935568861794E-004
  2.888185783255040E-004  6.213687945091742E-005
         169  4.718886284842508E-004  7.485761469905981E-004
 -8.446651358458379E-004  3.407173381059332E-004
  2.853605148541211E-004  4.426901142182347E-005
         170  5.866362938730886E-004  6.667078367750859E-004
 -7.963290683094068E-004  4.946552564490577E-004
  2.834848502656459E-004  2.806787175522181E-005
         171  6.868839469802956E-004  5.669034491152698E-004
 -7.206628669674756E-004  6.403555503602111E-004
  2.831792632151173E-004  1.240366063133644E-005
         172  7.693914208937317E-004  4.506529565587093E-004
 -6.192299657631949E-004  7.729407060076594E-004
  2.841776319467869E-004 -3.568992395911168E-006
         173  8.305664195849479E-004  3.216218912096001E-004
 -4.947645058552649E-004  8.878859178153433E-004
  2.859447421162079E-004 -2.043946767771009E-005
         174  8.686712393222435E-004  1.840764279401452E-004
 -3.506631587925711E-004  9.816475081569030E-004
  2.881520786857748E-004 -3.842533476369300E-005
         175  8.822006832277285E-004  4.218461446593947E-005
 -1.904489611406129E-004  1.051269150885387E-003
  2.905967988896375E-004 -5.782889924866388E-005
         176  8.708082523374447E-004 -9.899260066700755E-005
 -1.800855345530042E-005  1.093989595690969E-003
  2.931346259426357E-004 -7.930888604289111E-005
         177  8.353168693561120E-004 -2.349440739382096E-004
  1.617862283447880E-004  1.107589653437158E-003
  2.944637225320915E-004 -1.037332194242278E-004
         178  7.774255313871925E-004 -3.609633079495128E-004
  3.438585671644397E-004  1.091488195768106E-003
  2.933101840909213E-004 -1.297583532824336E-004
         179  7.004903705603749E-004 -4.736996672697462E-004
  5.237892657946997E-004  1.045363011726270E-003
  2.907073748441748E-004 -1.569915364738050E-004
         180  6.069361988903459E-004 -5.713304421019557E-004
  6.964730135792092E-004  9.692671504643120E-004
  2.865313221165326E-004 -1.866191402919963E-004
         181  4.988212186645454E-004 -6.510902694875582E-004
  8.566023015494671E-004  8.644958325401572E-004
  2.794075297902322E-004 -2.195613060705613E-004
         182  3.795629343919590E-004 -7.103358130164436E-004
  9.991611254694110E-004  7.338057910292994E-004
  2.664296340280255E-004 -2.548210743415841E-004
         183  2.530961697588245E-004 -7.471923782860346E-004
  1.120891210078711E-003  5.805345510089164E-004
  2.486466883943030E-004 -2.894307892675550E-004
         184  1.241203914314807E-004 -7.607918984572804E-004
  1.218200842649609E-003  4.071645383542704E-004
  2.271369384160985E-004 -3.255396964439131E-004
         185 -3.041027981876742E-006 -7.517845568715176E-004
  1.286990928880561E-003  2.181209107853877E-004
  1.980455007969082E-004 -3.634284042109785E-004
         186 -1.248381266287414E-004 -7.212164437652729E-004
  1.325149208818326E-003  1.886480048645855E-005
  1.589266238133318E-004 -3.998120594314514E-004
         187 -2.379905116074382E-004 -6.702764149015961E-004
  1.332251927540956E-003 -1.853782476401080E-004
  1.108962530119855E-004 -4.292330435516711E-004
         188 -3.389016313931240E-004 -6.001173391175834E-004
  1.307967858693489E-003 -3.911879250105939E-004
  5.835406726808707E-005 -4.523359354594318E-004
         189 -4.232728932870503E-004 -5.134573396321399E-004
  1.250471415684027E-003 -5.933409135151505E-004
 -2.465965302337604E-006 -4.697769063415228E-004
         190 -4.885017276887941E-004 -4.145628665242727E-004
  1.161542992097823E-003 -7.852784555179804E-004
 -7.040336638185953E-005 -4.740786022295138E-004
         191 -5.333470645866207E-004 -3.072713876236909E-004
  1.043727684272563E-003 -9.632307643873239E-004
 -1.388607774645421E-004 -4.632238041411909E-004
         192 -5.568342292849866E-004 -1.948464869181715E-004
  8.985956475277687E-004 -1.123782840017336E-003
 -2.024967518955160E-004 -4.400886166869067E-004
         193 -5.574572817976642E-004 -8.105331566390154E-005
  7.273786488116083E-004 -1.262183253970671E-003
 -2.624195142466776E-004 -4.082364205106344E-004
         194 -5.347827288763120E-004  2.881606508808722E-005
  5.345719979753850E-004 -1.372742291201983E-003
 -3.173942811835464E-004 -3.631840937813587E-004
         195 -4.903552683761752E-004  1.298032853462609E-004
  3.254389517258734E-004 -1.453811188627382E-003
 -3.594291665679670E-004 -3.080019978756604E-004
         196 -4.261551796627675E-004  2.175200225136670E-004
  1.027785025228285E-004 -1.503199725999368E-003
 -3.880821652974592E-004 -2.496774188827086E-004
         197 -3.455577441320434E-004  2.873267684871224E-004
 -1.291216012899786E-004 -1.517256167336612E-003
 -4.059241883564449E-004 -1.915090066934531E-004
         198 -2.533995529439703E-004  3.360050946396053E-004
 -3.637965030514937E-004 -1.493190112516570E-003
 -4.148223606558405E-004 -1.335294920582789E-004
         199 -1.551423568615997E-004  3.615453523761254E-004
 -5.940351776961880E-004 -1.430937606974530E-003
 -4.130134143891552E-004 -7.733546180237251E-005
         200 -5.677940566357139E-005  3.640793830253158E-004
 -8.140449864282041E-004 -1.331282665289410E-003
 -4.025997566104305E-004 -2.713697721793692E-005
         201  3.734341944350038E-005  3.453923308876687E-004
 -1.017206431398069E-003 -1.195047004925950E-003
 -3.874064360478826E-004  1.680329465256189E-005
         202  1.235830379242612E-004  3.065503204854239E-004
 -1.196327664932486E-003 -1.025129777338936E-003
 -3.690879121706765E-004  5.546170302095247E-005
         203  1.973547707253975E-004  2.497262026579373E-004
 -1.345064742598361E-003 -8.263213119885411E-004
 -3.482908318086022E-004  8.958528578233575E-005
         204  2.554656268103462E-004  1.784315857973387E-004
 -1.458495221159211E-003 -6.047047954314729E-004
 -3.255920500469886E-004  1.190871673634261E-004
         205  2.950621518257256E-004  9.615979410358397E-005
 -1.532924403065641E-003 -3.669997800630623E-004
 -3.020219662601962E-004  1.442827217085940E-004
         206  3.141838084900276E-004  7.852175259823534E-006
 -1.566095308643580E-003 -1.208403376054572E-004
 -2.782084684819436E-004  1.657898808927878E-004
         207  3.126045255761999E-004 -8.189124604969146E-005
 -1.557755728256803E-003  1.261406448625823E-004
 -2.546281554409491E-004  1.841962221711275E-004
         208  2.904019167026531E-004 -1.682193176803406E-004
 -1.508895645572686E-003  3.670489330753781E-004
 -2.315522733958181E-004  2.005357484328793E-004
         209  2.501766310066445E-004 -2.459955965559326E-004
 -1.420931711930270E-003  5.952196644772563E-004
 -2.077896098568303E-004  2.156041757627494E-004
         210  1.958126943529152E-004 -3.130929101344040E-004
 -1.296944923320631E-003  8.033212604064527E-004
 -1.829705666849276E-004  2.277125281586950E-004
         211  1.293300029388495E-004 -3.683724476534601E-004
 -1.142210920019812E-003  9.858843683356272E-004
 -1.590482018708551E-004  2.373013513851627E-004
         212  5.299187417408333E-005 -4.102105743702541E-004
 -9.616350022380490E-004  1.139055996871848E-003
 -1.354584700587414E-004  2.461953911375551E-004
         213 -3.126993188893534E-005 -4.374978750909051E-004
 -7.602649388436366E-004  1.259091418655515E-003
 -1.102710560242589E-004  2.544244262185299E-004
         214 -1.209474013286827E-004 -4.482487356978970E-004
 -5.443458839113458E-004  1.342529556308574E-003
 -8.233013978355682E-005  2.591247293572450E-004
         215 -2.122930727372527E-004 -4.420669512426338E-004
 -3.215913560905132E-004  1.388287784550235E-003
 -5.557319994661035E-005  2.589002974539189E-004
         216 -3.030852769816615E-004 -4.191945291894159E-004
 -9.786291670324336E-005  1.397311487453254E-003
 -3.037408241473186E-005  2.572998316011369E-004
         217 -3.899770768103566E-004 -3.789113086108789E-004
  1.212971383558071E-004  1.369736820228933E-003
 -4.152667807484950E-006  2.532469484122518E-004
         218 -4.688553661215576E-004 -3.233496616517820E-004
  3.293079310718635E-004  1.307091601536720E-003
  2.180019671731274E-005  2.444009370091261E-004
         219 -5.387058519952038E-004 -2.552339917512086E-004
  5.200840895199901E-004  1.212724525900645E-003
  4.373686034886588E-005  2.304966368144870E-004
         220 -5.987755885302634E-004 -1.756349399570753E-004
  6.895972011407487E-004  1.091452230475204E-003
  6.039278256423197E-005  2.164288649781224E-004
         221 -6.483988488041095E-004 -8.499614623578550E-005
  8.350328777513531E-004  9.464565404618116E-004
  7.616628257234657E-005  2.028227432702831E-004
         222 -6.850127682977853E-004  1.738935882110942E-005
  9.516877627632347E-004  7.819000031867982E-004
  8.985285636477913E-005  1.865958362276085E-004
         223 -7.042660343848402E-004  1.291990773281408E-004
  1.036945427029886E-003  6.045322761924284E-004
  9.922600178899930E-005  1.692890790532229E-004
         224 -7.048549377074977E-004  2.463842102434669E-004
  1.090720187627745E-003  4.206370161604736E-004
  1.043765995457204E-004  1.535860549876567E-004
         225 -6.856403444227550E-004  3.669479594161581E-004
  1.114110252778787E-003  2.348486048755280E-004
  1.084363045099227E-004  1.406275455242356E-004
         226 -6.443719251629544E-004  4.868598028908250E-004
  1.107032538271171E-003  5.107427173012041E-005
  1.120169347806708E-004  1.270142727949390E-004
         227 -5.814694576814744E-004  6.012611754725885E-004
  1.070268389999343E-003 -1.246869371757750E-004
  1.118285502144340E-004  1.138107849983397E-004
         228 -4.980831399174192E-004  7.062709312488702E-004
  1.007386318058431E-003 -2.876623741702183E-004
  1.090145199362626E-004  1.040189469797800E-004
         229 -3.964531402198781E-004  7.984760541536735E-004
  9.218932831024268E-004 -4.351624056081029E-004
  1.060878691304954E-004  9.799330440378502E-005
         230 -2.781792152954497E-004  8.761534785305957E-004
  8.165599063640318E-004 -5.652417846378722E-004
  1.046901731884607E-004  9.387329650699056E-005
         231 -1.434330398634464E-004  9.356009421350048E-004
  6.935702635985998E-004 -6.753376064352573E-004
  1.027509489227635E-004  9.068799949768920E-005
         232  4.197348445647813E-006  9.716908159908700E-004
  5.567613055450576E-004 -7.628329183640629E-004
  1.007647556638638E-004  9.133029683242720E-005
         233  1.597400646290696E-004  9.819728261138316E-004
  4.098776848105018E-004 -8.270658391501530E-004
  1.022260414187751E-004  9.538354043046889E-005
         234  3.182434969081724E-004  9.644963674816380E-004
  2.554430874649747E-004 -8.671502069125440E-004
  1.082229044963019E-004  1.003334514287748E-004
         235  4.738379866615271E-004  9.189098551103076E-004
  9.639365948436773E-005 -8.814504729649682E-004
  1.180847971493895E-004  1.040190591112522E-004
         236  6.213788647755304E-004  8.461376727983671E-004
 -6.292987580199625E-005 -8.683791949250915E-004
  1.307018354673604E-004  1.065775072166574E-004
         237  7.556225195952598E-004  7.479184090785518E-004
 -2.175963776721018E-004 -8.281708659569395E-004
  1.476561638902354E-004  1.075311333323393E-004
         238  8.723385272163312E-004  6.275238576034409E-004
 -3.637357479579475E-004 -7.614772621547152E-004
  1.686742142780355E-004  1.035789660829544E-004
         239  9.684077560331801E-004  4.876704394417714E-004
 -4.965130505305841E-004 -6.685992649071667E-004
  1.911374764086466E-004  9.311289498235212E-005
         240  1.039596139548299E-003  3.315930260091990E-004
 -6.100538696114458E-004 -5.516109940176769E-004
  2.125882062729992E-004  7.599073470217778E-005
         241  1.082629249396752E-003  1.646804092230896E-004
 -6.991448412468232E-004 -4.147298195460779E-004
  2.308171877303855E-004  5.267956325132714E-005
         242  1.095992115243184E-003 -7.319189450918025E-006
 -7.598875707663565E-004 -2.631193393652817E-004
  2.437511066315655E-004  2.471464059361659E-005
         243  1.079441112873745E-003 -1.784414425391655E-004
 -7.890084486762406E-004 -1.031463659274931E-004
  2.505299734406550E-004 -6.072502353927060E-006
         244  1.034355613775082E-003 -3.431363736506193E-004
 -7.855424094274293E-004  5.726743378923522E-005
  2.501112404761808E-004 -3.791705361259866E-005
         245  9.628777342897670E-004 -4.967958917183499E-004
 -7.513935279230038E-004  2.106626569316698E-004
  2.420088879768492E-004 -6.758122078121291E-005
         246  8.676767006565488E-004 -6.353360028202619E-004
 -6.902132004242457E-004  3.510572098722695E-004
  2.286913110718417E-004 -9.080561424984666E-005
         247  7.519051991997622E-004 -7.554018133528529E-004
 -6.069711254936947E-004  4.733317470336206E-004
  2.163925140185850E-004 -1.080641613422431E-004
         248  6.188126557686085E-004 -8.541289038785807E-004
 -5.091019280305991E-004  5.752986993386691E-004
  2.055485319203034E-004 -1.239525236656571E-004
         249  4.720705940298501E-004 -9.288886604547784E-004
 -4.020740900218556E-004  6.593529586340026E-004
  1.946512675214749E-004 -1.382510268671248E-004
         250  3.159084509296354E-004 -9.776017580058302E-004
 -2.876394899072782E-004  7.281945331412619E-004
  1.850946990533173E-004 -1.511089468018767E-004
         251  1.549233759616236E-004 -9.989860416814204E-004
 -1.657169560025673E-004  7.832715126972975E-004
  1.779188003737250E-004 -1.646872527837320E-004
         252 -6.197571810442033E-006 -9.923718060231926E-004
 -3.581883984827364E-005  8.247379745137066E-004
  1.705006196933863E-004 -1.822515618692051E-004
         253 -1.622168244114898E-004 -9.577270120040559E-004
  1.035547007447591E-004  8.521759515740882E-004
  1.586278121060395E-004 -2.014858220147852E-004
         254 -3.076932853381728E-004 -8.964450610229862E-004
  2.545481781963372E-004  8.619414257661778E-004
  1.438969463215647E-004 -2.192235803635373E-004
         255 -4.376830935163668E-004 -8.110095406677427E-004
  4.159660969362548E-004  8.480532364388755E-004
  1.276144515253221E-004 -2.362882847847953E-004
         256 -5.475048016321344E-004 -7.049540016242245E-004
  5.835527069278924E-004  8.053162071314936E-004
  1.090845991917014E-004 -2.535431886644766E-004
