   409.600000000000     
         256           1           3
  1.124309127438499E-002   38.3844093581312        117.351254850774     
   39.0000000000000        116.000000000000        6351.00000000000     
           0  0.000000000000000E+000  0.000000000000000E+000
  0.000000000000000E+000  0.000000000000000E+000
  0.000000000000000E+000  0.000000000000000E+000
           1 -7.206234314036159E-007  2.039225038367963E-007
  4.021489997461471E-006  8.177269152071021E-008
 -3.913468094319627E-006 -1.900657834979348E-007
           2 -8.464607569243375E-007  5.835551511022807E-007
  3.920651057677909E-006  2.126324670232430E-007
 -3.758901978717276E-006 -6.180385904009412E-007
           3 -8.412389966662366E-007  1.263745315477742E-006
  3.710901776242369E-006  5.091674294552189E-007
 -3.839954685302312E-006 -1.433525191357544E-006
           4 -3.722655137727600E-007  2.227845227698379E-006
  3.465387769219406E-006  1.222515759591828E-006
 -4.541785192094658E-006 -2.462761658686337E-006
           5  9.210042801599771E-007  3.135278270112052E-006
  3.541040363997274E-006  2.628603254246935E-006
 -6.055785953793158E-006 -3.219081080284521E-006
           6  3.128633860073500E-006  3.312283961044942E-006
  4.650749517076779E-006  4.679144110127796E-006
 -8.172765893158916E-006 -3.205621410060028E-006
           7  5.790951872624654E-006  1.970170918150159E-006
  7.517661544367317E-006  6.773907416941122E-006
 -1.042078241242703E-005 -2.031608599779440E-006
           8  7.819841829914863E-006 -1.327571393809695E-006
  1.252466289184076E-005  7.678652546303835E-006
 -1.202239011162270E-005  3.168199923388162E-007
           9  7.836350127062010E-006 -6.246390663673378E-006
  1.913963999282844E-005  5.707849237221627E-006
 -1.235536445517172E-005  3.165781633878763E-006
          10  4.582413407648209E-006 -1.148121741677850E-005
  2.562291762972646E-005 -3.502995746072615E-007
 -1.138410371484380E-005  5.825877697486632E-006
          11 -2.220330693728832E-006 -1.479594474442592E-005
  2.949741962835125E-005 -1.075460518551098E-005
 -9.371721167900268E-006  7.488702744956148E-006
          12 -1.141798618501441E-005 -1.373204106707262E-005
  2.780612128792742E-005 -2.419058591651463E-005
 -7.364131498064264E-006  7.674278275170627E-006
          13 -2.000201411665048E-005 -6.493290767093868E-006
  1.873903100026957E-005 -3.726532925264171E-005
 -5.835340347091673E-006  6.961943448262991E-006
          14 -2.362435563670473E-005  6.403829107435043E-006
  2.127143230233757E-006 -4.560835807330922E-005
 -5.535265832914723E-006  5.324139739224016E-006
          15 -1.861711459959065E-005  2.147681933994000E-005
 -1.904346601540266E-005 -4.451947431284943E-005
 -7.026869173986587E-006  3.665687336335637E-006
          16 -3.423270935831646E-006  3.302912949016445E-005
 -3.885449807440888E-005 -3.123632489334726E-005
 -1.067752304894246E-005  3.367086627204235E-006
          17  1.952910199140997E-005  3.360674623404042E-005
 -4.928176755977745E-005 -7.136254913866990E-006
 -1.487600102606580E-005  6.891958278814734E-006
          18  4.213874133034819E-005  1.805441072341040E-005
 -4.465387604584577E-005  2.062969716929544E-005
 -1.656787742958861E-005  1.295631554059007E-005
          19  5.297482429554412E-005 -1.322395152943294E-005
 -2.369014120389180E-005  4.276554479261392E-005
 -1.517428527395374E-005  2.011822919567055E-005
          20  4.065741967325557E-005 -5.124127710660650E-005
  8.642254411102248E-006  4.886327804101562E-005
 -9.957427853264184E-006  2.679119864096624E-005
          21  1.040750712613424E-006 -7.850877411446220E-005
  4.002106072893585E-005  3.325139411048835E-005
 -1.785529377566895E-006  3.089980721392221E-005
          22 -5.635661188656576E-005 -7.526200300625639E-005
  5.595117895134045E-005 -9.265588093222170E-007
  8.545653963318314E-006  3.060792434132881E-005
          23 -1.080441800715817E-004 -3.027979727350864E-005
  4.503452096894259E-005 -3.975125947720910E-005
  1.705458154038343E-005  2.472501157749380E-005
          24 -1.230684399392658E-004  4.976245731373824E-005
  8.637518138929206E-006 -6.253528110189139E-005
  2.070633141711908E-005  1.630762812745345E-005
          25 -7.756713512478771E-005  1.339385692012297E-004
 -3.662650263738501E-005 -5.291027206733030E-005
  1.935695479581418E-005  8.466228746013682E-006
          26  2.482912573429096E-005  1.753379411347317E-004
 -6.307420732652427E-005 -1.026376782079483E-005
  1.487069357992916E-005  4.479503949188788E-006
          27  1.439253891376747E-004  1.366277774106712E-004
 -4.832211991565738E-005  4.322550985067302E-005
  1.061327790611782E-005  4.863714937519534E-006
          28  2.163629789929368E-004  1.771390634065025E-005
  7.693062762457123E-006  7.139351141304521E-005
  9.549369014336977E-006  8.235304855637570E-006
          29  1.904773775237826E-004 -1.310842999389699E-004
  7.467596596716383E-005  4.604697691070118E-005
  1.324202654757266E-005  1.085984471041157E-005
          30  6.520496798013066E-005 -2.306851210641456E-004
  1.070708528889459E-004 -2.922701253596102E-005
  1.897645840581445E-005  9.025453862967516E-006
          31 -1.003461907845357E-004 -2.197444044086778E-004
  7.328008421462388E-005 -1.160477366624411E-004
  2.252357245065021E-005  2.682429491196859E-006
          32 -2.153012064491562E-004 -9.713819443194997E-005
 -2.080454558154583E-005 -1.606534948129518E-004
  2.101668136400675E-005 -5.090721178134924E-006
          33 -2.130781266696135E-004  6.917123419764265E-005
 -1.292165148118503E-004 -1.271091672009524E-004
  1.488417989821268E-005 -9.932562374629682E-006
          34 -9.764009867056517E-005  1.821058358786320E-004
 -1.906682308417106E-004 -2.397838039107497E-005
  7.781357677702129E-006 -9.488556853539262E-006
          35  5.709082873846726E-005  1.775162239919670E-004
 -1.672024337339216E-004  9.689984719129532E-005
  3.678175682157657E-006 -4.709538799454942E-006
          36  1.535551344795017E-004  6.597147675442897E-005
 -6.956858247414872E-005  1.708987988321482E-004
  4.726146196953815E-006  9.312633921545369E-007
          37  1.342426126341662E-004 -7.370768095519207E-005
  4.833088092717366E-005  1.600735279893114E-004
  9.905079445508881E-006  3.227594567818289E-006
          38  1.880067678465339E-005 -1.474355826448682E-004
  1.220734655274377E-004  7.689502865908590E-005
  1.510767214372795E-005  5.964208536255481E-007
          39 -1.114414155892081E-004 -1.069891070899348E-004
  1.169724958314163E-004 -2.536752176351219E-005
  1.712164974071138E-005 -5.367857443021651E-006
          40 -1.664772541290731E-004  2.036042322119808E-005
  4.649786774976510E-005 -8.640501151321512E-005
  1.440010668937090E-005 -1.155268031002146E-005
          41 -1.064624108813017E-004  1.501895531731564E-004
 -3.753329302798854E-005 -7.574127431861682E-005
  8.411384730196448E-006 -1.417015127115995E-005
          42  3.427957668571559E-005  1.969719013769612E-004
 -8.064635269076035E-005 -9.722307790585509E-006
  2.376732173236157E-006 -1.238006787818950E-005
          43  1.707817100018271E-004  1.272038914707366E-004
 -5.775324466939617E-005  6.258502321467211E-005
 -3.224351853062870E-007 -7.025603565455496E-006
          44  2.209701472882316E-004 -2.209905771020421E-005
  1.200744920363916E-005  9.119818985471549E-005
  2.027047104802895E-006 -2.119151283032496E-006
          45  1.531542895414250E-004 -1.674211274514437E-004
  8.152399381186281E-005  5.732365017222515E-005
  6.661473412872816E-006 -5.726548999029357E-007
          46  3.271338525536482E-006 -2.277118869712177E-004
  1.052043876020361E-004 -2.019522556882967E-005
  1.142257622895746E-005 -2.956104294281354E-006
          47 -1.472882180105729E-004 -1.705190858895142E-004
  6.484396808073427E-005 -9.432282068403682E-005
  1.343985162515758E-005 -8.028661504797869E-006
          48 -2.190205901886174E-004 -2.843739545301893E-005
 -1.845126752498866E-005 -1.204220996805419E-004
  1.224165424692189E-005 -1.339057641657334E-005
          49 -1.772435115387838E-004  1.222242905843493E-004
 -9.912663045392272E-005 -8.144279863701146E-005
  7.798111763653325E-006 -1.749621106434971E-005
          50 -4.840513529295640E-005  2.038159894551193E-004
 -1.321821466186209E-004  1.798911118326319E-006
  2.524604559162809E-006 -1.760692120459632E-005
          51  9.755456930523111E-005  1.791112051752618E-004
 -1.027475095539864E-004  8.510992435764525E-005
 -7.138255339446155E-007 -1.550771461445898E-005
          52  1.867985880927449E-004  6.760466037169767E-005
 -2.735328234958031E-005  1.282285309238976E-004
 -1.826696829174572E-006 -1.312217506707907E-005
          53  1.806556603184550E-004 -6.922391489029762E-005
  5.514769981756692E-005  1.116152725099079E-004
 -1.130677733087289E-006 -1.217222379195455E-005
          54  9.079618813683397E-005 -1.642465743318622E-004
  1.044984605028204E-004  4.799404493311995E-005
 -1.028469100415253E-006 -1.261214551905440E-005
          55 -3.217714749314541E-005 -1.775421145381094E-004
  9.929639303016285E-005 -2.878302498389186E-005
 -1.342137089816360E-006 -1.379976959266331E-005
          56 -1.284286775663591E-004 -1.132756542723805E-004
  4.701626466721955E-005 -7.854929576086721E-005
 -3.197354823779622E-006 -1.574062164954189E-005
          57 -1.593880353759710E-004 -1.090303820889182E-005
 -1.961048730384252E-005 -8.007450411221870E-005
 -6.658289454557599E-006 -1.626256373637588E-005
          58 -1.222764536258519E-004  7.928021660540621E-005
 -6.643951651743447E-005 -3.928282783232873E-005
 -1.056875254795181E-005 -1.504886087342921E-005
          59 -4.559033927432131E-005  1.205815076547714E-004
 -7.247773799939069E-005  1.752459044226327E-005
 -1.320311744624980E-005 -1.168744378574100E-005
          60  2.851944144926295E-005  1.059545032736437E-004
 -4.165837152459248E-005  5.964697533251055E-005
 -1.345228895496840E-005 -8.320432463193970E-006
          61  6.831600624780543E-005  5.672416547840568E-005
  5.407971124909169E-006  6.908467743845423E-005
 -1.298454782436349E-005 -6.024833144243191E-006
          62  6.681669768745283E-005  6.138660176087127E-006
  4.162849674321623E-005  4.539332977517247E-005
 -1.196095057756848E-005 -4.671350372453881E-006
          63  4.029419089551420E-005 -2.146868541561650E-005
  4.911113690800874E-005  8.294186598972324E-006
 -1.143409473779696E-005 -4.223757716971732E-006
          64  1.358657168047757E-005 -2.156545531893844E-005
  2.953668474009279E-005 -1.862963362867341E-005
 -1.149237217602420E-005 -3.880266005937502E-006
          65  3.787888071837710E-006 -7.959076729102231E-006
 -9.303805784310483E-007 -2.025772836084989E-005
 -1.222443446522529E-005 -3.593336898418996E-006
          66  1.071157990225804E-005  4.916689538149532E-007
 -2.047807229860912E-005  2.484143747228434E-006
 -1.326502081418803E-005 -2.171760415756681E-006
          67  2.092615226324556E-005 -6.298513362150098E-006
 -1.486338125879868E-005  3.480631251058338E-005
 -1.350198072119098E-005 -1.558359324198659E-007
          68  1.897857254103919E-005 -2.378418173722824E-005
  1.684623252703943E-005  5.505976728049828E-005
 -1.288233732549229E-005  1.784878588533806E-006
          69 -1.087048032741195E-006 -3.620026308069017E-005
  5.879369748137554E-005  4.685075329956716E-005
 -1.154794711168421E-005  3.191343020837099E-006
          70 -2.936394045766465E-005 -2.759672829963746E-005
  8.811602352161002E-005  9.723805530373411E-006
 -1.005764838073496E-005  3.521787259432028E-006
          71 -4.488981902372287E-005  4.537210228675067E-006
  8.811831607733083E-005 -4.057822696589856E-005
 -9.300226156656674E-006  3.077906572304720E-006
          72 -3.004604353188479E-005  4.459725504997325E-005
  5.715296594827569E-005 -8.225434934801001E-005
 -9.467463799742081E-006  2.658605674352660E-006
          73  1.637488758269777E-005  6.601385169894395E-005
  7.753121502411688E-006 -9.737011959754491E-005
 -1.048303367011159E-005  2.910298201900042E-006
          74  7.432698650678287E-005  4.681610779755550E-005
 -3.899203561392619E-005 -8.174833030192897E-005
 -1.122606590937548E-005  4.079983273970129E-006
          75  1.110263261536404E-004 -1.591586111579131E-005
 -6.506946793235451E-005 -4.447557270999696E-005
 -1.176897808019080E-005  5.943647213944815E-006
          76  9.713084446725251E-005 -1.004120840774758E-004
 -6.327423064098732E-005 -5.502472324431560E-006
 -1.114808859595775E-005  8.610626965753630E-006
          77  2.326274153297331E-005 -1.677621276599517E-004
 -4.284393039614512E-005  1.831671766101270E-005
 -9.053979928857075E-006  1.033410181430382E-005
          78 -9.131023496923375E-005 -1.775358152157887E-004
 -1.848181321427060E-005  2.058848597803671E-005
 -6.617301066035319E-006  1.104704871574179E-005
          79 -2.017646788147291E-004 -1.089014185078745E-004
 -7.708902827060328E-006  6.206419127977742E-006
 -4.537914089447279E-006  1.029900533843935E-005
          80 -2.554853517043411E-004  2.530617804023036E-005
 -1.803113987686938E-005 -7.468729210599804E-006
 -3.858153458133692E-006  9.067627513521612E-006
          81 -2.169531791774439E-004  1.779531713352526E-004
 -4.212309736617794E-005 -3.047205885256013E-006
 -3.890583229301034E-006  8.239598927902750E-006
          82 -8.862003034216334E-005  2.864773733283895E-004
 -6.026736690022295E-005  2.793623851753038E-005
 -5.071761067642289E-006  8.116475785937258E-006
          83  8.720991415932617E-005  3.019117286376521E-004
 -5.178212210469295E-005  7.424651310316573E-005
 -6.053693665178624E-006  9.681127896951492E-006
          84  2.455535927043157E-004  2.099520638126079E-004
 -9.190831746486064E-006  1.148817764294873E-004
 -5.796774355722003E-006  1.218854867887035E-005
          85  3.229987897008683E-004  4.013601392527536E-005
  6.122347840148896E-005  1.256472726746411E-004
 -3.817359241959960E-006  1.506857194624766E-005
          86  2.880121408187047E-004 -1.437339368320100E-004
  1.348386249177745E-004  9.044463688994430E-005
 -2.301421770337349E-008  1.635580364530737E-005
          87  1.539261079232144E-004 -2.720458632439688E-004
  1.824337001955788E-004  1.258119641457879E-005
  3.918357919518038E-006  1.577551435124477E-005
          88 -2.634858500233000E-005 -2.964683337816883E-004
  1.793836018516003E-004 -8.667387157702105E-005
  7.311662573785347E-006  1.346255397270601E-005
          89 -1.799325290346832E-004 -2.109745755651658E-004
  1.202849105917342E-004 -1.724636961894771E-004
  8.847415345234297E-006  9.776924292980009E-006
          90 -2.463442336681984E-004 -5.744907736543351E-005
  2.190327318626514E-005 -2.152392572110771E-004
  8.538473972187019E-006  6.294248931118332E-006
          91 -2.052901186441509E-004  9.539625436975427E-005
 -8.529432564886035E-005 -1.985820737664424E-004
  6.335311051425617E-006  3.708414291566800E-006
          92 -8.321338488173083E-005  1.807841450417379E-004
 -1.656671761969012E-004 -1.283883461908978E-004
  3.249216847807190E-006  3.454373657276639E-006
          93  5.549917070825773E-005  1.647890450131202E-004
 -1.949445300784708E-004 -2.977015197058888E-005
  1.275827342573111E-006  5.134398981208817E-006
          94  1.409787995681210E-004  6.471273009255152E-005
 -1.670236133451529E-004  6.246464117020497E-005
  8.723741992862299E-007  7.909876044360663E-006
          95  1.333797725549819E-004 -6.158455202249450E-005
 -1.011932590883716E-004  1.176173438759759E-004
  2.587351761947368E-006  1.026168719715228E-005
          96  3.997035632367049E-005 -1.453127038417186E-004
 -2.727257791084893E-005  1.267026832228303E-004
  5.268747880866497E-006  1.121817033082109E-005
          97 -8.766159847172735E-005 -1.388736072206031E-004
  2.776496740824835E-005  9.838608237281537E-005
  8.336220974205062E-006  1.088394354158238E-005
          98 -1.788453275264944E-004 -4.177579413761600E-005
  4.990220014020675E-005  5.646328879895088E-005
  1.060324264871323E-005  8.793933826348390E-006
          99 -1.796379223289360E-004  9.958567022649413E-005
  4.445708608995543E-005  2.353473562280061E-005
  1.137488478878097E-005  6.352701258737764E-006
         100 -7.904301272215754E-005  2.124008780789877E-004
  2.875873230642560E-005  1.308741064016140E-005
  1.089943798656349E-005  4.382165185004899E-006
         101  8.109600525396293E-005  2.317062456428588E-004
  2.436527228141528E-005  2.053808280005058E-005
  9.791674367664968E-006  3.804787698937578E-006
         102  2.228680193257199E-004  1.362225414497116E-004
  4.027557776701684E-005  2.745757472655435E-005
  9.505990920366916E-006  4.238601411655861E-006
         103  2.712040327083657E-004 -3.718189709055835E-005
  6.960272382278201E-005  1.434203204626683E-005
  1.022053314013286E-005  5.056603055512481E-006
         104  1.922505706259909E-004 -2.080766551198611E-004
  9.063985886607735E-005 -2.771766503859919E-005
  1.227670787690780E-005  5.394184824841310E-006
         105  1.500186245663804E-005 -2.902512592518228E-004
  7.981161909603666E-005 -8.842531285245397E-005
  1.496862943636694E-005  4.210891472057457E-006
         106 -1.795988407384266E-004 -2.366608509317298E-004
  2.501679362899074E-005 -1.412724102819524E-004
  1.717756966025815E-005  1.524704123900936E-006
         107 -2.968308509350141E-004 -6.438882835111587E-005
 -6.416292351877076E-005 -1.538224024883117E-004
  1.813987033781003E-005 -2.337098974475525E-006
         108 -2.730769659089843E-004  1.490684441311678E-004
 -1.545001582795947E-004 -1.056108836665689E-004
  1.716328461591531E-005 -6.431426168656008E-006
         109 -1.114500179546939E-004  2.996065619470941E-004
 -2.040735287180883E-004 -4.502875072980524E-006
  1.453592886373680E-005 -9.298731380154703E-006
         110  1.152744791852426E-004  3.086946671341983E-004
 -1.844872228419976E-004  1.157371177459295E-004
  1.141420928060022E-005 -1.049703099777060E-005
         111  2.981135200838120E-004  1.640617252962731E-004
 -9.279558583959349E-005  2.074251866107250E-004
  9.053903935201279E-006 -1.008016336241883E-005
         112  3.436458641938181E-004 -7.064939708254028E-005
  4.079571943647124E-005  2.295623669240857E-004
  8.088624596001484E-006 -9.327651278448269E-006
         113  2.232064187924337E-004 -2.830968150897323E-004
  1.670109395042254E-004  1.679480427920254E-004
  7.806742358475471E-006 -8.981080856925394E-006
         114 -1.064546216329418E-005 -3.688486096815330E-004
  2.349262171048215E-004  4.043835615644928E-005
  8.248142194983506E-006 -9.305419807600835E-006
         115 -2.493239453086399E-004 -2.815066387816809E-004
  2.148817323847588E-004 -1.050045131208158E-004
  8.483420176659537E-006 -1.070367160687145E-005
         116 -3.770172534618163E-004 -5.591121438101746E-005
  1.113346353506485E-004 -2.115149137055369E-004
  7.754380395734274E-006 -1.287992399084230E-005
         117 -3.266030009940280E-004  2.026862777683782E-004
 -3.455195857047393E-005 -2.343358786693480E-004
  5.399475899481058E-006 -1.498162992773505E-005
         118 -1.171113907912098E-004  3.689455139843883E-004
 -1.616626617161295E-004 -1.673103176533441E-004
  2.112309651334795E-006 -1.526189126106404E-005
         119  1.545846006805854E-004  3.583188862572507E-004
 -2.212459491266515E-004 -4.192191471169915E-005
 -5.738800083209499E-007 -1.406798693115079E-005
         120  3.569171667377258E-004  1.698425776171585E-004
 -1.941090000604806E-004  8.640989132009165E-005
 -2.035928566942308E-006 -1.205829334991624E-005
         121  3.880648117347094E-004 -1.105373710201234E-004
 -1.022369607083646E-004  1.652175779819414E-004
 -1.891433868401628E-006 -1.022645562868355E-005
         122  2.256236517908229E-004 -3.488676316632876E-004
  8.423653443858807E-006  1.702300154258526E-004
 -1.078340392477442E-006 -9.394999349717505E-006
         123 -5.921833498068832E-005 -4.274846845085704E-004
  8.696211011922747E-005  1.095390599120969E-004
  1.892809208342169E-007 -9.876448375899866E-006
         124 -3.356230367420290E-004 -3.015695358022808E-004
  1.021003267614914E-004  2.364521266496824E-005
  5.056730301831012E-007 -1.195850661377681E-005
         125 -4.725528113151897E-004 -2.049907910522846E-005
  5.689762190718383E-005 -3.948836964344920E-005
 -1.136635996914318E-006 -1.420239225144619E-005
         126 -3.993935474634424E-004  2.924823812066004E-004
 -1.501382043495390E-005 -4.498254342534290E-005
 -4.338980326218830E-006 -1.553403427877911E-005
         127 -1.404121503915516E-004  4.964188352646121E-004
 -6.431682441683622E-005  7.294100678006802E-006
 -8.036009508659236E-006 -1.484775941839190E-005
         128  1.969225604693748E-004  4.959104981681146E-004
 -5.680966175478440E-005  8.621726797621785E-005
 -1.098913679838913E-005 -1.261700117783221E-005
         129  4.662587034496980E-004  2.838773008003038E-004
  1.462960588516232E-005  1.438934565795055E-004
 -1.279422554687031E-005 -9.323457052495921E-006
         130  5.492090351876878E-004 -5.123316758128569E-005
  1.199954775854595E-004  1.378689198918658E-004
 -1.250225989977432E-005 -5.773348076039073E-006
         131  4.101710572954986E-004 -3.662635882129771E-004
  2.085928526033320E-004  5.702432886577558E-005
 -1.069681360156197E-005 -3.434537466221752E-006
         132  1.115026884511498E-004 -5.293457566790988E-004
  2.314590521396803E-004 -7.405440175531740E-005
 -8.439838489363284E-006 -2.933496960821773E-006
         133 -2.182241010187595E-004 -4.776145589116783E-004
  1.679114402085695E-004 -2.024945484368339E-004
 -7.126303237218792E-006 -4.048437113480185E-006
         134 -4.412894662452529E-004 -2.413634090848889E-004
  3.470247966702726E-005 -2.752507191669794E-004
 -7.280726868461577E-006 -5.409091329622066E-006
         135 -4.702881548838576E-004  7.148560568643838E-005
 -1.225281074721155E-004 -2.582871788681211E-004
 -8.537978717950940E-006 -6.405061011351072E-006
         136 -3.048705852017708E-004  3.241304944118850E-004
 -2.449232149999739E-004 -1.533015642520040E-004
 -1.047902374708658E-005 -6.464195956535683E-006
         137 -2.931517949002917E-005  4.124386419281064E-004
 -2.870719458096299E-004  2.757530508378407E-006
 -1.238715872710508E-005 -5.429269693541906E-006
         138  2.283409058238947E-004  3.090393764597420E-004
 -2.348186235435446E-004  1.529467139448129E-004
 -1.367690224750726E-005 -3.572851488556920E-006
         139  3.532435824522430E-004  7.226430952513110E-005
 -1.118116267587508E-004  2.443577154529814E-004
 -1.396813253023292E-005 -1.560093548004424E-006
         140  2.944623624033855E-004 -1.812335804909167E-004
  3.336522587296981E-005  2.504137891989175E-004
 -1.362168531405426E-005 -4.583957948264849E-008
         141  8.667332470991803E-005 -3.311793823965061E-004
  1.478865359023176E-004  1.783384381618187E-004
 -1.319473290822365E-005  7.931709211304713E-007
         142 -1.684358505404200E-004 -3.072834014370274E-004
  1.953864849150774E-004  6.420191101393068E-005
 -1.320220891655342E-005  1.172356223418041E-006
         143 -3.479466371474385E-004 -1.196590643876615E-004
  1.693664885959148E-004 -4.280612622689525E-005
 -1.395272567321632E-005  1.605115686150989E-006
         144 -3.636359478769842E-004  1.455413842772902E-004
  9.487433335262929E-005 -1.029243937605142E-004
 -1.525035299749749E-005  2.751665089805947E-006
         145 -2.021640210395272E-004  3.663781589954105E-004
  1.293464203956643E-005 -1.021501435312021E-004
 -1.641832620914839E-005  4.957226064979784E-006
         146  7.088998481456642E-005  4.396232086946069E-004
 -3.791836561763466E-005 -5.448709867036541E-005
 -1.689263335659186E-005  8.005403560461665E-006
         147  3.392055213802413E-004  3.250135487179169E-004
 -3.892660042588011E-005  6.561526551146731E-006
 -1.622461388975420E-005  1.146524824129360E-005
         148  4.862302135585559E-004  6.365724795997638E-005
  4.068513566978021E-006  4.505048183691189E-005
 -1.424713371048187E-005  1.480168749533744E-005
         149  4.456142785031924E-004 -2.402988648471455E-004
  6.281959064779677E-005  3.800011518622844E-005
 -1.107815836062307E-005  1.734332716561986E-005
         150  2.282571686936481E-004 -4.639112984819017E-004
  1.031408065764813E-004 -1.249446147848699E-005
 -7.320323292141360E-006  1.836426933285530E-005
         151 -8.228360108465853E-005 -5.160458864151522E-004
  1.002379542587158E-004 -8.616118142476916E-005
 -3.902155530489691E-006  1.808717277982382E-005
         152 -3.653451502318218E-004 -3.754082734989387E-004
  4.527819149140380E-005 -1.490252367578186E-004
 -1.212139965092419E-006  1.697771892381490E-005
         153 -5.128026365046645E-004 -9.558962426010770E-005
 -4.553524551328763E-005 -1.679981339229633E-004
  5.398484359166219E-007  1.537363868756112E-005
         154 -4.691072727177303E-004  2.166447472793709E-004
 -1.383572458064472E-004 -1.260154043144547E-004
  1.396114065914272E-006  1.369547840120653E-005
         155 -2.526968605221970E-004  4.435510347478185E-004
 -1.916625752286945E-004 -3.164881526887919E-005
  1.101500820604404E-006  1.268010863965638E-005
         156  5.400697050219440E-005  5.011468475956438E-004
 -1.810126561959433E-004  8.069209801111639E-005
  7.564944698302364E-007  1.302025096123379E-005
         157  3.350695683070973E-004  3.683713455988139E-004
 -1.060073839577941E-004  1.702959471373511E-004
  1.390706629559379E-006  1.389416015329346E-005
         158  4.831329539756923E-004  9.691674947668036E-005
  9.026631157910268E-006  2.032704900835697E-004
  2.742413522384799E-006  1.462710841370643E-005
         159  4.431772406597564E-004 -2.081642447338494E-004
  1.276688133835986E-004  1.661975209753962E-004
  4.388428874801963E-006  1.507314755833385E-005
         160  2.314689488191384E-004 -4.311742903461322E-004
  2.074478739445143E-004  6.399293594638115E-005
  6.651591111992268E-006  1.519111220701995E-005
         161 -7.261964496143901E-005 -4.865747113711353E-004
  2.151885280777736E-004 -6.865376490691622E-005
  9.268185686613378E-006  1.425069505771704E-005
         162 -3.529028961712670E-004 -3.495122029246426E-004
  1.457315375733753E-004 -1.858520873160677E-004
  1.118926554126460E-005  1.235947649301592E-005
         163 -4.982632124769213E-004 -6.912346048632309E-005
  1.911109678704016E-005 -2.453349229984816E-004
  1.219160971408726E-005  1.014625688298937E-005
         164 -4.460504880149730E-004  2.475403380587370E-004
 -1.218827121982195E-004 -2.235522121752532E-004
  1.241952777883491E-005  8.201533690296429E-006
         165 -2.093920986638264E-004  4.721371376387802E-004
 -2.286017512721631E-004 -1.253287304691271E-004
  1.221193953474055E-005  6.749762596563277E-006
         166  1.195889868463844E-004  5.075259749309687E-004
 -2.630247174246655E-004  1.664208327976371E-005
  1.185299901519707E-005  5.875923933986284E-006
         167  4.059186568186978E-004  3.330274124307206E-004
 -2.140625072616849E-004  1.541493624910271E-004
  1.184352106752353E-005  5.549596042118502E-006
         168  5.272888534097785E-004  1.520955590293217E-005
 -9.805827597237152E-005  2.425447900726541E-004
  1.242438038409922E-005  5.321294968704198E-006
         169  4.250988081227693E-004 -3.147066567012972E-004
  4.630219036028661E-005  2.526582204555050E-004
  1.351399310126330E-005  4.715669183655887E-006
         170  1.356345070206642E-004 -5.124884365487677E-004
  1.701625448449506E-004  1.826677763343843E-004
  1.476702739581820E-005  3.430656049923367E-006
         171 -2.198600285209845E-004 -4.851637441902940E-004
  2.321182196179489E-004  5.927079138117851E-005
  1.571802970675839E-005  1.417456655902835E-006
         172 -4.837668225423494E-004 -2.349791104718103E-004
  2.148702560443395E-004 -7.092227830048687E-005
  1.588577216259628E-005 -1.131285781870742E-006
         173 -5.302764965685378E-004  1.337764138619511E-004
  1.331794630170189E-004 -1.616771166031626E-004
  1.495831493769065E-005 -3.594428460092835E-006
         174 -3.272976369590147E-004  4.559378248154465E-004
  2.548290309364571E-005 -1.869187845853327E-004
  1.319008333676681E-005 -5.278905115614600E-006
         175  4.426517764429239E-005  5.799846388282449E-004
 -6.448172189693625E-005 -1.498478158888057E-004
  1.122852745191960E-005 -5.819807477601510E-006
         176  4.224697289786482E-004  4.365835143497018E-004
 -1.058742352511137E-004 -7.884351938013180E-005
  9.833706018744946E-006 -5.336178618118519E-006
         177  6.329002939954489E-004  7.520945355811146E-005
 -9.419373964022745E-005 -1.416249732035109E-005
  9.478193314413922E-006 -4.418292517311489E-006
         178  5.691346145352741E-004 -3.524376414470559E-004
 -5.214969636626366E-005  1.303762987102436E-005
  1.030469609710641E-005 -3.760549987604131E-006
         179  2.430948950454011E-004 -6.580022427111615E-004
 -1.619562588029036E-005 -4.689945690460227E-006
  1.197435394916902E-005 -4.177875733573181E-006
         180 -2.154877639533625E-004 -6.980940214078838E-004
 -1.832228082145610E-005 -4.729148795172704E-005
  1.354191567406663E-005 -6.114739518448320E-006
         181 -6.111779496480393E-004 -4.420331646176843E-004
 -6.750409392100965E-005 -7.734582012084595E-005
  1.402049641085731E-005 -9.251192394820710E-006
         182 -7.705180950580256E-004  9.897571388898624E-006
 -1.440523404991509E-004 -5.930972593305183E-005
  1.278806872814740E-005 -1.258452252653090E-005
         183 -6.203827880393645E-004  4.693614307693741E-004
 -2.053896860255675E-004  2.103489892333497E-005
  1.017421712134058E-005 -1.508598213072952E-005
         184 -2.216044097246695E-004  7.427799213841308E-004
 -2.078016602559638E-004  1.433445407290753E-004
  6.870430364784475E-006 -1.627384473348604E-005
         185  2.563530443104977E-004  7.169212798016974E-004
 -1.294106641170738E-004  2.618811506681299E-004
  3.704194026370238E-006 -1.590432106617601E-005
         186  6.121316928605523E-004  4.113479462320216E-004
  1.738533074015120E-005  3.235375395233784E-004
  1.482831274783644E-006 -1.440777260814577E-005
         187  7.038716672299218E-004 -3.546472872761509E-005
  1.878849223411302E-004  2.927842586900784E-004
  8.123000379326517E-007 -1.256301952488905E-005
         188  5.069501430470854E-004 -4.295989011406256E-004
  3.228123647639111E-004  1.660677010834707E-004
  1.535951561855290E-006 -1.162928352810969E-005
         189  1.227484170614198E-004 -6.064707673318361E-004
  3.679157536259283E-004 -2.064195048171984E-005
  2.383163920015642E-006 -1.215961900579128E-005
         190 -2.680320139700510E-004 -5.041470262427040E-004
  3.032516911227863E-004 -2.039482229712537E-004
  2.616906915647011E-006 -1.379757180853520E-005
         191 -4.907355126122404E-004 -1.889598586121991E-004
  1.497561928461045E-004 -3.211183017033141E-004
  1.651311451968838E-006 -1.608121607408098E-005
         192 -4.539647859232641E-004  1.800871544240688E-004
 -3.588387277916569E-005 -3.341882008253206E-004
 -8.703025004323015E-007 -1.806958652022636E-005
         193 -1.889036690642292E-004  4.232920708404489E-004
 -1.901475189533876E-004 -2.489910690204651E-004
 -4.527073048981687E-006 -1.881550678359059E-005
         194  1.643257054600447E-004  4.248143234987070E-004
 -2.665738148938099E-004 -1.032862040339958E-004
 -8.138394097994018E-006 -1.782946442688899E-005
         195  4.261375910653751E-004  1.883357365833671E-004
 -2.496689521771801E-004  4.523175659218528E-005
 -1.079609025094086E-005 -1.570617156627166E-005
         196  4.621558939155160E-004 -1.687265365487524E-004
 -1.623073552514782E-004  1.444589105025933E-004
 -1.229246714350225E-005 -1.325202522119299E-005
         197  2.455473636800750E-004 -4.680783045298949E-004
 -5.236509332807358E-005  1.683203551734835E-004
 -1.273592589841500E-005 -1.115899580491295E-005
         198 -1.278728851269798E-004 -5.562764345325655E-004
  2.966773741240504E-005  1.284579791122836E-004
 -1.272340852494349E-005 -9.901387436935023E-006
         199 -4.855887492680269E-004 -3.759872851091872E-004
  5.659303158239971E-005  6.289654624731263E-005
 -1.303753543949270E-005 -9.529336740064828E-006
         200 -6.548091849305632E-004  6.567112648414205E-006
  3.188562820620950E-005  1.565740595011526E-005
 -1.440241728986910E-005 -9.445825076965265E-006
         201 -5.423593397569081E-004  4.268664490644941E-004
 -1.148811532115672E-005  1.473706441545908E-005
 -1.676848617000019E-005 -8.520586843012810E-006
         202 -1.815552383940805E-004  6.955514346824523E-004
 -3.314719344500496E-005  5.640813127783637E-005
 -1.931064123185331E-005 -6.133429408410168E-006
         203  2.808393432506808E-004  6.848677124370853E-004
 -6.964820835511683E-006  1.108501024214934E-004
 -2.100403786876836E-005 -2.281833653322625E-006
         204  6.471362986073944E-004  3.866758777024631E-004
  6.521164399566139E-005  1.378435738853688E-004
 -2.097567255364252E-005  2.380780992302457E-006
         205  7.562085629564566E-004 -7.944133861678537E-005
  1.546206462693784E-004  1.081990925868849E-004
 -1.894327519236369E-005  6.751488842108694E-006
         206  5.570237657962375E-004 -5.187941496667955E-004
  2.180136232526477E-004  1.760052640765130E-005
 -1.527560203708811E-005  9.780171241335059E-006
         207  1.297055237252581E-004 -7.464876128160145E-004
  2.163346988019909E-004 -1.077933003621816E-004
 -1.087910110173332E-005  1.069761843656186E-005
         208 -3.476188521365719E-004 -6.658323476537867E-004
  1.346641400989541E-004 -2.188823127397549E-004
 -7.075876724184226E-006  9.394105338921236E-006
         209 -6.749687529927359E-004 -3.112710988788221E-004
 -5.185060565336600E-006 -2.649929632154680E-004
 -4.959308093039798E-006  6.577579704025532E-006
         210 -7.165213998350427E-004  1.675753013943326E-004
 -1.523287759061596E-004 -2.197466253124276E-004
 -5.149399220642667E-006  3.441735896086023E-006
         211 -4.562171102466974E-004  5.695069594711769E-004
 -2.487216093864959E-004 -9.400401756948350E-005
 -7.343693702328212E-006  1.429739339112850E-006
         212 -5.716569534395057E-006  7.252794894270494E-004
 -2.542508508426633E-004  6.687195144136881E-005
 -1.044877373971479E-005  1.364669330427176E-006
         213  4.432690028724017E-004  5.718616263736293E-004
 -1.641302815812580E-004  2.021274604232768E-004
 -1.328309341041140E-005  3.358434620745956E-006
         214  7.031272504934669E-004  1.760356666864482E-004
 -1.131302339329172E-005  2.592597131475273E-004
 -1.486215195513685E-005  6.797148627033428E-006
         215  6.656604931436096E-004 -2.964852215421271E-004
  1.462542963111082E-004  2.161312901847031E-004
 -1.476751515966714E-005  1.099985582776976E-005
         216  3.453532995771935E-004 -6.478415306706580E-004
  2.489524436330072E-004  8.782509993323045E-005
 -1.260774570236247E-005  1.502420846093899E-005
         217 -1.246765184249433E-004 -7.298870865100261E-004
  2.551544578308424E-004 -7.656915001556030E-005
 -8.967796660591427E-006  1.764249753077684E-005
         218 -5.491167623120070E-004 -5.067304396365556E-004
  1.629334065094670E-004 -2.116443778820092E-004
 -4.848408455748522E-006  1.853234414973941E-005
         219 -7.502793312051594E-004 -6.865657063881962E-005
  9.957832785046594E-006 -2.649811635459960E-004
 -1.206236059286561E-006  1.791898690428197E-005
         220 -6.430757277913673E-004  4.033314317613692E-004
 -1.420750853365781E-004 -2.179052479291762E-004
  1.608462412295304E-006  1.651877445060441E-005
         221 -2.702757960378424E-004  7.153111557693411E-004
 -2.356393515588691E-004 -9.293179312682734E-005
  3.660568843801833E-006  1.452899673345881E-005
         222  2.177332822751246E-004  7.392458656955783E-004
 -2.373665000507276E-004  6.081435875703655E-005
  4.602525640900323E-006  1.237376664158070E-005
         223  6.246575741204585E-004  4.631035836511053E-004
 -1.487499989196457E-004  1.829429050611332E-004
  4.670815240452349E-006  1.065469162549809E-005
         224  7.861569764973001E-004 -5.664392381502643E-006
 -7.902742626549993E-006  2.268471706190759E-004
  4.310499751072910E-006  9.624902190104675E-006
         225  6.337401345057487E-004 -4.830212237507643E-004
  1.277829404409653E-004  1.778351419344567E-004
  4.067352387500350E-006  9.206935612140478E-006
         226  2.214006525685083E-004 -7.785963822037986E-004
  2.034939894509943E-004  5.979373051540966E-005
  3.945557959747056E-006  9.018675982120947E-006
         227 -2.926390904918700E-004 -7.702817584585859E-004
  1.921048244059877E-004 -7.615062963076633E-005
  3.981714038854176E-006  9.127937800925216E-006
         228 -7.068606160640478E-004 -4.537845189820373E-004
  1.014712686502213E-004 -1.745274711978924E-004
  4.329146685160821E-006  9.346814331682825E-006
         229 -8.550923853849571E-004  5.342738161535094E-005
 -2.822284026937851E-005 -1.949148409530134E-004
  4.902862408914033E-006  9.546748654508568E-006
         230 -6.730834465651565E-004  5.565977977244916E-004
 -1.409133560488996E-004 -1.306729633180729E-004
  5.641288096459573E-006  9.559623357083927E-006
         231 -2.255972850427590E-004  8.602261070984439E-004
 -1.878354429325264E-004 -9.928388223963450E-006
  6.261207691241557E-006  9.516603269042743E-006
         232  3.205708501351466E-004  8.453436001830943E-004
 -1.472218118057480E-004  1.137714186686532E-004
  6.950479778221795E-006  9.697709245426753E-006
         233  7.598381893597438E-004  5.116289208685512E-004
 -3.576799187955529E-005  1.852983606674963E-004
  7.915571744458589E-006  9.974315993205899E-006
         234  9.233396874595547E-004 -1.857675430944149E-005
  1.002853123691610E-004  1.701226341934790E-004
  9.315332861833126E-006  1.030832470295753E-005
         235  7.478252833912600E-004 -5.457088992076497E-004
  2.008309184500778E-004  6.888357221185378E-005
  1.131162374408190E-005  1.039082717326989E-005
         236  2.998245244678283E-004 -8.717921465982234E-004
  2.180671174195395E-004 -7.947344819695403E-005
  1.386921690348460E-005  9.870135745743434E-006
         237 -2.498025420050117E-004 -8.758941919471808E-004
  1.375390547739701E-004 -2.141000570876234E-004
  1.676863310152310E-005  8.275053207086853E-006
         238 -6.918434057089860E-004 -5.632457209290026E-004
 -1.440701433049537E-005 -2.764311429737265E-004
  1.932933554165599E-005  5.370811281736619E-006
         239 -8.638987108305246E-004 -6.190133288367233E-005
 -1.808434617523014E-004 -2.358190395459910E-004
  2.091474246480462E-005  1.365376972302182E-006
         240 -7.124676636238619E-004  4.312602093079600E-004
 -2.972651950852892E-004 -1.009424575968886E-004
  2.099628942598170E-005 -3.275643867792602E-006
         241 -3.121627222089570E-004  7.283914542581792E-004
 -3.152621546253588E-004  8.234342501825515E-005
  1.929288387562561E-005 -7.759337878146089E-006
         242  1.659518152050694E-004  7.274675866676191E-004
 -2.221375610707709E-004  2.470642214570044E-004
  1.602108675039275E-005 -1.119590862386791E-005
         243  5.288999866175545E-004  4.517177986760513E-004
 -4.797698364066943E-005  3.290998785619126E-004
  1.190552310834463E-005 -1.289597126040063E-005
         244  6.414421168169062E-004  3.401587806388348E-005
  1.422375623420967E-004  2.949362140642881E-004
  7.974298627850182E-006 -1.274658111620570E-005
         245  4.793813473289045E-004 -3.416800347812745E-004
  2.763616940336998E-004  1.580209518040194E-004
  5.020167052044097E-006 -1.123733405504680E-005
         246  1.363332181297457E-004 -5.198365206167539E-004
  3.061209523640691E-004 -2.833369769404348E-005
  3.509873579267402E-006 -9.008936799141250E-006
         247 -2.209085013106400E-004 -4.394589713014078E-004
  2.234671465780851E-004 -1.941945764728504E-004
  3.480315729822976E-006 -7.077807735762297E-006
         248 -4.273523317541971E-004 -1.579887073022840E-004
  6.310649260256300E-005 -2.779074591977383E-004
  4.210397101435558E-006 -5.970787033027493E-006
         249 -3.945666368535074E-004  1.768671131929310E-004
 -1.111845690126688E-004 -2.518190618336571E-004
  5.256375659647967E-006 -5.705245592965097E-006
         250 -1.495280415596928E-004  3.972827643779569E-004
 -2.324236784771699E-004 -1.299078740582569E-004
  6.127420605136678E-006 -6.178539497927341E-006
         251  1.792523264911637E-004  3.929064271607174E-004
 -2.545295548098666E-004  3.572246875494521E-005
  6.719961922343977E-006 -7.072587808915154E-006
         252  4.214670652637858E-004  1.633118042185132E-004
 -1.733459570879195E-004  1.759395292209748E-004
  6.997820377359304E-006 -8.263076016209746E-006
         253  4.465530696266508E-004 -1.789354642727915E-004
 -2.773592158710268E-005  2.336605597568646E-004
  7.095865709971286E-006 -9.636522953364976E-006
         254  2.296737552228838E-004 -4.614430028083960E-004
  1.162648017413089E-004  1.899623031243400E-004
  6.950600023808740E-006 -1.155458562857120E-005
         255 -1.346954722291979E-004 -5.351781071276459E-004
  1.988257159456786E-004  7.043413744317857E-005
  5.985540215638480E-006 -1.399486130687190E-005
         256 -4.745545238682403E-004 -3.468438565518729E-004
  1.883812481129835E-004 -7.085101047155231E-005
  3.737005847917917E-006 -1.651911384752444E-005
