   409.600000000000     
         256           1           3
  1.124309127438499E-002   39.5361513073384        113.894509434698     
   39.0000000000000        116.000000000000        6351.00000000000     
           0  0.000000000000000E+000  0.000000000000000E+000
  0.000000000000000E+000  0.000000000000000E+000
  0.000000000000000E+000  0.000000000000000E+000
           1 -5.283995524637877E-007  9.487715738699040E-008
 -6.048857086963205E-006  6.393810720293471E-009
  8.110317093572503E-006 -3.577382634597786E-007
           2 -5.551004445110994E-007  2.220427884751576E-007
 -6.180741740679655E-006 -8.579120363300651E-008
  8.489700417409591E-006 -9.422863826685235E-007
           3 -6.385327288262682E-007  3.737453649668403E-007
 -6.592662567214214E-006 -3.316478185015689E-007
  8.878630097520850E-006 -1.909377705450587E-006
           4 -8.038825233314355E-007  7.737872791843238E-007
 -7.643426103528871E-006 -5.833637789904155E-007
  9.008591274896995E-006 -3.220758174977846E-006
           5 -6.611205108406619E-007  1.667240357707974E-006
 -9.582660368609368E-006 -2.300810708352170E-007
  8.717019282938163E-006 -4.714126401254329E-006
           6  4.888646528674232E-007  2.714672246209146E-006
 -1.203413236385742E-005  1.724746566267957E-006
  7.906221989668052E-006 -6.107596332729377E-006
           7  2.877827231962163E-006  2.837883247317320E-006
 -1.360815554289296E-005  5.822323361511089E-006
  6.783378876872373E-006 -7.191011310643610E-006
           8  5.709881787884142E-006  7.377255290294416E-007
 -1.255549116881423E-005  1.138534024574159E-005
  5.468481899887105E-006 -8.003387355596725E-006
           9  6.784105700463847E-006 -4.185643582501367E-006
 -7.678747339237383E-006  1.631846059730485E-005
  3.963959468086119E-006 -8.370377511491519E-006
          10  3.385697522208479E-006 -1.023776570670889E-005
  1.788626653987591E-007  1.740394107489388E-005
  2.561193706178724E-006 -8.291074866109910E-006
          11 -5.511503815130831E-006 -1.314981103177269E-005
  7.395171553030814E-006  1.276918306868244E-005
  1.420484651484608E-006 -7.833486278709048E-006
          12 -1.658935914507257E-005 -8.021991449947911E-006
  9.431218642197986E-006  4.062201860630936E-006
  8.701515240608803E-007 -7.222953321545397E-006
          13 -2.254630387713686E-005  6.405055501157259E-006
  3.927615927400087E-006 -3.353455611309845E-006
  3.865072231174076E-007 -7.090500318484559E-006
          14 -1.564075407331735E-005  2.496812984729428E-005
 -5.735583076795243E-006 -3.590378038798883E-006
 -2.767360566853492E-007 -6.867094497796322E-006
          15  6.716225087574138E-006  3.591238996519557E-005
 -1.248716447225013E-005  5.106923917448812E-006
 -9.504641627720354E-007 -6.232929141138026E-006
          16  3.593859500135177E-005  2.627118010594611E-005
 -8.970206985873279E-006  1.787322517560334E-005
 -8.888245020068312E-007 -5.258213296594088E-006
          17  5.300539506083279E-005 -6.953240637104903E-006
  5.874981410335751E-006  2.423067247347928E-005
 -2.573624613130618E-007 -5.166542227378071E-006
          18  3.904001819729051E-005 -4.982252006697102E-005
  2.417119947568300E-005  1.483124210760838E-005
  2.830665567000479E-007 -5.361308095308799E-006
          19 -9.183836115559946E-006 -7.299781320161713E-005
  2.906928118113873E-005 -1.070979685968467E-005
  9.983920258949367E-007 -6.344772197818588E-006
          20 -6.743570025213328E-005 -5.021292052284523E-005
  7.836288080949447E-006 -3.529106951693358E-005
  9.042393854949616E-007 -8.482070676449322E-006
          21 -9.264735972751025E-005  1.750545603062401E-005
 -3.282530065987471E-005 -3.425860555697563E-005
 -8.559385861814282E-007 -1.127708210558317E-005
          22 -5.267338962010956E-005  8.920118686170710E-005
 -6.389648157199201E-005  6.039685468282454E-006
 -5.465590334782895E-006 -1.279639081097905E-005
          23  3.799078522600896E-005  1.047925584728497E-004
 -5.015827585250872E-005  6.643691784939791E-005
 -1.086310998326450E-005 -1.071813516175112E-005
          24  1.118678398170091E-004  3.525617799089603E-005
  1.547096441354152E-005  9.984324265775740E-005
 -1.425120762163202E-005 -5.335821676084238E-006
          25  9.584388032749555E-005 -7.376129013080175E-005
  9.330764909654867E-005  6.531812100800817E-005
 -1.330746567935020E-005  1.459222768243210E-006
          26 -1.170020779011537E-005 -1.223660796786151E-004
  1.159359039375206E-004 -2.624499072629588E-005
 -8.151059294702566E-006  5.712226439513111E-006
          27 -1.142416792779633E-004 -5.034653794755538E-005
  5.184080398067369E-005 -1.034059046779380E-004
 -1.799935827058942E-006  4.985195560950905E-006
          28 -9.960836828343591E-005  8.187917706598413E-005
 -5.042308712279989E-005 -9.373641652465718E-005
  1.346085528638771E-006 -4.524945628883398E-008
          29  3.292092383088626E-005  1.328560707678625E-004
 -9.545895604785337E-005 -2.333385059896534E-006
 -8.461992360038041E-007 -4.965837460267239E-006
          30  1.456064453730275E-004  3.022855088829524E-005
 -3.861338885932716E-005  7.853905915758323E-005
 -5.684562472051073E-006 -5.797634228899312E-006
          31  1.009130317394204E-004 -1.273893693159307E-004
  5.624158861257942E-005  6.277356872383183E-005
 -8.666451411511566E-006 -2.594246302320852E-006
          32 -7.069242890643778E-005 -1.604073640222787E-004
  7.893298875859541E-005 -3.045106619542739E-005
 -7.725406259752328E-006  7.883137914632451E-007
          33 -1.837603305916645E-004 -1.565381446729634E-005
 -1.735631446971418E-006 -8.869899938742469E-005
 -5.353234486107163E-006  1.046933677438179E-006
          34 -1.045516095179345E-004  1.566007175493878E-004
 -9.305234029548427E-005 -3.368212918968437E-005
 -5.340975915837306E-006 -8.398361491863483E-007
          35  8.717895633280666E-005  1.649173340162037E-004
 -8.107482666537037E-005  8.135280277465460E-005
 -8.191723927385863E-006 -1.009384256637446E-006
          36  1.803637705593496E-004 -1.444490792245173E-006
  3.450784220006707E-005  1.262957599196853E-004
 -1.037284664744744E-005  2.471745562037604E-006
          37  7.437183379012903E-005 -1.555705769321055E-004
  1.335236434550587E-004  4.309867754993207E-005
 -8.616826091169552E-006  7.178342767874241E-006
          38 -1.061024426453676E-004 -1.274242795850209E-004
  1.093330654222786E-004 -8.425428987925033E-005
 -3.534284597023892E-006  8.608495160819016E-006
          39 -1.567123624332332E-004  4.409582809592066E-005
 -8.655183724882024E-006 -1.236103196666374E-004
  1.411647343695963E-007  5.563688061996928E-006
          40 -2.536000028160148E-005  1.615909641289019E-004
 -9.239668161607814E-005 -4.433877691812178E-005
 -4.310484512915474E-007  1.640905016377555E-006
          41  1.359010253059124E-004  9.536553309881274E-005
 -6.094686171026647E-005  5.599585676161023E-005
 -3.802510920651595E-006  5.484086728580701E-007
          42  1.490744421458799E-004 -7.591454863052673E-005
  3.508145343762397E-005  6.599116825937148E-005
 -5.884836157580047E-006  3.047248486116610E-006
          43  6.708172028094460E-006 -1.647683469790940E-004
  7.806712417560935E-005 -1.518507167720669E-005
 -4.853575943968914E-006  5.802056859334206E-006
          44 -1.327463388340262E-004 -8.380505916066193E-005
  1.955987492406177E-005 -8.577352336888606E-005
 -2.489861620553933E-006  6.489346880957779E-006
          45 -1.263452418999191E-004  6.742761095329980E-005
 -7.189648820973755E-005 -6.078016005775234E-005
 -1.006678344037824E-006  5.041619253841213E-006
          46  8.732456010633972E-008  1.250057972642275E-004
 -9.051959205093893E-005  3.561034138864671E-005
 -1.864700413708829E-006  3.905975167111052E-006
          47  9.616102497340952E-005  4.367541325015344E-005
 -1.301353498876417E-005  9.938160549666080E-005
 -3.255408678931834E-006  4.728643877081444E-006
          48  6.203439640800651E-005 -6.637106121038849E-005
  8.166851822269512E-005  6.335635593062542E-005
 -3.172244015166113E-006  7.044991873292591E-006
          49 -4.806547203065283E-005 -7.341117283948127E-005
  9.759297351651994E-005 -3.546017042012594E-005
 -5.863113944843081E-007  8.783071833099880E-006
          50 -9.437885436853014E-005  2.932322745321872E-005
  2.369460114574589E-005 -9.553283024784009E-005
  2.244223245438329E-006  7.868831407883981E-006
          51 -1.166522617020896E-005  1.185325894596756E-004
 -5.940622212674366E-005 -6.390983596384147E-005
  3.348498685683029E-006  5.605108330069139E-006
          52  1.172652317321633E-004  8.010446778708159E-005
 -7.055273924937372E-005  1.800265307034172E-005
  2.553602281020532E-006  3.910205277515029E-006
          53  1.500391118614273E-004 -6.432098289384686E-005
 -6.313323320811504E-006  6.170346257126900E-005
  1.306168657980784E-006  4.249225359120444E-006
          54  3.595025850735800E-005 -1.770533887838640E-004
  5.808570535273389E-005  2.419676758543133E-005
  1.681389833010567E-006  5.301862662836380E-006
          55 -1.304325678456827E-004 -1.418900698699691E-004
  5.340846726295589E-005 -5.077801494870812E-005
  3.178273912182180E-006  5.511560325152324E-006
          56 -1.976793419184318E-004  2.030059123558576E-005
 -1.758138545553216E-005 -8.335369993682206E-005
  4.548351988236566E-006  4.265413235769419E-006
          57 -1.032527891179339E-004  1.698647526941890E-004
 -8.389569036337539E-005 -3.658606839046964E-005
  4.257469495507641E-006  2.279227530732871E-006
          58  7.057373164613363E-005  1.801040742757782E-004
 -8.006652738441034E-005  4.575911589859910E-005
  2.665798398364785E-006  1.434514851777230E-006
          59  1.768079177705936E-004  5.009183626112841E-005
 -9.066459909566979E-006  8.857642592074702E-005
  1.003259565586506E-006  2.416184431534378E-006
          60  1.359720300628360E-004 -1.037882853245999E-004
  6.412786397160038E-005  5.422207645174921E-005
  9.441703660050669E-007  4.628400791868503E-006
          61 -3.044630258345071E-006 -1.567159403529445E-004
  7.569407444983242E-005 -2.078242135088448E-005
  2.889668010921568E-006  6.137821580672621E-006
          62 -1.176390728869084E-004 -8.047258928307500E-005
  2.535480105925582E-005 -6.796093918274277E-005
  5.400100477648577E-006  5.971207336366041E-006
          63 -1.212501013972487E-004  4.605187049606717E-005
 -3.420981965094617E-005 -5.344826623490790E-005
  7.122880823764514E-006  4.343173498746195E-006
          64 -2.867852310948621E-005  1.159743118024130E-004
 -4.970538477959621E-005 -3.376482252848154E-006
  7.509453128695933E-006  2.521821118753942E-006
          65  7.336975355552002E-005  8.495476267917748E-005
 -1.861284355948988E-005  2.737344893505373E-005
  7.406929257222268E-006  1.416722898041170E-006
          66  1.071538559936543E-004 -7.414400916920465E-006
  1.660840865991515E-005  1.344472119711041E-005
  7.462994365462807E-006  5.755908086299679E-007
          67  6.020054043013328E-005 -8.472882315782690E-005
  1.642377576958561E-005 -2.316051158734553E-005
  7.654948127952387E-006 -4.883392532253926E-007
          68 -2.121859543032540E-005 -9.886673151607722E-005
 -1.890023662276951E-005 -3.920615215523370E-005
  7.524780613071033E-006 -1.866566234652387E-006
          69 -8.227511388697172E-005 -5.508628437680695E-005
 -5.357341615232918E-005 -1.493110276109386E-005
  6.744270240356117E-006 -3.313933452469126E-006
          70 -9.764467447879980E-005  1.210862633522683E-005
 -5.368610315783473E-005  2.975282994026785E-005
  5.316722566396489E-006 -4.121468701632308E-006
          71 -7.038364442775369E-005  7.156333996314870E-005
 -1.845413635113334E-005  5.738659967612002E-005
  3.950190878028498E-006 -4.084843468547414E-006
          72 -1.348644825818642E-005  1.050694247455644E-004
  2.228347474127385E-005  4.825844243306532E-005
  3.070254336909045E-006 -3.498762543802656E-006
          73  5.799887872249181E-005  9.956143338208385E-005
  3.850959747011493E-005  1.657878997384218E-005
  2.979762480827090E-006 -2.857567875342120E-006
          74  1.186065724541304E-004  4.541776452339214E-005
  2.789668043781203E-005 -8.392622790616731E-006
  3.257665012402097E-006 -2.572347312668799E-006
          75  1.319644718684977E-004 -4.664629300376526E-005
  1.166808236499902E-005 -1.162395757920987E-005
  3.639414931444249E-006 -2.809352642787595E-006
          76  7.237313311229566E-005 -1.340973087721362E-004
  1.046361659498869E-005 -6.855462781947555E-006
  3.760820206403941E-006 -3.375885717097075E-006
          77 -4.335029379158137E-005 -1.565511838523406E-004
  1.693155059287759E-005 -1.564226860223324E-005
  3.707307584211199E-006 -3.846651067083867E-006
          78 -1.474374807909114E-004 -8.208900032608659E-005
  8.517103766589186E-006 -3.734997880883472E-005
  3.610287596818246E-006 -4.512566239258077E-006
          79 -1.623782720166333E-004  5.209779007227664E-005
 -2.613023149786081E-005 -4.911344142512206E-005
  3.370817251059642E-006 -5.499993105557868E-006
          80 -6.742866554231076E-005  1.542628183169061E-004
 -6.751396126742139E-005 -2.412825681337262E-005
  2.400884355454257E-006 -6.725690848322532E-006
          81  7.435451944058264E-005  1.446483263667123E-004
 -7.742461316992535E-005  3.228610931145737E-005
  3.888224106441852E-007 -7.296508091068020E-006
          82  1.525368577986462E-004  2.550716240158297E-005
 -3.833648829182694E-005  8.246039199670206E-005
 -1.672688976262544E-006 -6.547145875944279E-006
          83  1.015743421019344E-004 -1.067947523054274E-004
  2.856050800427614E-005  8.586093795896453E-005
 -2.812147689921323E-006 -4.717182518229155E-006
          84 -3.660965164501909E-005 -1.396227134071533E-004
  7.375289954867819E-005  3.798187696157321E-005
 -2.601197477283711E-006 -2.802003065347686E-006
          85 -1.426984746931874E-004 -4.057778189758550E-005
  6.599519723179122E-005 -2.334083844763851E-005
 -1.425663237027172E-006 -1.771678052853056E-006
          86 -1.165661856187946E-004  1.091326432943288E-004
  1.743228130899336E-005 -5.110897066314698E-005
 -1.063260827275989E-007 -1.765153674057666E-006
          87  3.160935495592233E-005  1.734395009015378E-004
 -2.542049408138943E-005 -2.880379376479151E-005
  6.988724425613746E-007 -2.559596884262321E-006
          88  1.780491748391205E-004  8.117850006898903E-005
 -2.619928159260416E-005  1.302734688239881E-005
  7.136603085280938E-007 -3.639333683690826E-006
          89  1.882475018148682E-004 -1.044423869123004E-004
  9.812172415837545E-006  2.929493373477200E-005
  1.729864725874751E-007 -4.366137897817251E-006
          90  3.460415661685932E-005 -2.305898312772374E-004
  4.083449852432016E-005 -6.299661807101625E-007
 -5.032196936034728E-007 -4.662492642752294E-006
          91 -1.703348625993298E-004 -1.803424701895689E-004
  2.439647093382883E-005 -4.873462417946224E-005
 -1.017412520988493E-006 -4.857876383839697E-006
          92 -2.581098348319508E-004  2.283106026811697E-005
 -3.546905274885589E-005 -6.160140706293128E-005
 -1.605178536882388E-006 -5.254545460858201E-006
          93 -1.461848594376663E-004  2.231143358097183E-004
 -8.840319013836946E-005 -1.146810013568320E-005
 -2.819494864132603E-006 -5.483762977572876E-006
          94  8.732607226618323E-005  2.572131425199958E-004
 -7.802257970135636E-005  7.213216800126873E-005
 -4.298519983307201E-006 -4.891302157816930E-006
          95  2.598450544747240E-004  8.895349261810039E-005
  2.238468467270577E-006  1.200837978985906E-004
 -5.187267740273197E-006 -3.377229331772656E-006
          96  2.299348844819594E-004 -1.541984497291639E-004
  9.783235488099911E-005  8.472123925115362E-005
 -4.804876065706197E-006 -1.617487329416116E-006
          97  1.508026282021497E-005 -2.784005934618496E-004
  1.318919904750103E-004 -1.805974136343052E-005
 -3.375778753183235E-006 -8.927444206653094E-007
          98 -2.154295254799213E-004 -1.803209763733506E-004
  7.045766846973967E-005 -1.121690058704985E-004
 -2.007904031490055E-006 -1.646401324360310E-006
          99 -2.756142731277486E-004  6.456196317435659E-005
 -4.402818473448195E-005 -1.231054228847647E-004
 -1.882969498445960E-006 -3.463760869139343E-006
         100 -1.156252452336279E-004  2.601215759946972E-004
 -1.245892608423599E-004 -3.828597682844442E-005
 -3.625580649600542E-006 -4.995417932799083E-006
         101  1.362687153790395E-004  2.506102719444239E-004
 -1.069985927064910E-004  7.779582842411374E-005
 -6.370999086822897E-006 -4.851766053795925E-006
         102  2.804434351066868E-004  4.582043597908855E-005
 -5.793745591229112E-006  1.350597126918743E-004
 -8.589571843859927E-006 -2.725703931078253E-006
         103  2.064041005591483E-004 -1.902819822912975E-004
  1.002567619428449E-004  9.265024596282503E-005
 -8.969526823534870E-006  3.734951063714928E-007
         104 -2.153278851434753E-005 -2.738021220374852E-004
  1.326965908843757E-004 -1.344182301104769E-005
 -7.436807925465830E-006  2.831851497800000E-006
         105 -2.214454838031826E-004 -1.475640827608432E-004
  7.306326811260588E-005 -1.009906564838851E-004
 -5.065066555768543E-006  3.533391884974268E-006
         106 -2.426658282145745E-004  8.027181226842586E-005
 -2.567095432132376E-005 -1.078216578966976E-004
 -3.460191033964282E-006  2.525374066916682E-006
         107 -8.105276702025027E-005  2.298742200997110E-004
 -8.551636947841948E-005 -4.026266956561596E-005
 -3.516837948807316E-006  1.104630096388328E-006
         108  1.265420784047473E-004  1.934234313932486E-004
 -6.835156143157211E-005  3.844562348402819E-005
 -4.814247042584771E-006  7.293197983341734E-007
         109  2.180038101296215E-004  1.496792292432942E-005
 -3.456114307597753E-006  6.494227303156398E-005
 -5.951868930306016E-006  1.731078625840268E-006
         110  1.352498846406942E-004 -1.561190562994035E-004
  4.548243353245394E-005  3.019078838689920E-005
 -6.074458977903320E-006  3.402196089080873E-006
         111 -4.079526460502781E-005 -1.910061864903040E-004
  4.016321084161163E-005 -2.118951281146967E-005
 -5.220545604870196E-006  4.791377498885342E-006
         112 -1.671611167345244E-004 -7.924110642478761E-005
 -2.238073850176315E-006 -3.632143788188636E-005
 -4.004858523659796E-006  5.510180178872444E-006
         113 -1.566252186284850E-004  7.897178362358791E-005
 -3.094312807849282E-005 -6.138297740366593E-006
 -2.753357113561559E-006  5.605669112321750E-006
         114 -3.362978759655115E-005  1.623554504866616E-004
 -1.485255167654974E-005  3.291396150371798E-005
 -1.937394710651599E-006  5.302944610353094E-006
         115  9.831887046658850E-005  1.208625592223577E-004
  3.084290297148840E-005  3.621835014456309E-005
 -1.439968056355103E-006  5.062653871324091E-006
         116  1.452146326710266E-004  1.953310103518200E-006
  5.849688985649984E-005 -4.800745310081457E-006
 -9.964734401148567E-007  4.786719306573369E-006
         117  8.896875734572832E-005 -1.005942616157410E-004
  3.878843395431934E-005 -5.370026326976429E-005
 -6.908097406156440E-007  4.523120708952944E-006
         118 -1.527212385213688E-005 -1.225730766253031E-004
 -1.496909073948270E-005 -6.701176337380311E-005
 -5.727178169050584E-007  4.104029021138452E-006
         119 -9.261770654096625E-005 -6.489830370090404E-005
 -5.835725775972940E-005 -3.027923165459055E-005
 -9.724199827461486E-007  3.886859442919002E-006
         120 -1.013757463367583E-004  2.156030758234853E-005
 -5.428938256610433E-005  2.546547696545124E-005
 -1.399912955032690E-006  4.374919739641945E-006
         121 -5.096649433818763E-005  8.131328714137598E-005
 -8.010782833224474E-006  5.442072506286132E-005
 -1.384682143887785E-006  5.367832788243292E-006
         122  2.023384971172629E-005  8.914726649821962E-005
  4.040344085770314E-005  3.426400435621975E-005
 -5.075688727618284E-007  6.375510147912456E-006
         123  7.606950794766272E-005  4.849182897188981E-005
  5.091008804388333E-005 -1.374209462504869E-005
  8.902766614123516E-007  6.735690220003145E-006
         124  8.960987213342299E-005 -1.910530517673268E-005
  2.124573011306063E-005 -4.724029769852842E-005
  2.261298526572064E-006  6.431964050729623E-006
         125  5.298731483874193E-005 -8.035237502958984E-005
 -1.836401482164342E-005 -4.312601744288858E-005
  3.234936400640531E-006  5.512894447914668E-006
         126 -2.108697456102045E-005 -1.016229776990840E-004
 -3.409677678420423E-005 -1.436409078506393E-005
  3.533276601423228E-006  4.589734156629113E-006
         127 -9.606786046722758E-005 -6.092985077614066E-005
 -2.286435470512579E-005  6.615005911262911E-006
  3.546201203821602E-006  3.977634906193852E-006
         128 -1.214409437186652E-004  3.145353477632455E-005
 -7.865070044533558E-006  6.749466693538016E-006
  3.488696852624987E-006  3.657686620130589E-006
         129 -6.382485395891143E-005  1.221346981948108E-004
 -8.343203390636254E-006 -1.908470855378632E-006
  3.670627822276117E-006  3.429740456402365E-006
         130  5.454480889892347E-005  1.399396549046391E-004
 -1.936981771909191E-005  3.737545687601342E-006
  3.711946614511307E-006  3.057021891886634E-006
         131  1.532327340017404E-004  5.222280258214095E-005
 -1.578026162364624E-005  2.511727551523386E-005
  3.575805244971303E-006  2.956392071836252E-006
         132  1.462767708233153E-004 -9.181151243507954E-005
  1.339032581784191E-005  3.714124403548444E-005
  3.631963027165299E-006  3.205890804036007E-006
         133  1.865536258248595E-005 -1.814113224309859E-004
  4.823103579849709E-005  1.458962642369470E-005
  4.253483784389952E-006  3.579121802596882E-006
         134 -1.399254071013982E-004 -1.303657778181588E-004
  5.114522176674118E-005 -3.529750005928661E-005
  5.368592407642213E-006  3.432239663717806E-006
         135 -1.969777905439960E-004  3.693070583613523E-005
  7.991212844228415E-006 -7.266838973010033E-005
  6.441795135239874E-006  2.569873960386853E-006
         136 -9.021508467839239E-005  1.905929408747503E-004
 -5.382873941446197E-005 -6.042678304647923E-005
  6.987316417471300E-006  1.133347868185863E-006
         137  1.079122388533449E-004  1.956038151594940E-004
 -8.328917877950157E-005 -1.853507347814763E-007
  6.687371576789570E-006 -3.362163267616520E-007
         138  2.362434909957763E-004  2.906255080138383E-005
 -5.168770834580213E-005  6.128165477548683E-005
  5.797596112793257E-006 -1.247651197401062E-006
         139  1.742399788630516E-004 -1.848880995221155E-004
  1.786128030348004E-005  7.175375511265958E-005
  4.905036309848361E-006 -1.393509965886819E-006
         140 -4.627044881505714E-005 -2.665218910481775E-004
  6.664605120202141E-005  1.913414574074067E-005
  4.544694912495578E-006 -1.128760513129063E-006
         141 -2.537444764371576E-004 -1.324065502907224E-004
  4.852356499461611E-005 -5.280879430568694E-005
  4.701925708985756E-006 -1.014826796001897E-006
         142 -2.725186651893605E-004  1.246613083294884E-004
 -2.569688581709780E-005 -7.757417509172993E-005
  4.962582815227050E-006 -1.336695150322331E-006
         143 -7.302270184310041E-005  3.008839854106697E-004
 -9.120334709095469E-005 -2.545851388095322E-005
  4.919063818979189E-006 -1.851700268747413E-006
         144  1.937652262259561E-004  2.486822448690510E-004
 -8.460872846092922E-005  6.439106877960998E-005
  4.657948903556375E-006 -2.155758531448491E-006
         145  3.160734763705080E-004  3.034408633216732E-006
 -1.388033310723175E-006  1.144521948735570E-004
  4.522643876586990E-006 -2.126520779177632E-006
         146  1.960088052522455E-004 -2.429086600653496E-004
  9.371557512599081E-005  7.401649839826315E-005
  4.942508018874798E-006 -2.066084262226568E-006
         147 -6.859420102238341E-005 -2.958467155853398E-004
  1.194127228253881E-004 -3.137167473950248E-005
  5.760645126027670E-006 -2.634534526097335E-006
         148 -2.651120180331649E-004 -1.212129078814734E-004
  4.845207097275316E-005 -1.191687743744139E-004
  6.312308908213206E-006 -4.037970995468512E-006
         149 -2.437763750480470E-004  1.316676174185121E-004
 -6.734013874736028E-005 -1.160275331825300E-004
  5.906352627474422E-006 -5.953787209583976E-006
         150 -3.597185363313797E-005  2.590347412451489E-004
 -1.363638580152573E-004 -2.191294049488937E-005
  4.384568689482799E-006 -7.362109120763991E-006
         151  1.788108584242432E-004  1.688775821075943E-004
 -1.047082956308621E-004  8.966714010030856E-005
  2.554556627348843E-006 -7.724086453875647E-006
         152  2.265397416065600E-004 -4.796118566349589E-005
  1.174527969593597E-006  1.312642297624162E-004
  1.121149370445240E-006 -7.203278166446889E-006
         153  8.258766339728150E-005 -2.032699983854012E-004
  9.333147649034851E-005  7.324019543787313E-005
  5.926395441703568E-007 -6.396386791130253E-006
         154 -1.183859053453897E-004 -1.736772322409640E-004
  9.934331128117029E-005 -3.022863044579746E-005
  7.269130667433813E-007 -6.069759364220144E-006
         155 -2.034827001740492E-004  3.472887341527714E-006
  2.019467210417403E-005 -8.988656909329408E-005
  9.196216428102643E-007 -6.581148017487884E-006
         156 -1.061172191635187E-004  1.677125483552976E-004
 -6.861028187113161E-005 -5.554828881388665E-005
  2.717098637396814E-007 -7.666302814279900E-006
         157  7.973024572216569E-005  1.772460072350253E-004
 -8.615931242122776E-005  3.537140955510201E-005
 -1.330022042964251E-006 -8.212745077690407E-006
         158  1.876399185151582E-004  3.112970900884800E-005
 -1.817184371867764E-005  9.949885514949955E-005
 -3.063619432006412E-006 -7.763082836714296E-006
         159  1.268598599285743E-004 -1.354121391975485E-004
  7.454979101611857E-005  7.632846400838932E-005
 -4.133626078683055E-006 -6.587196556732643E-006
         160 -4.188116968989588E-005 -1.749791094530423E-004
  1.074009063697259E-004 -1.503963191585245E-005
 -4.418801880992336E-006 -5.555413016200134E-006
         161 -1.629563568092441E-004 -5.712644175698648E-005
  5.056155646954377E-005 -9.682108298479434E-005
 -4.450180028144396E-006 -4.940512388996260E-006
         162 -1.281313115666917E-004  1.028181075580736E-004
 -5.185491985108394E-005 -9.796594259337415E-005
 -4.549754193689707E-006 -4.752877966141890E-006
         163  2.164210364332082E-005  1.545340404026168E-004
 -1.139017820697051E-004 -1.453173909715591E-005
 -5.111726915206530E-006 -4.698614245875367E-006
         164  1.393580976663419E-004  5.469805876174701E-005
 -8.421773817123204E-005  8.588482497380633E-005
 -6.068481027782990E-006 -4.245457860855786E-006
         165  1.120105008037089E-004 -9.528828586899780E-005
  1.385191587778281E-005  1.227911461149320E-004
 -6.907403345416724E-006 -3.100799499009513E-006
         166 -3.257717612868113E-005 -1.455969358582180E-004
  1.004768265955403E-004  6.802974390265198E-005
 -7.045805875309357E-006 -1.572565145077522E-006
         167 -1.502322334693021E-004 -4.294920810749337E-005
  1.086383404749472E-004 -2.982031518338509E-005
 -6.419845984184367E-006 -3.209135606932343E-007
         168 -1.205587093929396E-004  1.157302867860991E-004
  3.885454165142882E-005 -9.050825855378366E-005
 -5.505242580748676E-006  2.277705549716053E-007
         169  3.652069560665180E-005  1.759760258267774E-004
 -4.395165440295999E-005 -6.929694702842012E-005
 -4.881097721733051E-006  2.189373986134741E-007
         170  1.776630113083590E-004  7.194183269568464E-005
 -6.908124676958363E-005  4.759860103065906E-006
 -4.698149986606480E-006  1.134623992539701E-007
         171  1.684622487070119E-004 -1.090027315245156E-004
 -2.272532626743689E-005  6.071180024505481E-005
 -4.729487135081441E-006  2.037372404961615E-007
         172  1.085636493476823E-005 -2.047020295461571E-004
  4.589179602376898E-005  4.963509368595278E-005
 -4.681602400998695E-006  4.449788666199462E-007
         173 -1.574054129656000E-004 -1.294347282363235E-004
  7.094966917757200E-005 -1.402130075668695E-005
 -4.517030400391791E-006  5.758812601155092E-007
         174 -1.907070673748227E-004  4.835254952361779E-005
  3.011921093961167E-005 -6.930427391167237E-005
 -4.471425377493747E-006  4.873750888354612E-007
         175 -6.748646874278016E-005  1.712420903825364E-004
 -3.931993961003493E-005 -6.628074897752995E-005
 -4.791918631821724E-006  3.600365871932167E-007
         176  9.324211364695297E-005  1.385015511901342E-004
 -7.783700393891284E-005 -7.879487297790847E-006
 -5.448693303179436E-006  5.647338389588160E-007
         177  1.479604196822405E-004 -3.653633722064390E-006
 -5.498312231179188E-005  5.790877215777204E-005
 -6.100833965022027E-006  1.307500055771742E-006
         178  6.157630444007632E-005 -1.151378760411605E-004
  8.874227379086671E-006  8.032864578085692E-005
 -6.375218175824873E-006  2.479874947491505E-006
         179 -6.904516436581251E-005 -9.635307447343877E-005
  6.326403816558927E-005  4.728705275429601E-005
 -6.052316220023429E-006  3.753731023226832E-006
         180 -1.127837736703876E-004  2.236313733533832E-005
  7.166998730621106E-005 -9.388745771762596E-006
 -5.210412922710037E-006  4.716897461118203E-006
         181 -2.982954436996001E-005  1.159485595598375E-004
  3.869121430861711E-005 -4.539464747495112E-005
 -4.178806675229571E-006  5.147179924725790E-006
         182  9.426865713242066E-005  8.910837983468295E-005
  2.986405001907438E-007 -4.154582503658811E-005
 -3.344446508395743E-006  5.052976574820190E-006
         183  1.366728204698443E-004 -3.540390371148205E-005
 -1.142465157172283E-005 -1.605493436417292E-005
 -3.029697353784613E-006  4.806680263122981E-006
         184  5.080188237478536E-005 -1.420390339485141E-004
  3.980167958607205E-006 -2.779709245527586E-006
 -3.050063814224096E-006  4.856144838778059E-006
         185 -8.998531410535414E-005 -1.286624738293505E-004
  1.849321547903434E-005 -1.722104998936880E-005
 -3.039708434739172E-006  5.234746104956988E-006
         186 -1.591856615390645E-004 -1.869746984066734E-006
  6.977795310637698E-006 -4.139281685512212E-005
 -2.836301508004251E-006  5.789861521437082E-006
         187 -9.287669659634167E-005  1.279339190766806E-004
 -2.733388917178031E-005 -4.623507337667866E-005
 -2.475170315830565E-006  6.364138978905539E-006
         188  5.213064963070039E-005  1.464793830417688E-004
 -5.762938591564537E-005 -1.751495653656390E-005
 -1.974220962802734E-006  7.031964456355234E-006
         189  1.490879884439700E-004  3.664215045875023E-005
 -5.490827854946294E-005  2.867676504839356E-005
 -1.143535695051767E-006  7.694461672407031E-006
         190  1.123273212786552E-004 -1.067710402769372E-004
 -1.735647931707957E-005  5.867364086648370E-005
 -7.678125305610154E-008  8.171628945053875E-006
         191 -3.075396270087375E-005 -1.581876609413628E-004
  3.002399847259709E-005  5.120042284360844E-005
  1.168439936822175E-006  8.396506018376158E-006
         192 -1.586024227232177E-004 -6.600201512145155E-005
  5.506132513411376E-005  1.277719942982212E-005
  2.545557712485583E-006  8.363861671816867E-006
         193 -1.577769156732156E-004  9.882182560199024E-005
  4.413039576836547E-005 -2.714064144354006E-005
  4.053391373604495E-006  7.884172517634014E-006
         194 -1.756867777062306E-005  2.015354919477081E-004
  1.156432038455583E-005 -4.209813415028353E-005
  5.283954085260201E-006  6.803883985587159E-006
         195  1.580016395974596E-004  1.498576003532287E-004
 -1.322672951062028E-005 -2.750080541383041E-005
  5.942233000082075E-006  5.489697274016030E-006
         196  2.287349352525176E-004 -2.761440531235365E-005
 -1.127681119574020E-005 -5.438846174267614E-006
  6.060627621865871E-006  4.268742022820371E-006
         197  1.322668218644737E-004 -1.988204132866047E-004
  9.633215216540165E-006 -3.020834363015571E-006
  5.833802545406187E-006  3.457422103506175E-006
         198 -6.414924302478354E-005 -2.341512288046664E-004
  1.952444734499016E-005 -3.010131983558145E-005
  5.715177289678361E-006  3.015177874014502E-006
         199 -2.179830435638734E-004 -1.051590826012501E-004
 -8.283882326896245E-006 -6.017248578817454E-005
  5.778749021302249E-006  2.658085741574977E-006
         200 -2.165079516997877E-004  9.425586355834278E-005
 -6.155990255053160E-005 -5.367680352416832E-005
  5.944130389298932E-006  2.229157209894474E-006
         201 -6.405519787076900E-005  2.160884412053523E-004
 -9.665817670223552E-005  1.650687855797985E-006
  6.049172363277603E-006  1.718755574881471E-006
         202  1.195131070374042E-004  1.737722286461847E-004
 -7.422370451408693E-005  7.294121148425672E-005
  6.102657692917828E-006  1.275930391322763E-006
         203  1.940110390844293E-004  9.586759870745171E-006
 -7.013213760124447E-007  1.045964584652142E-004
  6.241348267866802E-006  8.621769953452559E-007
         204  1.091658647454087E-004 -1.394531635359541E-004
  7.347641328893792E-005  6.890512270490843E-005
  6.459930736829895E-006  3.131401793495840E-007
         205 -5.287878913963280E-005 -1.530718453260968E-004
  9.438049180595132E-005 -1.061935067665533E-005
  6.577568704077923E-006 -4.474085001036654E-007
         206 -1.484050796864653E-004 -3.073872057003204E-005
  4.736888715826171E-005 -7.563287021617577E-005
  6.419813303396451E-006 -1.295591642443036E-006
         207 -9.711690135337247E-005  1.109763600503337E-004
 -2.982318124588711E-005 -7.830066976352266E-005
  5.955269838879846E-006 -2.023641083055603E-006
         208  4.922095265970180E-005  1.407623400009823E-004
 -7.477893685146145E-005 -1.994094475632786E-005
  5.302710507260812E-006 -2.393595982398124E-006
         209  1.514053748091230E-004  3.036959215324429E-005
 -5.179499314280888E-005  4.651506033050284E-005
  4.815113398103885E-006 -2.304206585176120E-006
         210  1.102860069589535E-004 -1.173510472025892E-004
  1.534247081748489E-005  6.071452591418082E-005
  4.909832436301454E-006 -2.013233873006196E-006
         211 -4.081819815712488E-005 -1.621919899015664E-004
  6.166393926477123E-005  8.571488240274099E-006
  5.627478720779047E-006 -2.161704547230356E-006
         212 -1.631716123349777E-004 -5.469771340035686E-005
  3.793663239086700E-005 -6.185413927496569E-005
  6.418216554735414E-006 -3.240632061201551E-006
         213 -1.355227822976291E-004  1.114080035861115E-004
 -4.127343285764904E-005 -7.946006715854327E-005
  6.407009119629875E-006 -5.145421201806578E-006
         214  2.544304231332814E-005  1.767177025326915E-004
 -1.045974257701597E-004 -1.809552536680252E-005
  5.096299757703694E-006 -6.953349694350435E-006
         215  1.703024520998892E-004  6.984434312941967E-005
 -9.059767050278341E-005  7.531380642128815E-005
  2.919191908917752E-006 -7.791593805311558E-006
         216  1.541114407778668E-004 -1.184367678394521E-004
 -3.062713588124549E-006  1.218225186735702E-004
  7.029700822284688E-007 -7.275893648638952E-006
         217 -2.547069227032685E-005 -2.089600830140613E-004
  8.822325397584873E-005  7.840249384911456E-005
 -5.712875186588759E-007 -5.712056834832344E-006
         218 -2.107438525419488E-004 -9.726863678883014E-005
  1.069770184445195E-004 -1.986032885718879E-005
 -5.171825874314839E-007 -4.077743953195701E-006
         219 -2.184057522873197E-004  1.365680173660788E-004
  3.970639665871251E-005 -9.050568293332858E-005
  5.276967936616640E-007 -3.253685461326231E-006
         220 -1.293580178898558E-005  2.849787778817697E-004
 -5.385515164109872E-005 -7.489489070322133E-005
  1.645602052615883E-006 -3.660234779086233E-006
         221  2.458828881911376E-004  1.937701170213871E-004
 -9.030075000019099E-005  1.032226885515105E-005
  2.004739641537512E-006 -4.829180400552370E-006
         222  3.265181427457426E-004 -9.003086193034896E-005
 -3.725738327818328E-005  8.584423538977188E-005
  1.454474378149604E-006 -6.064609940665201E-006
         223  1.314159916329893E-004 -3.359928522697378E-004
  5.704399822704111E-005  7.924754688372424E-005
  2.732522052532119E-007 -6.789220736864425E-006
         224 -1.988036725625287E-004 -3.221371699390407E-004
  1.022412251356522E-004 -8.257940284097863E-006
 -1.040375694448160E-006 -6.912327424714665E-006
         225 -3.902291238091675E-004 -3.572764020190735E-005
  4.983133033024459E-005 -9.852973654326334E-005
 -2.220569351464923E-006 -6.570577438351119E-006
         226 -2.677407942646333E-004  2.983305551870827E-004
 -6.206007036849526E-005 -1.056821463749579E-004
 -3.101977439417503E-006 -5.970062115960248E-006
         227  8.237760765249031E-005  3.977105447638058E-004
 -1.367871919649722E-004 -1.121764559407789E-005
 -3.812463475218015E-006 -5.298096043060957E-006
         228  3.730433891435692E-004  1.688913661107603E-004
 -1.014993237716738E-004  1.113323112956764E-004
 -4.372162797659571E-006 -4.425325872193780E-006
         229  3.568223385616867E-004 -2.060218174592240E-004
  2.253652737196129E-005  1.573320931877252E-004
 -4.551995321388371E-006 -3.386615753796695E-006
         230  3.822005752725235E-005 -4.123222548039556E-004
  1.356143516803114E-004  8.457369492766324E-005
 -4.215398613122264E-006 -2.429058318250590E-006
         231 -3.167235945804585E-004 -2.699542308882758E-004
  1.448599606915661E-004 -4.866253752396978E-005
 -3.448002380312572E-006 -1.991094588392848E-006
         232 -4.054138070154644E-004  1.040611733853699E-004
  4.596711935415645E-005 -1.326042857396445E-004
 -2.760790095041020E-006 -2.267621981431186E-006
         233 -1.499080073981257E-004  3.933911242083189E-004
 -7.433349126374825E-005 -1.023372682677333E-004
 -2.603389366996605E-006 -3.005493910625757E-006
         234  2.346350428534740E-004  3.508602920826311E-004
 -1.151623734495416E-004  7.754733867244813E-006
 -3.125917946899677E-006 -3.774388351622786E-006
         235  4.200980236860495E-004  1.288646772932902E-005
 -4.982822154757557E-005  9.741815520078219E-005
 -4.194110574941823E-006 -4.197557742487042E-006
         236  2.521037513557698E-004 -3.295168652110868E-004
  5.625306807808181E-005  9.132400750306003E-005
 -5.565323605845745E-006 -4.033600756943268E-006
         237 -1.183738677896004E-004 -3.878799356887910E-004
  1.059881078021633E-004  3.259494650296540E-007
 -6.868076101286258E-006 -3.184727121307250E-006
         238 -3.721943906139347E-004 -1.232601399994740E-004
  5.466889702508124E-005 -8.892986074874427E-005
 -7.751103344583229E-006 -1.821898444735351E-006
         239 -2.994094324866619E-004  2.256273996488143E-004
 -4.888205438448471E-005 -9.212640954362002E-005
 -8.061890567627286E-006 -2.162414222300423E-007
         240  2.016876412837062E-005  3.548407903102411E-004
 -1.085095298158509E-004 -4.623209150754917E-006
 -7.782943833982205E-006  1.324057878136548E-006
         241  2.933291350286854E-004  1.643143791191362E-004
 -6.680740961568282E-005  9.657605491842554E-005
 -7.054372012254302E-006  2.580190480880087E-006
         242  2.785812445486149E-004 -1.586700870055169E-004
  4.376787111904423E-005  1.195515083271122E-004
 -6.044521148533112E-006  3.395921512012824E-006
         243  9.877557791702937E-007 -3.120041373573725E-004
  1.275149597799770E-004  4.059824007991172E-005
 -5.016678323279154E-006  3.693044788322758E-006
         244 -2.725711165941912E-004 -1.543251297832187E-004
  1.118437671145766E-004 -7.367054697042185E-005
 -4.279504902860517E-006  3.566752146728585E-006
         245 -2.798088931388496E-004  1.658211949423125E-004
  1.130130185281828E-005 -1.264599478039906E-004
 -4.013225068165862E-006  3.324546483667787E-006
         246 -2.781846577317565E-006  3.464480891759089E-004
 -8.629700860686986E-005 -7.571986496583950E-005
 -4.191858554746304E-006  3.321078142968038E-006
         247  3.123897487685597E-004  2.044677934793183E-004
 -9.806997894819867E-005  2.873221968765680E-005
 -4.447093939583104E-006  3.921175458149121E-006
         248  3.716481030340806E-004 -1.536104759138388E-004
 -2.023049279574127E-005  9.270186876141561E-005
 -4.203681170810534E-006  4.941954779590279E-006
         249  9.825735311319829E-005 -4.181635589857432E-004
  7.272102176136564E-005  6.173722559368355E-005
 -3.315467474882949E-006  5.858580043958354E-006
         250 -2.919257237999665E-004 -3.467974624880112E-004
  9.579938066583050E-005 -3.266149045473605E-005
 -2.012581339365890E-006  6.254579727689437E-006
         251 -4.710620864896639E-004  2.270469959505208E-005
  2.821459587145787E-005 -1.045488464367758E-004
 -7.460263907180733E-007  6.004182637522605E-006
         252 -2.767034446101551E-004  3.958768323281012E-004
 -7.230752761625312E-005 -8.790670533432802E-005
  1.115126616701328E-007  5.278586906797145E-006
         253  1.436913229146994E-004  4.655139876382025E-004
 -1.175388917795773E-004  7.050242910751884E-006
  3.538395118590800E-007  4.460619875688917E-006
         254  4.533415842226679E-004  1.713564308339885E-004
 -6.620355684812595E-005  1.022070211811426E-004
  1.338797530435910E-007  4.015354797873000E-006
         255  4.053280400052190E-004 -2.500734598731175E-004
  4.341169518691241E-005  1.191700156542178E-004
 -9.705131880028818E-008  4.097707267867590E-006
         256  4.455161416117083E-005 -4.611300446288338E-004
  1.246664602001333E-004  4.151094339176250E-005
  6.361928265994346E-008  4.459984080519851E-006
