   5120.00000000000     
         256           1           3
  8.994473019507991E-004   39.1357192099098        114.994602751556     
   18.8300000000000        145.590000000000        6160.02000000000     
           0  0.000000000000000E+000  0.000000000000000E+000
  0.000000000000000E+000  0.000000000000000E+000
  0.000000000000000E+000  0.000000000000000E+000
           1  0.000000000000000E+000  0.000000000000000E+000
  3.457335120451925E-009  3.279501991362422E-011
 -2.109072998596905E-008  1.653089038680726E-011
           2  0.000000000000000E+000  0.000000000000000E+000
  3.389474211160400E-009  2.653654988602232E-010
 -2.330443942739905E-008 -1.029545817623840E-009
           3  0.000000000000000E+000  0.000000000000000E+000
  3.429778835081216E-009  7.172317823348538E-010
 -2.829661931777697E-008  2.513349321472978E-010
           4  0.000000000000000E+000  0.000000000000000E+000
  3.899840167288684E-009  1.429771740318541E-009
 -3.497944847529873E-008  7.388184864643164E-009
           5  0.000000000000000E+000  0.000000000000000E+000
  5.312674784560895E-009  2.022130125941919E-009
 -3.662620360192872E-008  2.314684801816847E-008
           6  0.000000000000000E+000  0.000000000000000E+000
  7.626831855446785E-009  1.022874419339629E-009
 -2.305336068035660E-008  4.136908613193938E-008
           7  0.000000000000000E+000  0.000000000000000E+000
  8.063234570017415E-009 -1.304149086775493E-009
  6.310608130749775E-009  4.708464100779746E-008
           8  0.000000000000000E+000  0.000000000000000E+000
  7.903330403450037E-009 -3.233902319190068E-009
  3.966523969605462E-008  2.222796201110605E-008
           9  0.000000000000000E+000  0.000000000000000E+000
  6.599921806469128E-009 -5.148609293964247E-009
  3.944778715652086E-008 -3.249851265615616E-008
          10  0.000000000000000E+000  0.000000000000000E+000
  4.730884912927803E-009 -5.763631769257956E-009
 -1.801039170945212E-008 -7.228384688512312E-008
          11  0.000000000000000E+000  0.000000000000000E+000
  3.149465337634346E-009 -7.072018654743267E-009
 -1.019127303514101E-007 -4.205167909642122E-008
          12  0.000000000000000E+000  0.000000000000000E+000
 -2.459010041360344E-009 -3.868309712006869E-009
 -1.293482058244511E-007  7.499250573589257E-008
          13  0.000000000000000E+000  0.000000000000000E+000
  8.579114448497199E-010  2.781397513195339E-009
 -2.037226716712590E-008  1.711093969265027E-007
          14  0.000000000000000E+000  0.000000000000000E+000
  7.980719475364097E-009  2.187417349447996E-009
  1.353855690108259E-007  1.224797365189855E-007
          15  0.000000000000000E+000  0.000000000000000E+000
  1.161841090711144E-008 -4.088412871717716E-009
  1.838164915150617E-007 -5.346449674498391E-008
          16  0.000000000000000E+000  0.000000000000000E+000
  9.409274210506277E-009 -1.284895915421660E-008
  4.528830227791609E-008 -2.063377993125114E-007
          17  0.000000000000000E+000  0.000000000000000E+000
 -4.652044160998215E-009 -1.497226844186228E-008
 -1.832445714277164E-007 -1.551018927355887E-007
          18  0.000000000000000E+000  0.000000000000000E+000
 -9.111971243985173E-009 -2.226149772278936E-009
 -2.520820992207511E-007  7.633171809590789E-008
          19  0.000000000000000E+000  0.000000000000000E+000
 -1.654339193372975E-009  5.603280037627968E-009
 -9.325352253762519E-008  2.665289455267991E-007
          20  0.000000000000000E+000  0.000000000000000E+000
  7.883748402224906E-009  4.212815731481476E-009
  1.678594357241045E-007  2.391995253623464E-007
          21  0.000000000000000E+000  0.000000000000000E+000
  1.331991919144792E-008 -4.157538084231015E-009
  2.950034783794199E-007 -8.831361782671960E-009
          22  0.000000000000000E+000  0.000000000000000E+000
  8.004115241775085E-009 -1.772973725642692E-008
  1.390832585316988E-007 -2.612147793187174E-007
          23  0.000000000000000E+000  0.000000000000000E+000
 -8.701639875756862E-009 -1.254086243144887E-008
 -1.464660491489025E-007 -2.478605707261573E-007
          24  0.000000000000000E+000  0.000000000000000E+000
 -7.149567757084358E-009 -2.274967002087406E-010
 -2.992644612182135E-007 -2.685779432179416E-008
          25  0.000000000000000E+000  0.000000000000000E+000
  1.206537132341809E-009  2.985493818052272E-009
 -2.138279130817010E-007  2.394478696466043E-007
          26  0.000000000000000E+000  0.000000000000000E+000
  8.209826644204813E-009 -1.401612229707763E-009
  6.530936865401766E-008  3.262649395901652E-007
          27  0.000000000000000E+000  0.000000000000000E+000
  9.208838168683512E-009 -1.304129206552865E-008
  2.926550005746748E-007  1.383124127033373E-007
          28  0.000000000000000E+000  0.000000000000000E+000
 -8.978866080178879E-009 -1.537061729870344E-008
  2.769705334971531E-007 -1.309443259538291E-007
          29  0.000000000000000E+000  0.000000000000000E+000
 -8.988720714857605E-009 -3.687190961982337E-010
  5.780169884272132E-008 -3.202943393418172E-007
          30  0.000000000000000E+000  0.000000000000000E+000
 -1.529974483988437E-010  2.141930253118307E-009
 -2.636356429283363E-007 -2.284264920513843E-007
          31  0.000000000000000E+000  0.000000000000000E+000
  5.039260742310163E-009 -2.045933829502305E-009
 -3.523446367292456E-007  1.128520327281466E-007
          32  0.000000000000000E+000  0.000000000000000E+000
  6.281630988294641E-009 -9.592737707344627E-009
 -1.082556162291512E-007  3.669679592294244E-007
          33  0.000000000000000E+000  0.000000000000000E+000
 -6.092633679892746E-009 -1.732166871908929E-008
  2.330202699215698E-007  3.160198764086288E-007
          34  0.000000000000000E+000  0.000000000000000E+000
 -1.292357459601927E-008 -3.071813748746047E-009
  4.084115358341030E-007 -2.402322643493626E-008
          35  0.000000000000000E+000  0.000000000000000E+000
 -5.512835827341883E-009  2.798067357654402E-009
  1.721999179930921E-007 -3.545180524936477E-007
          36  0.000000000000000E+000  0.000000000000000E+000
  1.117838917985490E-010  1.876289464567174E-009
 -2.127066178223016E-007 -3.033567906191902E-007
          37  0.000000000000000E+000  0.000000000000000E+000
  4.163785505139716E-009 -1.673797220177435E-009
 -3.544143974206950E-007  3.094517245758483E-008
          38  0.000000000000000E+000  0.000000000000000E+000
  4.617108111190837E-009 -1.054769813432378E-008
 -1.612284584109999E-007  3.118077120290813E-007
          39  0.000000000000000E+000  0.000000000000000E+000
 -8.611658983856558E-009 -1.151400688281856E-008
  1.844928994770694E-007  3.109319728859101E-007
          40  0.000000000000000E+000  0.000000000000000E+000
 -8.299683268762100E-009 -3.409963778038141E-009
  3.374681423124889E-007 -1.500948154145377E-008
          41  0.000000000000000E+000  0.000000000000000E+000
 -6.841546779949913E-009 -1.892286676213328E-009
  1.258085219330857E-007 -2.578043094216590E-007
          42  0.000000000000000E+000  0.000000000000000E+000
 -5.367926797689016E-009  8.428672847283089E-010
 -1.437935288300734E-007 -1.937229886225174E-007
          43  0.000000000000000E+000  0.000000000000000E+000
  3.492820329697173E-012  5.049284405694775E-010
 -2.156659378830756E-007  3.936626700400879E-008
          44  0.000000000000000E+000  0.000000000000000E+000
 -1.825314208422755E-009 -5.612201826924119E-009
 -5.761827822671417E-008  2.135783138901966E-007
          45  0.000000000000000E+000  0.000000000000000E+000
 -1.914160915675202E-009 -3.538363038092533E-009
  1.583487302873161E-007  1.261844366200385E-007
          46  0.000000000000000E+000  0.000000000000000E+000
 -3.465906730070012E-009 -8.062090042105490E-009
  1.491264863531207E-007 -5.951850967226091E-008
          47  0.000000000000000E+000  0.000000000000000E+000
 -1.014393041842748E-008 -6.498225025306588E-009
  1.912307749013378E-008 -1.243303509605581E-007
          48  0.000000000000000E+000  0.000000000000000E+000
 -1.112132500191622E-008  4.464501341744854E-010
 -9.398683720129110E-008 -5.844554834755574E-008
          49  0.000000000000000E+000  0.000000000000000E+000
 -7.014015578701333E-009  3.335539057695989E-009
 -9.290233166333391E-008  7.756653286172565E-008
          50  0.000000000000000E+000  0.000000000000000E+000
 -2.174794502768094E-009  4.496403615992391E-009
  4.185950565888371E-008  1.327995893406124E-007
          51  0.000000000000000E+000  0.000000000000000E+000
  1.563800585042534E-009 -1.482597459554010E-009
  1.464998394861724E-007  3.945073059801928E-008
          52  0.000000000000000E+000  0.000000000000000E+000
 -2.816638237991451E-009 -6.797700043680054E-009
  1.233975320954672E-007 -1.058303352650011E-007
          53  0.000000000000000E+000  0.000000000000000E+000
 -9.238851227333114E-009 -5.430061112115947E-009
 -3.097012667394910E-008 -1.662906867751076E-007
          54  0.000000000000000E+000  0.000000000000000E+000
 -1.143669625296694E-008  4.792356382982225E-010
 -1.725769026317240E-007 -4.635728840707657E-008
          55  0.000000000000000E+000  0.000000000000000E+000
 -7.898856956916138E-009  5.072574666697679E-009
 -1.306462149808058E-007  1.531631012934270E-007
          56  0.000000000000000E+000  0.000000000000000E+000
 -3.167366340530395E-009  4.953796242168673E-009
  8.246615426273077E-008  2.237442641512235E-007
          57  0.000000000000000E+000  0.000000000000000E+000
 -4.768528635747327E-010  1.163189136584664E-009
  2.692164196410936E-007  5.279146880032615E-008
          58  0.000000000000000E+000  0.000000000000000E+000
 -2.831601088579261E-009 -3.240198906924910E-009
  1.994181285911091E-007 -2.152942483140444E-007
          59  0.000000000000000E+000  0.000000000000000E+000
 -8.431302625877019E-009 -2.976564713537214E-009
 -8.551689171763409E-008 -2.838731992878263E-007
          60  0.000000000000000E+000  0.000000000000000E+000
 -1.078329336533556E-008  3.394806388430307E-009
 -2.886687353331697E-007 -6.280080272857101E-008
          61  0.000000000000000E+000  0.000000000000000E+000
 -5.393231530910973E-009  5.720429370687172E-009
 -2.099379848983737E-007  2.387171028707446E-007
          62  0.000000000000000E+000  0.000000000000000E+000
 -3.124176018804389E-009  5.583322042327094E-009
  1.422983458575903E-007  3.288062463414610E-007
          63  0.000000000000000E+000  0.000000000000000E+000
 -2.056196124235243E-010  1.643817268553901E-009
  3.721641048906384E-007  2.295196031526047E-008
          64  0.000000000000000E+000  0.000000000000000E+000
 -4.927454205188565E-009 -2.878405958804207E-009
  2.045159714069229E-007 -2.990705866342541E-007
          65  0.000000000000000E+000  0.000000000000000E+000
 -1.187549599655825E-008  2.229314208727977E-009
 -1.310954056311778E-007 -3.141137809461177E-007
          66  0.000000000000000E+000  0.000000000000000E+000
 -5.627750390704898E-009  9.285505284121255E-009
 -3.346754092535709E-007 -5.363116192625002E-008
          67  0.000000000000000E+000  0.000000000000000E+000
 -3.264649778152580E-009  8.787809556071759E-009
 -1.751667091619849E-007  2.906960011581941E-007
          68  0.000000000000000E+000  0.000000000000000E+000
  3.247101373644290E-009  6.079503042845249E-009
  1.660269824164839E-007  2.561036867643355E-007
          69  0.000000000000000E+000  0.000000000000000E+000
  6.410143537741775E-010 -2.550604424133746E-009
  2.852013708977688E-007  1.880952712328804E-008
          70  0.000000000000000E+000  0.000000000000000E+000
 -9.159437129050914E-009 -1.693263706207904E-009
  2.083707505173826E-007 -2.103642991554358E-007
          71  0.000000000000000E+000  0.000000000000000E+000
 -8.907427321308477E-009  9.610369827731938E-009
 -4.387604989240833E-008 -3.251844090387038E-007
          72  0.000000000000000E+000  0.000000000000000E+000
 -3.944421992698968E-009  8.046207457261819E-009
 -3.148772743799387E-007 -1.090977148255857E-007
          73  0.000000000000000E+000  0.000000000000000E+000
  6.382636759536126E-010  1.036981016846490E-008
 -2.305489116612006E-007  1.752527139491364E-007
          74  0.000000000000000E+000  0.000000000000000E+000
  3.823574869953674E-009  3.144553995005162E-009
 -1.230689704559947E-008  3.118408479605789E-007
          75  0.000000000000000E+000  0.000000000000000E+000
 -2.768600445959617E-009 -5.285213353683362E-010
  3.111918184078252E-007  2.259322138430517E-007
          76  0.000000000000000E+000  0.000000000000000E+000
 -7.826516664067945E-009  6.141540840202583E-009
  4.271453062146018E-007 -1.855191535035580E-007
          77  0.000000000000000E+000  0.000000000000000E+000
  1.136318982890135E-009  8.487180979703335E-009
  3.827828387194269E-008 -5.134323137126292E-007
          78  0.000000000000000E+000  0.000000000000000E+000
 -1.505414265137259E-009  6.648984499306109E-009
 -3.811353126552349E-007 -3.048361940137692E-007
          79  0.000000000000000E+000  0.000000000000000E+000
  1.258868222744594E-009  5.209733437268591E-009
 -5.226433900056992E-007  1.376581486915028E-007
          80  0.000000000000000E+000  0.000000000000000E+000
 -3.004050659984668E-009  3.903873233732133E-009
 -1.364112763856377E-007  6.038719578940835E-007
          81  0.000000000000000E+000  0.000000000000000E+000
 -4.321540426576031E-009  1.050410067631937E-008
  5.389345107533620E-007  4.124293421209761E-007
          82  0.000000000000000E+000  0.000000000000000E+000
  7.587889764956400E-009  1.375751799773094E-008
  6.239514252378637E-007 -3.191906258236615E-007
          83  0.000000000000000E+000  0.000000000000000E+000
  6.861940537221746E-009  2.102508402369106E-009
  6.879827567695255E-008 -6.716913845584286E-007
          84  0.000000000000000E+000  0.000000000000000E+000
  3.199597797127099E-009 -5.549218578797174E-010
 -5.611799910469532E-007 -4.556077059444731E-007
          85  0.000000000000000E+000  0.000000000000000E+000
 -4.310838497828421E-009  8.650079228907270E-010
 -6.668323805630980E-007  2.921700751305656E-007
          86  0.000000000000000E+000  0.000000000000000E+000
 -4.848227522682344E-009  9.889579112785530E-009
 -3.532349116441346E-008  6.755233552245627E-007
          87  0.000000000000000E+000  0.000000000000000E+000
  4.287094042877357E-009  1.526808083698994E-008
  5.198185053984392E-007  3.136527087869318E-007
          88  0.000000000000000E+000  0.000000000000000E+000
  1.210815888481587E-008  4.222832383151110E-009
  4.824005808629555E-007 -2.270490335230660E-007
          89  0.000000000000000E+000  0.000000000000000E+000
  6.819842905964327E-009 -5.792676969310926E-010
  1.059806546342905E-007 -5.292974479234658E-007
          90  0.000000000000000E+000  0.000000000000000E+000
  7.976624046254944E-010 -1.966519287762633E-009
 -3.839860948305510E-007 -3.475886592775123E-007
          91  0.000000000000000E+000  0.000000000000000E+000
 -3.071025051833659E-009  4.077109572891997E-009
 -4.207359561054185E-007  1.152693035473078E-007
          92  0.000000000000000E+000  0.000000000000000E+000
  8.051489704198029E-010  9.236686834806857E-009
 -1.236504942149119E-007  3.217504381479135E-007
          93  0.000000000000000E+000  0.000000000000000E+000
  8.328418509914083E-009  8.972019435549487E-009
  1.315947268524462E-007  2.368401848926899E-007
          94  0.000000000000000E+000  0.000000000000000E+000
  7.507485994454543E-009  4.682091306223523E-010
  2.515259286085567E-007  6.849582452078549E-008
          95  0.000000000000000E+000  0.000000000000000E+000
  3.712631761131104E-009 -2.966160794334811E-010
  1.857426016179337E-007 -1.747212592723585E-007
          96  0.000000000000000E+000  0.000000000000000E+000
 -3.848974903090080E-010  2.194782934072317E-009
 -3.655254042718868E-009 -2.016148494224063E-007
          97  0.000000000000000E+000  0.000000000000000E+000
  1.597909861178684E-009  7.682432115552244E-009
 -9.741988182958784E-008 -1.584162935667289E-007
          98  0.000000000000000E+000  0.000000000000000E+000
  7.497199331277221E-009  8.270557373917610E-009
 -2.000143984304699E-007 -7.982242067184650E-008
          99  0.000000000000000E+000  0.000000000000000E+000
  1.138420564229356E-008  9.856565613248880E-010
 -2.156038919312806E-007  1.146661538737653E-007
         100  0.000000000000000E+000  0.000000000000000E+000
  6.072346782624602E-009 -2.553458187534391E-009
 -3.427416104520424E-008  2.108269143710301E-007
         101  0.000000000000000E+000  0.000000000000000E+000
  8.053216611215133E-010 -1.029385188163870E-009
  1.219741544350730E-007  1.704421395729773E-007
         102  0.000000000000000E+000  0.000000000000000E+000
  6.453589914997383E-010  5.292164696250571E-009
  2.262969904909255E-007 -1.273716214539577E-009
         103  0.000000000000000E+000  0.000000000000000E+000
  6.296133987267307E-009  7.671378680160718E-009
  1.305663168974765E-007 -1.888417099138059E-007
         104  0.000000000000000E+000  0.000000000000000E+000
  1.171003277361375E-008  3.799662906620376E-009
 -5.050575979894091E-008 -2.223188884259051E-007
         105  0.000000000000000E+000  0.000000000000000E+000
  1.063118459348778E-008 -1.822208563300221E-009
 -1.904227921338703E-007 -1.517312540985877E-007
         106  0.000000000000000E+000  0.000000000000000E+000
  6.707819082743193E-009 -4.569552335445524E-009
 -2.873991834379141E-007  2.290854371467681E-008
         107  0.000000000000000E+000  0.000000000000000E+000
  2.426651266991295E-009 -2.839682228577743E-009
 -1.973754074485718E-007  2.598516299702876E-007
         108  0.000000000000000E+000  0.000000000000000E+000
  2.026915984080514E-009  1.265098639157731E-009
  9.453234660205528E-008  3.526309746488296E-007
         109  0.000000000000000E+000  0.000000000000000E+000
  5.082673963418022E-009  3.334465853533648E-009
  3.901551032043852E-007  1.291412719015568E-007
         110  0.000000000000000E+000  0.000000000000000E+000
  8.663634358484224E-009  2.357717968013202E-009
  3.484994100192146E-007 -3.063766652892751E-007
         111  0.000000000000000E+000  0.000000000000000E+000
  9.895966990841968E-009 -1.089326515400711E-009
 -8.767395215018673E-008 -5.013065903011555E-007
         112  0.000000000000000E+000  0.000000000000000E+000
  8.682082947957930E-009 -4.378708083431508E-009
 -5.149645310796087E-007 -2.237696600874339E-007
         113  0.000000000000000E+000  0.000000000000000E+000
  5.160037547249577E-009 -5.133047077348886E-009
 -4.995389006566197E-007  3.422726296398691E-007
         114  0.000000000000000E+000  0.000000000000000E+000
  4.097965343347111E-009 -3.001328444679514E-009
  4.615971061150258E-008  6.168182212680643E-007
         115  0.000000000000000E+000  0.000000000000000E+000
  3.898501564319005E-009 -2.558005978051041E-009
  5.572694456229462E-007  2.463921341775256E-007
         116  0.000000000000000E+000  0.000000000000000E+000
  5.072778277113550E-009 -1.482397827135033E-009
  4.443027253243399E-007 -3.667659842909742E-007
         117  0.000000000000000E+000  0.000000000000000E+000
  6.748415695647140E-009 -1.089239823184147E-009
 -8.894654099715447E-008 -5.676133576801795E-007
         118  0.000000000000000E+000  0.000000000000000E+000
  8.013276056583499E-009 -3.893612724853296E-009
 -5.743096506330133E-007 -1.972697373804573E-007
         119  0.000000000000000E+000  0.000000000000000E+000
  7.453579548951677E-009 -5.014492408058705E-009
 -4.185910545857537E-007  4.160758334583081E-007
         120  0.000000000000000E+000  0.000000000000000E+000
  6.823585938259342E-009 -9.082917296664356E-009
  1.585525030552171E-007  4.983179354825073E-007
         121  0.000000000000000E+000  0.000000000000000E+000
  1.682398212471788E-009 -8.607264153853771E-009
  4.165683564085090E-007  7.525421579691831E-008
         122  0.000000000000000E+000  0.000000000000000E+000
 -6.187412420390920E-010 -3.938727356713907E-009
  2.705480670885834E-007 -2.747370749963557E-007
         123  0.000000000000000E+000  0.000000000000000E+000
  3.051529170039270E-009 -2.051420649162379E-009
 -1.531235912939406E-007 -3.704395296189361E-007
         124  0.000000000000000E+000  0.000000000000000E+000
  5.661306073773198E-009 -1.917671486934396E-009
 -3.692915385299429E-007 -3.354379687576268E-009
         125  0.000000000000000E+000  0.000000000000000E+000
  1.010183090857562E-008 -7.371596392996718E-009
 -1.794325638272537E-007  2.677728548825233E-007
         126  0.000000000000000E+000  0.000000000000000E+000
  2.255024961824766E-009 -1.318624435927402E-008
  8.601791115920383E-008  2.799528907231473E-007
         127  0.000000000000000E+000  0.000000000000000E+000
 -4.496226785028889E-009 -8.382583854624587E-009
  2.957200032804303E-007  1.332271063857928E-007
         128  0.000000000000000E+000  0.000000000000000E+000
 -7.967282766148942E-010 -1.496041404002454E-009
  2.568752596421604E-007 -2.781883420506460E-007
         129  0.000000000000000E+000  0.000000000000000E+000
  3.449745010357031E-009 -1.878274892994726E-009
 -1.845726259365910E-007 -3.210658771634624E-007
         130  0.000000000000000E+000  0.000000000000000E+000
  8.764608924137859E-009 -4.972655822217649E-009
 -3.704894818565178E-007  3.545117322731578E-009
         131  0.000000000000000E+000  0.000000000000000E+000
  5.424245165425951E-009 -1.661420078944098E-008
 -2.319063852970354E-007  3.481083067489567E-007
         132  0.000000000000000E+000  0.000000000000000E+000
 -7.037592008161126E-009 -1.363458464479934E-008
  1.882035093717754E-007  4.416438397829019E-007
         133  0.000000000000000E+000  0.000000000000000E+000
 -7.528148984961093E-009 -1.848162386396533E-009
  5.751907427256759E-007 -6.874608172720405E-009
         134  0.000000000000000E+000  0.000000000000000E+000
  6.220232661091996E-010 -3.206169271715614E-010
  1.613131042793611E-007 -5.429395047492602E-007
         135  0.000000000000000E+000  0.000000000000000E+000
  6.454263359254316E-009 -3.265907275150124E-009
 -4.139329219980149E-007 -3.718971148898636E-007
         136  0.000000000000000E+000  0.000000000000000E+000
  7.235593869853663E-009 -1.579038789217067E-008
 -5.934553865904535E-007  2.142905098817819E-007
         137  0.000000000000000E+000  0.000000000000000E+000
 -8.366183568729953E-009 -1.778831089098368E-008
 -7.923944152064918E-008  7.293258983139404E-007
         138  0.000000000000000E+000  0.000000000000000E+000
 -1.340225734954452E-008 -5.001641677575854E-009
  7.475775122023852E-007  3.838630335750327E-007
         139  0.000000000000000E+000  0.000000000000000E+000
 -5.999586150357308E-009  7.044893165876867E-011
  5.877633172522184E-007 -5.739640715882744E-007
         140  0.000000000000000E+000  0.000000000000000E+000
 -7.395697072892002E-010 -1.285411076920602E-010
 -2.904707511801448E-007 -7.433198288891758E-007
         141  0.000000000000000E+000  0.000000000000000E+000
  3.690914057298886E-009 -6.917009255779243E-009
 -8.568054195497508E-007 -2.749158346712585E-008
         142  0.000000000000000E+000  0.000000000000000E+000
 -5.009700169583547E-009 -1.267517236284293E-008
 -3.811247686782661E-007  8.614471650663304E-007
         143  0.000000000000000E+000  0.000000000000000E+000
 -1.010079418371556E-008 -6.062712370188126E-009
  7.002516725350916E-007  7.416681144231297E-007
         144  0.000000000000000E+000  0.000000000000000E+000
 -5.896282175774760E-009 -2.368763568134838E-009
  9.498363121274389E-007 -3.931465767584998E-007
         145  0.000000000000000E+000  0.000000000000000E+000
 -5.683315041962709E-009 -3.670158833126858E-009
  2.251978215499331E-008 -9.806175925441889E-007
         146  0.000000000000000E+000  0.000000000000000E+000
 -4.900096401905689E-009 -2.339793990960218E-009
 -8.761079788303019E-007 -4.542755484336031E-007
         147  0.000000000000000E+000  0.000000000000000E+000
 -3.855629225595088E-009 -4.521470283310187E-009
 -8.383228456729412E-007  6.234205855167316E-007
         148  0.000000000000000E+000  0.000000000000000E+000
 -6.986594215045801E-009 -3.570095004924958E-009
  1.986368394357517E-007  1.079867070023437E-006
         149  0.000000000000000E+000  0.000000000000000E+000
 -5.064667648673693E-009 -1.065161606004793E-009
  1.089103243333853E-006  3.192515664442490E-007
         150  0.000000000000000E+000  0.000000000000000E+000
 -3.082148404450647E-009 -4.246940621520255E-009
  7.492691906924992E-007 -8.044879448587272E-007
         151  0.000000000000000E+000  0.000000000000000E+000
 -6.641764380097360E-009 -5.217499325806705E-009
 -3.193013101983473E-007 -9.968984929610061E-007
         152  0.000000000000000E+000  0.000000000000000E+000
 -7.583036465485165E-009 -3.320684670954585E-009
 -1.015980751823686E-006 -2.091303659480958E-007
         153  0.000000000000000E+000  0.000000000000000E+000
 -8.738214032969028E-009 -2.501346407063520E-009
 -6.683006926391733E-007  7.969831014702432E-007
         154  0.000000000000000E+000  0.000000000000000E+000
 -7.944890969286834E-009  8.142893669079654E-010
  3.640786478101741E-007  9.564301812519715E-007
         155  0.000000000000000E+000  0.000000000000000E+000
 -4.376309889852290E-009  1.895382702832336E-010
  9.478361721760327E-007  1.659546388107305E-007
         156  0.000000000000000E+000  0.000000000000000E+000
 -5.462209923277940E-009 -2.819198066913393E-009
  6.105995120732791E-007 -6.351613162388839E-007
         157  0.000000000000000E+000  0.000000000000000E+000
 -7.937415404272145E-009 -2.185409584678117E-009
 -1.713306228027867E-007 -7.926424893066090E-007
         158  0.000000000000000E+000  0.000000000000000E+000
 -8.608566454535189E-009 -2.492752485217860E-010
 -6.921910639744281E-007 -2.664314477979073E-007
         159  0.000000000000000E+000  0.000000000000000E+000
 -7.724389657939959E-009  1.227058905385063E-009
 -5.666946212943757E-007  3.928617336702288E-007
         160  0.000000000000000E+000  0.000000000000000E+000
 -6.624674876602719E-009  1.201912630540999E-009
 -7.817541577009648E-009  6.671887205543142E-007
         161  0.000000000000000E+000  0.000000000000000E+000
 -6.728475581948266E-009  9.622580273511953E-011
  5.189477970322985E-007  3.845685836287937E-007
         162  0.000000000000000E+000  0.000000000000000E+000
 -8.944637509760814E-009  5.624967365895842E-010
  5.887874208304941E-007 -1.634958714012174E-007
         163  0.000000000000000E+000  0.000000000000000E+000
 -9.232843714250296E-009  3.999680790774150E-009
  2.264462853064626E-007 -5.315131324364093E-007
         164  0.000000000000000E+000  0.000000000000000E+000
 -5.553272684854078E-009  5.046711060453826E-009
 -2.733070309623485E-007 -4.615266177147089E-007
         165  0.000000000000000E+000  0.000000000000000E+000
 -4.587373164591879E-009  2.646351794700475E-009
 -4.892218302256714E-007 -2.887522156823878E-008
         166  0.000000000000000E+000  0.000000000000000E+000
 -5.214961362728563E-009  1.989209004796757E-009
 -2.462665564138729E-007  3.388668446101431E-007
         167  0.000000000000000E+000  0.000000000000000E+000
 -6.913154109834971E-009  2.423612472056221E-011
  7.315520048004587E-008  3.631940346330965E-007
         168  0.000000000000000E+000  0.000000000000000E+000
 -1.152867028903438E-008  2.670459940074495E-009
  3.350549423031306E-007  2.087645973916066E-007
         169  0.000000000000000E+000  0.000000000000000E+000
 -9.738341631349949E-009  9.533377203045328E-009
  3.796428615958124E-007 -1.399484806264044E-007
         170  0.000000000000000E+000  0.000000000000000E+000
 -3.970205057771339E-009  8.943736113188721E-009
  1.246457282033494E-007 -3.438556736749954E-007
         171  0.000000000000000E+000  0.000000000000000E+000
 -3.166344286425737E-009  7.328371383989524E-009
 -1.189513690757853E-007 -2.745506892816641E-007
         172  0.000000000000000E+000  0.000000000000000E+000
 -6.881922437781083E-010  4.502704727430969E-009
 -2.950360789578992E-007 -1.623710952262988E-007
         173  0.000000000000000E+000  0.000000000000000E+000
 -6.115431404334578E-009  1.094063169171553E-009
 -3.288963265867342E-007  2.139627368076703E-007
         174  0.000000000000000E+000  0.000000000000000E+000
 -9.633042165349566E-009  7.777542539028008E-009
  4.366604431886476E-008  3.726837638541435E-007
         175  0.000000000000000E+000  0.000000000000000E+000
 -4.199473997606697E-009  1.037232257477873E-008
  3.215690508961828E-007  1.839176511901902E-007
         176  0.000000000000000E+000  0.000000000000000E+000
 -3.141773553309860E-009  1.011409516114387E-008
  3.879548587211045E-007 -1.474309456822400E-007
         177  0.000000000000000E+000  0.000000000000000E+000
  2.150135086541608E-009  9.484462568217555E-009
  6.352678385624347E-008 -5.101025521766095E-007
         178  0.000000000000000E+000  0.000000000000000E+000
 -2.665142094215596E-010  2.829555638578742E-009
 -4.487490259184760E-007 -1.848798523346761E-007
         179  0.000000000000000E+000  0.000000000000000E+000
 -5.897671889596739E-009  6.303218611609460E-009
 -2.231992755292651E-007  2.944680993699959E-007
         180  0.000000000000000E+000  0.000000000000000E+000
 -1.577302331821781E-009  1.147352461170447E-008
  1.741556849403450E-007  2.440095330845628E-007
         181  0.000000000000000E+000  0.000000000000000E+000
  1.520010805147294E-009  8.361041913655097E-009
  2.834128958130079E-007 -9.840250912327186E-008
         182  0.000000000000000E+000  0.000000000000000E+000
  2.118210008603047E-009  7.490618913751163E-009
  4.129804062630342E-009 -3.537353148392697E-007
         183  0.000000000000000E+000  0.000000000000000E+000
  6.527602885996352E-010  2.470775175910819E-009
 -4.400315748105673E-007 -5.216530658848379E-008
         184  0.000000000000000E+000  0.000000000000000E+000
 -6.511613950463837E-009  6.148336884226586E-009
 -7.270867668903401E-008  4.866223280878651E-007
         185  0.000000000000000E+000  0.000000000000000E+000
 -3.212025050681124E-009  1.544937563455515E-008
  4.951066555948951E-007  1.745744892503357E-007
         186  0.000000000000000E+000  0.000000000000000E+000
  7.240205341119482E-009  1.351239898141392E-008
  3.902896790120998E-007 -4.168625567196201E-007
         187  0.000000000000000E+000  0.000000000000000E+000
  7.933426577261378E-009  6.511672151778869E-009
 -1.880982876622553E-007 -6.029686861560312E-007
         188  0.000000000000000E+000  0.000000000000000E+000
  5.802088162638972E-009  1.285745649240777E-009
 -7.432932058757201E-007 -1.558521984292010E-007
         189  0.000000000000000E+000  0.000000000000000E+000
 -3.760550644628203E-009  2.070231722974855E-009
 -4.330006930515028E-007  7.323358095419683E-007
         190  0.000000000000000E+000  0.000000000000000E+000
 -3.980352605385403E-009  1.343936268945457E-008
  5.440271557338528E-007  6.346160691024858E-007
         191  0.000000000000000E+000  0.000000000000000E+000
  7.748482655847224E-009  1.591241628316004E-008
  7.897864683270646E-007 -2.215819804828569E-007
         192  0.000000000000000E+000  0.000000000000000E+000
  1.224509034171760E-008  8.257177635251502E-009
  1.830002350507061E-007 -8.268910588980154E-007
         193  0.000000000000000E+000  0.000000000000000E+000
  1.120739765797929E-008  1.466291930836891E-009
 -6.989412552789789E-007 -5.822161481586518E-007
         194  0.000000000000000E+000  0.000000000000000E+000
  2.865864549363821E-009 -6.226853024114767E-010
 -7.732727090568199E-007  4.342470977975936E-007
         195  0.000000000000000E+000  0.000000000000000E+000
  4.549959617283643E-010  6.828192603922828E-009
  1.054159546081142E-007  7.455546968810597E-007
         196  0.000000000000000E+000  0.000000000000000E+000
  7.029204252671149E-009  1.051658818810954E-008
  6.069179423793953E-007  1.880229529512601E-007
         197  0.000000000000000E+000  0.000000000000000E+000
  1.158738563960583E-008  5.159812010738967E-009
  4.070468350387431E-007 -4.105672945873460E-007
         198  0.000000000000000E+000  0.000000000000000E+000
  9.527672146822253E-009  8.575672386831610E-010
 -1.421590096425725E-007 -5.262665341399703E-007
         199  0.000000000000000E+000  0.000000000000000E+000
  5.498129754989121E-009 -4.392391694850215E-010
 -4.924249412447244E-007 -1.144946508571356E-007
         200  0.000000000000000E+000  0.000000000000000E+000
  3.337717867046791E-009  3.664733938508733E-009
 -2.726730922924214E-007  2.893640223117153E-007
         201  0.000000000000000E+000  0.000000000000000E+000
  6.782648430111726E-009  6.135865573122342E-009
  3.471404871378014E-008  2.998467139650226E-007
         202  0.000000000000000E+000  0.000000000000000E+000
  1.068036246673574E-008  4.146535175550859E-009
  2.268429722654757E-007  1.668676129986351E-007
         203  0.000000000000000E+000  0.000000000000000E+000
  1.046314714704981E-008 -1.921389537597733E-010
  2.936937506170617E-007 -9.035625146799477E-008
         204  0.000000000000000E+000  0.000000000000000E+000
  7.754592079448672E-009 -1.686327512126337E-009
  1.040977853888462E-007 -3.417872512733145E-007
         205  0.000000000000000E+000  0.000000000000000E+000
  5.202612939014988E-009 -7.349124036354671E-010
 -2.423375369284454E-007 -3.156340897211937E-007
         206  0.000000000000000E+000  0.000000000000000E+000
  5.545001095653350E-009  1.982019569953516E-009
 -4.467277052467113E-007 -9.549571633741678E-009
         207  0.000000000000000E+000  0.000000000000000E+000
  8.031909075014599E-009  2.365566828290234E-009
 -2.985294077659451E-007  4.034820102863833E-007
         208  0.000000000000000E+000  0.000000000000000E+000
  9.717211457613495E-009  8.008516019511927E-010
  2.050818454974011E-007  5.002502058593698E-007
         209  0.000000000000000E+000  0.000000000000000E+000
  9.965435500385410E-009 -1.328335719655833E-009
  5.727810453186927E-007  6.987868657590503E-008
         210  0.000000000000000E+000  0.000000000000000E+000
  9.364881211759549E-009 -3.045160015539671E-009
  3.671138804045942E-007 -5.190741254125415E-007
         211  0.000000000000000E+000  0.000000000000000E+000
  7.790280302985706E-009 -4.214605985667720E-009
 -3.072313379337999E-007 -6.134291555752754E-007
         212  0.000000000000000E+000  0.000000000000000E+000
  6.247005318862673E-009 -4.390586467533820E-009
 -6.974595744093662E-007 -5.334345678271947E-008
         213  0.000000000000000E+000  0.000000000000000E+000
  4.741451968718764E-009 -2.728932901855736E-009
 -4.213371832757763E-007  5.480441271175129E-007
         214  0.000000000000000E+000  0.000000000000000E+000
  6.279740241649648E-009 -1.258815466044881E-009
  2.216809078962959E-007  6.235657707617529E-007
         215  0.000000000000000E+000  0.000000000000000E+000
  8.539140945787746E-009 -1.672813411344951E-009
  6.061325908154628E-007  1.099167051241864E-007
         216  0.000000000000000E+000  0.000000000000000E+000
  9.131017920380076E-009 -4.656373760671944E-009
  3.360292023377481E-007 -3.851539931525725E-007
         217  0.000000000000000E+000  0.000000000000000E+000
  8.352929778712563E-009 -6.166606527537103E-009
 -4.630326715553070E-008 -4.365815862281980E-007
         218  0.000000000000000E+000  0.000000000000000E+000
  5.811510019565564E-009 -8.345980396432719E-009
 -3.584963479705480E-007 -3.018030508670627E-007
         219  0.000000000000000E+000  0.000000000000000E+000
  3.637078982688967E-009 -6.370392780894066E-009
 -5.123885296705958E-007  7.355667584269979E-008
         220  0.000000000000000E+000  0.000000000000000E+000
  3.623906598989947E-009 -4.866075664195668E-009
 -2.879478601028290E-007  4.686178547340260E-007
         221  0.000000000000000E+000  0.000000000000000E+000
  5.525138075023187E-009 -4.613417471730939E-009
  1.372145422038702E-007  5.209164149059027E-007
         222  0.000000000000000E+000  0.000000000000000E+000
  6.090978189705495E-009 -5.240786324920633E-009
  5.578801624932242E-007  2.989285886222365E-007
         223  0.000000000000000E+000  0.000000000000000E+000
  7.619790474896485E-009 -8.545957376404488E-009
  6.311241583926276E-007 -3.948403197062492E-007
         224  0.000000000000000E+000  0.000000000000000E+000
  3.378368294598408E-009 -1.031106461059337E-008
 -7.073977546833724E-008 -7.792369207943670E-007
         225  0.000000000000000E+000  0.000000000000000E+000
  1.589950695291151E-009 -9.067504213853305E-009
 -7.170835357273102E-007 -3.297141988642009E-007
         226  0.000000000000000E+000  0.000000000000000E+000
  1.637067687679393E-009 -7.637423822749471E-009
 -6.835250783198437E-007  3.898045563284681E-007
         227  0.000000000000000E+000  0.000000000000000E+000
  1.008589392921597E-009 -7.472754939673592E-009
 -5.615756862774692E-008  8.659124531672065E-007
         228  0.000000000000000E+000  0.000000000000000E+000
  3.199224505620761E-009 -7.674096317301209E-009
  7.485200538394622E-007  4.039096458631185E-007
         229  0.000000000000000E+000  0.000000000000000E+000
  1.629625594519901E-010 -1.050567212317848E-008
  5.554010978342061E-007 -4.251858412590145E-007
         230  0.000000000000000E+000  0.000000000000000E+000
 -1.912433926544475E-009 -8.469308148517602E-009
 -1.004218252786417E-007 -5.309909332468803E-007
         231  0.000000000000000E+000  0.000000000000000E+000
 -1.824334416313366E-009 -6.038373534739316E-009
 -3.865229458909233E-007 -1.430742206545779E-007
         232  0.000000000000000E+000  0.000000000000000E+000
 -6.547576490837406E-010 -5.647049303662080E-009
 -2.598927101396932E-007  2.426307847399495E-007
         233  0.000000000000000E+000  0.000000000000000E+000
  2.617491257974131E-009 -5.421219615268623E-009
  1.323604718637897E-007  1.704559896436136E-007
         234  0.000000000000000E+000  0.000000000000000E+000
  1.930536177897740E-009 -1.301065837302429E-008
 -4.343999423343827E-008 -1.109733396639770E-007
         235  0.000000000000000E+000  0.000000000000000E+000
 -6.533229194055142E-009 -1.173902554933735E-008
 -2.297754620922750E-007  1.905286724179419E-007
         236  0.000000000000000E+000  0.000000000000000E+000
 -8.247999877464011E-009 -5.260348783308152E-009
  1.413376284909988E-007  4.231491423208906E-007
         237  0.000000000000000E+000  0.000000000000000E+000
 -3.556738174659221E-009 -1.166992586692561E-009
  5.015896484097157E-007  7.242103381485140E-008
         238  0.000000000000000E+000  0.000000000000000E+000
  1.314618719906595E-009 -2.182477413383422E-009
  3.911492728551184E-007 -4.107824917032300E-007
         239  0.000000000000000E+000  0.000000000000000E+000
  5.025832610569606E-009 -9.490966028185535E-009
 -2.162303123596282E-007 -6.770276459973601E-007
         240  0.000000000000000E+000  0.000000000000000E+000
 -4.331289409423019E-009 -1.589011613031221E-008
 -8.140288320981150E-007 -7.101840370565689E-008
         241  0.000000000000000E+000  0.000000000000000E+000
 -1.131354054679422E-008 -9.549139748854395E-009
 -4.293412604271175E-007  7.295521796023304E-007
         242  0.000000000000000E+000  0.000000000000000E+000
 -9.814462836507092E-009 -2.495451833955166E-009
  4.118797588742894E-007  7.092307718920653E-007
         243  0.000000000000000E+000  0.000000000000000E+000
 -5.122987827865047E-009 -7.420920765406222E-010
  7.823996393141677E-007  6.518319217952569E-008
         244  0.000000000000000E+000  0.000000000000000E+000
 -1.335263748358380E-010 -3.648344253400098E-009
  4.570870883347546E-007 -6.526903067350365E-007
         245  0.000000000000000E+000  0.000000000000000E+000
 -3.714116617490638E-009 -1.053801884434672E-008
 -3.824374713403376E-007 -6.280036580288987E-007
         246  0.000000000000000E+000  0.000000000000000E+000
 -9.976587305602724E-009 -7.917184335206752E-009
 -6.171756484228029E-007  6.718537684026104E-008
         247  0.000000000000000E+000  0.000000000000000E+000
 -1.034706649193963E-008 -2.987069418385378E-009
 -2.061415841077509E-007  4.686659073635605E-007
         248  0.000000000000000E+000  0.000000000000000E+000
 -7.863125665822212E-009 -1.164144006967758E-009
  2.114755854677524E-007  3.803963602682270E-007
         249  0.000000000000000E+000  0.000000000000000E+000
 -5.352378037905485E-009 -1.512345689025524E-009
  3.642145134827549E-007  3.935947700527128E-008
         250  0.000000000000000E+000  0.000000000000000E+000
 -5.894606106820329E-009 -4.994653337051111E-009
  1.717136792619137E-007 -1.671807915102103E-007
         251  0.000000000000000E+000  0.000000000000000E+000
 -1.010577705142260E-008 -3.608295698414492E-009
  5.963963348201898E-008 -1.470709617548238E-007
         252  0.000000000000000E+000  0.000000000000000E+000
 -9.605395267588202E-009  1.816057314030817E-010
 -2.647304143871616E-008 -1.880083834662576E-007
         253  0.000000000000000E+000  0.000000000000000E+000
 -6.899281891893076E-009  1.009137321133765E-009
 -2.122158571498677E-007 -1.141981996235401E-007
         254  0.000000000000000E+000  0.000000000000000E+000
 -5.955579769381927E-009 -4.318493585688079E-010
 -2.351892464210700E-007  1.582582425711322E-007
         255  0.000000000000000E+000  0.000000000000000E+000
 -6.610516409355705E-009 -1.425256718317229E-009
  1.833361248486428E-008  3.194995467719859E-007
         256  0.000000000000000E+000  0.000000000000000E+000
 -8.183832234267514E-009 -1.478320113875657E-009
  3.100948672939530E-007  1.773896727170559E-007
