   409.600000000000     
         256           1           3
  1.124309127438499E-002   39.0912267546400        115.116835342318     
   39.0000000000000        116.000000000000        6351.00000000000     
           0  0.000000000000000E+000  0.000000000000000E+000
  0.000000000000000E+000  0.000000000000000E+000
  0.000000000000000E+000  0.000000000000000E+000
           1  3.930040672951214E-006 -1.887297253425902E-007
 -1.226566623450571E-005 -2.504349878711080E-007
  2.542016290632341E-005 -3.374786228065860E-007
           2  4.346541958839949E-006 -4.184977697471098E-007
 -1.184833701405656E-005 -6.399763580324828E-007
  2.593779805262987E-005 -7.233960722480431E-007
           3  5.105955640788634E-006 -1.028663400874154E-006
 -1.112626944169949E-005 -1.324483910271022E-006
  2.681018766592638E-005 -1.255872060235195E-006
           4  5.972296897355161E-006 -2.323656135843696E-006
 -1.011639096353148E-005 -2.576138384007355E-006
  2.803800568514552E-005 -2.016006642499023E-006
           5  6.531860754177618E-006 -4.465459010810094E-006
 -8.959701613270827E-006 -4.783534754724293E-006
  2.963444265199790E-005 -3.131773370237115E-006
           6  6.276382917307109E-006 -7.435553284934286E-006
 -8.085740581405791E-006 -8.272180462974601E-006
  3.153747349680145E-005 -4.713539943889468E-006
           7  4.600208831967301E-006 -1.092677714431553E-005
 -7.998844451679464E-006 -1.335060373415086E-005
  3.377243829690804E-005 -6.938310670394318E-006
           8  1.093156602295908E-006 -1.422941356839670E-005
 -9.677920232132610E-006 -2.027162959572338E-005
  3.617283652734112E-005 -1.013902411520920E-005
           9 -4.307930210983865E-006 -1.653303977490911E-005
 -1.446708161202144E-005 -2.850226844562117E-005
  3.832934581601920E-005 -1.440029077527827E-005
          10 -1.140793557707297E-005 -1.694892237103982E-005
 -2.337105022492322E-005 -3.703417162402234E-005
  3.997073717749038E-005 -1.976220637983543E-005
          11 -1.975612134344891E-005 -1.453804984159062E-005
 -3.715881335918336E-005 -4.419689199879377E-005
  4.075525739842657E-005 -2.610714331740704E-005
          12 -2.833482901351155E-005 -8.222955339281250E-006
 -5.568041555365402E-005 -4.804463972037263E-005
  4.065254518695792E-005 -3.337034250932814E-005
          13 -3.534836917101863E-005  2.656652056309818E-006
 -7.909430139616483E-005 -4.695826843696318E-005
  3.887710021556815E-005 -4.200969181675301E-005
          14 -3.858989758387372E-005  1.790932521071159E-005
 -1.063247258833758E-004 -3.756041581580865E-005
  3.454339637457806E-005 -5.113283095990184E-005
          15 -3.573195046102420E-005  3.643901501731658E-005
 -1.344621475891028E-004 -1.705560930536978E-005
  2.737304949559573E-005 -5.961600595557258E-005
          16 -2.463057785285354E-005  5.598096305823678E-005
 -1.585366880953915E-004  1.604803552545050E-005
  1.808803918611642E-005 -6.647105499971777E-005
          17 -3.802564340198306E-006  7.327155089067075E-005
 -1.738618010572930E-004  5.991359001987865E-005
  6.950173663956374E-006 -7.219133798176150E-005
          18  2.717927671809798E-005  8.343812192976274E-005
 -1.766095084031492E-004  1.139505986381411E-004
 -6.840184619451068E-006 -7.523429372786189E-005
          19  6.597375521998553E-005  8.110505008105767E-005
 -1.603538216010661E-004  1.741816332641281E-004
 -2.173700966156052E-005 -7.428793301327398E-005
          20  1.079120377075761E-004  6.147509356719040E-005
 -1.213273528081194E-004  2.328466622915409E-004
 -3.630063928175050E-005 -6.929386180955138E-005
          21  1.455523172791020E-004  2.120739341827455E-005
 -5.861192897431640E-005  2.803922741562870E-004
 -4.899105206718965E-005 -6.065542833481337E-005
          22  1.688598796695673E-004 -4.030739225355800E-005
  2.322620812149378E-005  3.070228422752049E-004
 -5.961424864865471E-005 -4.902488415440182E-005
          23  1.655791295313273E-004 -1.183240138728243E-004
  1.175965524658166E-004  3.045917106564705E-004
 -6.661489228965621E-005 -3.437805832047524E-005
          24  1.252163790687353E-004 -2.004935661777852E-004
  2.124482234024032E-004  2.656274904291563E-004
 -6.876613147846958E-005 -1.874378707170152E-005
          25  4.373869542928406E-005 -2.685305139642533E-004
  2.911627748038087E-004  1.900511148266558E-004
 -6.631881636711385E-005 -3.667823247532731E-006
          26 -7.396353293664456E-005 -3.011392426236822E-004
  3.375168258201982E-004  8.512121827931448E-005
 -5.979522159360588E-005  9.126937289821351E-006
          27 -2.109303256832545E-004 -2.786304746414250E-004
  3.393512874354515E-004 -3.342192704251210E-005
 -5.016555978088559E-005  1.863205622738190E-005
          28 -3.394898414037902E-004 -1.905434209988099E-004
  2.924408784730079E-004 -1.454124573041392E-004
 -3.877228635345288E-005  2.361659416036158E-005
          29 -4.262258262932797E-004 -4.112892380568736E-005
  2.014834835510431E-004 -2.286567765413443E-004
 -2.803498214750136E-005  2.387439411998239E-005
          30 -4.408826655103157E-004  1.467210311945066E-004
  8.323974615104767E-005 -2.639809121915834E-004
 -1.954411129165357E-005  2.054266026253941E-005
          31 -3.677972526872432E-004  3.353535239620154E-004
 -3.735657729045489E-005 -2.424406129525472E-004
 -1.438666131610564E-005  1.494359186191999E-005
          32 -2.115842067783715E-004  4.825256924065427E-004
 -1.330330942501207E-004 -1.683148712058502E-004
 -1.305059591615578E-005  8.791447263423009E-006
          33  2.860771166885693E-006  5.511928075652399E-004
 -1.814737894533402E-004 -5.890353826171046E-005
 -1.518266331824990E-005  3.855812139326529E-006
          34  2.341323804724884E-004  5.198042259313435E-004
 -1.710658832376954E-004  5.977041756335406E-005
 -1.961323879457703E-005  1.523431284519366E-006
          35  4.346169186595083E-004  3.889755066468038E-004
 -1.037584029157338E-004  1.587725483569461E-004
 -2.475648385845403E-005  2.331118482652879E-006
          36  5.616037099299846E-004  1.819128934452444E-004
  4.773182120657358E-006  2.133094775996123E-004
 -2.908937401040626E-005  6.063172270035340E-006
          37  5.885397095874476E-004 -6.052525867908121E-005
  1.290117092054329E-004  2.091798895767865E-004
 -3.156026110472676E-005  1.205766039817800E-005
          38  5.104848317545574E-004 -2.908125664476541E-004
  2.402094081404165E-004  1.451190760831404E-004
 -3.093332776167520E-005  1.910065575696850E-005
          39  3.440892243939237E-004 -4.645096680560015E-004
  3.115294437933724E-004  3.371859963666726E-005
 -2.754083945874818E-005  2.521972946227004E-005
          40  1.240401803932728E-004 -5.498349862166776E-004
  3.260244672651130E-004 -1.012297981443441E-004
 -2.243420670117776E-005  2.983786073906249E-005
          41 -1.052554526261821E-004 -5.345792166926744E-004
  2.793084012791842E-004 -2.323128213889369E-004
 -1.619247197196531E-005  3.232213166037917E-005
          42 -2.999772121450011E-004 -4.273209745786083E-004
  1.796936173469816E-004 -3.325142022556962E-004
 -9.705531669063229E-006  3.269011514677601E-005
          43 -4.253813933113589E-004 -2.550272485779142E-004
  4.602098473054345E-005 -3.827141992743354E-004
 -3.984915718493567E-006  3.049891000525134E-005
          44 -4.644692150944731E-004 -5.602988865995747E-005
 -9.703683413610137E-005 -3.728606745600595E-004
 -8.070020280162429E-007  2.699094406582932E-005
          45 -4.186702988786816E-004  1.309936197883776E-004
 -2.216711910853035E-004 -3.060773537927504E-004
  8.267327077766086E-007  2.395676918535953E-005
          46 -3.043132390350910E-004  2.731195258271689E-004
 -3.076049608273260E-004 -1.967369089945363E-004
  1.130043765630282E-006  2.128936305410682E-005
          47 -1.495608367593973E-004  3.484156751683545E-004
 -3.415353194083171E-004 -6.511016912053835E-005
  3.962889251860566E-007  1.938600961312983E-005
          48  1.271259616026232E-005  3.500383517129717E-004
 -3.202917461532794E-004  6.549536581688771E-005
 -1.431773933853701E-006  1.877631372147978E-005
          49  1.509619958147902E-004  2.847412260122962E-004
 -2.491456196302240E-004  1.728700066529371E-004
 -2.817433602472863E-006  2.089236221423198E-005
          50  2.403245184490392E-004  1.726289331647982E-004
 -1.448356041512234E-004  2.372128453989333E-004
 -1.975378212147407E-006  2.352018615686469E-005
          51  2.686381839654285E-004  4.131023646979674E-005
 -3.004510798950269E-005  2.525447130544301E-004
 -1.124606220557780E-007  2.571251235155941E-005
          52  2.371582301763091E-004 -8.058496749539459E-005
  7.586144668871989E-005  2.213911673558076E-004
  2.653726485504491E-006  2.770695330845515E-005
          53  1.589662641955285E-004 -1.692977046779190E-004
  1.556353128517225E-004  1.526635258763190E-004
  6.196805432416483E-006  2.943262193141430E-005
          54  5.539610364189029E-005 -2.099739329691349E-004
  1.979865281946062E-004  5.997637108577165E-005
  1.159385263331390E-005  3.005072215736618E-005
          55 -4.926572855466539E-005 -1.993322094665587E-004
  1.955750568351795E-004 -3.799036287617534E-005
  1.696430396478322E-005  2.797722678683003E-005
          56 -1.330806347004359E-004 -1.444501858889972E-004
  1.533147005734004E-004 -1.205376220799483E-004
  2.085817584214009E-005  2.473598430954142E-005
          57 -1.798997450024340E-004 -6.036486948792160E-005
  8.349643317970143E-005 -1.751565832685635E-004
  2.376293325584819E-005  2.082731666682887E-005
          58 -1.816290812448347E-004  3.241684144940366E-005
  6.353457863798172E-007 -1.944861347904946E-004
  2.581059577370351E-005  1.675996955345127E-005
          59 -1.409552931366249E-004  1.123777991726982E-004
 -8.064758792678675E-005 -1.782518768323993E-004
  2.681971850501691E-005  1.186331446152370E-005
          60 -6.947764496042015E-005  1.624678090527148E-004
 -1.462726861754723E-004 -1.296373203285929E-004
  2.560021176393593E-005  7.251180629693476E-006
          61  1.528109691583212E-005  1.729281890107189E-004
 -1.829647219194273E-004 -5.962775549163130E-005
  2.360863925321812E-005  4.347943950196874E-006
          62  9.396086487232733E-005  1.428262550731071E-004
 -1.869502816854349E-004  1.644981825660594E-005
  2.142896536286303E-005  2.458414858959890E-006
          63  1.490443501448948E-004  7.972013152432124E-005
 -1.597602819219381E-004  8.512265791668386E-005
  1.936106226287183E-005  1.584878806797169E-006
          64  1.681115116929128E-004 -2.354791059709197E-006
 -1.082332837219278E-004  1.347713007558610E-004
  1.759311513430102E-005  1.562212534066509E-006
          65  1.457195958789000E-004 -8.475905087558501E-005
 -4.239188212317190E-005  1.582157733767989E-004
  1.664139323168943E-005  2.642548242030525E-006
          66  8.593682630407089E-005 -1.479781393083701E-004
  2.530219897093401E-005  1.515968998450427E-004
  1.710411880845479E-005  3.674566938282309E-006
          67  1.164801635611385E-006 -1.765659532380816E-004
  8.179351085072582E-005  1.182938888237656E-004
  1.835964020794090E-005  4.272784682418952E-006
          68 -9.036119871748939E-005 -1.618335691047727E-004
  1.178518805619084E-004  6.620045182063604E-005
  2.034281389963844E-005  4.294591517710536E-006
          69 -1.680013896463827E-004 -1.044554332434374E-004
  1.280790847982213E-004  5.709971334766568E-006
  2.285158588869294E-005  3.238360561885840E-006
          70 -2.137374864274751E-004 -1.407273419881751E-005
  1.123248957856883E-004 -5.109212090112753E-005
  2.496654683815036E-005  1.042750665797410E-006
          71 -2.150030047932686E-004  9.294692940374406E-005
  7.553684985472125E-005 -9.478405551698395E-005
  2.667728394823247E-005 -1.635435625439127E-006
          72 -1.672023951275520E-004  1.958595373091011E-004
  2.441453862990586E-005 -1.180937874315295E-004
  2.794417822900487E-005 -5.223974042518787E-006
          73 -7.488491573123732E-005  2.739045612469451E-004
 -3.010224976283006E-005 -1.162982801240191E-004
  2.815679428005726E-005 -9.283113998231284E-006
          74  4.973954876134892E-005  3.087818597200828E-004
 -7.660259042472342E-005 -9.118156587454969E-005
  2.696410590769125E-005 -1.323814348787279E-005
          75  1.862058551025790E-004  2.884832683399648E-004
 -1.053813485175461E-004 -4.988979092389376E-005
  2.544307670913900E-005 -1.619100324941300E-005
          76  3.115184177973455E-004  2.104599669089721E-004
 -1.132923363841610E-004 -2.303317960872899E-006
  2.405845426421498E-005 -1.951780889220142E-005
          77  4.015331305404290E-004  8.014682702141836E-005
 -9.921264706404217E-005  4.427527636285204E-005
  2.121735274718229E-005 -2.265876589054184E-005
          78  4.341263391664559E-004 -8.508502959742529E-005
 -6.409999702012995E-005  7.802986788278888E-005
  1.803526946909553E-005 -2.467800656385209E-005
          79  3.978807641472291E-004 -2.586003997114229E-004
 -1.705531292724879E-005  9.028091385658643E-005
  1.508149101066902E-005 -2.580083112025563E-005
          80  2.933064800721486E-004 -4.124984740413196E-004
  3.039993230439380E-005  7.753753992750319E-005
  1.282425834850081E-005 -2.679827630274713E-005
          81  1.315072053943605E-004 -5.206151791245640E-004
  6.625102305750306E-005  4.316459493704188E-005
  9.947014209012891E-006 -2.832273914441960E-005
          82 -6.717338932581325E-005 -5.634758991513611E-004
  8.453793351388918E-005 -6.588911564466453E-006
  6.758766454220251E-006 -2.859205679396938E-005
          83 -2.771298417455652E-004 -5.293346116615405E-004
  7.717713680851886E-005 -6.566588722210786E-005
  4.459485628802012E-006 -2.853138405281734E-005
          84 -4.682909457878091E-004 -4.157877296079338E-004
  3.921413296113336E-005 -1.202268669418842E-004
  2.433034010552774E-006 -2.890814281947486E-005
          85 -6.098538395873695E-004 -2.330809111996174E-004
 -2.519963346626144E-005 -1.556811179769650E-004
  1.679993258010413E-007 -2.989763843880170E-005
          86 -6.773239184741508E-004 -3.809444599950036E-006
 -1.053616097954003E-004 -1.605055599520597E-004
 -3.285647668338106E-006 -3.041836497742666E-005
          87 -6.564244194690701E-004  2.413860274484106E-004
 -1.873677081874009E-004 -1.318948527607415E-004
 -6.391364784265994E-006 -2.997512458213073E-005
          88 -5.460104755769274E-004  4.683563562210690E-004
 -2.606239702020244E-004 -6.921984253448146E-005
 -9.307083920595971E-006 -2.987897671730207E-005
          89 -3.570669538892221E-004  6.449660347148968E-004
 -3.100123324104768E-004  2.616720744353631E-005
 -1.293385123745723E-005 -2.945547845954527E-005
          90 -1.123154051115623E-004  7.441105546068385E-004
 -3.214705336654831E-004  1.431791723081985E-004
 -1.715605522468382E-005 -2.829310988205842E-005
          91  1.563345480959648E-004  7.494140162867000E-004
 -2.861093798502988E-004  2.651146391021621E-004
 -2.118395651384848E-005 -2.546901883786328E-005
          92  4.131775004221872E-004  6.571877853822536E-004
 -2.053286642568900E-004  3.718994736563037E-004
 -2.383012830071710E-005 -2.206208983902176E-005
          93  6.226813033473734E-004  4.770507196536826E-004
 -8.748660014268278E-005  4.496186748390358E-004
 -2.635980984845161E-005 -1.873975738241045E-005
          94  7.553999219457987E-004  2.323712455667025E-004
  5.863809994136037E-005  4.849006188171279E-004
 -2.831004962638800E-005 -1.448577124601824E-005
          95  7.935452348767758E-004 -4.530832309784039E-005
  2.154771596617363E-004  4.666627924786059E-004
 -2.907432579639354E-005 -9.678288821031239E-006
          96  7.307253202727125E-004 -3.202741799476296E-004
  3.615192752888677E-004  3.928909104280963E-004
 -2.815271203045242E-005 -5.036793862143305E-006
          97  5.744828356675220E-004 -5.565014657494902E-004
  4.759067836770690E-004  2.713485323610739E-004
 -2.636967992898290E-005 -1.915003825210039E-006
          98  3.440161052569418E-004 -7.240690008135876E-004
  5.456520021395742E-004  1.169225066542098E-004
 -2.476739858827302E-005  8.811441819921801E-007
          99  6.673465949859345E-005 -7.999005695107016E-004
  5.607054860425252E-004 -5.592259015075027E-005
 -2.236658069949587E-005  3.147046147053721E-006
         100 -2.207545395716230E-004 -7.713592294085273E-004
  5.155959944987191E-004 -2.251938919031578E-004
 -1.982265821522719E-005  4.173307125205194E-006
         101 -4.796812291000390E-004 -6.419671963005099E-004
  4.165603071662750E-004 -3.690540403463437E-004
 -1.770430822950837E-005  4.192997707704602E-006
         102 -6.760156211173036E-004 -4.284118466448389E-004
  2.765878878237025E-004 -4.706901858356282E-004
 -1.654516004750791E-005  3.854856592156423E-006
         103 -7.836297266967307E-004 -1.584373781128067E-004
  1.128441001314255E-004 -5.201241026477142E-004
 -1.566987191610308E-005  3.441355088480121E-006
         104 -7.883567192226758E-004  1.329628304937202E-004
 -5.616005817464773E-005 -5.122811253741861E-004
 -1.544130354095488E-005  2.676031835616910E-006
         105 -6.883809842879315E-004  4.084291080193470E-004
 -2.101308975434585E-004 -4.488135011350806E-004
 -1.600751278755728E-005  2.140615335972072E-006
         106 -4.952152441239706E-004  6.309439763548528E-004
 -3.307720560687891E-004 -3.392403335354043E-004
 -1.693257925984379E-005  1.961032221479066E-006
         107 -2.335928628926276E-004  7.702406892975160E-004
 -4.051862602241453E-004 -1.978194977875581E-004
 -1.856373605004954E-005  1.941066683516934E-006
         108  6.298856670855863E-005  8.064743376096610E-004
 -4.241638239219454E-004 -4.304490959695218E-005
 -2.099505091950036E-005  3.193720893193202E-006
         109  3.552422393394997E-004  7.323462872634909E-004
 -3.886681420603475E-004  1.024903529838723E-004
 -2.273542564120972E-005  5.696591461131220E-006
         110  6.029744721370591E-004  5.554028368285906E-004
 -3.076828341222506E-004  2.229585406475664E-004
 -2.399591260071124E-005  8.754322276292624E-006
         111  7.702740229344901E-004  2.974956357325411E-004
 -1.917928742314348E-004  3.044565293977964E-004
 -2.466556924234585E-005  1.241902162120358E-005
         112  8.309830374819638E-004 -5.598212171282836E-006
 -5.753527002301260E-005  3.365914399616827E-004
 -2.461605298987385E-005  1.685849919898312E-005
         113  7.765470825307593E-004 -3.101506779382265E-004
  7.453415752270671E-005  3.157171931061241E-004
 -2.258123765613703E-005  2.187612355321060E-005
         114  6.157519479965050E-004 -5.751703311589641E-004
  1.828730405979155E-004  2.501833681578706E-004
 -1.919316877549761E-005  2.550026008488029E-005
         115  3.683632142929678E-004 -7.658012047655147E-004
  2.578337730402956E-004  1.542055505240887E-004
 -1.546447372473631E-005  2.846108663527892E-005
         116  6.662532209345978E-005 -8.538302476877653E-004
  2.916271721564217E-004  3.903938234772600E-005
 -1.090409582961295E-005  3.077109515151282E-005
         117 -2.478378108440717E-004 -8.259011767001813E-004
  2.786554318346820E-004 -7.850519301484110E-005
 -5.628320751403878E-006  3.206619194840199E-005
         118 -5.309333454644271E-004 -6.848016241940104E-004
  2.206952796727297E-004 -1.796848814544710E-004
  1.317436447258210E-007  3.113228887026031E-005
         119 -7.429220338793643E-004 -4.511840176966843E-004
  1.306731740173091E-004 -2.457854058559969E-004
  4.110794534932039E-006  2.863465616667480E-005
         120 -8.562615146871563E-004 -1.581823492335705E-004
  2.779721498980206E-005 -2.723971635817991E-004
  7.084603161267141E-006  2.640259122029825E-005
         121 -8.572744679193287E-004  1.547436603418407E-004
 -7.667717849879384E-005 -2.603081126373428E-004
  9.701290909519527E-006  2.354135435318772E-005
         122 -7.468344571034499E-004  4.458029880342968E-004
 -1.686768211024060E-004 -2.091993593550703E-004
  1.145670862312567E-005  2.015940796142799E-005
         123 -5.415119463292423E-004  6.763925455954882E-004
 -2.333228253865609E-004 -1.255748293728142E-004
  1.137734894120415E-005  1.639698784990526E-005
         124 -2.707765334891235E-004  8.177625265812754E-004
 -2.574198452201411E-004 -2.457566305149840E-005
  9.713637859856856E-006  1.435653514190154E-005
         125  2.926802401478968E-005  8.544040614457730E-004
 -2.415059354669462E-004  7.298016792978309E-005
  8.726194554034855E-006  1.358652822983206E-005
         126  3.189583621177695E-004  7.830742499473326E-004
 -1.932902692739303E-004  1.571807795780016E-004
  7.556264056799590E-006  1.308271919756513E-005
         127  5.599732315607267E-004  6.182307742893144E-004
 -1.172112782379115E-004  2.181606700421093E-004
  6.207978660950441E-006  1.340793236592858E-005
         128  7.263215299794533E-004  3.856022768214481E-004
 -2.316690816565663E-005  2.460042880543008E-004
  5.064431677004203E-006  1.507043029499037E-005
         129  8.020128087555518E-004  1.147582822519597E-004
  7.363609739023632E-005  2.349412686755994E-004
  5.666425767527195E-006  1.786512576530289E-005
         130  7.804276025066228E-004 -1.613750519246107E-004
  1.556213782316856E-004  1.903325282840694E-004
  7.583456304231108E-006  1.978309693131532E-005
         131  6.667111358493235E-004 -4.086791982641927E-004
  2.164265371181700E-004  1.227138738429898E-004
  9.918166036707472E-006  2.153425116344074E-005
         132  4.782744775655727E-004 -5.969181566313955E-004
  2.503413323257704E-004  3.835349797100906E-005
  1.333535286265973E-005  2.298885406566364E-005
         133  2.434944500331235E-004 -7.055124355636316E-004
  2.523148514259884E-004 -5.139792243107685E-005
  1.764673135057765E-005  2.352031202227164E-005
         134 -6.678070754994047E-006 -7.280207769394675E-004
  2.238144625659784E-004 -1.341207990547227E-004
  2.244592294865076E-005  2.251684628254927E-005
         135 -2.440803995213992E-004 -6.668875348838687E-004
  1.721523038530057E-004 -1.999486591443600E-004
  2.675204320573572E-005  2.035009106983079E-005
         136 -4.421893702065333E-004 -5.323952333526239E-004
  1.054883276201726E-004 -2.456514219729121E-004
  3.082088311145372E-005  1.738442025307999E-005
         137 -5.799038895225780E-004 -3.436510596967206E-004
  2.980175090140593E-005 -2.688081785630008E-004
  3.437854127633400E-005  1.329739572979137E-005
         138 -6.442784656290845E-004 -1.245766282807147E-004
 -4.700160054750356E-005 -2.681796475183421E-004
  3.696283212084505E-005  8.425645117551930E-006
         139 -6.307392422047605E-004  9.806631194915662E-005
 -1.175374938411343E-004 -2.464676547145518E-004
  3.849608212027728E-005  3.151169324112614E-006
         140 -5.442298128348244E-004  2.982231741371249E-004
 -1.773676667158699E-004 -2.081116205812432E-004
  3.904649190905581E-005 -2.353116676521794E-006
         141 -3.972666615748981E-004  4.528133820416900E-004
 -2.237016368620366E-004 -1.569292483450677E-004
  3.840412383833152E-005 -7.845588529095091E-006
         142 -2.108106582721595E-004  5.439005969086901E-004
 -2.543624272397007E-004 -9.750277748956347E-005
  3.677884343358964E-005 -1.286078615392437E-005
         143 -1.089306001506245E-005  5.639901083859506E-004
 -2.691779637240379E-004 -3.414232301521548E-005
  3.448645681525434E-005 -1.726428364136075E-005
         144  1.774060170579319E-004  5.152591172005741E-004
 -2.685659118653659E-004  2.995766424976385E-005
  3.179980532440401E-005 -2.117893754075370E-005
         145  3.314790990149154E-004  4.079418541115071E-004
 -2.522869213120398E-004  9.231964409226605E-005
  2.840003803833130E-005 -2.471367570636074E-005
         146  4.347097826626622E-004  2.600505589648788E-004
 -2.192309838126167E-004  1.476512418039464E-004
  2.460629158438071E-005 -2.700247855230885E-005
         147  4.794154960258002E-004  9.262568859060141E-005
 -1.746118700449739E-004  1.903565395940024E-004
  2.130135835032495E-005 -2.861238314449324E-005
         148  4.644737401985640E-004 -7.337491949852613E-005
 -1.222498635646560E-004  2.209016466495505E-004
  1.819495617352864E-005 -3.005617893514644E-005
         149  3.963451505490409E-004 -2.174786392408025E-004
 -6.311326650685783E-005  2.370704192098676E-004
  1.510656281657310E-005 -3.146492192574899E-005
         150  2.884439204990149E-004 -3.239668526445040E-004
 -6.769557342425032E-007  2.353971480445254E-004
  1.156439976629083E-005 -3.224330348887082E-005
         151  1.587567699867133E-004 -3.836559808094446E-004
  5.623854044654009E-005  2.123729542423610E-004
  8.969599726871741E-006 -3.250350838696941E-005
         152  2.637917854124210E-005 -3.962886352289703E-004
  9.814402396221610E-005  1.761494472340520E-004
  6.415964425681755E-006 -3.374136563324363E-005
         153 -9.382980454513022E-005 -3.689856753285159E-004
  1.279607708756161E-004  1.334085449844154E-004
  2.903110990012462E-006 -3.469837539660957E-005
         154 -1.928423865652823E-004 -3.113949498827032E-004
  1.432482771042269E-004  8.316819333629663E-005
 -1.044406505614361E-006 -3.504852076595753E-005
         155 -2.655987424776016E-004 -2.337739770140594E-004
  1.384567062818889E-004  3.062790175142406E-005
 -4.520852893993844E-006 -3.452410505772002E-005
         156 -3.110219337036386E-004 -1.463828948673180E-004
  1.116555958702172E-004 -1.112841988296782E-005
 -7.985487973731915E-006 -3.470791086726388E-005
         157 -3.323089344892782E-004 -5.789648668876892E-005
  7.711061055468958E-005 -3.277005536889021E-005
 -1.300788335751833E-005 -3.376144398241395E-005
         158 -3.349647323737994E-004  2.783945184130276E-005
  4.151306620367590E-005 -4.271264923939863E-005
 -1.699277812517517E-005 -3.109825208505294E-005
         159 -3.229472388961229E-004  1.106675859262671E-004
  2.923199033102747E-006 -3.703205192985979E-005
 -1.992502114633316E-005 -2.820257139654209E-005
         160 -2.971389812862925E-004  1.930455780311733E-004
 -2.892745433789401E-005 -1.185893179266990E-005
 -2.241213866331245E-005 -2.557853692148724E-005
         161 -2.536318754146343E-004  2.764690253908632E-004
 -4.247644837376844E-005  2.665372125435786E-005
 -2.526445107703488E-005 -2.245807842401301E-005
         162 -1.852831712809754E-004  3.580267948356478E-004
 -3.597141009393119E-005  6.420556076266060E-005
 -2.681025298023245E-005 -1.828754717231007E-005
         163 -8.630788019279430E-005  4.275927780941238E-004
 -1.702690015492227E-005  9.718391361556698E-005
 -2.732978939040408E-005 -1.485319378176223E-005
         164  4.276764866242863E-005  4.716554386509884E-004
  1.631061420774729E-005  1.244127719090311E-004
 -2.776190408536372E-005 -1.171635570283657E-005
         165  1.961740162990163E-004  4.764260446086755E-004
  6.272338457569093E-005  1.376461266375675E-004
 -2.788450783580361E-005 -8.595723950419867E-006
         166  3.616660573728031E-004  4.279201054647566E-004
  1.148156851576456E-004  1.315398928671193E-004
 -2.749940026447982E-005 -5.434434974236666E-006
         167  5.182655123665160E-004  3.167683059660735E-004
  1.637381391082854E-004  1.060114857456422E-004
 -2.654023838346680E-005 -2.774587456004514E-006
         168  6.399126071955578E-004  1.432781504169367E-004
  2.045929916884573E-004  6.455576539259707E-005
 -2.551257218753008E-005 -5.449645219615439E-007
         169  6.996196630136881E-004 -8.053400701342291E-005
  2.336776214862165E-004  8.325920716119988E-006
 -2.428799049855262E-005  1.463515469331791E-006
         170  6.760335991056317E-004 -3.299870688980292E-004
  2.447772789549167E-004 -5.978128015327492E-005
 -2.287493094889179E-005  3.053286819803699E-006
         171  5.586832612828032E-004 -5.726461654763121E-004
  2.331886057728875E-004 -1.332974429217770E-004
 -2.143924940259153E-005  4.194556296132817E-006
         172  3.490341989388978E-004 -7.714941887868585E-004
  1.969276708161894E-004 -2.042994931693468E-004
 -2.009682172774433E-005  4.952473479151325E-006
         173  6.482390677889354E-005 -8.888060238706368E-004
  1.364689342962650E-004 -2.643971682472476E-004
 -1.886274132814590E-005  5.285075715831199E-006
         174 -2.595478074407861E-004 -8.958468601236571E-004
  5.537380606389038E-005 -3.046812712251393E-004
 -1.801976383208305E-005  5.174242440089249E-006
         175 -5.793301036499737E-004 -7.793587343388686E-004
 -3.919715268063559E-005 -3.180909342392928E-004
 -1.775315314693366E-005  4.849647812044188E-006
         176 -8.455762042374303E-004 -5.448339418416332E-004
 -1.380970816491425E-004 -3.002087117873050E-004
 -1.811618322160460E-005  4.624990483422202E-006
         177 -1.014129119001058E-003 -2.177980915620911E-004
 -2.310549645779364E-004 -2.495388409332137E-004
 -1.884996138351094E-005  4.698108912904117E-006
         178 -1.052566800657075E-003  1.603975674367456E-004
 -3.066410432197824E-004 -1.668083492658968E-004
 -2.011833744547366E-005  4.875203771326207E-006
         179 -9.465383740398432E-004  5.359639503191844E-004
 -3.514266203662852E-004 -5.896537266661119E-005
 -2.206841260647192E-005  5.823929475040415E-006
         180 -7.052409362893509E-004  8.531496827007156E-004
 -3.579797453658662E-004  6.069132998998890E-005
 -2.410806257346293E-005  7.830485812564017E-006
         181 -3.583098201342231E-004  1.063774167384531E-003
 -3.242258410922161E-004  1.791508766781152E-004
 -2.585930154779610E-005  1.088312760749711E-005
         182  4.773876558430425E-005  1.133327617560623E-003
 -2.517827823923851E-004  2.829894962876591E-004
 -2.681625540194431E-005  1.457473635443095E-005
         183  4.551858752812547E-004  1.048173019106906E-003
 -1.452489799085855E-004  3.601732737249095E-004
 -2.751054201726079E-005  1.886211326263122E-005
         184  8.064978966158064E-004  8.179751322802346E-004
 -1.455714399370394E-005  3.962730736954169E-004
 -2.711196456718663E-005  2.436722546147543E-005
         185  1.050831875026861E-003  4.718981053483647E-004
  1.209769537476499E-004  3.850798111903856E-004
 -2.486411862897909E-005  3.001021557642637E-005
         186  1.150471720330541E-003  5.752554474303229E-005
  2.463166027355748E-004  3.297915079292110E-004
 -2.100330545555170E-005  3.524921507366098E-005
         187  1.088629612227751E-003 -3.651902085661933E-004
  3.477213738831727E-004  2.352488054479486E-004
 -1.607694466008129E-005  3.935110595390880E-005
         188  8.736886406423675E-004 -7.329351730561379E-004
  4.130966939802426E-004  1.096065181950277E-004
 -1.028700173600933E-005  4.298237434551794E-005
         189  5.408134946966141E-004 -9.911327878323647E-004
  4.289889512337348E-004 -3.211669210705316E-005
 -2.825408469852277E-006  4.502406284105213E-005
         190  1.420150480275370E-004 -1.107958536056930E-003
  3.964740624714712E-004 -1.655461710272179E-004
  4.431340621693805E-006  4.481573726923994E-005
         191 -2.678129235957557E-004 -1.072068231300534E-003
  3.260636078046846E-004 -2.803568513876629E-004
  1.123635736433002E-005  4.320004829705465E-005
         192 -6.332027185997867E-004 -8.902867297278259E-004
  2.223222101357074E-004 -3.670732738083438E-004
  1.732630388050506E-005  4.042747461031689E-005
         193 -9.031000305637579E-004 -5.893074328457292E-004
  9.472752930736771E-005 -4.135532296992327E-004
  2.296796462933576E-005  3.647512796330893E-005
         194 -1.040755656667666E-003 -2.149593407046051E-004
 -3.794671159228756E-005 -4.100076827720522E-004
  2.675160615402385E-005  3.102077495520828E-005
         195 -1.030458163206458E-003  1.779135754587104E-004
 -1.523465351119955E-004 -3.648479486298659E-004
  2.877363678661136E-005  2.616764053505082E-005
         196 -8.779319432116958E-004  5.323317626341530E-004
 -2.431670260821744E-004 -2.917380071032727E-004
  3.019803546312050E-005  2.163528752009734E-005
         197 -6.117781927050930E-004  7.990263181262065E-004
 -3.047725036256890E-004 -1.955926176343428E-004
  3.077103068063786E-005  1.729063300849901E-005
         198 -2.753451352659789E-004  9.465911183263268E-004
 -3.285671497712859E-004 -8.758020205084764E-005
  3.052324034123439E-005  1.331997862120584E-005
         199  8.281312004909251E-005  9.616760879620276E-004
 -3.125463140420511E-004  1.521924042698912E-005
  2.966540432475765E-005  1.039131488425554E-005
         200  4.136519980194503E-004  8.492196047611942E-004
 -2.666478611718792E-004  9.759380317564206E-005
  2.916606025310442E-005  8.198382817992601E-006
         201  6.753400952496983E-004  6.308657553862818E-004
 -2.029039691254139E-004  1.555888408364726E-004
  2.883238780431958E-005  6.122091324702832E-006
         202  8.367713314463390E-004  3.400682364136961E-004
 -1.288656845805347E-004  1.869068757631889E-004
  2.858211474993739E-005  4.290278744179635E-006
         203  8.810541034789263E-004  1.955091281511458E-005
 -5.459577298919750E-005  1.898510126678789E-004
  2.850875367814466E-005  2.567541752178602E-006
         204  8.095985022648207E-004 -2.860754287441447E-004
  9.245861016936479E-006  1.676885584067047E-004
  2.864767144501393E-005  8.085970196211606E-007
         205  6.389635303055560E-004 -5.379588651926568E-004
  5.504270040672022E-005  1.284215842675239E-004
  2.885321402557254E-005 -1.145907198642259E-006
         206  3.980521459869672E-004 -7.063468144581663E-004
  8.028150482357481E-005  8.123500593539375E-005
  2.902737048980990E-005 -3.276719230097387E-006
         207  1.236455287128514E-004 -7.757635734101389E-004
  8.607950183268560E-005  3.419228418245089E-005
  2.910417721681409E-005 -5.603971482721489E-006
         208 -1.467113304207220E-004 -7.451265455249370E-004
  7.590241186278011E-005 -6.700013232892282E-006
  2.899278404590765E-005 -8.151675074604783E-006
         209 -3.783577597422874E-004 -6.268815493126910E-004
  5.459974733368693E-005 -3.779545974703093E-005
  2.849430213451304E-005 -1.077664291662251E-005
         210 -5.464423460392441E-004 -4.455379304190697E-004
  2.606157456291952E-005 -5.828971850397168E-005
  2.796949226709211E-005 -1.324224756847982E-005
         211 -6.387736134721734E-004 -2.290192619686180E-004
 -6.475889155574912E-006 -6.539530590771017E-005
  2.737046370098902E-005 -1.612427924125521E-005
         212 -6.524561092647470E-004 -5.552617562969090E-006
 -3.520174514967834E-005 -5.979850997137176E-005
  2.622318901513978E-005 -1.922679403316872E-005
         213 -5.947884603591942E-004  1.988116044989029E-004
 -5.727718524563154E-005 -4.764616010372600E-005
  2.454994029103083E-005 -2.235077543967124E-005
         214 -4.800840429218753E-004  3.645528660559452E-004
 -7.407767942375717E-005 -3.217110704449150E-005
  2.237091775180969E-005 -2.517692949989212E-005
         215 -3.266614893518630E-004  4.780584983861936E-004
 -8.745635834076860E-005 -1.356814758295854E-005
  2.002915748228327E-005 -2.812663506037246E-005
         216 -1.563243511902983E-004  5.344469562457739E-004
 -9.450595071684950E-005  9.090870705687713E-006
  1.664100980846150E-005 -3.110960646605453E-005
         217  1.359056061773564E-005  5.374034407865832E-004
 -9.444479505152942E-005  3.007756082388107E-005
  1.250390593726572E-005 -3.319298651485156E-005
         218  1.692393134173618E-004  4.915458965227489E-004
 -9.264683660336478E-005  4.905507151834004E-005
  8.017867562344164E-006 -3.449552404667610E-005
         219  2.966960557194869E-004  4.064750527076801E-004
 -8.920556322249419E-005  6.899485393870116E-005
  3.566592149997032E-006 -3.497305642682340E-005
         220  3.897252202432261E-004  2.968674407447461E-004
 -8.192146724654949E-005  9.177608924659111E-005
 -1.149921849206323E-006 -3.499540871596828E-005
         221  4.491858323223813E-004  1.742348516718307E-004
 -6.721526029577907E-005  1.146315273772229E-004
 -6.119663543897712E-006 -3.369021739954448E-005
         222  4.788654494964509E-004  4.509446714311856E-005
 -4.740608139997185E-005  1.352789809487238E-004
 -1.027729334497529E-005 -3.132393920023366E-005
         223  4.792140716963219E-004 -9.006595944588156E-005
 -1.964456317636336E-005  1.552739853383571E-004
 -1.374325156029314E-005 -2.825735038665964E-005
         224  4.442571623422694E-004 -2.269285161929087E-004
  1.868966607607627E-005  1.680239447775476E-004
 -1.620384507863215E-005 -2.472752128207788E-005
         225  3.709671276757377E-004 -3.551752987729850E-004
  6.345682586951859E-005  1.678385881882925E-004
 -1.783199565530380E-005 -2.100044583506338E-005
         226  2.603592498810646E-004 -4.639119079857340E-004
  1.085863989910255E-004  1.523965640631563E-004
 -1.817858094751700E-005 -1.709083247999524E-005
         227  1.160995412929310E-004 -5.417912023927563E-004
  1.489948986273439E-004  1.241051410560919E-004
 -1.742189103014157E-005 -1.396723991238729E-005
         228 -5.441252693342870E-005 -5.774541924294913E-004
  1.837251560416523E-004  8.239131361448729E-005
 -1.606928892073462E-005 -1.160763102959415E-005
         229 -2.397296871765846E-004 -5.604708360828126E-004
  2.049809441565483E-004  2.579194760006944E-005
 -1.423534120287793E-005 -1.026938108977098E-005
         230 -4.231677720248191E-004 -4.836844115799041E-004
  2.046253386592272E-004 -3.882916523219849E-005
 -1.243588835932774E-005 -9.986600331808054E-006
         231 -5.858942677441829E-004 -3.456045527712491E-004
  1.797439157346228E-004 -1.009895365263046E-004
 -1.089960135832184E-005 -1.092665809813839E-005
         232 -7.067342303840941E-004 -1.484717340045438E-004
  1.349789496768060E-004 -1.505080909107954E-004
 -1.051591003567270E-005 -1.283536162489760E-005
         233 -7.603356685777728E-004  9.603979705101223E-005
  7.599386331636981E-005 -1.842654546065531E-004
 -1.135897393963387E-005 -1.491831722822749E-005
         234 -7.263597280343891E-004  3.625134450116313E-004
  5.194397712941392E-006 -1.971262490333468E-004
 -1.341454984381006E-005 -1.697481879921327E-005
         235 -5.957606190530247E-004  6.180239272416580E-004
 -6.884248915754512E-005 -1.826043705000031E-004
 -1.670101648996969E-005 -1.842168655611797E-005
         236 -3.721449255043859E-004  8.257097207531721E-004
 -1.342407527501611E-004 -1.400142684860126E-004
 -2.103511303176688E-005 -1.891895652458548E-005
         237 -7.405570583792062E-005  9.508704003316992E-004
 -1.798060231045847E-004 -7.490509174972945E-005
 -2.611969211396225E-005 -1.784591371661308E-005
         238  2.676579526243109E-004  9.657936511896032E-004
 -1.996402771752583E-004  3.477670178769151E-006
 -3.109811235755605E-005 -1.503367714034644E-005
         239  6.101069063083036E-004  8.543707460156385E-004
 -1.903900922834441E-004  8.724046354075789E-005
 -3.555929076827770E-005 -1.067291640554844E-005
         240  9.050043372637161E-004  6.196215197386207E-004
 -1.493869337663176E-004  1.659889636475568E-004
 -3.901437298494945E-005 -4.827113396877915E-006
         241  1.108288770965969E-003  2.820778212768577E-004
 -7.854648655882349E-005  2.272584864229510E-004
 -4.087194365065495E-005  2.201961291871272E-006
         242  1.183388269914825E-003 -1.226540156850660E-004
  1.480300631157466E-005  2.595335695101879E-004
 -4.076383238366185E-005  9.742879156858844E-006
         243  1.107462973771337E-003 -5.447120884053797E-004
  1.185658786091590E-004  2.539584204110115E-004
 -3.856398857804228E-005  1.722343946178173E-005
         244  8.779993854491755E-004 -9.260439296580074E-004
  2.162072668840026E-004  2.084776525010454E-004
 -3.428622124945585E-005  2.378488432671802E-005
         245  5.160087464989343E-004 -1.209305142633426E-003
  2.940555210537959E-004  1.283094035510375E-004
 -2.850191541746574E-005  2.874469034484204E-005
         246  6.442358546410094E-005 -1.348828745755216E-003
  3.408192906071383E-004  2.072369678210766E-005
 -2.197179779661170E-005  3.167612006940243E-005
         247 -4.195853434754724E-004 -1.317529758113718E-003
  3.460937257383324E-004 -1.035814402700048E-004
 -1.544857268878527E-005  3.292625121102120E-005
         248 -8.703181276523160E-004 -1.110610285045169E-003
  3.013666210756533E-004 -2.263594537461923E-004
 -9.070136458383995E-006  3.236464196364606E-005
         249 -1.223495628153442E-003 -7.498438645727998E-004
  2.125716530111964E-004 -3.250874319454541E-004
 -3.858832546265256E-006  3.013185528491995E-005
         250 -1.427624189179287E-003 -2.801470787372536E-004
  9.232891087016121E-005 -3.882362117566838E-004
 -2.529492975258888E-008  2.712095787153332E-005
         251 -1.451346929281229E-003  2.371097921294272E-004
 -4.803413123645226E-005 -4.049886065284261E-004
  2.326003389794317E-006  2.379917135335424E-005
         252 -1.288862494335347E-003  7.330272012471379E-004
 -1.896512263793366E-004 -3.674707448878229E-004
  3.575472655573728E-006  2.073703728348611E-005
         253 -9.595973839575786E-004  1.142443962083990E-003
 -3.093847926848125E-004 -2.767311297333718E-004
  3.828486974858577E-006  1.790825959708215E-005
         254 -5.041915579870530E-004  1.410762175358427E-003
 -3.862971993249474E-004 -1.471127332929239E-004
  3.153286848551992E-006  1.591966989704666E-005
         255  1.898991957439215E-005  1.500781355037059E-003
 -4.119168747347852E-004  2.118530403684520E-006
  2.196699121391796E-006  1.479364863757046E-005
         256  5.408454499929760E-004  1.398856265172307E-003
 -3.809085124979141E-004  1.537564727475365E-004
  1.143937694392388E-006  1.455472650162963E-005
