   5120.00000000000     
         256           1           3
  8.994473019507991E-004   38.6907946572114        116.216928659176     
   18.8300000000000        145.590000000000        6160.02000000000     
           0  0.000000000000000E+000  0.000000000000000E+000
  0.000000000000000E+000  0.000000000000000E+000
  0.000000000000000E+000  0.000000000000000E+000
           1  0.000000000000000E+000  0.000000000000000E+000
  3.587214389134178E-009  3.201422331872397E-011
 -2.239969918454907E-008  1.810510215491195E-011
           2  0.000000000000000E+000  0.000000000000000E+000
  3.509976251717316E-009  2.674032658847824E-010
 -2.458652992295146E-008 -1.090291190539424E-009
           3  0.000000000000000E+000  0.000000000000000E+000
  3.530621453379799E-009  7.280629542905845E-010
 -2.963242354470906E-008 -7.160546059701356E-011
           4  0.000000000000000E+000  0.000000000000000E+000
  3.965637588928048E-009  1.472805529048986E-009
 -3.680236464142795E-008  6.586123274801241E-009
           5  0.000000000000000E+000  0.000000000000000E+000
  5.344928088033829E-009  2.156556751948498E-009
 -3.991195170144224E-008  2.218012047651942E-008
           6  0.000000000000000E+000  0.000000000000000E+000
  7.704329078229266E-009  1.335029142223954E-009
 -2.862127133310120E-008  4.199139810973122E-008
           7  0.000000000000000E+000  0.000000000000000E+000
  8.387441964419176E-009 -8.228426185960589E-010
 -1.752927021079456E-010  5.241886670952287E-008
           8  0.000000000000000E+000  0.000000000000000E+000
  8.655276218323701E-009 -2.794275385927998E-009
  3.779301204291481E-008  3.379194011570529E-008
           9  0.000000000000000E+000  0.000000000000000E+000
  7.765161984986765E-009 -5.157185865641883E-009
  4.941476050870776E-008 -2.044614203384304E-008
          10  0.000000000000000E+000  0.000000000000000E+000
  5.850433363831691E-009 -6.579830611962731E-009
  2.614564065963889E-009 -7.337295728434997E-008
          11  0.000000000000000E+000  0.000000000000000E+000
  3.503314470311279E-009 -8.519169356395149E-009
 -8.729114415688608E-008 -6.577218470003205E-008
          12  0.000000000000000E+000  0.000000000000000E+000
 -3.338447164662736E-009 -5.154388925584664E-009
 -1.449424952273293E-007  4.077147147035443E-008
          13  0.000000000000000E+000  0.000000000000000E+000
 -7.654213782221226E-010  2.877315243973334E-009
 -6.844744866297354E-008  1.625113741690732E-007
          14  0.000000000000000E+000  0.000000000000000E+000
  7.214978775741944E-009  3.900766808692919E-009
  9.193508045146658E-008  1.656019121759859E-007
          15  0.000000000000000E+000  0.000000000000000E+000
  1.292324202367850E-008 -2.144265560469295E-009
  1.966169096554711E-007  1.946445609939531E-008
          16  0.000000000000000E+000  0.000000000000000E+000
  1.227878534091715E-008 -1.265648144632900E-008
  1.253703645139255E-007 -1.703279267865244E-007
          17  0.000000000000000E+000  0.000000000000000E+000
 -2.436730544149119E-009 -1.741368531600076E-008
 -9.733941636578033E-008 -2.099880678605157E-007
          18  0.000000000000000E+000  0.000000000000000E+000
 -9.716416819403354E-009 -5.516833063560211E-009
 -2.505032773106256E-007 -4.060001856516172E-008
          19  0.000000000000000E+000  0.000000000000000E+000
 -4.535558320747949E-009  4.281392514159166E-009
 -2.036849647992241E-007  1.912792314098754E-007
          20  0.000000000000000E+000  0.000000000000000E+000
  5.398496689684678E-009  5.917914159795931E-009
  2.700993488135993E-008  2.953530212398303E-007
          21  0.000000000000000E+000  0.000000000000000E+000
  1.364730991281408E-008 -1.076720955853563E-009
  2.587733796893517E-007  1.571729219924813E-007
          22  0.000000000000000E+000  0.000000000000000E+000
  1.113891108673070E-008 -1.640096619943719E-008
  2.683917233156179E-007 -1.263378029858675E-007
          23  0.000000000000000E+000  0.000000000000000E+000
 -5.878607982414129E-009 -1.460227298426131E-008
  5.245856181240047E-008 -2.824667304362361E-007
          24  0.000000000000000E+000  0.000000000000000E+000
 -7.192082618108643E-009 -3.462500799478168E-009
 -2.094327515787233E-007 -2.254890434668562E-007
          25  0.000000000000000E+000  0.000000000000000E+000
 -1.087438460801610E-009  1.406439597218382E-009
 -3.375178371593861E-007  3.875360120762718E-008
          26  0.000000000000000E+000  0.000000000000000E+000
  6.197153730804316E-009 -3.745461634277585E-010
 -1.875203892832828E-007  3.154750541727378E-007
          27  0.000000000000000E+000  0.000000000000000E+000
  9.613149644508285E-009 -1.114083976995509E-008
  1.316816677106543E-007  3.548337284099118E-007
          28  0.000000000000000E+000  0.000000000000000E+000
 -7.101869449862017E-009 -1.546679135378338E-008
  3.683817263303383E-007  1.392602421509235E-007
          29  0.000000000000000E+000  0.000000000000000E+000
 -8.267898295908084E-009 -2.028469407888468E-009
  3.497086692485069E-007 -2.375495744418518E-007
          30  0.000000000000000E+000  0.000000000000000E+000
 -1.043333474182707E-009  6.433116996553640E-010
 -2.041931639797184E-008 -4.353896405440586E-007
          31  0.000000000000000E+000  0.000000000000000E+000
  3.441128438580201E-009 -2.055262782920281E-009
 -3.921256936187714E-007 -2.177237059168254E-007
          32  0.000000000000000E+000  0.000000000000000E+000
  5.841374357708100E-009 -8.119899343554434E-009
 -4.164886749314692E-007  2.128825510373836E-007
          33  0.000000000000000E+000  0.000000000000000E+000
 -4.506202127440703E-009 -1.655236999125532E-008
 -7.657824487097883E-008  4.934746790969277E-007
          34  0.000000000000000E+000  0.000000000000000E+000
 -1.123812568114902E-008 -4.226699637989555E-009
  3.866098595528369E-007  3.445466152081273E-007
          35  0.000000000000000E+000  0.000000000000000E+000
 -5.133662714954068E-009  2.795366970442792E-010
  4.754292956116726E-007 -1.315999570797746E-007
          36  0.000000000000000E+000  0.000000000000000E+000
 -1.903176870985548E-009 -4.880720461353841E-010
  1.412540283712089E-007 -4.386508822922465E-007
          37  0.000000000000000E+000  0.000000000000000E+000
  6.873227068578527E-010 -1.427467725388633E-009
 -2.772721043863422E-007 -3.398725211647927E-007
          38  0.000000000000000E+000  0.000000000000000E+000
  2.902507450985842E-009 -7.316392891175811E-009
 -4.322482693296482E-007  4.755602555617041E-008
          39  0.000000000000000E+000  0.000000000000000E+000
 -6.810983490456589E-009 -8.254724498732677E-009
 -1.842157018649067E-007  3.995236468697646E-007
          40  0.000000000000000E+000  0.000000000000000E+000
 -3.957341451984734E-009 -2.836081630224269E-009
  2.209989859451747E-007  3.419966238912632E-007
          41  0.000000000000000E+000  0.000000000000000E+000
 -3.207848246986680E-009 -5.884503450064043E-009
  3.628976664547731E-007  2.260420382447383E-008
          42  0.000000000000000E+000  0.000000000000000E+000
 -6.715217492488518E-009 -5.318192462572724E-009
  2.105521852296743E-007 -2.466147067591276E-007
          43  0.000000000000000E+000  0.000000000000000E+000
 -6.253961676563193E-009 -2.275391464332386E-009
 -7.937815281146010E-008 -2.816479382620180E-007
          44  0.000000000000000E+000  0.000000000000000E+000
 -8.056057845719875E-009 -2.214345737614547E-009
 -2.592247746618613E-007 -6.096177945518574E-008
          45  0.000000000000000E+000  0.000000000000000E+000
 -2.699666990707733E-009  4.028582503590110E-009
 -1.693805699920173E-007  1.622006321386865E-007
          46  0.000000000000000E+000  0.000000000000000E+000
  3.023038668624000E-009 -3.318143632208163E-009
  1.716343614957406E-008  2.337954079857029E-007
          47  0.000000000000000E+000  0.000000000000000E+000
 -2.387216707816380E-009 -9.842739730136212E-009
  2.035077470284360E-007  1.347582748487719E-007
          48  0.000000000000000E+000  0.000000000000000E+000
 -9.636362703394490E-009 -8.297173722231968E-009
  2.216706367268130E-007 -8.816884652352081E-008
          49  0.000000000000000E+000  0.000000000000000E+000
 -1.353107666779473E-008 -3.186774991361822E-009
  3.605852038042284E-008 -2.130876192924875E-007
          50  0.000000000000000E+000  0.000000000000000E+000
 -1.144055004807410E-008  6.073893070633664E-009
 -1.513594627129930E-007 -1.225699846224116E-007
          51  0.000000000000000E+000  0.000000000000000E+000
 -2.225164606348868E-009  6.827125567672308E-009
 -1.777848590238699E-007  8.664882995012668E-008
          52  0.000000000000000E+000  0.000000000000000E+000
  1.826931677614725E-009  5.449032869413546E-010
  5.052565331895574E-009  2.120406143653090E-007
          53  0.000000000000000E+000  0.000000000000000E+000
 -8.454455937655104E-010 -5.451725030297887E-009
  1.997831700595745E-007  1.009327772980748E-007
          54  0.000000000000000E+000  0.000000000000000E+000
 -7.018822745520440E-009 -6.596221724201300E-009
  1.878180741337751E-007 -1.214798994904503E-007
          55  0.000000000000000E+000  0.000000000000000E+000
 -1.137942804465512E-008 -2.571217577304265E-009
 -1.522188945144814E-008 -2.140870735245239E-007
          56  0.000000000000000E+000  0.000000000000000E+000
 -1.142396529314865E-008  3.444272456841814E-009
 -1.933450868462738E-007 -6.989880205235614E-008
          57  0.000000000000000E+000  0.000000000000000E+000
 -6.228126705271894E-009  6.926655212908570E-009
 -1.399646492674916E-007  1.534484391926713E-007
          58  0.000000000000000E+000  0.000000000000000E+000
 -1.208283285478617E-009  4.214841905190590E-009
  7.923468482664304E-008  2.078273319477099E-007
          59  0.000000000000000E+000  0.000000000000000E+000
 -1.700896206265896E-009 -8.108571902973134E-010
  2.335003854345393E-007  4.582261218795867E-008
          60  0.000000000000000E+000  0.000000000000000E+000
 -5.934598438151739E-009 -1.255259761930479E-009
  1.738888739735431E-007 -1.750884183062741E-007
          61  0.000000000000000E+000  0.000000000000000E+000
 -6.979521820885335E-009 -8.597362715933153E-010
 -6.739147957339303E-008 -2.337630791075505E-007
          62  0.000000000000000E+000  0.000000000000000E+000
 -1.004159786041516E-008  3.545620273153239E-009
 -2.042065149094448E-007 -3.962360530421696E-008
          63  0.000000000000000E+000  0.000000000000000E+000
 -5.362152797722128E-009  6.737592795492153E-009
 -1.281621693127601E-007  1.355863370803198E-007
          64  0.000000000000000E+000  0.000000000000000E+000
 -3.021267927764228E-009  3.663895499843437E-009
  3.989823172166141E-008  1.949855068723331E-007
          65  0.000000000000000E+000  0.000000000000000E+000
 -5.711354536120112E-009  3.403239904771730E-009
  2.119572932397148E-007  9.223858424160958E-008
          66  0.000000000000000E+000  0.000000000000000E+000
 -1.733325918362181E-009  4.366933160052647E-009
  2.039345583366719E-007 -1.394356480283105E-007
          67  0.000000000000000E+000  0.000000000000000E+000
 -6.542214181812607E-009  2.486130634073550E-009
  3.262421019674275E-008 -2.195946789797354E-007
          68  0.000000000000000E+000  0.000000000000000E+000
 -4.213542976345360E-009  6.379043206381242E-009
 -1.585664418971457E-007 -1.981641758058494E-007
          69  0.000000000000000E+000  0.000000000000000E+000
 -2.838440678301458E-009  3.879301617317113E-009
 -2.909109006341904E-007  5.219142943674436E-008
          70  0.000000000000000E+000  0.000000000000000E+000
 -5.931889697378254E-009  4.497377890946711E-009
 -7.579875216579634E-008  3.236883911596397E-007
          71  0.000000000000000E+000  0.000000000000000E+000
 -2.052872220406698E-009  1.052127863240274E-008
  2.862622878675069E-007  2.169127809906665E-007
          72  0.000000000000000E+000  0.000000000000000E+000
  5.490722621729169E-010  1.984739673461448E-009
  3.434373844709084E-007 -1.161588135119348E-007
          73  0.000000000000000E+000  0.000000000000000E+000
 -2.778054810903798E-009  3.634111993321481E-009
  1.255754080181911E-007 -4.122476429258329E-007
          74  0.000000000000000E+000  0.000000000000000E+000
 -3.521511648021034E-009  2.154553140531379E-009
 -3.490965493642702E-007 -3.366467195123624E-007
          75  0.000000000000000E+000  0.000000000000000E+000
 -8.428863177091541E-009  4.614235134904600E-009
 -4.653824974643187E-007  1.863115529667679E-007
          76  0.000000000000000E+000  0.000000000000000E+000
 -7.579160891241730E-009  1.434270110265626E-008
 -1.901200175393297E-008  5.035277956555731E-007
          77  0.000000000000000E+000  0.000000000000000E+000
  8.589269746335495E-009  1.340050288588460E-008
  4.240945141271791E-007  2.500946369969325E-007
          78  0.000000000000000E+000  0.000000000000000E+000
  6.018797750982290E-009  3.082086729904349E-009
  5.098992862099993E-007 -2.328161915499793E-007
          79  0.000000000000000E+000  0.000000000000000E+000
  3.075694531540919E-009 -2.584525239780420E-009
  3.019076882834659E-008 -6.366609276846899E-007
          80  0.000000000000000E+000  0.000000000000000E+000
 -8.788232217773046E-009 -2.975305424836518E-009
 -5.505998383748968E-007 -3.074379644925642E-007
          81  0.000000000000000E+000  0.000000000000000E+000
 -1.462563880928320E-008  1.176734177137659E-008
 -4.853354725771217E-007  3.080132160332587E-007
          82  0.000000000000000E+000  0.000000000000000E+000
  3.020071931002378E-009  2.411326814066068E-008
 -2.162914913027072E-009  5.151840571896688E-007
          83  0.000000000000000E+000  0.000000000000000E+000
  1.259819791021381E-008  1.120069481255851E-008
  4.503273593407402E-007  3.185533938627816E-007
          84  0.000000000000000E+000  0.000000000000000E+000
  1.403733378000793E-008  4.126358137708704E-010
  5.059192197925088E-007 -2.592032312489235E-007
          85  0.000000000000000E+000  0.000000000000000E+000
  2.190538418046307E-009 -8.195377270372483E-009
  5.968281961976908E-008 -5.116450109540316E-007
          86  0.000000000000000E+000  0.000000000000000E+000
 -9.868755236070725E-009  1.868311235154945E-010
 -3.107485333266739E-007 -3.541224341071525E-007
          87  0.000000000000000E+000  0.000000000000000E+000
 -6.141097306179285E-009  1.541609773693532E-008
 -4.711542763218492E-007 -2.690770858958602E-008
          88  0.000000000000000E+000  0.000000000000000E+000
  7.561734273934058E-009  1.239589822302229E-008
 -3.549936497799860E-007  3.936748718070833E-007
          89  0.000000000000000E+000  0.000000000000000E+000
  1.058451835719705E-008  7.490448424781498E-009
  1.571321380003755E-007  5.113511764169505E-007
          90  0.000000000000000E+000  0.000000000000000E+000
  9.319204573070466E-009 -1.131339422322482E-009
  4.906759605002694E-007  1.790912120613662E-007
          91  0.000000000000000E+000  0.000000000000000E+000
  8.924126601690375E-010 -2.330884967253038E-009
  4.868452908216030E-007 -2.896115597695433E-007
          92  0.000000000000000E+000  0.000000000000000E+000
 -2.888604580805753E-009  4.038292603443240E-009
  6.843951558497055E-008 -6.325029899095779E-007
          93  0.000000000000000E+000  0.000000000000000E+000
  3.006146128509076E-009  1.039686901772016E-008
 -5.251589770400140E-007 -4.603018705675509E-007
          94  0.000000000000000E+000  0.000000000000000E+000
  6.444261889148345E-009  5.189829653684866E-009
 -6.789663462620197E-007  2.076981697298672E-007
          95  0.000000000000000E+000  0.000000000000000E+000
  7.437056104628566E-009  3.142156857471614E-009
 -2.103219832030319E-007  6.332550363942766E-007
          96  0.000000000000000E+000  0.000000000000000E+000
  4.144578346532267E-009  2.497118297955796E-011
  3.977278528880064E-007  5.490485035747043E-007
          97  0.000000000000000E+000  0.000000000000000E+000
  9.125168264199239E-010  3.073324592211198E-009
  7.068338244387536E-007 -4.825026031786037E-008
          98  0.000000000000000E+000  0.000000000000000E+000
  2.934381764449463E-009  7.604760753897114E-009
  3.291123792661124E-007 -6.433291821604651E-007
          99  0.000000000000000E+000  0.000000000000000E+000
  8.817748438757912E-009  4.981379732652218E-009
 -3.646721074065080E-007 -5.919179828451068E-007
         100  0.000000000000000E+000  0.000000000000000E+000
  8.110714358583461E-009  2.529261401445147E-009
 -6.279491795761646E-007 -4.786776833127240E-008
         101  0.000000000000000E+000  0.000000000000000E+000
  6.878856512755646E-009  3.652703585264651E-011
 -3.764125262264310E-007  4.525229711916441E-007
         102  0.000000000000000E+000  0.000000000000000E+000
  4.789682255142206E-009  7.684344903770250E-010
  1.609877145335532E-007  4.894139288714202E-007
         103  0.000000000000000E+000  0.000000000000000E+000
  4.912226729760385E-009  1.898838148356887E-009
  4.082925212038790E-007  1.046126320242920E-007
         104  0.000000000000000E+000  0.000000000000000E+000
  6.092347788236643E-009  1.671178243794241E-009
  2.600538795733886E-007 -2.157382742296409E-007
         105  0.000000000000000E+000  0.000000000000000E+000
  5.161840992586021E-009  2.068452544145287E-009
  1.590821085750177E-008 -2.870002641393760E-007
         106  0.000000000000000E+000  0.000000000000000E+000
  7.012146889825461E-009  2.968426151123575E-009
 -1.708645487001676E-007 -1.930261976407736E-007
         107  0.000000000000000E+000  0.000000000000000E+000
  9.249456728180456E-009  1.625193578708849E-009
 -2.287859875806063E-007 -3.839002442076738E-008
         108  0.000000000000000E+000  0.000000000000000E+000
  9.975846047491723E-009 -1.640102328174629E-009
 -1.996040840302296E-007  1.021479838215554E-007
         109  0.000000000000000E+000  0.000000000000000E+000
  7.391430973755500E-009 -4.779313260328475E-009
 -8.510015721605710E-008  2.071377942959136E-007
         110  0.000000000000000E+000  0.000000000000000E+000
  3.443372910856163E-009 -3.901570832163781E-009
  8.245658735276337E-008  1.991938618109933E-007
         111  0.000000000000000E+000  0.000000000000000E+000
  1.900536066813638E-009 -1.610160907092425E-010
  2.044919973293479E-007  8.406882629525422E-008
         112  0.000000000000000E+000  0.000000000000000E+000
  5.239667440397576E-009  3.029943325248189E-009
  2.143857622683023E-007 -1.237923486752954E-007
         113  0.000000000000000E+000  0.000000000000000E+000
  9.486446489356379E-009  1.778258296469425E-009
  2.942420038029571E-008 -2.669783512354304E-007
         114  0.000000000000000E+000  0.000000000000000E+000
  1.195059060804040E-008 -2.394388161826114E-009
 -1.941972845445977E-007 -2.100541147023648E-007
         115  0.000000000000000E+000  0.000000000000000E+000
  8.890827178369523E-009 -7.868624107568165E-009
 -3.054387232192272E-007 -1.218056566340643E-008
         116  0.000000000000000E+000  0.000000000000000E+000
  4.494842974836918E-009 -8.093909657849115E-009
 -2.689582647544989E-007  2.336538582343445E-007
         117  0.000000000000000E+000  0.000000000000000E+000
  1.407428705328997E-009 -4.194812733135360E-009
  3.804991182875299E-008  3.937360457785144E-007
         118  0.000000000000000E+000  0.000000000000000E+000
  3.407165862034742E-009 -1.564528125307882E-009
  3.260153186510832E-007  2.020812280182814E-007
         119  0.000000000000000E+000  0.000000000000000E+000
  6.446872773320805E-009 -5.459668099858729E-010
  3.913812285265306E-007 -1.327054332096106E-007
         120  0.000000000000000E+000  0.000000000000000E+000
  9.607561097758109E-009 -5.160732730827475E-009
  1.353833605120403E-007 -4.780433992604929E-007
         121  0.000000000000000E+000  0.000000000000000E+000
  7.326391013656167E-009 -8.118164805099446E-009
 -4.337445659597273E-007 -4.457995012286051E-007
         122  0.000000000000000E+000  0.000000000000000E+000
  2.768605360054771E-009 -8.598648160072012E-009
 -6.459379689196180E-007  2.037510389970085E-007
         123  0.000000000000000E+000  0.000000000000000E+000
  1.860235072462000E-009 -6.852256910406121E-009
 -1.968315316403856E-007  6.693816210082082E-007
         124  0.000000000000000E+000  0.000000000000000E+000
  1.290287228947384E-009 -3.861545450150873E-009
  5.083119191970707E-007  5.715629696409246E-007
         125  0.000000000000000E+000  0.000000000000000E+000
  6.668174670882904E-009 -4.287282891071721E-009
  7.908474944461096E-007 -2.158797817170016E-007
         126  0.000000000000000E+000  0.000000000000000E+000
  4.119646799696329E-009 -8.979437645984831E-009
  1.303396778098804E-007 -8.527544763979683E-007
         127  0.000000000000000E+000  0.000000000000000E+000
 -8.917033596793838E-011 -9.333728277958728E-009
 -7.385911709103811E-007 -4.377611495020232E-007
         128  0.000000000000000E+000  0.000000000000000E+000
  3.843050068106370E-011 -4.837702911424951E-009
 -7.165579347782670E-007  4.039598951889343E-007
         129  0.000000000000000E+000  0.000000000000000E+000
  1.518132513878651E-009 -4.256746971145837E-009
 -3.182407779661576E-008  8.622998239558463E-007
         130  0.000000000000000E+000  0.000000000000000E+000
  5.936811328556718E-009 -3.825696106623614E-009
  7.781645261049096E-007  4.306381923966393E-007
         131  0.000000000000000E+000  0.000000000000000E+000
  6.457428384769265E-009 -1.344657721917151E-008
  6.947751829799139E-007 -5.159358414417088E-007
         132  0.000000000000000E+000  0.000000000000000E+000
 -2.627652311135467E-009 -1.412597962455538E-008
 -2.054402304716449E-007 -8.006011800789549E-007
         133  0.000000000000000E+000  0.000000000000000E+000
 -6.764193356595662E-009 -6.305619046838151E-009
 -7.149670755764356E-007 -1.659036084407503E-007
         134  0.000000000000000E+000  0.000000000000000E+000
 -1.920864613066265E-009 -3.209447170926212E-009
 -5.444988318726547E-007  5.181479763081973E-007
         135  0.000000000000000E+000  0.000000000000000E+000
  2.395162066648000E-009 -2.888909338276476E-009
  2.129354042897903E-007  7.426377186711440E-007
         136  0.000000000000000E+000  0.000000000000000E+000
  6.307523776239052E-009 -1.188837923728777E-008
  6.878067896416369E-007  1.217458755235249E-007
         137  0.000000000000000E+000  0.000000000000000E+000
 -4.925284782954849E-009 -1.606359271317871E-008
  3.428119800628594E-007 -4.611567857367842E-007
         138  0.000000000000000E+000  0.000000000000000E+000
 -1.166342481614837E-008 -7.373274516257917E-009
 -1.301484060693734E-007 -4.239763663257086E-007
         139  0.000000000000000E+000  0.000000000000000E+000
 -6.076737422777089E-009 -1.438815055370964E-009
 -4.385943953596039E-007 -1.552141572752464E-007
         140  0.000000000000000E+000  0.000000000000000E+000
 -1.163945778750636E-009 -1.336074936373407E-009
 -3.424992792417251E-007  3.154298953100147E-007
         141  0.000000000000000E+000  0.000000000000000E+000
  3.609198388123264E-009 -7.934739490109295E-009
  5.823920510946966E-008  4.169241625683814E-007
         142  0.000000000000000E+000  0.000000000000000E+000
 -5.977829247915151E-009 -1.508858849257418E-008
  3.364198546627494E-007  2.191332965035844E-007
         143  0.000000000000000E+000  0.000000000000000E+000
 -1.431190367964349E-008 -7.416178307317929E-009
  3.958158146804056E-007 -1.071664679194045E-007
         144  0.000000000000000E+000  0.000000000000000E+000
 -9.666950025682271E-009  2.053857797151536E-009
  1.057434785974461E-007 -4.541829659995500E-007
         145  0.000000000000000E+000  0.000000000000000E+000
 -2.950829392624322E-009  1.750598299043423E-009
 -3.919306784901646E-007 -2.448961227142372E-007
         146  0.000000000000000E+000  0.000000000000000E+000
  1.592255094647564E-009 -1.978174276136786E-009
 -3.592394847103593E-007  2.581162651802059E-007
         147  0.000000000000000E+000  0.000000000000000E+000
  6.350164077699397E-010 -1.063205093516255E-008
  6.415699134286369E-008  4.439099797181422E-007
         148  0.000000000000000E+000  0.000000000000000E+000
 -9.996396277951505E-009 -1.161618908776909E-008
  4.391112012666491E-007  1.531165182706105E-007
         149  0.000000000000000E+000  0.000000000000000E+000
 -1.415523493020560E-008 -3.116261962381782E-009
  3.494509406720251E-007 -3.397688735742752E-007
         150  0.000000000000000E+000  0.000000000000000E+000
 -9.159902211006155E-009  2.336977706972240E-009
 -2.293272311927583E-007 -4.736963162956572E-007
         151  0.000000000000000E+000  0.000000000000000E+000
 -4.601974842368371E-009  2.524317703498450E-009
 -5.432384361160226E-007  8.332686823448667E-008
         152  0.000000000000000E+000  0.000000000000000E+000
 -3.508794117292751E-010 -9.460786937862464E-010
 -1.461940024119943E-007  5.704558592790525E-007
         153  0.000000000000000E+000  0.000000000000000E+000
 -3.004717956542418E-009 -7.510809289179186E-009
  4.879577469975690E-007  4.365859555250678E-007
         154  0.000000000000000E+000  0.000000000000000E+000
 -9.214568683357841E-009 -6.616814071914882E-009
  6.788771648562593E-007 -2.466903447811516E-007
         155  0.000000000000000E+000  0.000000000000000E+000
 -1.070815297189170E-008 -2.469557125235424E-009
  8.855073078341469E-008 -7.836084003177290E-007
         156  0.000000000000000E+000  0.000000000000000E+000
 -1.038129971808290E-008 -7.872118785185394E-011
 -7.025618420006144E-007 -4.290665569819868E-007
         157  0.000000000000000E+000  0.000000000000000E+000
 -8.738542075472612E-009  2.208989580466639E-009
 -7.290016726682213E-007  4.544520657829770E-007
         158  0.000000000000000E+000  0.000000000000000E+000
 -6.280023451537517E-009  2.104616225641433E-009
  5.722812031674741E-008  9.068973144584274E-007
         159  0.000000000000000E+000  0.000000000000000E+000
 -5.449397327826020E-009  6.258430428609565E-010
  8.430354773729998E-007  4.162014232227358E-007
         160  0.000000000000000E+000  0.000000000000000E+000
 -6.270910040442944E-009 -5.080986581676264E-010
  7.881743522439376E-007 -4.925239631723351E-007
         161  0.000000000000000E+000  0.000000000000000E+000
 -7.483384107255300E-009 -7.874071342600651E-010
  1.188945975936604E-008 -8.967715962362093E-007
         162  0.000000000000000E+000  0.000000000000000E+000
 -9.588477200922102E-009  9.960308973665445E-011
 -7.152682455405116E-007 -4.625054405601130E-007
         163  0.000000000000000E+000  0.000000000000000E+000
 -1.001985852980022E-008  3.522333564225904E-009
 -7.272715674635820E-007  3.316742262799254E-007
         164  0.000000000000000E+000  0.000000000000000E+000
 -6.658138386388637E-009  4.536321220937041E-009
 -1.384712742953990E-007  7.515042055743000E-007
         165  0.000000000000000E+000  0.000000000000000E+000
 -6.527144685174301E-009  2.521489636864391E-009
  4.965567265447882E-007  5.583241249970690E-007
         166  0.000000000000000E+000  0.000000000000000E+000
 -7.794097261946017E-009  3.850121582773276E-009
  7.782454439088023E-007 -3.262884031449403E-008
         167  0.000000000000000E+000  0.000000000000000E+000
 -6.630683711732776E-009  3.851365183819533E-009
  4.327107009554183E-007 -6.523007580368196E-007
         168  0.000000000000000E+000  0.000000000000000E+000
 -8.289230634646756E-009  4.331436950406745E-009
 -2.367581316595294E-007 -6.923581549152830E-007
         169  0.000000000000000E+000  0.000000000000000E+000
 -6.421920566169878E-009  7.847754587226948E-009
 -6.606594892992806E-007 -2.504726692153262E-007
         170  0.000000000000000E+000  0.000000000000000E+000
 -3.461003266477163E-009  4.348966840313395E-009
 -6.153216134994655E-007  3.914087829180717E-007
         171  0.000000000000000E+000  0.000000000000000E+000
 -7.967510751404239E-009  3.501957919333991E-009
 -4.197194313903344E-009  7.996083398541030E-007
         172  0.000000000000000E+000  0.000000000000000E+000
 -7.014415593117698E-009  7.484218787586108E-009
  7.058419442193508E-007  3.878207178299122E-007
         173  0.000000000000000E+000  0.000000000000000E+000
 -6.995799018381066E-009  7.238523262551452E-009
  6.747432426841081E-007 -3.272600739321318E-007
         174  0.000000000000000E+000  0.000000000000000E+000
 -5.932992274190680E-009  1.199363370296124E-008
  1.543261044317608E-007 -7.313124639232051E-007
         175  0.000000000000000E+000  0.000000000000000E+000
  1.070310350520268E-009  9.341891164051624E-009
 -5.281073162770134E-007 -5.041843405634464E-007
         176  0.000000000000000E+000  0.000000000000000E+000
 -2.503430294297558E-009  5.096636872251853E-009
 -6.162058190963395E-007  2.302886808562886E-007
         177  0.000000000000000E+000  0.000000000000000E+000
 -1.822996481091578E-009  8.551871327617698E-009
 -3.128187353659388E-008  4.703148229846930E-007
         178  0.000000000000000E+000  0.000000000000000E+000
 -1.340415492328846E-009  4.651229357099920E-009
  2.297609548838676E-007  2.415359201714282E-007
         179  0.000000000000000E+000  0.000000000000000E+000
 -6.026816189183154E-009  6.955140066449132E-009
  3.213140193144589E-007 -1.278445691932042E-010
         180  0.000000000000000E+000  0.000000000000000E+000
 -2.028570144554184E-009  1.161044781167052E-008
  1.651726810595969E-007 -2.207717130595620E-007
         181  0.000000000000000E+000  0.000000000000000E+000
 -2.716793948305431E-010  9.063781887355543E-009
 -9.170281478064288E-009 -1.945534478529599E-007
         182  0.000000000000000E+000  0.000000000000000E+000
  5.832526377527401E-010  1.138535195067609E-008
 -1.556146993153298E-008 -1.776809563936974E-007
         183  0.000000000000000E+000  0.000000000000000E+000
  5.228596227548491E-009  6.524594744991724E-009
 -2.667366249400292E-007 -1.942236389691243E-007
         184  0.000000000000000E+000  0.000000000000000E+000
 -1.322330017916920E-009  2.993213268633623E-009
 -2.917979488868175E-007  2.100251050157397E-007
         185  0.000000000000000E+000  0.000000000000000E+000
 -3.871103611019576E-009  1.009407592984367E-008
  6.998218903018869E-008  3.011274451782515E-007
         186  0.000000000000000E+000  0.000000000000000E+000
  2.165692516579072E-009  1.107695871871818E-008
  2.745597156687385E-007  1.063127650656687E-007
         187  0.000000000000000E+000  0.000000000000000E+000
  2.198777684787969E-009  9.842391894803862E-009
  2.905322196382252E-007 -1.686021031060581E-007
         188  0.000000000000000E+000  0.000000000000000E+000
  6.295451891199686E-009  9.212380456145641E-009
 -2.550016017213835E-008 -4.454692581185843E-007
         189  0.000000000000000E+000  0.000000000000000E+000
  2.893021149894520E-009  4.185393155990947E-009
 -4.251595109731007E-007 -8.448997652055449E-008
         190  0.000000000000000E+000  0.000000000000000E+000
 -5.805984928280972E-010  1.004451934782170E-008
 -1.561515787440651E-007  2.881359083336920E-007
         191  0.000000000000000E+000  0.000000000000000E+000
  6.731482159688837E-009  1.249255265172167E-008
  1.758681392960899E-007  2.111252921010615E-007
         192  0.000000000000000E+000  0.000000000000000E+000
  8.911652410855985E-009  8.326593616262331E-009
  2.843067381182869E-007 -1.004094364908307E-007
         193  0.000000000000000E+000  0.000000000000000E+000
  1.099651811352427E-008  5.366763402306756E-009
 -2.331648929076670E-008 -4.001498541411728E-007
         194  0.000000000000000E+000  0.000000000000000E+000
  6.482471758735933E-009 -5.831005267784820E-010
 -4.321583643308218E-007 -4.080472932906678E-008
         195  0.000000000000000E+000  0.000000000000000E+000
  1.354212711270554E-010  4.019779031018054E-009
 -1.039611811077659E-007  3.634948496844801E-007
         196  0.000000000000000E+000  0.000000000000000E+000
  4.078271319616754E-009  1.083228836220695E-008
  2.856575985043554E-007  1.672611302495837E-007
         197  0.000000000000000E+000  0.000000000000000E+000
  1.044948201307592E-008  8.891278992025358E-009
  2.551034661795885E-007 -2.267831831362523E-007
         198  0.000000000000000E+000  0.000000000000000E+000
  1.254322779960547E-008  4.607519311472102E-009
 -1.109705544400954E-007 -3.571842644260913E-007
         199  0.000000000000000E+000  0.000000000000000E+000
  1.111526565977407E-008 -1.180050993737024E-009
 -4.128417677254262E-007 -3.600218271068904E-008
         200  0.000000000000000E+000  0.000000000000000E+000
  4.913663946401815E-009 -1.520015657961434E-009
 -1.409511005267085E-007  3.617083626093844E-007
         201  0.000000000000000E+000  0.000000000000000E+000
  3.390323442199675E-009  3.151759503989204E-009
  2.660965153057312E-007  1.951930576486386E-007
         202  0.000000000000000E+000  0.000000000000000E+000
  6.985072413199572E-009  5.471548836961649E-009
  2.456376841522068E-007 -1.741540078231603E-007
         203  0.000000000000000E+000  0.000000000000000E+000
  9.471666162785131E-009  3.534794011736694E-009
 -5.735642676730705E-008 -3.020464644969035E-007
         204  0.000000000000000E+000  0.000000000000000E+000
  1.003652081085355E-008  1.598340164403839E-009
 -3.019297184565054E-007 -1.079004253222938E-007
         205  0.000000000000000E+000  0.000000000000000E+000
  9.091644436134909E-009 -4.500491737101613E-010
 -2.450828083646625E-007  2.178884081212221E-007
         206  0.000000000000000E+000  0.000000000000000E+000
  7.779245032885445E-009 -1.463789085798040E-010
  8.118895143364340E-008  2.891778163655882E-007
         207  0.000000000000000E+000  0.000000000000000E+000
  8.276560724551401E-009  1.799520574783645E-010
  2.664576259135053E-007  5.291189744056428E-008
         208  0.000000000000000E+000  0.000000000000000E+000
  8.807450903940689E-009 -5.720362553649770E-010
  1.771583352280315E-007 -2.052789196677602E-007
         209  0.000000000000000E+000  0.000000000000000E+000
  8.586476078062599E-009 -1.504269143775441E-009
 -7.631533427985824E-008 -2.783739415568229E-007
         210  0.000000000000000E+000  0.000000000000000E+000
  8.494550971150255E-009 -1.830426122249635E-009
 -2.743870207678698E-007 -1.364836700066355E-007
         211  0.000000000000000E+000  0.000000000000000E+000
  8.372118771493576E-009 -2.805549944829785E-009
 -3.347302153234110E-007  1.134103769941849E-007
         212  0.000000000000000E+000  0.000000000000000E+000
  7.420394178424701E-009 -3.573387103512106E-009
 -1.418989280727406E-007  3.775943070176430E-007
         213  0.000000000000000E+000  0.000000000000000E+000
  6.420349560219581E-009 -2.399958998092108E-009
  2.374284996883378E-007  3.692718688603602E-007
         214  0.000000000000000E+000  0.000000000000000E+000
  8.130615198878550E-009 -1.962256094583746E-009
  4.888690292725469E-007  1.648977182680085E-008
         215  0.000000000000000E+000  0.000000000000000E+000
  9.655772887703642E-009 -3.020361735381050E-009
  3.443238000680714E-007 -4.875197000277624E-007
         216  0.000000000000000E+000  0.000000000000000E+000
  1.003051074369656E-008 -6.880483765012744E-009
 -3.355432229948509E-007 -6.462162002775893E-007
         217  0.000000000000000E+000  0.000000000000000E+000
  6.381592132687910E-009 -8.954943316431245E-009
 -7.812390240535973E-007 -5.701792323568925E-009
         218  0.000000000000000E+000  0.000000000000000E+000
  2.154781596859929E-009 -7.405405171303649E-009
 -4.200234657652910E-007  6.490852898206575E-007
         219  0.000000000000000E+000  0.000000000000000E+000
  2.949731990701315E-009 -2.346095507635309E-009
  2.935355376922379E-007  6.967315135013492E-007
         220  0.000000000000000E+000  0.000000000000000E+000
  6.958840294500578E-009 -1.909543066633408E-009
  7.305790064531251E-007  1.403368938912478E-007
         221  0.000000000000000E+000  0.000000000000000E+000
  1.095122527029646E-008 -5.186945940274766E-009
  4.565551656836898E-007 -5.840341411984841E-007
         222  0.000000000000000E+000  0.000000000000000E+000
  8.878026383169581E-009 -1.125669733255236E-008
 -2.830449658799849E-007 -5.745896819061155E-007
         223  0.000000000000000E+000  0.000000000000000E+000
  3.640558940570862E-009 -1.323938955366088E-008
 -4.988700723827035E-007 -9.401308281872069E-008
         224  0.000000000000000E+000  0.000000000000000E+000
 -1.212798581495021E-009 -9.093919112550649E-009
 -3.783940781468579E-007  2.376341647752490E-007
         225  0.000000000000000E+000  0.000000000000000E+000
  9.389282541991117E-010 -5.442772498348209E-009
 -1.123986475579959E-007  4.083342966106941E-007
         226  0.000000000000000E+000  0.000000000000000E+000
  4.481125013691315E-009 -5.187274344188519E-009
  1.814006486539219E-007  2.967531012924895E-007
         227  0.000000000000000E+000  0.000000000000000E+000
  4.814633982876852E-009 -9.987747850696317E-009
  2.099538486051508E-007  1.963168798846847E-007
         228  0.000000000000000E+000  0.000000000000000E+000
  1.435154216696535E-009 -1.120434588384471E-008
  4.775263706695380E-007  4.560272399060740E-008
         229  0.000000000000000E+000  0.000000000000000E+000
 -2.046491618273928E-009 -9.193758952013524E-009
  3.637149659541425E-007 -5.152016823029129E-007
         230  0.000000000000000E+000  0.000000000000000E+000
 -5.778583764545954E-011 -6.689830168760586E-009
 -3.051703548196987E-007 -6.618968430391800E-007
         231  0.000000000000000E+000  0.000000000000000E+000
  1.072522886476836E-009 -7.791646919474127E-009
 -7.930274721099610E-007 -1.267018821792696E-007
         232  0.000000000000000E+000  0.000000000000000E+000
 -3.022870633796597E-010 -1.067218011500732E-008
 -6.761084802168556E-007  6.904732301034139E-007
         233  0.000000000000000E+000  0.000000000000000E+000
 -3.514724502957470E-009 -8.297203376667047E-009
  3.395029071370731E-007  1.048213516598028E-006
         234  0.000000000000000E+000  0.000000000000000E+000
 -2.682505558322506E-009 -7.544145221704436E-009
  1.062971570424380E-006  1.533035878910615E-007
         235  0.000000000000000E+000  0.000000000000000E+000
 -2.818092739721829E-009 -5.888939319650711E-009
  5.787408324257329E-007 -7.665027537818944E-007
         236  0.000000000000000E+000  0.000000000000000E+000
 -1.457301332168576E-009 -6.373326419559426E-009
 -3.255789584637717E-007 -7.831148176341875E-007
         237  0.000000000000000E+000  0.000000000000000E+000
 -7.844960419638121E-010 -7.280867029205604E-009
 -7.783126695899472E-007 -1.508620286330574E-007
         238  0.000000000000000E+000  0.000000000000000E+000
 -2.485042907355559E-009 -8.488900994869032E-009
 -4.916741962802654E-007  6.014801915754770E-007
         239  0.000000000000000E+000  0.000000000000000E+000
 -1.978146629868343E-009 -8.610680774294425E-009
  2.697200541973030E-007  5.801232530439475E-007
         240  0.000000000000000E+000  0.000000000000000E+000
 -5.512747400967318E-009 -1.058002011603293E-008
  4.205385779734649E-007  5.814538589358865E-008
         241  0.000000000000000E+000  0.000000000000000E+000
 -7.960742071080303E-009 -7.485066683019807E-009
  1.972092984975930E-007 -1.512639669692077E-007
         242  0.000000000000000E+000  0.000000000000000E+000
 -7.359332201589394E-009 -4.172864578553114E-009
  5.785212898484855E-008 -1.464758791574467E-007
         243  0.000000000000000E+000  0.000000000000000E+000
 -5.164234480921201E-009 -3.779574732400613E-009
 -2.665326968011210E-008 -7.016064163320505E-008
         244  0.000000000000000E+000  0.000000000000000E+000
 -2.874822236495435E-009 -4.288268423343827E-009
  5.489049547132519E-008 -1.063153583888035E-007
         245  0.000000000000000E+000  0.000000000000000E+000
 -3.638700897357118E-009 -8.804755254993521E-009
 -1.834314841446583E-007 -2.159705675382581E-007
         246  0.000000000000000E+000  0.000000000000000E+000
 -8.194689291424711E-009 -9.164542234655734E-009
 -3.794189247735571E-007  1.319212586174354E-007
         247  0.000000000000000E+000  0.000000000000000E+000
 -1.157442905041330E-008 -6.013049911258177E-009
 -6.414640354015307E-008  4.746571447986340E-007
         248  0.000000000000000E+000  0.000000000000000E+000
 -1.148732531571982E-008 -1.854610266052497E-009
  3.883208405192968E-007  3.457455946302198E-007
         249  0.000000000000000E+000  0.000000000000000E+000
 -8.267668305171929E-009  1.549543405543466E-009
  5.510446688873991E-007 -1.560587992281049E-007
         250  0.000000000000000E+000  0.000000000000000E+000
 -3.850866314442310E-009 -9.958962031292200E-010
  9.728544102417820E-008 -5.590478133818064E-007
         251  0.000000000000000E+000  0.000000000000000E+000
 -5.691743302011912E-009 -4.552314612775771E-009
 -4.182322029330845E-007 -2.747375591913861E-007
         252  0.000000000000000E+000  0.000000000000000E+000
 -8.837343551208970E-009 -4.336847126221134E-009
 -3.651134561205647E-007  2.265001115357496E-007
         253  0.000000000000000E+000  0.000000000000000E+000
 -1.029218328307052E-008 -1.802894413556886E-009
  1.929741622647413E-008  3.668594329880843E-007
         254  0.000000000000000E+000  0.000000000000000E+000
 -9.769499468634304E-009  3.988894794192951E-010
  2.690978784951121E-007  1.659000161809159E-007
         255  0.000000000000000E+000  0.000000000000000E+000
 -8.043552530876148E-009  1.546849460145587E-009
  2.371615040256448E-007 -9.652319553967396E-008
         256  0.000000000000000E+000  0.000000000000000E+000
 -6.796586228726998E-009  5.946407824298182E-010
  5.260651293537282E-008 -1.674571463105050E-007
