   409.600000000000     
         256           1           3
  1.124309127438499E-002   38.0628383956249        117.649486873579     
   39.0000000000000        116.000000000000        6351.00000000000     
           0  0.000000000000000E+000  0.000000000000000E+000
  0.000000000000000E+000  0.000000000000000E+000
  0.000000000000000E+000  0.000000000000000E+000
           1 -1.400608576451945E-007  1.018463924185238E-007
  2.597540570690572E-006  8.489261351911824E-008
 -2.572576805725042E-006 -1.940583692523034E-007
           2 -1.249852539220317E-007  3.059551485604585E-007
  2.546622823511931E-006  2.648395355984565E-007
 -2.474227287196977E-006 -6.419315629488541E-007
           3  8.177266360438863E-008  5.941068250846804E-007
  2.545969806663047E-006  6.501248523580689E-007
 -2.734078486372275E-006 -1.403924232172939E-006
           4  6.377905640726505E-007  7.824708747399976E-007
  2.831274787936947E-006  1.342274795338408E-006
 -3.669332891530624E-006 -2.103876647116242E-006
           5  1.499055328707071E-006  4.689249019457219E-007
  3.823544069977909E-006  2.221935422144291E-006
 -5.158555112981111E-006 -2.144716457192438E-006
           6  2.177831829945963E-006 -6.974402156388088E-007
  5.912055929068508E-006  2.670568933232837E-006
 -6.589711645945888E-006 -1.246618111790521E-006
           7  1.840503111079583E-006 -2.570065891044599E-006
  8.886644600257836E-006  1.679287237893855E-006
 -7.291788945029185E-006  3.947226264110606E-007
           8 -1.786188143641463E-007 -4.190294848514324E-006
  1.163946147667223E-005 -1.617607775995226E-006
 -6.842731746187201E-006  2.041895471411772E-006
           9 -3.585716586673697E-006 -4.047217371279751E-006
  1.228961714078979E-005 -7.147588585061380E-006
 -5.603225643787980E-006  2.665633232707291E-006
          10 -6.814935150016012E-006 -9.593812476797218E-007
  9.133774226237453E-006 -1.313835054325820E-005
 -4.664180721145430E-006  2.044558370496154E-006
          11 -7.211540086162970E-006  4.789580231670758E-006
  2.122792964423537E-006 -1.670294722977097E-005
 -4.958761313735074E-006  6.355350220375226E-007
          12 -2.645182421717338E-006  1.056557020085977E-005
 -6.678482186781994E-006 -1.520709753599947E-005
 -7.200312077285365E-006 -4.084837950767397E-007
          13  6.665935740091236E-006  1.206200669441679E-005
 -1.312400163306114E-005 -7.903098934798093E-006
 -1.042213982311658E-005  6.926943786017964E-007
          14  1.666079827310291E-005  5.298540329596325E-006
 -1.340035656944807E-005  2.607632230710329E-006
 -1.320426702737459E-005  4.143746404127401E-006
          15  1.991564321015504E-005 -9.609778931581108E-006
 -6.064955782081869E-006  1.110650832837606E-005
 -1.382718866115554E-005  9.386065512056439E-006
          16  1.016537822916836E-005 -2.592770965253526E-005
  5.903359231423536E-006  1.224882037750845E-005
 -1.168621054949042E-005  1.478839581899560E-005
          17 -1.262770000553759E-005 -3.273270995952912E-005
  1.592682862720627E-005  3.702839928326419E-006
 -6.579539073068663E-006  1.929316635651107E-005
          18 -3.925132693281340E-005 -1.945492427920398E-005
  1.587807490445162E-005 -1.058941501912540E-005
  4.967917075537693E-007  1.995456190585941E-005
          19 -5.187293681774700E-005  1.507762168354689E-005
  3.916059584034869E-006 -2.027978279662382E-005
  6.110309699219202E-006  1.685755993434840E-005
          20 -3.374057614440338E-005  5.627908090675397E-005
 -1.273803390766433E-005 -1.614603503670036E-005
  8.585676486621386E-006  1.216909393983996E-005
          21  1.675971728610764E-005  7.643723064734177E-005
 -1.982220468213202E-005  2.795773138446213E-006
  7.752242003435633E-006  8.723455227193920E-006
          22  7.611063817605497E-005  5.057123685727244E-005
 -5.339493626994061E-006  2.287823817835973E-005
  6.809915486499715E-006  7.806154712060338E-006
          23  1.018596706248125E-004 -2.036946700859690E-005
  2.617809494570466E-005  2.280808513852677E-005
  7.092252310862313E-006  7.865797216777065E-006
          24  6.225028962086331E-005 -9.635312671075288E-005
  5.104277900515474E-005 -9.364608226330949E-006
  8.992895038996429E-006  7.438407581823193E-006
          25 -2.995513340895546E-005 -1.191865703817665E-004
  3.954662052083530E-005 -5.950206838981544E-005
  1.084942585420393E-005  4.394454667589654E-006
          26 -1.131293810014776E-004 -5.863901565026158E-005
 -1.622290799288658E-005 -8.900359761675713E-005
  9.925123277875363E-006  1.105230505207556E-007
          27 -1.171974071829219E-004  4.985661601823805E-005
 -8.575384510631012E-005 -6.188616520541606E-005
  5.527299402130050E-006 -2.346913948558984E-006
          28 -2.984040552966621E-005  1.189809922984836E-004
 -1.134331246477700E-004  1.759827584260212E-005
  6.504922072945895E-007  3.648694816119899E-008
          29  7.680375727675177E-005  8.524059612884901E-005
 -6.686781008104051E-005  9.544963007799092E-005
  1.993565492857085E-007  5.671210545227089E-006
          30  1.038186653351917E-004 -2.256144009664002E-005
  2.592783466188856E-005  1.081267386350949E-004
  4.937282265044457E-006  9.408119477937029E-006
          31  2.332107504940103E-005 -9.836933420940531E-005
  9.089617503615650E-005  4.248354120672651E-005
  1.115336595154359E-005  7.585640156363820E-006
          32 -8.214350351041427E-005 -6.159710397627444E-005
  7.480075710299392E-005 -4.337146393892009E-005
  1.336812621663254E-005  1.430426083202084E-006
          33 -9.779535709128186E-005  5.266176810658942E-005
  2.589826536587976E-007 -7.211880909035449E-005
  9.862738500621646E-006 -3.426984829084698E-006
          34  9.712689321816745E-007  1.230574428939801E-004
 -5.433611720110320E-005 -2.479978163538257E-005
  4.706086254569838E-006 -2.906203805737038E-006
          35  1.164972222656203E-004  6.738168622903678E-005
 -3.493637468381414E-005  3.961008225277911E-005
  3.358082321213702E-006  1.676916778068218E-006
          36  1.261860125571005E-004 -6.669311104775391E-005
  3.194779181525352E-005  4.602716124516166E-005
  7.419001532798646E-006  4.876201805455814E-006
          37  1.237967773197658E-005 -1.457535170479210E-004
  6.707813642874887E-005 -1.696276658078351E-005
  1.292488297400015E-005  2.546596166330238E-006
          38 -1.157090373573377E-004 -8.850002073404488E-005
  2.301850147770207E-005 -8.330127917679367E-005
  1.440845254823826E-005 -3.529169763726645E-006
          39 -1.331907397899905E-004  5.053899288842292E-005
 -6.416257722494728E-005 -7.900347936640795E-005
  1.098768556821622E-005 -8.386652034756783E-006
          40 -2.425858074169534E-005  1.363482336855204E-004
 -1.109714589252059E-004  1.340558389017646E-006
  5.974549538600020E-006 -8.899751761339773E-006
          41  1.032238276238723E-004  8.784438735023370E-005
 -6.988113437634110E-005  8.723367071064266E-005
  3.751734273080406E-006 -6.033672742376788E-006
          42  1.269660853255967E-004 -4.410082236294928E-005
  2.287978297339257E-005  1.023945151183302E-004
  5.004297169403716E-006 -4.021790372757847E-006
          43  2.849252542359006E-005 -1.313371814167207E-004
  8.503462993343536E-005  3.699821060529469E-005
  7.336975093830968E-006 -5.013904153037460E-006
          44 -9.490114407991201E-005 -9.484868511045057E-005
  6.559014515209599E-005 -4.507840593297588E-005
  7.553211844477254E-006 -8.625525684903146E-006
          45 -1.296579344730551E-004  2.532966459274846E-005
 -7.889910658674458E-006 -6.990681492080894E-005
  4.030526043704875E-006 -1.114672475729600E-005
          46 -5.108671861697692E-005  1.162283918955586E-004
 -6.278730497216705E-005 -2.340519964607126E-005
 -1.130655097651185E-007 -1.026554725595743E-005
          47  6.142086539085248E-005  1.011847696904626E-004
 -5.048633786329963E-005  4.301488365005217E-005
 -1.818474788566539E-006 -6.724484739025184E-006
          48  1.065155867147018E-004  6.070562049875509E-006
  1.009751473650204E-005  6.394222231963242E-005
  1.089802877071099E-007 -4.023078078612470E-006
          49  5.529049492963975E-005 -7.504333986779140E-005
  5.669135738502968E-005  2.358671896618450E-005
  2.578665091098328E-006 -4.780358355655104E-006
          50 -3.132124483972461E-005 -7.324627211293709E-005
  4.536324886318208E-005 -3.614981674378405E-005
  3.231490414642280E-006 -7.307448358010374E-006
          51 -6.813803624470882E-005 -4.197366826198590E-006
 -1.142894403758092E-005 -5.600777095580815E-005
  1.168560373922327E-006 -9.577240996044882E-006
          52 -2.721272700664836E-005  5.517915024042096E-005
 -5.744392974222560E-005 -1.788338430182700E-005
 -2.077056403675263E-006 -9.276084891661027E-006
          53  4.126354212024488E-005  4.466882256922340E-005
 -5.003410868301124E-005  4.152894393658794E-005
 -3.703440956549563E-006 -7.095045944607730E-006
          54  6.163378826590712E-005 -2.210763124171909E-005
  4.248144527104749E-006  6.780404881639593E-005
 -3.238453849920883E-006 -4.516064597214147E-006
          55  8.921469903273864E-006 -7.340879345997075E-005
  5.534751917561788E-005  3.767169970793310E-005
 -9.082506388351940E-007 -3.869334743142665E-006
          56 -6.777304182965507E-005 -5.088386998155581E-005
  5.936311685381821E-005 -1.984538182724055E-005
  5.533952578426584E-007 -5.809309260212493E-006
          57 -9.099184415459708E-005  3.393271561673996E-005
  1.561101908320778E-005 -5.458694871006566E-005
 -1.573131017766055E-007 -8.233864880014153E-006
          58 -2.749289628149923E-005  1.071337307488507E-004
 -3.526054168571307E-005 -3.779612249480921E-005
 -2.864343535752371E-006 -9.481162680659457E-006
          59  7.808162818797588E-005  9.712163942778246E-005
 -4.865280562589954E-005  1.155729794847217E-005
 -5.326901923986745E-006 -8.512930118476895E-006
          60  1.384827782317323E-004 -4.017241439818631E-007
 -1.536198506977476E-005  4.901175664534539E-005
 -6.264619888726671E-006 -6.916404863396677E-006
          61  9.732310504537523E-005 -1.158188939119568E-004
  3.441839544763214E-005  4.111698060249214E-005
 -6.364973301702822E-006 -5.783995203689324E-006
          62 -2.354944455417163E-005 -1.602199999284057E-004
  5.506496348915073E-005 -5.676189557431932E-006
 -6.250853587468552E-006 -5.747597394728417E-006
          63 -1.400019014778973E-004 -9.572665919075696E-005
  2.731730626868724E-005 -5.074309674927318E-005
 -7.163831482752650E-006 -6.067044746898246E-006
          64 -1.695572215192657E-004  3.608253789390745E-005
 -2.815750936950166E-005 -5.484137534855706E-005
 -8.846656626647596E-006 -5.714266764768813E-006
          65 -9.238247130155633E-005  1.460483871386497E-004
 -6.694105162848294E-005 -1.108915303191111E-005
 -1.083065498566620E-005 -4.306099729431964E-006
          66  3.753926570804546E-005  1.636468314746129E-004
 -5.726585289389373E-005  4.870133163496834E-005
 -1.181238113792029E-005 -1.472574885345786E-006
          67  1.346261055525382E-004  8.419057433353176E-005
 -4.645709701836257E-006  8.116247258815499E-005
 -1.110681132911038E-005  1.360049436999458E-006
          68  1.422119787094278E-004 -3.334249390013741E-005
  5.398521589098975E-005  6.408401849005072E-005
 -9.275170902254901E-006  3.070904512995337E-006
          69  6.729388890248381E-005 -1.119210645810845E-004
  8.059583569725570E-005  1.242276782533372E-005
 -7.480295976759800E-006  3.394346510834448E-006
          70 -3.103826560792860E-005 -1.093189533087625E-004
  6.363676668386964E-005 -3.804471641894782E-005
 -6.569614848530488E-006  2.990137603344207E-006
          71 -8.758846290437781E-005 -4.178161676495561E-005
  2.198899711310991E-005 -5.826174720411013E-005
 -6.501174534339045E-006  2.752563684575196E-006
          72 -7.471519988652806E-005  3.607378124633445E-005
 -1.391941405752501E-005 -4.530892627378525E-005
 -6.620967950184862E-006  3.172282020680026E-006
          73 -1.295170505954077E-005  7.247283069461302E-005
 -2.513043706633385E-005 -1.805070645705273E-005
 -6.404296354347700E-006  3.947541497461644E-006
          74  5.012548096035196E-005  4.968705430903904E-005
 -1.511256407795147E-005  3.444396717724007E-007
 -5.701094910253447E-006  4.380589638117087E-006
          75  7.252467720470874E-005 -1.131566542275776E-005
 -1.307834029096912E-007  5.275677976381449E-007
 -5.198487663340436E-006  4.505069868738820E-006
          76  4.178839981085929E-005 -6.859854207297229E-005
  3.238961153252298E-006 -1.165197884420541E-005
 -4.946271456930604E-006  4.643346424455281E-006
          77 -2.281762587963601E-005 -8.633064067958291E-005
 -8.426154581494241E-006 -1.979508513603874E-005
 -4.910803807960249E-006  4.765610760683290E-006
          78 -8.373269079765130E-005 -5.196358149865759E-005
 -2.494596289588388E-005 -1.431701081206198E-005
 -4.887604258342059E-006  5.303277375959128E-006
          79 -1.057970309343157E-004  1.797781881426387E-005
 -3.383159426286785E-005  4.511262044010034E-006
 -4.802709823278274E-006  6.089865095033615E-006
          80 -7.389348324423805E-005  8.798762042739496E-005
 -2.766404084824376E-005  2.633499465023707E-005
 -4.311142744320617E-006  7.196601038683800E-006
          81 -7.680742541018786E-007  1.210313485041618E-004
 -9.040817951450751E-006  4.109617483549793E-005
 -3.001126036446933E-006  8.080566042911045E-006
          82  7.917167995761311E-005  9.740121251932073E-005
  1.606923939444267E-005  4.340602557126099E-005
 -1.550467684711037E-006  8.386017131589012E-006
          83  1.258098711704076E-004  2.499868973994452E-005
  3.959897337856039E-005  3.212041199435297E-005
 -1.396288875516726E-007  8.112779598932861E-006
          84  1.127334430981308E-004 -6.281915298543668E-005
  5.643833674663438E-005  9.088659075494813E-006
  1.022961085997515E-006  7.472414089006037E-006
          85  4.242075840782538E-005 -1.199790758960189E-004
  5.969350544427938E-005 -2.339104322100753E-005
  1.954875925039918E-006  6.640498692606084E-006
          86 -4.853082324647274E-005 -1.129864356171631E-004
  4.313804016960031E-005 -5.603898228056043E-005
  2.388271368021246E-006  5.311936056380716E-006
          87 -1.078065741342006E-004 -4.400803398376539E-005
  7.056299334815636E-006 -7.667912135165988E-005
  2.008965712954001E-006  4.085443893276745E-006
          88 -9.836692460130550E-005  4.535170983529569E-005
 -3.903389757674144E-005 -7.118593713144799E-005
  9.777100706268078E-007  3.550583591709181E-006
          89 -2.620419319432929E-005  9.622237515118762E-005
 -7.439679826166815E-005 -3.587077823305543E-005
 -1.767220910181346E-007  3.998592896948893E-006
          90  5.701128147852387E-005  7.298940251932220E-005
 -7.966558798538665E-005  1.637920579926894E-005
 -5.486251041788059E-007  5.247641577124930E-006
          91  8.968782381853188E-005 -6.084684997175565E-006
 -4.855998460021395E-005  5.976743868798410E-005
  1.222839821414133E-008  6.664770175764518E-006
          92  4.528334897343329E-005 -8.143311204561048E-005
  2.318972040066210E-006  7.094625163545654E-005
  1.448385515903132E-006  7.629994260511758E-006
          93 -4.623923838392330E-005 -9.094199365552769E-005
  4.503862584691481E-005  4.571775159608683E-005
  3.381723646437969E-006  7.515075135668792E-006
          94 -1.131990050165431E-004 -1.831482436191531E-005
  5.671330733245724E-005  1.283685297901829E-006
  4.816560903478684E-006  6.376396425510539E-006
          95 -9.522530671450222E-005  8.721608143751080E-005
  3.579993954397614E-005 -3.281867269946706E-005
  5.052743120572142E-006  4.833283422408444E-006
          96  6.481497152404117E-006  1.441441698075385E-004
  3.178244841838631E-006 -3.952791651581877E-005
  4.317767439295116E-006  4.028482015700551E-006
          97  1.252603111646942E-004  9.837989963562243E-005
 -1.734252186320831E-005 -2.317613333958165E-005
  3.718766506111490E-006  4.467480567865462E-006
          98  1.702507596305449E-004 -3.227364606134313E-005
 -1.521668165571667E-005 -4.564192512734933E-006
  4.015316446436038E-006  5.426911140138374E-006
          99  9.488428010289125E-005 -1.603302393825478E-004
 -2.592950779966373E-006 -2.211763548579009E-006
  5.323910841870245E-006  6.044358689460814E-006
         100 -6.117494851590182E-005 -1.889963435344312E-004
  1.371082272594315E-007 -1.577910623244267E-005
  7.101333902816664E-006  5.804893881694656E-006
         101 -1.931021971837378E-004 -8.412703361609017E-005
 -1.834128063996463E-005 -2.603723593777401E-005
  8.648990107335950E-006  4.650728106065484E-006
         102 -2.013949473745742E-004  9.374607696531893E-005
 -4.521524775117495E-005 -1.174941414576916E-005
  9.447673864034618E-006  2.864758385715792E-006
         103 -6.681316498579063E-005  2.230466036018299E-004
 -5.323916795852977E-005  2.777162097485962E-005
  9.374720711964331E-006  1.268263705586857E-006
         104  1.265630857262625E-004  2.069043587845202E-004
 -2.283638237148492E-005  6.797151508479065E-005
  8.953391006828917E-006  2.909886612891069E-007
         105  2.466339955133976E-004  4.618906852314006E-005
  3.693273373048603E-005  7.366012428142673E-005
  8.812682300250576E-006 -2.290833171744188E-007
         106  2.047911018723371E-004 -1.556189681787575E-004
  8.869847884985592E-005  2.779134842044946E-005
  9.154447395735790E-006 -8.516376604547281E-007
         107  2.260740521593282E-005 -2.597451421090725E-004
  9.135833704118095E-005 -4.941372035173242E-005
  9.583320685661307E-006 -2.024494013279407E-006
         108 -1.778583322905110E-004 -1.914464778221657E-004
  3.245785855078305E-005 -1.102797529348889E-004
  9.548415414403547E-006 -3.804203940176193E-006
         109 -2.590493395835217E-004  4.585065889918317E-006
 -5.853142522894532E-005 -1.099547469383083E-004
  8.528406277002274E-006 -5.498031968930021E-006
         110 -1.649367107265953E-004  1.937288582770956E-004
 -1.239846832653705E-004 -4.083238209254740E-005
  6.916985679104225E-006 -6.415091717512441E-006
         111  3.772693097868842E-005  2.449836549973756E-004
 -1.191962479565050E-004  5.595326501025727E-005
  5.511656715124995E-006 -6.417923075351383E-006
         112  2.052032737736417E-004  1.258022393342421E-004
 -4.595200981288433E-005  1.187182644055161E-004
  4.894721484257873E-006 -6.106009364822715E-006
         113  2.219718098171538E-004 -7.564490117038275E-005
  4.743812981935706E-005  1.080827694970845E-004
  4.647737756242905E-006 -6.158276711856455E-006
         114  8.006632066658998E-005 -2.156501331556809E-004
  9.975649037579482E-005  3.502884089719417E-005
  4.462143930300492E-006 -6.657337589082105E-006
         115 -1.156436862663289E-004 -1.957900395743019E-004
  8.006383441753588E-005 -4.790845929652071E-005
  3.801284914238893E-006 -7.511260625787653E-006
         116 -2.236124235600218E-004 -3.468346992862410E-005
  8.443626452901239E-006 -8.371904843741048E-005
  2.377842034207052E-006 -7.949576843286800E-006
         117 -1.702325260472801E-004  1.486868553871514E-004
 -6.108914297461093E-005 -5.307019978900331E-005
  9.029081808676420E-007 -7.548675991611190E-006
         118  1.415676354946223E-006  2.254382815261110E-004
 -8.090991488247785E-005  1.801810961161684E-005
  6.916022514996782E-008 -6.318631236875988E-006
         119  1.678990298743778E-004  1.465787123027041E-004
 -3.876671096995073E-005  7.730726629996186E-005
  4.682223026017568E-007 -5.081219357023971E-006
         120  2.158379457578386E-004 -2.576712557048585E-005
  3.271012539247332E-005  8.317384634457137E-005
  1.556909681254031E-006 -4.901034068070799E-006
         121  1.212707881925411E-004 -1.693514510164994E-004
  8.361269250664822E-005  3.360995069813904E-005
  2.521299710333271E-006 -5.798432489274009E-006
         122 -4.041055340438174E-005 -1.916480729312228E-004
  8.062461075943961E-005 -3.610640971374343E-005
  2.574511956960196E-006 -7.409753880401247E-006
         123 -1.564717039041843E-004 -9.081550302258598E-005
  2.934215359719360E-005 -7.890565140231697E-005
  1.606269382913284E-006 -9.003228461568768E-006
         124 -1.553490022659700E-004  5.287894139146579E-005
 -3.271593730092375E-005 -7.138723572551521E-005
 -1.457152782146832E-007 -1.013123519926537E-005
         125 -5.260509320366550E-005  1.375107781438066E-004
 -6.615876315196201E-005 -2.584018421984638E-005
 -2.364748194127512E-006 -1.019045794866558E-005
         126  6.823393283816698E-005  1.136429120294216E-004
 -5.749080512208035E-005  2.202966841279264E-005
 -4.106366244813823E-006 -9.384721390027817E-006
         127  1.217482401213968E-004  1.215539002282533E-005
 -2.444291762996036E-005  4.420875793445918E-005
 -5.215254784536919E-006 -8.388140567862704E-006
         128  7.884149885829274E-005 -8.768632322497791E-005
  5.824921138273870E-006  3.673021198098991E-005
 -5.945663947779763E-006 -7.483702934387971E-006
         129 -2.181395853994548E-005 -1.165736824949495E-004
  1.502405673798659E-005  1.651307762898760E-005
 -6.798940729004216E-006 -6.693848258324977E-006
         130 -1.069208376207928E-004 -6.016717251336444E-005
  6.507856254613410E-006  4.336501015885811E-006
 -7.534766521651181E-006 -5.475052136327424E-006
         131 -1.221375485349336E-004  3.912876891743347E-005
 -4.785761571299113E-006  7.835708017409084E-006
 -7.696543198263139E-006 -4.087488758110320E-006
         132 -6.229194321821099E-005  1.187040866607876E-004
 -5.064933550200099E-006  2.129247076564606E-005
 -7.346398284350881E-006 -2.939161267851254E-006
         133  3.595608673947511E-005  1.343778634005814E-004
  7.923693662722773E-006  3.131774207360680E-005
 -6.740569463851517E-006 -2.412215913453709E-006
         134  1.186831123562177E-004  7.931006614940733E-005
  2.718691200920745E-005  2.980731424068656E-005
 -6.411631413857640E-006 -2.349799668985555E-006
         135  1.441584672355250E-004 -1.677959438515415E-005
  4.321212271805083E-005  1.547015413130391E-005
 -6.505683979808957E-006 -2.445974750741371E-006
         136  1.000012387514125E-004 -1.064405207730982E-004
  4.926655224894128E-005 -6.146423845108903E-006
 -7.052488408053059E-006 -2.368609394236244E-006
         137  7.454360514088972E-006 -1.449777724846017E-004
  4.403226097037553E-005 -2.930780201065077E-005
 -7.669542955399190E-006 -1.786414513721656E-006
         138 -8.741272180319544E-005 -1.128028468154419E-004
  2.734174892298060E-005 -4.921508266568540E-005
 -7.983843414023962E-006 -9.329396019980193E-007
         139 -1.367799108448312E-004 -2.558062173890554E-005
 -6.801782674107550E-008 -6.005472144564754E-005
 -7.996648491276350E-006 -1.230087501848360E-007
         140 -1.137294402266789E-004  7.246918695920913E-005
 -3.339750591200813E-005 -5.441359642357581E-005
 -7.887430571996649E-006  5.048104668279244E-007
         141 -2.832818204409720E-005  1.273923678540664E-004
 -6.120102550350531E-005 -2.812000316245055E-005
 -7.868509855391435E-006  1.008889002434607E-006
         142  7.228869759023327E-005  1.049558853684305E-004
 -6.899488778265313E-005  1.356724259152896E-005
 -7.938946058888621E-006  1.601521588351355E-006
         143  1.265768876504314E-004  1.388421053210454E-005
 -4.780023912403893E-005  5.397370152027346E-005
 -7.924495575687130E-006  2.329122405483401E-006
         144  9.407221906157464E-005 -9.201073115701013E-005
 -4.287046234149773E-006  7.184996616291138E-005
 -7.711517918817484E-006  3.075697618200857E-006
         145 -1.265297544675033E-005 -1.402271673693224E-004
  3.955173233397591E-005  5.682044138593349E-005
 -7.285066551278227E-006  3.567634276127962E-006
         146 -1.266975442835125E-004 -8.890205664762300E-005
  6.049423313195192E-005  1.846450818598360E-005
 -7.145193394060711E-006  3.658708070725208E-006
         147 -1.678009329533055E-004  3.957721253926263E-005
  4.989276089563058E-005 -1.954551019370258E-005
 -7.624424166925235E-006  3.871168685054257E-006
         148 -9.534898910450976E-005  1.665020654020475E-004
  1.910519125220346E-005 -3.467525165232162E-005
 -8.499068818402699E-006  4.762215211393360E-006
         149  5.823970217269410E-005  2.031328096138201E-004
 -5.750982555777854E-006 -2.113389818489968E-005
 -9.084126440164338E-006  6.765217004409165E-006
         150  2.004188383484190E-004  1.113112417968694E-004
 -5.124052175307772E-006  3.203783238449492E-006
 -8.468586894052497E-006  9.285585318384064E-006
         151  2.359540662346776E-004 -6.494704284316615E-005
  1.893729781052421E-005  1.222512616486968E-005
 -6.659074843822033E-006  1.153493211207160E-005
         152  1.299521095839228E-004 -2.215823733068762E-004
  4.249052170344370E-005 -9.807066896823953E-006
 -3.784905430756627E-006  1.283882539487227E-005
         153 -6.333446391103188E-005 -2.574615215865383E-004
  3.653802811056525E-005 -5.032588947352285E-005
 -7.978658846933041E-007  1.255115264123861E-005
         154 -2.287826003736435E-004 -1.420023757808330E-004
 -6.511893139619497E-006 -7.613347493026838E-005
  1.316152600632374E-006  1.098668470183715E-005
         155 -2.628890806728206E-004  5.946085221989919E-005
 -6.182147497672867E-005 -5.857757902595243E-005
  1.763820101112607E-006  9.190248316065066E-006
         156 -1.427176343977345E-004  2.252369179871831E-004
 -8.888178682738968E-005 -1.151798304088042E-006
  1.290655415358115E-006  8.649911877746884E-006
         157  5.829685668926088E-005  2.545521353083503E-004
 -6.472151370797349E-005  6.230924463395089E-005
  1.249329703418503E-006  9.056320830497466E-006
         158  2.165654935347799E-004  1.328690763175773E-004
  1.185756294261033E-006  8.940348000808987E-005
  2.021548316764304E-006  9.868546377510431E-006
         159  2.386329340340443E-004 -6.105733846098994E-005
  6.716518649447461E-005  5.884428460993110E-005
  3.645528465525665E-006  1.020061741350042E-005
         160  1.175374739521181E-004 -2.073024318363666E-004
  9.084182921093710E-005 -1.081377252870351E-005
  5.418441403311105E-006  9.770014680737457E-006
         161 -6.581848685656206E-005 -2.208107070597536E-004
  5.515338670491126E-005 -7.713164842795565E-005
  7.037752454349015E-006  8.486406172049234E-006
         162 -1.979382350589409E-004 -1.023456562751389E-004
 -1.887076198259991E-005 -9.584797819333199E-005
  7.665929718365866E-006  6.746057038893995E-006
         163 -2.043859308993490E-004  6.865911554194295E-005
 -8.351393204076936E-005 -5.335976250960310E-005
  7.514578587229515E-006  5.447785995108599E-006
         164 -9.022884582913775E-005  1.877873949225251E-004
 -9.522533489141446E-005  2.413283143473589E-005
  7.160883172765364E-006  4.850711170884831E-006
         165  6.854718083357783E-005  1.886874832435570E-004
 -4.510663886479129E-005  8.437805387925797E-005
  7.261718203496792E-006  4.802897734362648E-006
         166  1.756200700522210E-004  7.975017224356219E-005
  3.318628236912280E-005  8.708434973522305E-005
  7.962629689356092E-006  4.619536496805083E-006
         167  1.720690705042473E-004 -6.747546514594520E-005
  8.679046204266682E-005  3.017889458383165E-005
  8.954783695332624E-006  3.909075620542215E-006
         168  6.680533549787381E-005 -1.636184238825880E-004
  7.933999707690851E-005 -4.688508468638854E-005
  9.727030096487878E-006  2.510792309967365E-006
         169 -7.124870599486932E-005 -1.529561126436175E-004
  1.758475567307509E-005 -9.187593596384585E-005
  9.772606219489430E-006  8.196443350258919E-007
         170 -1.545203848494470E-004 -4.696442251980021E-005
 -5.642877557680126E-005 -7.611499818390842E-005
  9.151553927099640E-006 -6.196785387635255E-007
         171 -1.319778556594446E-004  8.323457728367782E-005
 -9.398402386914341E-005 -1.092688655595467E-005
  8.184500513466527E-006 -1.500921706032075E-006
         172 -2.037758103542730E-005  1.516622826506247E-004
 -7.072302580887910E-005  6.038808447059520E-005
  7.291835926664549E-006 -1.820731767399384E-006
         173  1.042980076971403E-004  1.116056536253612E-004
 -2.020612993155430E-006  9.097114737873256E-005
  6.694599170930986E-006 -1.824259284432492E-006
         174  1.547607602694304E-004 -1.041168245485346E-005
  6.751513660723249E-005  6.038275801455345E-005
  6.418687719592522E-006 -1.726220280068299E-006
         175  9.301784302768325E-005 -1.296012515013982E-004
  9.270416697671018E-005 -1.295473004692018E-005
  6.413326110050285E-006 -1.676883471786312E-006
         176 -4.100884725756537E-005 -1.596091628270623E-004
  5.526697178299059E-005 -8.358402656282124E-005
  6.589068357114201E-006 -1.772921476810024E-006
         177 -1.525187430230008E-004 -7.380837126931925E-005
 -2.403015935666709E-005 -1.059914861641320E-004
  6.843403317897396E-006 -2.027973365002112E-006
         178 -1.575200620320757E-004  6.966107714493666E-005
 -9.739360419402236E-005 -6.401279455626831E-005
  7.165878362951543E-006 -2.423428033318716E-006
         179 -4.813263636085901E-005  1.658618179743667E-004
 -1.198921712630757E-004  1.852775947331415E-005
  7.540834223826460E-006 -3.035047006292760E-006
         180  9.705719933462830E-005  1.407201232134676E-004
 -7.856644911844299E-005  9.250133321057937E-005
  7.873089831748438E-006 -3.939441847618596E-006
         181  1.673967694023010E-004  9.847824197194325E-006
 -4.602745039505945E-008  1.162334159870425E-004
  7.954600490447162E-006 -5.172509383337723E-006
         182  1.057771582795644E-004 -1.266498792178900E-004
  6.844890752393807E-005  8.081992780651873E-005
  7.588751534118070E-006 -6.492143536099056E-006
         183 -4.280335187369595E-005 -1.601503545125546E-004
  9.032446943092551E-005  1.451259994925209E-005
  6.874455328407639E-006 -7.709113152372890E-006
         184 -1.624141093225843E-004 -5.796009914745380E-005
  6.294459676173722E-005 -3.976972188677438E-005
  5.835085926784179E-006 -8.727574049976155E-006
         185 -1.520943107366170E-004  1.070668505374243E-004
  1.432384235898148E-005 -5.378143660144989E-005
  4.595404134042082E-006 -9.380871017473337E-006
         186 -6.168900126417709E-006  2.053031216219708E-004
 -1.778706304107728E-005 -3.146292102491900E-005
  3.401075509812808E-006 -9.603543757827921E-006
         187  1.734356687597837E-004  1.488924779494679E-004
 -1.628971431478251E-005 -2.927906201436896E-006
  2.597975118863689E-006 -9.624312287250846E-006
         188  2.501342844299602E-004 -3.763583624858958E-005
  5.904458584652817E-006  2.589589084520559E-006
  2.024269024201873E-006 -9.945598732553180E-006
         189  1.535681163156114E-004 -2.294380437557779E-004
  1.693376478867923E-005 -2.146503235795615E-005
  1.225631762143745E-006 -1.051152803205349E-005
         190 -6.533408869787639E-005 -2.888609883281755E-004
 -6.487585638515969E-006 -4.965655865827336E-005
  7.793876891956403E-008 -1.112612511852196E-005
         191 -2.651877215878805E-004 -1.626087004148115E-004
 -5.546398644865654E-005 -4.754886599030176E-005
 -1.464844691060747E-006 -1.146587790550575E-005
         192 -3.110661112996389E-004  7.501238018552609E-005
 -9.507003470575594E-005 -3.243141446063717E-007
 -3.187694735129910E-006 -1.141092618680072E-005
         193 -1.701796666194119E-004  2.743275238560674E-004
 -8.841498234870559E-005  7.175967324771149E-005
 -4.964789522333148E-006 -1.074999487913006E-005
         194  6.927199914727992E-005  3.118735822013777E-004
 -2.792772043727383E-005  1.256161282866036E-004
 -6.228306863710608E-006 -9.586691396896552E-006
         195  2.591156697967855E-004  1.706800383924567E-004
  5.963603753401877E-005  1.249263425070410E-004
 -6.974936109966284E-006 -8.492685174127815E-006
         196  2.913332923556201E-004 -5.385550727411824E-005
  1.278094593936994E-004  6.394280099375042E-005
 -7.571491549711408E-006 -7.622415401111497E-006
         197  1.636931571980853E-004 -2.261211814171044E-004
  1.401188709782940E-004 -2.904083950227972E-005
 -8.214463269368754E-006 -6.796292269472758E-006
         198 -3.455453668346717E-005 -2.578483906006754E-004
  8.780712284202974E-005 -1.076502529812271E-004
 -8.849255706673573E-006 -5.888650910160300E-006
         199 -1.867294119673925E-004 -1.505490930399611E-004
 -9.805231301452914E-007 -1.317243695406194E-004
 -9.471067180685200E-006 -4.862119724783854E-006
         200 -2.182239050482054E-004  1.706591843067298E-005
 -8.014498933215134E-005 -9.413895431962421E-005
 -9.979714678103805E-006 -3.583363325616386E-006
         201 -1.337572058458829E-004  1.462408536920301E-004
 -1.142239624988413E-004 -1.945227050728065E-005
 -1.014265314593455E-005 -2.087473978743725E-006
         202  1.128005118302325E-006  1.783438225156337E-004
 -9.538553368350181E-005  5.339383912833097E-005
 -9.761385926995773E-006 -6.116817194216559E-007
         203  1.082668285805527E-004  1.168392650381365E-004
 -4.198600177744757E-005  9.587802504468520E-005
 -8.941356745111182E-006  4.180522818118339E-007
         204  1.406330006066759E-004  1.313369548151436E-005
  2.019272700388635E-005  1.000938806528692E-004
 -8.110828569802972E-006  8.826795866303602E-007
         205  1.012700154364587E-004 -7.308242374623325E-005
  7.148368842964096E-005  7.222315259242340E-005
 -7.550463682437862E-006  9.628689153526589E-007
         206  2.561663837176479E-005 -1.074042508990041E-004
  1.001488820473148E-004  2.292328214141926E-005
 -7.363553542158607E-006  8.930631925559551E-007
         207 -4.480480734603288E-005 -8.648439385407961E-005
  9.868565672353232E-005 -3.455137858746880E-005
 -7.565367372948412E-006  8.629984214747451E-007
         208 -7.974999294809672E-005 -3.113516161591207E-005
  6.591857799878345E-005 -8.381780595201151E-005
 -8.115165516300203E-006  1.119544285968270E-006
         209 -6.986053609355781E-005  2.724710960923865E-005
  9.151222775591952E-006 -1.078850472396787E-004
 -8.780726998711103E-006  1.874325312978594E-006
         210 -2.603015953820057E-005  6.005630208497869E-005
 -5.346482850642943E-005 -9.511612049159275E-005
 -9.256543338495035E-006  3.163783780199588E-006
         211  2.494511087080676E-005  5.164195171514783E-005
 -9.831806811251777E-005 -4.744374326011819E-005
 -9.157845764423778E-006  4.868091016494848E-006
         212  5.150174825156408E-005  9.623934112330884E-006
 -1.073379543543008E-004  1.796991430302909E-005
 -8.268687991820059E-006  6.494888268258525E-006
         213  3.694708287901925E-005 -3.829186900814604E-005
 -7.688632867551701E-005  7.664064009534356E-005
 -6.819179205435321E-006  7.568568598009314E-006
         214 -1.240646388099871E-005 -5.951990190778805E-005
 -1.852265844123809E-005  1.060358017210334E-004
 -5.293492128458830E-006  7.828832446420476E-006
         215 -6.619630591170116E-005 -3.278986671191444E-005
  4.340046080150509E-005  9.641118641422975E-005
 -4.297838600295983E-006  7.572132275716470E-006
         216 -8.401122358856980E-005  3.315239436613506E-005
  8.598191968170589E-005  5.617797595719033E-005
 -3.864996134098369E-006  7.360580058577241E-006
         217 -4.321376125603021E-005  9.948315505910132E-005
  9.824517805753550E-005  4.512730181437687E-006
 -3.763545643403088E-006  7.506078805404047E-006
         218  4.307373493746435E-005  1.194678820531206E-004
  8.498321966647932E-005 -3.986153371699423E-005
 -3.597272136951123E-006  8.220928293872124E-006
         219  1.274583426425808E-004  6.713766315792165E-005
  5.788804269884733E-005 -7.032949285392074E-005
 -2.870404194520098E-006  9.321747170395773E-006
         220  1.534539562363122E-004 -3.792252225552443E-005
  2.399368766477940E-005 -8.793648565131623E-005
 -1.266769489811416E-006  1.028190028626906E-005
         221  9.672711941448619E-005 -1.377450663075710E-004
 -1.544325523701118E-005 -9.322765896042114E-005
  9.653297809483979E-007  1.029755323345383E-005
         222 -1.693160235750909E-005 -1.737701059826289E-004
 -5.874178198625740E-005 -8.046024767544065E-005
  2.892208834882481E-006  9.157713465871754E-006
         223 -1.271219722491482E-004 -1.222414475819578E-004
 -9.500761870200739E-005 -4.412500596365350E-005
  3.872727185004156E-006  7.344669219093174E-006
         224 -1.726597542005391E-004 -1.026935764470306E-005
 -1.080926326127045E-004  1.183900765714194E-005
  3.720429403002508E-006  5.641810449823717E-006
         225 -1.318623682448152E-004  9.931251975570890E-005
 -8.555778688066761E-005  7.001296308625177E-005
  2.867994509910701E-006  4.649855112579592E-006
         226 -3.280722283862444E-005  1.497676436697704E-004
 -3.107501428568955E-005  1.057982556370034E-004
  1.792617214829447E-006  4.505463836594071E-006
         227  6.669375014447011E-005  1.206575402525028E-004
  3.534419614318588E-005  1.021587681542702E-004
  1.021279923816909E-006  5.262353724752205E-006
         228  1.128124868694339E-004  3.828587101684170E-005
  8.508988724277109E-005  5.946681070844566E-005
  1.073954360747618E-006  6.493219017001318E-006
         229  8.875623544759484E-005 -4.188394732579353E-005
  9.770906389284961E-005 -1.329757748777379E-006
  1.965131774041160E-006  7.604437906453656E-006
         230  2.290586656435755E-005 -7.305433676779377E-005
  7.287293040199461E-005 -5.266137663044432E-005
  3.441347887671699E-006  8.188924261590025E-006
         231 -3.413039993869851E-005 -4.538341247030376E-005
  2.807839487004065E-005 -7.488513428947559E-005
  5.058586172868290E-006  8.150832221267927E-006
         232 -4.276345031418231E-005  1.061196780653056E-005
 -1.237018487589437E-005 -6.745538622806967E-005
  6.634311390783540E-006  7.625979735042447E-006
         233 -1.367612336981315E-006  4.580818976572669E-005
 -3.470418058675149E-005 -4.525406978058716E-005
  8.064786639125317E-006  6.628156917163799E-006
         234  5.313572945255261E-005  2.824786670551375E-005
 -4.037721128043235E-005 -2.413338840272738E-005
  9.180324028221837E-006  5.200358589422408E-006
         235  7.184776553330057E-005 -3.362306532315857E-005
 -3.996917819931657E-005 -1.053296860011601E-005
  9.760383255239449E-006  3.461530686763609E-006
         236  2.873778544913372E-005 -9.442604612517435E-005
 -4.084317967826290E-005  3.991046689137285E-007
  9.693961491897046E-006  1.741944024338581E-006
         237 -5.587960312248713E-005 -1.018474180124698E-004
 -4.098082258218253E-005  1.518365997799532E-005
  9.096194033646413E-006  3.429322893382432E-007
         238 -1.254111360443049E-004 -3.724819379472881E-005
 -3.274710427687104E-005  3.383290241785389E-005
  8.178599677237011E-006 -4.828599209159240E-007
         239 -1.254867613144946E-004  6.657200214690577E-005
 -1.212911663737823E-005  4.760532148110791E-005
  7.413219222712595E-006 -6.459070821752765E-007
         240 -4.467675936483684E-005  1.426929618524543E-004
  1.594626071553413E-005  4.744222163818675E-005
  7.164452492592995E-006 -4.613794438492265E-007
         241  7.144763285187883E-005  1.358156477623014E-004
  4.088826728169364E-005  2.920761743450523E-005
  7.511011562083620E-006 -3.514202145900408E-007
         242  1.483015454377045E-004  4.333699128815151E-005
  5.014701801044834E-005 -2.426896181493552E-006
  8.271635334616732E-006 -7.127467024243094E-007
         243  1.315542179388437E-004 -7.880010574580716E-005
  3.714934661920541E-005 -3.424932644110276E-005
  9.017749961244756E-006 -1.740406910586933E-006
         244  2.689976628790301E-005 -1.484858866392181E-004
  6.085726873468166E-006 -5.098734602585025E-005
  9.322723459986361E-006 -3.284921035779870E-006
         245 -9.607239899390359E-005 -1.132181455277630E-004
 -2.883729615690758E-005 -4.349544298055889E-005
  8.946536784189249E-006 -4.980161035884316E-006
         246 -1.479257398637733E-004  6.568146456895095E-006
 -4.990654104662933E-005 -1.500196589001525E-005
  8.024659195078844E-006 -6.348741088305501E-006
         247 -8.508393244758808E-005  1.256823213482342E-004
 -4.697724568874969E-005  1.931285509396170E-005
  6.930197364817019E-006 -7.387108096646110E-006
         248  5.363767486415032E-005  1.519143179463825E-004
 -2.259733075156334E-005  4.266437658297162E-005
  5.687200522536772E-006 -8.184779380334486E-006
         249  1.681314230678022E-004  5.408607482977032E-005
  1.124329464774175E-005  4.318929733331281E-005
  4.330208848849929E-006 -8.714061825356717E-006
         250  1.650124651797100E-004 -1.088735653274025E-004
  3.614393088489882E-005  1.904744631708328E-005
  2.868297565159548E-006 -8.929027977441550E-006
         251  2.728072320274416E-005 -2.215112503147843E-004
  3.513997002927024E-005 -1.787134505331304E-005
  1.455263672775708E-006 -8.770534997720793E-006
         252 -1.652632289847016E-004 -1.899608218818094E-004
  3.650511458043742E-006 -4.323278446343204E-005
  1.583253547635396E-007 -8.263862374758076E-006
         253 -2.817394290589047E-004 -1.064534045456672E-005
 -4.079732162025760E-005 -3.473759098809415E-005
 -8.157395369427387E-007 -7.384769155133309E-006
         254 -2.256436340770608E-004  2.154912675997019E-004
 -6.711242902689923E-005  9.854809959977192E-006
 -1.294439371295838E-006 -6.431695857425550E-006
         255 -7.488189187256059E-006  3.403091482397067E-004
 -4.969206483531642E-005  6.654865615456321E-005
 -1.394570987375097E-006 -5.608806967358711E-006
         256  2.502320134624717E-004  2.669903252916201E-004
  9.911644125205709E-006  9.700138562221134E-005
 -1.271481714492984E-006 -5.059514942636755E-006
