   409.600000000000     
         256           1           3
  1.124309127438499E-002   39.1700878895623        114.314974048264     
   39.0000000000000        116.000000000000        6351.00000000000     
           0  0.000000000000000E+000  0.000000000000000E+000
  0.000000000000000E+000  0.000000000000000E+000
  0.000000000000000E+000  0.000000000000000E+000
           1 -9.005515670032110E-007  9.623748167425456E-008
 -1.044963736590356E-005 -6.017345356790845E-008
  9.394262253797246E-006 -2.748933520057856E-007
           2 -9.282543719642442E-007  2.102594383956678E-007
 -1.049657067307805E-005 -2.897125021955551E-007
  9.753043921047259E-006 -6.723674878968995E-007
           3 -1.020079069927415E-006  2.651725801189215E-007
 -1.076046325893723E-005 -8.424625120402775E-007
  1.026886469494951E-005 -1.321329618854127E-006
           4 -1.369585226499965E-006  3.879632226509349E-007
 -1.163821467960742E-005 -1.796183599361503E-006
  1.081815398855312E-005 -2.298592211264678E-006
           5 -1.971414046970886E-006  9.762437811200402E-007
 -1.370124436406430E-005 -2.908957428534231E-006
  1.126623779803511E-005 -3.654085040392791E-006
           6 -2.380706875914456E-006  2.395128652366152E-006
 -1.747405820922673E-005 -3.321360507025542E-006
  1.140738904764712E-005 -5.332825758780759E-006
           7 -1.833854077741211E-006  4.683072781030117E-006
 -2.278775522186842E-005 -1.760979035648397E-006
  1.116890171822880E-005 -7.246744012579331E-006
           8  6.980407058560086E-007  7.241312680729104E-006
 -2.870354098434163E-005  3.078966171181585E-006
  1.038132388010920E-005 -9.362307746018418E-006
           9  5.769454582188766E-006  8.332524940347741E-006
 -3.315350140717670E-005  1.221044495067367E-005
  8.815954567783544E-006 -1.133464889093418E-005
          10  1.245187503159091E-005  5.714253891596369E-006
 -3.313496487499252E-005  2.489595130558189E-005
  6.597442393295318E-006 -1.281464086566392E-005
          11  1.784326880537266E-005 -2.137198543159056E-006
 -2.624286254436425E-005  3.842769452880389E-005
  3.978955593314085E-006 -1.344984473228334E-005
          12  1.805237367148351E-005 -1.444117058098801E-005
 -1.181967786806996E-005  4.845763078978530E-005
  1.619900138077097E-006 -1.315197377812793E-005
          13  9.612068732936732E-006 -2.775145334387054E-005
  7.341626382640612E-006  5.037059213330578E-005
 -4.389652893089275E-007 -1.251873207524782E-005
          14 -8.709336469491663E-006 -3.581478827209041E-005
  2.649656857706451E-005  4.181992255470761E-005
 -2.137218550037133E-006 -1.135161214251687E-005
          15 -3.334120586714141E-005 -3.123524210479262E-005
  3.888856528146881E-005  2.325020066235887E-005
 -3.237176990809828E-006 -9.749545936697138E-006
          16 -5.534131509743534E-005 -9.373496421631778E-006
  3.855861113852771E-005 -1.793744770393202E-007
 -3.239531316640576E-006 -8.120683331828491E-006
          17 -6.222175775114819E-005  2.838383125116126E-005
  2.291831867091589E-005 -1.951592186796976E-005
 -2.670274767364213E-006 -7.798328110899387E-006
          18 -4.231597113137114E-005  7.068168667128592E-005
 -2.480957292105877E-006 -2.346781546225019E-005
 -2.833985169704256E-006 -7.951550746883616E-006
          19  7.134152553929469E-006  9.826167070472577E-005
 -2.502531805643245E-005 -8.150229108461474E-006
 -3.406697446750363E-006 -8.064498831317632E-006
          20  7.492536609496525E-005  8.957786650299440E-005
 -3.113517387325827E-005  2.181123704049122E-005
 -4.390182909064948E-006 -7.946743576006086E-006
          21  1.331545305939758E-004  3.222747597287413E-005
 -1.134130269887551E-005  5.131016631578975E-005
 -5.269672956162366E-006 -7.417581355921946E-006
          22  1.453088029990955E-004 -6.387021048089061E-005
  3.007315680705562E-005  6.011964731747408E-005
 -6.262641332994440E-006 -6.355515646525411E-006
          23  8.538592205162500E-005 -1.597464713552397E-004
  7.351524201111925E-005  3.250366227314947E-005
 -6.203534959040789E-006 -4.649829749215905E-006
          24 -3.824197266789870E-005 -1.997337570841914E-004
  8.727841909800234E-005 -2.789020566978576E-005
 -4.884304437034118E-006 -3.868031835333260E-006
          25 -1.735566077051095E-004 -1.423868801673443E-004
  4.897220513564108E-005 -9.050000443651893E-005
 -3.408155463091431E-006 -4.637633772069463E-006
          26 -2.432737129572234E-004  5.856166463642679E-006
 -3.506043353789336E-005 -1.117992101421069E-004
 -3.305044203705869E-006 -7.073716853338295E-006
          27 -1.885803614753161E-004  1.766585724538958E-004
 -1.221462373300473E-004 -6.093511748244365E-005
 -5.667407892038541E-006 -9.566231891971220E-006
          28 -1.906717401658225E-005  2.678553396370633E-004
 -1.525013463535628E-004  5.045865930915589E-005
 -1.024031280567116E-005 -1.021400086445852E-005
          29  1.751203960305051E-004  2.094619606181126E-004
 -8.914712112326863E-005  1.638092905416632E-004
 -1.536074032738187E-005 -7.331807410487466E-006
          30  2.706849344453462E-004  2.281425313246343E-005
  4.766238527434403E-005  2.033808705754363E-004
 -1.794781048837976E-005 -1.184617317282192E-006
          31  1.970171840011862E-004 -1.772546773098483E-004
  1.808445983124939E-004  1.308664098792806E-004
 -1.621104268961334E-005  5.610971653855450E-006
          32 -2.032869230293534E-006 -2.547170360052351E-004
  2.253120638473064E-004 -1.952254839064762E-005
 -1.073618579445316E-005  9.837365567925433E-006
          33 -1.885948031652273E-004 -1.541171655742862E-004
  1.488686150816971E-004 -1.570902870272670E-004
 -4.313547864799465E-006  9.590063280866093E-006
          34 -2.289735988260578E-004  5.195623366413461E-005
  3.556733554053695E-007 -1.955933014756423E-004
 -2.518788294585408E-007  5.559322304875868E-006
          35 -9.380569563938191E-005  2.113828253537872E-004
 -1.220274200494504E-004 -1.157271366875515E-004
 -3.627082289837554E-007  5.544188234281705E-007
          36  1.158952790760132E-004  2.039111180991313E-004
 -1.399879652558666E-004  2.036333129204908E-005
 -3.817407723751767E-006 -2.267132745576776E-006
          37  2.421448691773232E-004  3.229703790539951E-005
 -5.067645377531434E-005  1.134041532054992E-004
 -7.938398588968694E-006 -1.357932756642376E-006
          38  1.864003108887959E-004 -1.787471967928940E-004
  7.109106010719357E-005  9.857004472060798E-005
 -9.674500101992781E-006  2.055707785723518E-006
          39 -1.736690605039124E-005 -2.730561575381848E-004
  1.298773086574458E-004 -5.932187223224120E-006
 -8.646819417759801E-006  5.203974830960779E-006
          40 -2.269736242853336E-004 -1.767798844276473E-004
  8.078269172971531E-005 -1.167160269016735E-004
 -6.229457156856020E-006  6.556849662342997E-006
          41 -2.946015288835424E-004  4.878153950625513E-005
 -4.104204448200922E-005 -1.468946394380477E-004
 -4.390254974188235E-006  5.757927535403799E-006
          42 -1.711272050349003E-004  2.529696250304349E-004
 -1.458494245201645E-004 -6.880191621457870E-005
 -4.313320123956941E-006  4.496883579513767E-006
          43  6.350922618968047E-005  3.005547442708238E-004
 -1.563944026169205E-004  6.717042754302897E-005
 -5.768834158913556E-006  4.140697525201941E-006
          44  2.566217019366197E-004  1.630618235129323E-004
 -5.947858247240907E-005  1.704371693823310E-004
 -7.553646848339145E-006  6.044882502776020E-006
          45  2.892082821401302E-004 -6.683375695533258E-005
  8.528028975836233E-005  1.707349369301117E-004
 -7.077866479190605E-006  9.476462943000412E-006
          46  1.497539357559160E-004 -2.441433342246710E-004
  1.879075737700992E-004  6.741646893730113E-005
 -4.292930676978241E-006  1.230293646846831E-005
          47 -6.671119674722549E-005 -2.652106454900743E-004
  1.878761259631579E-004 -7.730015060500820E-005
 -6.650346257660377E-008  1.288271146571112E-005
          48 -2.239808055383843E-004 -1.294751599945637E-004
  8.940715636608319E-005 -1.775324893969587E-004
  3.412656744272426E-006  1.093061151819264E-005
          49 -2.340654631607302E-004  6.720854588887646E-005
 -4.407089146535369E-005 -1.809558296939473E-004
  5.243281886111996E-006  7.943741053021290E-006
          50 -1.061530898557346E-004  2.026054529104756E-004
 -1.357309552740010E-004 -9.493054388724819E-005
  4.804317892782210E-006  4.564958275207762E-006
          51  6.947783279121647E-005  2.032603326474200E-004
 -1.371407562142555E-004  1.998642509990183E-005
  2.549666944739804E-006  2.923450890418842E-006
          52  1.838681406866070E-004  8.380457719581962E-005
 -6.285122727363124E-005  9.063940419394925E-005
  4.805764918634022E-007  3.396003401471677E-006
          53  1.763514194852941E-004 -7.140016276633394E-005
  2.816372989597730E-005  8.297600136990901E-005
 -3.954895415122911E-007  5.248608186252949E-006
          54  6.640512154292320E-005 -1.665023576859346E-004
  7.454901212152741E-005  1.509949187276849E-005
  6.871138880490312E-007  6.745613310680649E-006
          55 -6.873691676713478E-005 -1.538389859366473E-004
  5.217827469636778E-005 -5.683786139841309E-005
  2.123899123752331E-006  7.016847010854641E-006
          56 -1.469146196522954E-004 -5.535836012795092E-005
 -1.548655473440303E-005 -8.324357122467294E-005
  3.311958885841503E-006  6.650050224510679E-006
          57 -1.314797744903963E-004  5.858166383266268E-005
 -7.941538477192003E-005 -4.660920229604905E-005
  3.808884038806089E-006  5.750723277415247E-006
          58 -4.820324813791916E-005  1.191915581434958E-004
 -9.273380003939944E-005  2.772430613562242E-005
  3.781400799243166E-006  5.322772005475322E-006
          59  4.016188583894270E-005  1.030739761579304E-004
 -4.482996804216031E-005  9.018572795832320E-005
  3.509103792609008E-006  5.375575704089702E-006
          60  8.085958071596137E-005  3.896193786281637E-005
  3.740060116177956E-005  9.860316726461639E-005
  3.582950854123928E-006  6.353664250760177E-006
          61  6.268518886006272E-005 -1.984557701072778E-005
  1.028453922053997E-004  4.369681396591948E-005
  5.102010075417706E-006  7.404002605318983E-006
          62  1.699041265576236E-005 -3.479274803795955E-005
  1.121178477816073E-004 -4.236230576991702E-005
  7.417589996198970E-006  7.493239195035968E-006
          63 -9.380504247405117E-006 -6.611977127756340E-006
  5.982065600975262E-005 -1.124978393842409E-004
  9.901573468002215E-006  6.154208493352393E-006
          64  1.006265291347116E-005  2.701390845213096E-005
 -2.513225174215164E-005 -1.284886068252821E-004
  1.140605133919472E-005  3.582717678096660E-006
          65  6.049270014927738E-005  2.212640207390725E-005
 -9.548902745406347E-005 -8.534552577805928E-005
  1.162642990815188E-005  8.835475369889874E-007
          66  9.545860446251911E-005 -3.788191926594138E-005
 -1.172555858893729E-004 -1.177725181559318E-005
  1.078129546290899E-005 -1.485808504203512E-006
          67  6.797669663465010E-005 -1.249089192553564E-004
 -8.653961310433554E-005  4.944096419519182E-005
  9.388439659330598E-006 -2.990359825237734E-006
          68 -3.243154671202591E-005 -1.788862431229737E-004
 -3.106565949316923E-005  6.811139495948536E-005
  8.001842806382113E-006 -3.722867767895292E-006
          69 -1.652398740667458E-004 -1.462736892192559E-004
  1.100192173619515E-005  4.416220237957318E-005
  6.945827234876407E-006 -4.030721812868460E-006
          70 -2.574554762400622E-004 -1.657918018028073E-005
  1.545278986492795E-005  3.519946599308480E-006
  6.144973377723857E-006 -4.128206076461408E-006
          71 -2.428503942681074E-004  1.632233467251138E-004
 -1.637559214716761E-005 -1.912101603691679E-005
  5.700910617729724E-006 -4.295252554805722E-006
          72 -1.036184219168239E-004  3.064919897455377E-004
 -5.650555689599991E-005 -7.154674240374858E-007
  5.078957642271995E-006 -4.756914927194909E-006
          73  1.120659319620401E-004  3.315716130199872E-004
 -6.838801442947087E-005  5.218890768097639E-005
  4.192091314720484E-006 -4.969103091463950E-006
          74  3.073846324956272E-004  2.069085561355794E-004
 -3.041417551101794E-005  1.076644938878579E-004
  3.140833309131879E-006 -4.578753102673137E-006
          75  3.838093104316159E-004 -2.284215038221288E-005
  4.711173574857547E-005  1.242712402394959E-004
  2.882183429877580E-006 -3.683870883003938E-006
          76  2.966046911023657E-004 -2.562777487309662E-004
  1.268297472082144E-004  8.116125273391777E-005
  3.319514361892780E-006 -3.178980050776184E-006
          77  7.859013749831343E-005 -3.848106080687319E-004
  1.653993520499427E-004 -1.303345865391221E-005
  4.102403464044811E-006 -2.971652143747452E-006
          78 -1.719266980938434E-004 -3.463788482600919E-004
  1.331528446434252E-004 -1.182973174103774E-004
  5.096041803311687E-006 -3.717635245732105E-006
          79 -3.384064254489032E-004 -1.597605028885303E-004
  3.879851650173820E-005 -1.851967403193919E-004
  5.649808951047834E-006 -5.133121139092392E-006
          80 -3.468180150338936E-004  8.408272347132123E-005
 -8.185087752478851E-005 -1.811878295145525E-004
  5.468322229529634E-006 -7.130973564303302E-006
          81 -1.999247612634965E-004  2.696390323109297E-004
 -1.768658845881809E-004 -1.028539146515362E-004
  3.850864952578345E-006 -9.026444433344430E-006
          82  2.412358525639222E-005  3.109201699275658E-004
 -2.057539961938096E-004  1.595102666939834E-005
  1.619757042624489E-006 -9.902025715407127E-006
          83  2.101316012923627E-004  1.968186967089135E-004
 -1.576496493559587E-004  1.264517443563084E-004
 -8.504286762867710E-007 -9.716689434132293E-006
          84  2.670096310690758E-004 -4.887852835025254E-006
 -5.673465506963856E-005  1.811019255535557E-004
 -2.820511420567089E-006 -8.435579301154447E-006
          85  1.718119997711844E-004 -1.850553313124003E-004
  4.701367772574245E-005  1.633548338723100E-004
 -3.885691067261801E-006 -6.823077098741381E-006
          86 -1.997433904267392E-005 -2.456309615389732E-004
  1.095364750255392E-004  9.233416985447239E-005
 -4.145503205237863E-006 -4.992541649031633E-006
          87 -1.984396837661712E-004 -1.525084810167456E-004
  1.094876461837686E-004  1.099205393645175E-005
 -3.563857307215327E-006 -3.708182975587570E-006
          88 -2.599405883623547E-004  4.305240387562845E-005
  6.304336333234506E-005 -3.761643857773676E-005
 -2.844889821622175E-006 -3.139836049866818E-006
          89 -1.635865281373707E-004  2.315423808749000E-004
  7.200768527794614E-006 -3.554301662636024E-005
 -2.196671927506045E-006 -2.989912269713355E-006
          90  4.484328875179615E-005  3.041597171034508E-004
 -1.828340234555320E-005  7.128443331763685E-006
 -1.992199647471171E-006 -3.051727701139863E-006
          91  2.567043914671582E-004  2.112385067183237E-004
  6.300999055290889E-006  5.103950684223569E-005
 -1.711037665030122E-006 -2.902920511956469E-006
          92  3.562724830582699E-004 -9.928686259331324E-006
  6.552430542517788E-005  5.754592949004086E-005
 -1.170558481056875E-006 -2.988893707282897E-006
          93  2.810064004213608E-004 -2.524116328391732E-004
  1.210804919608433E-004  7.670794902479605E-006
 -6.595656106428520E-007 -3.385460361095200E-006
          94  5.600527097265656E-005 -3.912283148693168E-004
  1.272570593158529E-004 -8.325887885138012E-005
 -2.058906094076630E-007 -4.373600469596108E-006
          95 -2.144495529578821E-004 -3.475253907332715E-004
  6.273924246207202E-005 -1.699832177740948E-004
 -2.949803511382994E-007 -5.787491053884942E-006
          96 -3.951959274352574E-004 -1.310633910497374E-004
 -5.953890632808160E-005 -2.002964474407964E-004
 -1.178656569557935E-006 -7.524939435463579E-006
          97 -3.889208874962304E-004  1.565155277165481E-004
 -1.884675909765829E-004 -1.400989872001370E-004
 -3.424287015000598E-006 -9.091948106090419E-006
          98 -1.919822905874631E-004  3.710572683005540E-004
 -2.594124678877792E-004 -9.328496319441692E-007
 -6.634670037393995E-006 -9.306322149889490E-006
          99  9.995143444039613E-005  4.010760771782865E-004
 -2.280200673145910E-004  1.655532863165783E-004
 -9.948160150641662E-006 -7.799374247937636E-006
         100  3.382230019302913E-004  2.268845712910221E-004
 -9.425175406967389E-005  2.846875505921476E-004
 -1.225557957471610E-005 -4.717950752109281E-006
         101  3.960693859087621E-004 -6.375333552156279E-005
  9.113786736318708E-005  2.997642308256149E-004
 -1.285665738013861E-005 -9.376156754644567E-007
         102  2.393386851906352E-004 -3.170662191060789E-004
  2.531469229815462E-004  1.970498791451838E-004
 -1.162511736934723E-005  2.700525139599648E-006
         103 -5.158698414992416E-005 -3.941923416209868E-004
  3.200565552634722E-004  1.433568608591621E-005
 -8.823296048086912E-006  5.008000304384344E-006
         104 -3.195888985073983E-004 -2.459836224743649E-004
  2.610107594086233E-004 -1.706421013070606E-004
 -5.602929494659424E-006  5.305608464613072E-006
         105 -4.114379472409197E-004  5.389834175253737E-005
  1.031116503407483E-004 -2.773685153148521E-004
 -3.274544838757034E-006  3.847996470843834E-006
         106 -2.646859262739636E-004  3.420000248211625E-004
 -8.108587364732424E-005 -2.621365823513292E-004
 -2.612522095746168E-006  1.535633690156843E-006
         107  5.218097245962926E-005  4.519295263189278E-004
 -2.070776849752109E-004 -1.387644725552525E-004
 -3.816973108657432E-006 -3.515266684720459E-007
         108  3.703378638435945E-004  3.070475216742616E-004
 -2.228861055624331E-004  2.647907378410084E-005
 -6.041586040184324E-006 -7.435730927846906E-007
         109  5.083509495815995E-004 -3.124629590323804E-005
 -1.325318424414354E-004  1.534961009097899E-004
 -8.149207126878148E-006  4.354827405851901E-007
         110  3.728118212998207E-004 -3.885112549534991E-004
  9.701609096303670E-006  1.847291611855111E-004
 -9.238527455035452E-006  2.892164707804880E-006
         111  1.512266239316232E-005 -5.671520655985052E-004
  1.267382835053004E-004  1.158928733023286E-004
 -8.862706064293442E-006  5.614252282866610E-006
         112 -3.858707931265683E-004 -4.523023625238565E-004
  1.604501959502515E-004 -7.671640147945889E-006
 -7.178982545169087E-006  7.826536193976559E-006
         113 -6.138767631407287E-004 -8.391901931293205E-005
  9.842260124250061E-005 -1.119041485611848E-004
 -4.612706028075125E-006  8.730495460776091E-006
         114 -5.337960275314592E-004  3.573737881405927E-004
 -1.406673355483132E-005 -1.362636835787012E-004
 -2.544421420106113E-006  8.185217311680869E-006
         115 -1.678881184964041E-004  6.407664919071840E-004
 -1.053967129194997E-004 -7.070344348278925E-005
 -1.576233958494768E-006  7.070100515897266E-006
         116  3.057172850902074E-004  6.060571153555261E-004
 -1.157828211123958E-004  4.059436067431486E-005
 -1.543160483375380E-006  6.368012256552918E-006
         117  6.418957917400881E-004  2.578601126537491E-004
 -3.859152559224246E-005  1.234827486766824E-004
 -1.647824146750774E-006  6.466568239357330E-006
         118  6.616997609627871E-004 -2.330982136349867E-004
  8.022190142896884E-005  1.244111074068886E-004
 -1.434689583621781E-006  6.861939094598968E-006
         119  3.468826684107501E-004 -6.168042579063075E-004
  1.696556042247265E-004  3.305391412918434E-005
 -7.679881536367500E-007  7.415778806194274E-006
         120 -1.457404517085243E-004 -6.950052779324896E-004
  1.692270166276063E-004 -1.037698010900865E-004
  4.042473772588040E-007  7.682344757002255E-006
         121 -5.659441817755274E-004 -4.264972960160174E-004
  6.907119520897648E-005 -2.107495968031342E-004
  1.670111903376874E-006  7.274197871903939E-006
         122 -7.020473271593295E-004  5.046781051756131E-005
 -8.737634546108931E-005 -2.232865500117664E-004
  2.601075910511812E-006  6.129174850050878E-006
         123 -4.897113710507753E-004  4.948580922815438E-004
 -2.178507543857969E-004 -1.237119626580662E-004
  2.428455123839723E-006  4.836894078236521E-006
         124 -4.020676083777506E-005  6.839399149110305E-004
 -2.524523200981219E-004  4.237639369817342E-005
  1.486651062527914E-006  4.343184821050599E-006
         125  4.144650703095459E-004  5.273899492284369E-004
 -1.680974063341787E-004  1.945653891855730E-004
  6.127667412924790E-007  4.822701161380642E-006
         126  6.435482728988250E-004  1.145254869427900E-004
 -3.567044310549542E-006  2.549193967751405E-004
  4.093718274439650E-007  6.089202226885144E-006
         127  5.389408643665822E-004 -3.358698187073021E-004
  1.605073926184211E-004  1.949481168422927E-004
  1.140831369931672E-006  7.499403813565473E-006
         128  1.668718272915836E-004 -5.926907420109146E-004
  2.449460743037766E-004  4.360227731969835E-005
  2.852948283523909E-006  8.514966774531077E-006
         129 -2.702597296210588E-004 -5.323622113452631E-004
  2.102217825476177E-004 -1.210338316191077E-004
  5.197854919072575E-006  8.505589134796781E-006
         130 -5.446410218031110E-004 -2.003276616448293E-004
  8.264570652934387E-005 -2.186392058998961E-004
  7.241848176362621E-006  7.302799145379398E-006
         131 -5.226632976831306E-004  2.198670036363578E-004
 -6.996775874022682E-005 -2.092031307488431E-004
  8.449466671745404E-006  5.382664727862896E-006
         132 -2.283627089728760E-004  5.097107210764312E-004
 -1.710692149173022E-004 -1.075909655658252E-004
  8.684293221227054E-006  3.410211669717224E-006
         133  1.788767036385857E-004  5.246865008885711E-004
 -1.773853815025310E-004  2.594291338548345E-005
  8.193440135003224E-006  1.879328081730483E-006
         134  4.867375229489019E-004  2.648295818187570E-004
 -9.544923721342340E-005  1.207879992654847E-004
  7.377598759568482E-006  9.843656870136124E-007
         135  5.420287652594020E-004 -1.311405534541222E-004
  2.195205232539123E-005  1.285258505502716E-004
  6.730958452483550E-006  7.461273337116639E-007
         136  3.214547205468997E-004 -4.632751738851076E-004
  1.044002998141174E-004  5.252823301713280E-005
  6.584372425160085E-006  7.824372774117290E-007
         137 -6.322531801717511E-005 -5.674021972842621E-004
  1.047634674701606E-004 -5.744931072793715E-005
  6.866688641111245E-006  5.981335260693781E-007
         138 -4.215069095002747E-004 -3.943679385199900E-004
  2.436454197006840E-005 -1.338266415349405E-004
  7.196560098686101E-006  1.489151047922381E-008
         139 -5.811763417421499E-004 -3.141802219783443E-005
 -9.036199788262776E-005 -1.306352756113929E-004
  7.269430249332837E-006 -8.409186185362309E-007
         140 -4.702369242024230E-004  3.472613028610059E-004
 -1.754732917323237E-004 -4.512488640159843E-005
  6.926599255812165E-006 -1.702372178283378E-006
         141 -1.452755562179601E-004  5.658171529419656E-004
 -1.817999813255366E-004  8.153290212171995E-005
  6.270532589654184E-006 -2.209979243976077E-006
         142  2.404298590692736E-004  5.287402671766576E-004
 -1.007565623642279E-004  1.861107675290904E-004
  5.652657282058869E-006 -2.222048141489500E-006
         143  5.127017763169823E-004  2.595942653549123E-004
  3.204968875987048E-005  2.162398690294384E-004
  5.473288096597157E-006 -1.869717604121953E-006
         144  5.532665562719664E-004 -1.156223896290460E-004
  1.575090645920619E-004  1.563346124113150E-004
  5.892726326224901E-006 -1.580531258676316E-006
         145  3.515892909162915E-004 -4.260843917187174E-004
  2.207228877797475E-004  3.048737717493619E-005
  6.711727080907583E-006 -1.747571583250459E-006
         146  7.598889120249641E-006 -5.369557885835954E-004
  1.944253832494658E-004 -1.076254649440850E-004
  7.652762767669990E-006 -2.531477620601675E-006
         147 -3.205160697086025E-004 -4.095584239853736E-004
  9.258306030248838E-005 -2.014404795843534E-004
  8.328126635660665E-006 -3.950753923836415E-006
         148 -4.895668319477478E-004 -1.118214773863491E-004
 -4.193632044234987E-005 -2.167146777330884E-004
  8.370694996313244E-006 -5.820696959813875E-006
         149 -4.335285316723763E-004  2.157244092069331E-004
 -1.557332012796560E-004 -1.536070004773676E-004
  7.637339840827974E-006 -7.733603844719736E-006
         150 -1.898849493513970E-004  4.274352271524531E-004
 -2.115962341388279E-004 -4.273733806746805E-005
  6.237867003848617E-006 -9.209989148211047E-006
         151  1.246078958329197E-004  4.361644003682651E-004
 -1.962097313280188E-004  7.533412988711489E-005
  4.559111731524964E-006 -1.011100963219002E-005
         152  3.677243469132589E-004  2.465814659924169E-004
 -1.220536821671672E-004  1.589061106651353E-004
  2.854163198205193E-006 -1.054141730994008E-005
         153  4.323224602255401E-004 -4.989045929286080E-005
 -2.158181639462032E-005  1.852350449746238E-004
  1.274608734049568E-006 -1.051399697026348E-005
         154  2.944686321673457E-004 -3.158248470799850E-004
  6.798686140850844E-005  1.533467298044601E-004
 -1.052205784414948E-007 -1.017091880796032E-005
         155  2.018118122429055E-005 -4.329610640602768E-004
  1.176269937258998E-004  8.630467539636410E-005
 -1.120815559898758E-006 -9.734243330326937E-006
         156 -2.672164973306013E-004 -3.489574238783915E-004
  1.223458982060922E-004  1.274348492195111E-005
 -2.004449746561328E-006 -9.457310858991673E-006
         157 -4.385195893502455E-004 -1.001155768434162E-004
  8.911490620360040E-005 -4.260798513585436E-005
 -3.073654347470234E-006 -9.030520623021221E-006
         158 -4.164734346225234E-004  2.057033940944064E-004
  3.828790369966035E-005 -6.439089354564020E-005
 -3.955953811811648E-006 -8.350152195893507E-006
         159 -2.053461372972988E-004  4.384336768222271E-004
 -8.424093169897550E-006 -5.145752567386594E-005
 -4.577119080380474E-006 -7.684353507530435E-006
         160  1.153607530514666E-004  4.951011163111540E-004
 -2.851639429967646E-005 -1.582854035972821E-005
 -5.119327378414065E-006 -7.024546297329307E-006
         161  4.169557891375806E-004  3.374616005864870E-004
 -1.795798032349147E-005  1.724504936938406E-005
 -5.595087112205462E-006 -6.329008237524670E-006
         162  5.673005993264856E-004  1.294173466554201E-005
  1.313156681602910E-005  3.009293607293087E-005
 -5.815393044994683E-006 -5.635919253090031E-006
         163  4.845090670709582E-004 -3.549011844722006E-004
  4.523348788026899E-005  1.163675677257478E-005
 -5.881481186353219E-006 -5.202263863087784E-006
         164  1.782406497323516E-004 -6.093251936392650E-004
  5.440444502647755E-005 -3.065405304648941E-005
 -6.115313292669253E-006 -5.026151322233727E-006
         165 -2.414410732835799E-004 -6.238857340991291E-004
  2.651490834091294E-005 -7.602492936563208E-005
 -6.643828088586670E-006 -4.907282186144358E-006
         166 -5.997360579884804E-004 -3.652219551523077E-004
 -3.571735057373813E-005 -9.499262686136380E-005
 -7.446612177170734E-006 -4.568774817553617E-006
         167 -7.289322289704399E-004  8.044513965830374E-005
 -1.080306555003228E-004 -6.599341537196773E-005
 -8.338709325961077E-006 -3.896040913155119E-006
         168 -5.462491312419683E-004  5.297814314522113E-004
 -1.558983331383798E-004  1.406831017687558E-005
 -9.204095189534058E-006 -2.856393210479574E-006
         169 -1.066949750800500E-004  7.765574040120693E-004
 -1.440471086745256E-004  1.235413102494629E-004
 -9.823958347575768E-006 -1.367266209111035E-006
         170  4.068035386283503E-004  6.900526977391034E-004
 -5.720009700780949E-005  2.167503809165418E-004
 -9.913483849952195E-006  4.421915695423605E-007
         171  7.586572273233282E-004  2.880131494777882E-004
  8.464793828561999E-005  2.426712648876343E-004
 -9.264777323435941E-006  2.267609732217928E-006
         172  7.735280160366216E-004 -2.557933193924976E-004
  2.277124535251304E-004  1.724523063645422E-004
 -7.902022190743526E-006  3.651095611242270E-006
         173  4.314640230844571E-004 -6.866272972879074E-004
  3.077141119293588E-004  1.960576732029319E-005
 -6.162998545416657E-006  4.220834038680646E-006
         174 -1.112471450668684E-004 -7.928518861560463E-004
  2.803465729436347E-004 -1.621686717893356E-004
 -4.552936707724471E-006  3.874820083826453E-006
         175 -5.901832355544011E-004 -5.168380146521417E-004
  1.439491462186428E-004 -2.983835976658119E-004
 -3.576077843285227E-006  2.807271554906274E-006
         176 -7.641493305917253E-004  4.349733513390577E-006
 -5.278574750608614E-005 -3.260576838226677E-004
 -3.558597135040229E-006  1.496673896423735E-006
         177 -5.459352953405877E-004  5.029999247037900E-004
 -2.277433299082796E-004 -2.272102324012409E-004
 -4.448736417597629E-006  5.537520202719276E-007
         178 -5.260754350289824E-005  7.199330278670061E-004
 -3.041448061829104E-004 -4.260717360574597E-005
 -5.904709711101597E-006  3.997730154076236E-007
         179  4.513275182138854E-004  5.425111022572326E-004
 -2.490776838129455E-004  1.451940830375537E-004
 -7.385693051110968E-006  1.257090558204321E-006
         180  6.931970601602150E-004  6.918586793524135E-005
 -9.263963719696399E-005  2.500266248305509E-004
 -8.247584347001739E-006  2.947777482916395E-006
         181  5.399540446048064E-004 -4.399641245007226E-004
  8.469957306496599E-005  2.285473263973972E-004
 -8.167175375375387E-006  4.917367496662571E-006
         182  7.306223094634454E-005 -7.018488387835475E-004
  1.949736133708511E-004  1.019282210972465E-004
 -7.222728443055025E-006  6.478908638142248E-006
         183 -4.510612073962185E-004 -5.646693876003011E-004
  1.877918994373943E-004 -5.462875513151502E-005
 -6.048966049350903E-006  7.310107532349530E-006
         184 -7.396435224462102E-004 -9.557015954488184E-005
  7.926731159644980E-005 -1.532646562422496E-004
 -5.110254598137668E-006  7.700099607371663E-006
         185 -6.238154071532655E-004  4.539709075314924E-004
 -6.063263688010981E-005 -1.422343099613048E-004
 -4.548619477356654E-006  7.961465108158786E-006
         186 -1.547917661830841E-004  7.814515091340127E-004
 -1.453412148540763E-004 -3.245044908704709E-005
 -4.207454276351135E-006  8.484267338633441E-006
         187  4.215983961558137E-004  7.024912847268575E-004
 -1.205009321306853E-004  1.081099653983895E-004
 -3.860063271868288E-006  9.382634175170703E-006
         188  7.999146753534330E-004  2.486760833975008E-004
  7.766664480337679E-006  1.925828017398156E-004
 -3.104229105298873E-006  1.082354780216596E-005
         189  7.754653925812296E-004 -3.494268496357044E-004
  1.719266943681886E-004  1.572355080386717E-004
 -1.242657513476850E-006  1.225026102725850E-005
         190  3.525389963450754E-004 -7.808416744249113E-004
  2.749874226091198E-004  6.123990426881425E-006
  1.385756152308496E-006  1.281340859681873E-005
         191 -2.528429585045695E-004 -8.185904304331728E-004
  2.492050167420848E-004 -1.905595776659011E-004
  4.173036165488992E-006  1.220536374610228E-005
         192 -7.289199105579857E-004 -4.414798450679214E-004
  9.039278596142989E-005 -3.306349967032215E-004
  6.369829801555061E-006  1.048535717565281E-005
         193 -8.296793271602922E-004  1.573473872437880E-004
 -1.295442382283963E-004 -3.360654158195459E-004
  7.587639030571690E-006  8.237463353287082E-006
         194 -5.022861719786833E-004  6.673602293273563E-004
 -3.074565368182822E-004 -1.979430173020672E-004
  7.593614558801318E-006  5.988864670187910E-006
         195  8.128381106222879E-005  8.231915839513518E-004
 -3.581138479399947E-004  2.333146562156783E-005
  6.691652113022876E-006  4.570539499941379E-006
         196  6.165382013708736E-004  5.454211566677030E-004
 -2.582817840031495E-004  2.241231000184468E-004
  5.703716853047353E-006  4.239544520829976E-006
         197  8.244204658776403E-004 -2.133803694112587E-005
 -5.746191008425232E-005  3.124352886759068E-004
  5.320923608196785E-006  4.740809094694699E-006
         198  5.956689254988119E-004 -5.824840271213270E-004
  1.446308235305237E-004  2.503975581356158E-004
  5.903024590748112E-006  5.317872214910219E-006
         199  4.516034338626833E-005 -8.474578441191617E-004
  2.494743737530379E-004  7.837792838909643E-005
  7.164919657013927E-006  5.352922715561348E-006
         200 -5.484651495235790E-004 -6.753105078495979E-004
  2.118837342118824E-004 -1.102282573608397E-004
  8.621045913036977E-006  4.474871325332322E-006
         201 -8.833405807437786E-004 -1.455184291836667E-004
  6.086225067081139E-005 -2.150163175041542E-004
  9.469328673684549E-006  2.745337875545926E-006
         202 -7.852275103885049E-004  4.831909949444245E-004
 -1.137081724270460E-004 -1.846700552384528E-004
  9.320096278986864E-006  8.696141129033040E-007
         203 -2.930060460950402E-004  9.009040520083931E-004
 -2.142653216352549E-004 -4.238798201424791E-005
  8.346598229019378E-006 -4.696198307887389E-007
         204  3.598573960934083E-004  8.992776258543226E-004
 -1.853846269050842E-004  1.302805948249377E-004
  7.136968268858683E-006 -8.748681801315089E-007
         205  8.616432346346136E-004  4.750988048042490E-004
 -4.133797895854145E-005  2.371112451360730E-004
  6.359379089770148E-006 -4.523064900481633E-007
         206  9.771699744524911E-004 -1.727777767227786E-004
  1.445245925480251E-004  2.167250528257692E-004
  6.473755973778273E-006  3.242670843791901E-007
         207  6.565355561375116E-004 -7.448702686776173E-004
  2.762733357407809E-004  7.019632026537698E-005
  7.568807570324656E-006  7.577363852178930E-007
         208  5.242467598847306E-005 -9.839863138261205E-004
  2.802680816166749E-004 -1.375477496264399E-004
  9.245092347275797E-006  1.782708064167341E-007
         209 -5.586117816831078E-004 -7.933988263214050E-004
  1.442784647354090E-004 -3.068464417594362E-004
  1.064951770166855E-005 -1.654770993844873E-006
         210 -9.085744747799034E-004 -2.722844329037248E-004
 -7.474867819425586E-005 -3.550561369285839E-004
  1.105834621397724E-005 -4.321966000850107E-006
         211 -8.562236817004986E-004  3.381845447678690E-004
 -2.812023991667178E-004 -2.568227064442103E-004
  1.012555070540755E-005 -7.139775998177967E-006
         212 -4.451369683000215E-004  7.683720450580904E-004
 -3.870344398654095E-004 -5.322902282339946E-005
  7.953570751773434E-006 -9.296783442760871E-006
         213  1.256196725671767E-004  8.436297187360032E-004
 -3.524224488870073E-004  1.709442378688229E-004
  5.118817660468649E-006 -1.025386031253538E-005
         214  6.009565040459171E-004  5.545836107970636E-004
 -1.973224764673976E-004  3.287100259403719E-004
  2.384220116736088E-006 -9.813379923739491E-006
         215  7.831163441628579E-004  4.850180189144140E-005
  1.187042842030218E-005  3.662594048861122E-004
  4.911802711354601E-007 -8.405868390765139E-006
         216  6.117809242372004E-004 -4.441487946995168E-004
  1.952278101014237E-004  2.812226909773842E-004
 -3.730043800420315E-007 -6.620576006330219E-006
         217  1.788264100822766E-004 -7.112964739894708E-004
  2.884638702843608E-004  1.161871179425696E-004
 -1.232418431035447E-007 -5.006359333877616E-006
         218 -3.155695211186639E-004 -6.445727203690016E-004
  2.690077822195269E-004 -5.572070720592505E-005
  8.509886915675939E-007 -4.151158767209002E-006
         219 -6.498167752754978E-004 -2.842033844880581E-004
  1.646199201755752E-004 -1.699499983260374E-004
  2.038268777701818E-006 -4.261683689383371E-006
         220 -6.795450004078348E-004  2.016169984199687E-004
  3.127785939533757E-005 -1.960179638115789E-004
  2.779548345488836E-006 -5.283408937213973E-006
         221 -3.965821105077129E-004  5.968580769293376E-004
 -7.325619448267637E-005 -1.453232791797038E-004
  2.711668778623209E-006 -6.595075905254685E-006
         222  7.498102248029552E-005  7.269826469103911E-004
 -1.176437341206075E-004 -5.748849564317786E-005
  2.003816284099170E-006 -7.832282531513898E-006
         223  5.292288134176653E-004  5.316896933263098E-004
 -9.998758547273016E-005  2.406427338398570E-005
  7.470753971816462E-007 -8.741282812910213E-006
         224  7.686133713669970E-004  8.955799275648402E-005
 -4.273975745183403E-005  6.577859695110424E-005
 -8.166350092472026E-007 -9.137968517523225E-006
         225  6.820266147334957E-004 -4.173179391601581E-004
  1.877496087840233E-005  5.666991555889368E-005
 -2.473875209837674E-006 -8.909773651503286E-006
         226  2.923696203883183E-004 -7.711181184513632E-004
  5.101223664526943E-005  8.250638731282447E-006
 -3.773895333308198E-006 -8.104250099368015E-006
         227 -2.434515585685424E-004 -8.121709408041287E-004
  3.624759600955686E-005 -4.880399941524977E-005
 -4.571375578455673E-006 -7.119035214203811E-006
         228 -7.024178089011879E-004 -5.113325448806937E-004
 -2.016700476308781E-005 -8.132877916075221E-005
 -4.947072507843003E-006 -6.219532730892487E-006
         229 -8.855566468701009E-004  1.810954409851094E-005
 -9.371001249355050E-005 -6.424330625322595E-005
 -5.127033789614761E-006 -5.592022728234654E-006
         230 -7.027451173894586E-004  5.577320485717322E-004
 -1.456644945200124E-004  5.436867407608338E-006
 -5.309766241537828E-006 -5.126515533930173E-006
         231 -2.208140077732496E-004  8.750469893037491E-004
 -1.447023718533252E-004  1.045664222537755E-004
 -5.526202582481070E-006 -4.822755003984737E-006
         232  3.591135726369939E-004  8.264866546914726E-004
 -7.828328217820070E-005  1.955155709391420E-004
 -5.971814079722584E-006 -4.579285426920261E-006
         233  7.844195493747835E-004  4.261649297665156E-004
  4.094168269041964E-005  2.363604645181336E-004
 -6.587091760626852E-006 -4.120048954061179E-006
         234  8.644116883691988E-004 -1.511760594654271E-004
  1.750470768176972E-004  1.995223398611806E-004
 -7.172371628108503E-006 -3.338892424893494E-006
         235  5.632145546291031E-004 -6.459662818830132E-004
  2.732912545777544E-004  8.354910848720180E-005
 -7.411150927622988E-006 -2.293644635061999E-006
         236  1.985797506236306E-005 -8.323215365120779E-004
  2.884987376113694E-004 -7.896813538355907E-005
 -7.192163049188589E-006 -1.362123431943782E-006
         237 -5.094939976037576E-004 -6.244910388192448E-004
  2.024693895839030E-004 -2.277430505384897E-004
 -6.738346123540166E-006 -8.182247367965351E-007
         238 -7.697559754138778E-004 -1.252924479129976E-004
  4.046415374594426E-005 -2.994637482016651E-004
 -6.385692260971111E-006 -7.349654363314503E-007
         239 -6.328344744047597E-004  4.161567797551865E-004
 -1.334695761121849E-004 -2.603227221288377E-004
 -6.447977015969178E-006 -9.058037604644012E-007
         240 -1.685726671621506E-004  7.222849695795259E-004
 -2.475242533294235E-004 -1.262037204425086E-004
 -7.017388943998490E-006 -9.860149410911973E-007
         241  3.803487328399486E-004  6.301661662456025E-004
 -2.559079073328040E-004  4.496227688871537E-005
 -7.961180542372357E-006 -6.294946136640597E-007
         242  7.202048394131175E-004  1.831327025826817E-004
 -1.600454266408575E-004  1.786093219804079E-004
 -8.956650961043692E-006  3.544656696951940E-007
         243  6.590198992987482E-004 -3.856134233790260E-004
 -9.083195848427512E-006  2.186255694536049E-004
 -9.624136827910865E-006  1.970240074223111E-006
         244  2.118722121938281E-004 -7.670513777561938E-004
  1.233066683178505E-004  1.535483961814091E-004
 -9.578765757672345E-006  3.964432868894316E-006
         245 -3.949411536683418E-004 -7.377530977664817E-004
  1.723068752068354E-004  2.333562608855063E-005
 -8.690385218144985E-006  5.832256011738572E-006
         246 -8.352169098391414E-004 -2.867702483309987E-004
  1.169605509436118E-004 -9.566896822508123E-005
 -7.291117608283895E-006  7.099069167142823E-006
         247 -8.550617292876396E-004  3.673823156157344E-004
 -3.377971736581702E-006 -1.338965239879950E-004
 -5.834966468846090E-006  7.828356132922188E-006
         248 -4.147773576566451E-004  8.836255876512857E-004
 -1.118788241478313E-004 -6.816437173960316E-005
 -4.453599337920905E-006  8.167839681700205E-006
         249  2.801611708850590E-004  9.773843360666469E-004
 -1.343250593753422E-004  6.296279625004055E-005
 -3.247170297953210E-006  8.300116495087580E-006
         250  8.790987248514992E-004  5.749980789223438E-004
 -4.628317732804995E-005  1.777444820487612E-004
 -2.086851469089153E-006  8.332344733351292E-006
         251  1.066893106110203E-003 -1.395616556922847E-004
  1.141745034369591E-004  1.988477512515420E-004
 -9.136144379075035E-007  8.256169822072593E-006
         252  7.305548881761368E-004 -8.128498353790929E-004
  2.619929060786492E-004  9.240164789973050E-005
  4.017976223125678E-007  7.940822937232602E-006
         253  2.384304601214715E-005 -1.101210481156054E-003
  3.063227826639286E-004 -1.061296458861010E-004
  1.674125986493473E-006  7.084222872919646E-006
         254 -7.038910636466084E-004 -8.478510085288708E-004
  2.003228262836470E-004 -3.042174765303311E-004
  2.477440750722724E-006  5.696124926642728E-006
         255 -1.082172331166709E-003 -1.724731596778614E-004
 -2.539860498691069E-005 -3.937601430157586E-004
  2.432144930482960E-006  4.111927834143402E-006
         256 -9.149649998714430E-004  5.844013715141051E-004
 -2.700148829642857E-004 -3.146061666942138E-004
  1.515389287313363E-006  2.956342424235601E-006
