   409.600000000000     
         256           1           3
  1.124309127438499E-002   38.8141482474036        115.292834774360     
   39.0000000000000        116.000000000000        6351.00000000000     
           0  0.000000000000000E+000  0.000000000000000E+000
  0.000000000000000E+000  0.000000000000000E+000
  0.000000000000000E+000  0.000000000000000E+000
           1  1.173412415768739E-005 -4.035843963942122E-007
 -5.835852524636975E-006 -3.772354139490266E-007
 -3.088343322322472E-006  1.280209423347480E-007
           2  1.249525833434666E-005 -8.580277759063835E-007
 -5.164398614001694E-006 -8.779976737892175E-007
 -3.276056110990614E-006  3.215865362487701E-007
           3  1.388763827576053E-005 -1.810216327853250E-006
 -3.971105104766766E-006 -1.644959562167192E-006
 -3.542215802916462E-006  6.645702483586264E-007
           4  1.570825089965252E-005 -3.686735422294919E-006
 -2.181660722899263E-006 -2.951813019351321E-006
 -3.802667001607479E-006  1.201671831566761E-006
           5  1.754878102615652E-005 -6.830322770618418E-006
  2.065621779836035E-007 -5.246157651966629E-006
 -3.960240989174025E-006  1.929903464103353E-006
           6  1.884205133378479E-005 -1.146176118107658E-005
  2.926291252789800E-006 -8.985982780628740E-006
 -3.931132529671538E-006  2.814319067688295E-006
           7  1.881475103217449E-005 -1.756125409288272E-005
  5.668917563578551E-006 -1.474563450998283E-005
 -3.646221074043822E-006  3.774904244020615E-006
           8  1.672513002415126E-005 -2.471526150176800E-005
  7.563539186036788E-006 -2.323337278392983E-005
 -3.090536519747166E-006  4.718463105836394E-006
           9  1.197677163980193E-005 -3.234018824919235E-005
  7.188497453624295E-006 -3.447250690444310E-005
 -2.266895653482520E-006  5.589293678692131E-006
          10  4.024627218974290E-006 -3.960523926295444E-005
  3.281206451028201E-006 -4.814540114491919E-005
 -1.165940459410965E-006  6.284592026600138E-006
          11 -7.597091473226942E-006 -4.534722417209617E-005
 -5.532686521868373E-006 -6.329682612800137E-005
  1.603626286782990E-007  6.712284826762650E-006
          12 -2.289235672746769E-005 -4.785056901983429E-005
 -2.000937958985524E-005 -7.866675206061750E-005
  1.669892190911568E-006  6.781100335301021E-006
          13 -4.103176170480227E-005 -4.527151706473482E-005
 -4.192705601583134E-005 -9.330710201875921E-005
  3.147638989196797E-006  6.346226087936399E-006
          14 -6.048668802307207E-005 -3.600678427196079E-005
 -7.241326451102756E-005 -1.035865744506470E-004
  4.404897615861846E-006  5.540316759327691E-006
          15 -7.903069926287893E-005 -1.873122418659123E-005
 -1.108719254808362E-004 -1.055469573631005E-004
  5.351615834972215E-006  4.501387057928243E-006
          16 -9.365093514407401E-005  7.243151199777893E-006
 -1.543169976532175E-004 -9.555562868444323E-005
  6.053772613794962E-006  3.342087498281556E-006
          17 -1.005798339191974E-004  4.183121642465188E-005
 -1.998043857499345E-004 -7.270349862368214E-005
  6.438275936008580E-006  1.902447518057043E-006
          18 -9.527057178246518E-005  8.295984188518021E-005
 -2.449283731136260E-004 -3.295650814316131E-005
  6.203187571789136E-006  5.141643844317132E-007
          19 -7.396653409340042E-005  1.267262064268712E-004
 -2.822617021782568E-004  2.562795381781837E-005
  5.568358187365285E-006 -5.120963301413481E-007
          20 -3.348912447554730E-005  1.673542705748272E-004
 -3.045373290884930E-004  1.012454791362560E-004
  4.739141333413234E-006 -1.114621626444993E-006
          21  2.751277374968313E-005  1.967170803945955E-004
 -3.044088687277922E-004  1.896170547007479E-004
  3.959837364014087E-006 -1.301228090592955E-006
          22  1.069752948984222E-004  2.043792698685188E-004
 -2.774019520735687E-004  2.842029547295590E-004
  3.194440429390677E-006 -1.114038882476521E-006
          23  1.968959141371795E-004  1.797794382566481E-004
 -2.179616819876205E-004  3.769655415339521E-004
  2.763377681831686E-006 -3.898799650913210E-007
          24  2.837470441571054E-004  1.158375523328379E-004
 -1.245510225745375E-004  4.543386753578999E-004
  3.017777868021350E-006  5.242046196974792E-007
          25  3.501111323982171E-004  1.088653304742558E-005
 -2.267988459240189E-006  5.034330764139563E-004
  3.949024723970241E-006  1.308800457578484E-006
          26  3.758786933848695E-004 -1.285200413682178E-004
  1.389943276168837E-004  5.122968990907096E-004
  5.472733849072866E-006  1.603847713263015E-006
          27  3.435748748551470E-004 -2.852351215572518E-004
  2.845369694068073E-004  4.735920042513004E-004
  7.400976940000985E-006  1.218937976497150E-006
          28  2.435927783435295E-004 -4.333113100341964E-004
  4.163648753377050E-004  3.846340122205007E-004
  9.520962439365653E-006 -1.441455525921308E-007
          29  7.936662779100814E-005 -5.416216091360121E-004
  5.137531773692050E-004  2.511992771864872E-004
  1.124955334606573E-005 -2.675374596144030E-006
          30 -1.304895895352825E-004 -5.821302547177094E-004
  5.603164598725314E-004  8.879581649327305E-005
  1.204004288322268E-005 -6.108914282343903E-006
          31 -3.558331924326177E-004 -5.365895689855392E-004
  5.468977366497407E-004 -8.126211566357738E-005
  1.153140511682596E-005 -1.000917769936428E-005
          32 -5.594483623521699E-004 -4.004448976685297E-004
  4.739085858512747E-004 -2.350051630369811E-004
  9.585542524119735E-006 -1.382273133321673E-005
          33 -7.035347786622689E-004 -1.865160435408750E-004
  3.515876745461240E-004 -3.502580334612570E-004
  6.298738569600770E-006 -1.703004711925132E-005
          34 -7.588554019025388E-004  7.655065518500558E-005
  1.985964309150588E-004 -4.103775595685584E-004
  1.876411822625394E-006 -1.913440271043342E-005
          35 -7.104576397969803E-004  3.497385294046190E-004
  3.921740318790479E-005 -4.078682568696754E-004
 -3.205429045734477E-006 -1.968590527852721E-005
          36 -5.613890973254499E-004  5.910159983298721E-004
 -1.014482304242093E-004 -3.459149522697254E-004
 -8.279776945889599E-006 -1.852176370450792E-005
          37 -3.310240709495997E-004  7.637158748771722E-004
 -2.020329793534335E-004 -2.371969198087285E-004
 -1.272256045413731E-005 -1.575647730032348E-005
          38 -5.172766314249772E-005  8.415570924223378E-004
 -2.476497522096054E-004 -1.023128595732021E-004
 -1.594519275916540E-005 -1.179870180819179E-005
          39  2.365340412658097E-004  8.138822524912343E-004
 -2.343567919852058E-004  3.449678361815496E-005
 -1.775585156166896E-005 -7.212356145154856E-006
          40  4.940433707967423E-004  6.866922166665287E-004
 -1.671710480466850E-004  1.509906251352227E-004
 -1.806603610537152E-005 -2.401129015311377E-006
          41  6.875907016745218E-004  4.801063968114321E-004
 -5.888229338375874E-005  2.277322192684215E-004
 -1.686081191105946E-005  2.046428403072154E-006
          42  7.949077091078328E-004  2.245797981101820E-004
  7.136314192135873E-005  2.530882849215101E-004
 -1.438469694855902E-005  5.681106256888734E-006
          43  8.078471371084984E-004 -4.532794025656159E-005
  2.015739220963358E-004  2.225901341628426E-004
 -1.108715558463913E-005  8.023655867921636E-006
          44  7.299853103457834E-004 -2.964191319499095E-004
  3.096752609003685E-004  1.424082823611996E-004
 -7.657670082322608E-006  9.083525086377662E-006
          45  5.760734769376780E-004 -4.988085840407074E-004
  3.810062699510527E-004  2.516235391574585E-005
 -4.261190746615194E-006  9.058817131531713E-006
          46  3.709406005021412E-004 -6.310705782818801E-004
  4.036634435941100E-004 -1.133640818369240E-004
 -1.311120550035642E-006  7.911547576098984E-006
          47  1.439312713559616E-004 -6.833904899126090E-004
  3.737619807128179E-004 -2.532161060787775E-004
  8.440886086072581E-007  5.887225679494265E-006
          48 -7.511273098159520E-005 -6.571280571220720E-004
  2.948001249589589E-004 -3.746162344041132E-004
  1.872073718095343E-006  3.387793790419041E-006
          49 -2.608568912436005E-004 -5.650358252211126E-004
  1.793884208200687E-004 -4.607252290600465E-004
  1.911728370759536E-006  1.102190263988109E-006
          50 -3.963407423356636E-004 -4.258296525835764E-004
  4.242710013207055E-005 -5.050965582893776E-004
  1.314398197561507E-006 -1.044522653657686E-006
          51 -4.723117120657569E-004 -2.614734434565894E-004
 -1.022214846519739E-004 -5.021876289971407E-004
 -9.163514670797710E-008 -2.886333995567346E-006
          52 -4.879585369597218E-004 -9.439786071780847E-005
 -2.365219428707195E-004 -4.520154728513597E-004
 -2.132990339473851E-006 -4.048991567718475E-006
          53 -4.501722741924113E-004  5.532383246124616E-005
 -3.449093656978731E-004 -3.622528588930155E-004
 -4.545681258586028E-006 -4.309670595319349E-006
          54 -3.716654720893328E-004  1.726298231844823E-004
 -4.150510999252217E-004 -2.469128523547538E-004
 -6.712711006904128E-006 -3.723255584973488E-006
          55 -2.687784516521214E-004  2.483687506777121E-004
 -4.451241403125203E-004 -1.215529967047482E-004
 -8.673918396134972E-006 -2.717545985564957E-006
          56 -1.591351466921011E-004  2.805540613023607E-004
 -4.352450413338698E-004  2.510419111727240E-006
 -1.051612632999164E-005 -1.102801098634077E-006
          57 -5.843308419524647E-005  2.741058060475748E-004
 -3.881155629875483E-004  1.111837124497342E-004
 -1.190809517244473E-005  1.084392479804747E-006
          58  2.237424129792007E-005  2.383124773211652E-004
 -3.125068431279286E-004  1.934846386589944E-004
 -1.264169667906109E-005  3.726867264595384E-006
          59  7.654053709790291E-005  1.845691670473154E-004
 -2.214079701953391E-004  2.415380732449153E-004
 -1.264726304259226E-005  6.365038250643156E-006
          60  1.024738584500923E-004  1.253877603075118E-004
 -1.289849745314869E-004  2.561338698949905E-004
 -1.230149253735857E-005  8.925936401892855E-006
          61  1.033841873080154E-004  7.197584165335382E-005
 -4.389406609255538E-005  2.410331345487020E-004
 -1.143551516497342E-005  1.164472726879780E-005
          62  8.646865783865237E-005  3.267556372031758E-005
  2.390037850824794E-005  2.006400792092282E-004
 -9.930132049266076E-006  1.424271982158912E-005
          63  6.116254281296811E-005  1.161152127348993E-005
  6.762799325452955E-005  1.442555541687304E-004
 -7.837592257317438E-006  1.653800757836670E-005
          64  3.696119184428362E-005  7.933215794117373E-006
  8.447249415930701E-005  8.236740027548322E-005
 -5.342990225867137E-006  1.838774537554815E-005
          65  2.084367257840067E-005  1.744907247262009E-005
  7.655416258572804E-005  2.593356991434308E-005
 -2.554788535758995E-006  1.996433657104295E-005
          66  1.753551691924158E-005  3.408683584683880E-005
  4.934614987259698E-005 -1.834965519403166E-005
  7.550221499094305E-007  2.110899775183779E-005
          67  2.862303710790424E-005  5.022521015048756E-005
  8.793589200202486E-006 -4.472674914412330E-005
  4.403577025063791E-006  2.155668054201413E-005
          68  5.226365462432937E-005  5.856640276402821E-005
 -3.664319769223396E-005 -5.023033362423646E-005
  8.164361364867852E-006  2.127256530782816E-005
          69  8.367951048349536E-005  5.279939194665307E-005
 -7.867581750448593E-005 -3.579182918738871E-005
  1.188630021479780E-005  2.026531296845074E-005
          70  1.149755811661291E-004  2.928984244009280E-005
 -1.101912437244562E-004 -4.474074242226730E-006
  1.545435112196385E-005  1.860418523763902E-005
          71  1.372157582548402E-004 -1.139626336208094E-005
 -1.252883187903034E-004  3.718346155274393E-005
  1.883336053264646E-005  1.623477239997689E-005
          72  1.422392501886164E-004 -6.481289541308767E-005
 -1.231389529326676E-004  8.129416881667946E-005
  2.173994741446021E-005  1.308409959291333E-005
          73  1.242186650731485E-004 -1.226338783379414E-004
 -1.045631202941673E-004  1.225531986434369E-004
  2.396424531790565E-005  9.411108789855779E-006
          74  8.197247941350772E-005 -1.750310244289490E-004
 -7.190270851520152E-005  1.553052404822965E-004
  2.540752446682802E-005  5.405582164703998E-006
          75  1.719304750806496E-005 -2.119197032437827E-004
 -2.829112547828437E-005  1.745228600812612E-004
  2.623858007346995E-005  1.282995567151546E-006
          76 -6.279085862549315E-005 -2.237782208103153E-004
  1.848627085126471E-005  1.759934207791879E-004
  2.642137461093731E-005 -3.169957433267910E-006
          77 -1.481093490860174E-004 -2.064610780156682E-004
  6.074105072496656E-005  1.633959631682949E-004
  2.553151076170592E-005 -7.653117863807228E-006
          78 -2.296943504121342E-004 -1.577439874764983E-004
  9.664327565561653E-005  1.389966623736556E-004
  2.380395079220696E-005 -1.178956854537362E-005
          79 -2.956022782219107E-004 -7.705475868911751E-005
  1.221525577265837E-004  1.053412876014948E-004
  2.138790731361946E-005 -1.545925840852733E-005
          80 -3.327237526950104E-004  2.997080004231978E-005
  1.344168183720168E-004  6.649909133905404E-005
  1.844843942386681E-005 -1.866687453194044E-005
          81 -3.305133422104645E-004  1.524678832388135E-004
  1.313416831883367E-004  2.925102843474870E-005
  1.478739889410646E-005 -2.140879203344195E-005
          82 -2.832773771204084E-004  2.745343626856302E-004
  1.187643783537628E-004  5.533062148760171E-007
  1.059376835581219E-005 -2.311999758094596E-005
          83 -1.929913357068737E-004  3.797050930265299E-004
  1.011197073562868E-004 -2.053254106397481E-005
  6.374212765134386E-006 -2.386703418840876E-005
          84 -6.651569157870713E-005  4.541012619150275E-004
  7.976700325819036E-005 -3.277078334438785E-005
  2.267044354923369E-006 -2.381324777682576E-005
          85  8.602578145042712E-005  4.860508383879129E-004
  5.884601757587280E-005 -3.483986342679527E-005
 -1.602608833636597E-006 -2.308392704072895E-005
          86  2.502508403720242E-004  4.665657569345803E-004
  4.361979459610256E-005 -2.670575829164903E-005
 -5.293625502051741E-006 -2.157537936309201E-005
          87  4.087399552878421E-004  3.917539810250425E-004
  4.006100836481835E-005 -1.492855433646317E-005
 -8.301522176342627E-006 -1.927192362462014E-005
          88  5.423464493529318E-004  2.638934193192610E-004
  4.543814558004050E-005 -6.831737374900926E-006
 -1.047130464252679E-005 -1.670752549058633E-005
          89  6.338828655590371E-004  9.230355618113224E-005
  5.690826526862581E-005 -3.691079237591131E-006
 -1.201276984549217E-005 -1.405094094818581E-005
          90  6.694187438557988E-004 -1.090950945964463E-004
  7.278968567937123E-005 -8.323012745630199E-006
 -1.302033129295235E-005 -1.143609767574185E-005
          91  6.395830024187240E-004 -3.213438248462537E-004
  9.098500569373427E-005 -2.324366910363886E-005
 -1.348719748141542E-005 -8.770156780591724E-006
          92  5.420227330783233E-004 -5.231264636969561E-004
  1.052728039133025E-004 -5.240482661156344E-005
 -1.322133994196510E-005 -6.372775536525360E-006
          93  3.805247475625255E-004 -6.932560412031303E-004
  1.061545431100416E-004 -9.184771811888066E-005
 -1.269236941484472E-005 -4.585961793068770E-006
          94  1.655446315560773E-004 -8.107334227870842E-004
  9.219815215232293E-005 -1.345692108181628E-004
 -1.214175496790121E-005 -3.129665511725421E-006
          95 -8.451780573090766E-005 -8.590374163891285E-004
  6.213849776326750E-005 -1.766673142989091E-004
 -1.159086267025244E-005 -1.869090689650838E-006
          96 -3.473491877107087E-004 -8.281314974870987E-004
  1.474440062355422E-005 -2.130372134501465E-004
 -1.090916000509108E-005 -7.675666254826414E-007
          97 -5.969921993597449E-004 -7.149215209376129E-004
 -5.060256502448453E-005 -2.364677423715021E-004
 -1.021709348323384E-005 -1.270276085363553E-007
          98 -8.075729975920295E-004 -5.261548592115454E-004
 -1.277938443835805E-004 -2.371251672112366E-004
 -9.955112662915833E-006  4.017512772131664E-007
          99 -9.577252970132713E-004 -2.749505180547476E-004
 -2.078121085651051E-004 -2.135633493650755E-004
 -9.810023118334669E-006  1.160627969638890E-006
         100 -1.027923621905528E-003  2.060809568045490E-005
 -2.851529014961241E-004 -1.641898099034536E-004
 -9.565399912394299E-006  2.034866534383034E-006
         101 -1.003913644784463E-003  3.340050460728815E-004
 -3.508349580506332E-004 -8.778339821113633E-005
 -9.184331630151090E-006  2.890756721385255E-006
         102 -8.813103332343636E-004  6.342456962232575E-004
 -3.949271246721445E-004  1.296979466846511E-005
 -8.882180250790809E-006  3.742121196446827E-006
         103 -6.661960989300955E-004  8.891945294587099E-004
 -4.081998760157719E-004  1.300296448968651E-004
 -8.436555199577895E-006  4.856094845553816E-006
         104 -3.759304665700085E-004  1.069793143641252E-003
 -3.863817034829206E-004  2.534225155403828E-004
 -7.572778625866123E-006  5.970504256736852E-006
         105 -3.624717560441968E-005  1.154164730354415E-003
 -3.271534329035990E-004  3.728246201437041E-004
 -6.428070734425591E-006  6.839980440400473E-006
         106  3.206801526794259E-004  1.128366260940081E-003
 -2.312205619460104E-004  4.759950113246014E-004
 -5.114602307243928E-006  7.407483993393391E-006
         107  6.581787957743719E-004  9.901091521230545E-004
 -1.047514574275508E-004  5.519639400988873E-004
 -3.802173665105186E-006  7.657006853223802E-006
         108  9.407594895429125E-004  7.493535516432440E-004
  4.544310011130781E-005  5.925043607811175E-004
 -2.526353720011640E-006  7.732510672110386E-006
         109  1.136988245895599E-003  4.268989042088334E-004
  2.085410205209559E-004  5.877418851588938E-004
 -1.181668355963310E-006  7.520336426594353E-006
         110  1.223328940357952E-003  5.341608656748638E-005
  3.678398088078441E-004  5.357484205016003E-004
 -2.810503477246616E-008  6.976863934157813E-006
         111  1.186532112436297E-003 -3.343961577578694E-004
  5.107204795854354E-004  4.399005533183897E-004
  8.612759106753495E-007  6.248085355876617E-006
         112  1.024646120524156E-003 -6.948634698633408E-004
  6.257863604551726E-004  3.052640149572156E-004
  1.457508506348432E-006  5.504450470951422E-006
         113  7.523478912508225E-004 -9.855474794678665E-004
  7.021512941414257E-004  1.384571119717949E-004
  2.027412140079820E-006  4.844985134006676E-006
         114  4.001107829171885E-004 -1.173464059692126E-003
  7.266106345076999E-004 -4.745808578917971E-005
  2.459330406226840E-006  3.938443281365488E-006
         115  4.916173612382786E-006 -1.239413099328632E-003
  6.976700449248201E-004 -2.321434026135182E-004
  2.533226118337767E-006  3.068421863624025E-006
         116 -3.924248005254678E-004 -1.174747388109319E-003
  6.202502736612379E-004 -4.024199306334220E-004
  2.454742178250523E-006  2.396847898027989E-006
         117 -7.493763737563068E-004 -9.847608995309004E-004
  4.989506447048456E-004 -5.462410382609645E-004
  2.376811760026805E-006  1.919420991414713E-006
         118 -1.026401029377458E-003 -6.877827379908840E-004
  3.406548070100733E-004 -6.520733125658566E-004
  2.452380495546072E-006  1.315991052544389E-006
         119 -1.191236255369599E-003 -3.164673145496934E-004
  1.583066956486820E-004 -7.053190599688252E-004
  2.206392904127557E-006  5.775854544762998E-007
         120 -1.226360605924756E-003  8.726785037209902E-005
 -2.531976314666817E-005 -7.029195199674052E-004
  1.786653164702022E-006  1.497456064338963E-007
         121 -1.129388181199006E-003  4.798764217754892E-004
 -1.959547539072242E-004 -6.525512491243059E-004
  1.507178059389423E-006 -1.857909143689032E-007
         122 -9.109630653260183E-004  8.196034026796653E-004
 -3.428679744055852E-004 -5.592759018488374E-004
  1.326376185611866E-006 -6.002921993232742E-007
         123 -5.949618532904150E-004  1.069745228879187E-003
 -4.554499002961825E-004 -4.300774779654893E-004
  9.235281671890077E-007 -1.282385639872011E-006
         124 -2.165516567158444E-004  1.203948300016909E-003
 -5.206378485964771E-004 -2.765996021572696E-004
  8.543813781407349E-008 -1.748552928052824E-006
         125  1.838402124416300E-004  1.209799305606750E-003
 -5.344775519535756E-004 -1.208335422936695E-004
 -6.636289244104239E-007 -1.917292323548240E-006
         126  5.640755102505327E-004  1.086150439509577E-003
 -5.057838995001221E-004  2.347219604975517E-005
 -1.476100929472721E-006 -2.136495337035367E-006
         127  8.818888151812586E-004  8.481219239865138E-004
 -4.397039150518826E-004  1.476649577844584E-004
 -2.556050323710327E-006 -2.295678703260103E-006
         128  1.106052051347799E-003  5.240912846801579E-004
 -3.427464458926309E-004  2.420437034182089E-004
 -3.989903394538613E-006 -2.081335998757274E-006
         129  1.216327959035175E-003  1.479932084089258E-004
 -2.257029338422307E-004  2.964123473926327E-004
 -5.339315195367274E-006 -1.205468745435050E-006
         130  1.202868282108476E-003 -2.424655012454553E-004
 -1.073987993234867E-004  3.079393875904699E-004
 -6.399614061197791E-006 -1.346819102812683E-007
         131  1.067339920597328E-003 -6.078125420855217E-004
  9.115979413182647E-007  2.845028973939963E-004
 -7.452616693060288E-006  1.226124536350802E-006
         132  8.238856664312743E-004 -9.098379138950215E-004
  9.205890499806419E-005  2.299305856863464E-004
 -8.279195934483351E-006  3.086819773755631E-006
         133  5.008455691745076E-004 -1.117046818137406E-003
  1.565217715254206E-004  1.507911595189179E-004
 -8.604156610289318E-006  5.378368644104293E-006
         134  1.342471107511501E-004 -1.212326639914785E-003
  1.876594312712144E-004  5.771421488872502E-005
 -8.206427630430147E-006  7.775383947882276E-006
         135 -2.394580139403616E-004 -1.190364683609475E-003
  1.845288720155171E-004 -3.580487144124073E-005
 -7.323213870400780E-006  1.005345421583757E-005
         136 -5.840295078668182E-004 -1.056252579231787E-003
  1.515172228979848E-004 -1.205677794128844E-004
 -5.939440970226162E-006  1.231477970520723E-005
         137 -8.671288294906442E-004 -8.264827580454160E-004
  9.210092064460493E-005 -1.892520768496537E-004
 -3.898984213683552E-006  1.436694620078526E-005
         138 -1.063882160919209E-003 -5.258543897967885E-004
  1.246383008387306E-005 -2.338040964127030E-004
 -1.280328684245506E-006  1.595526450540871E-005
         139 -1.158345695388114E-003 -1.855267686148467E-004
 -7.803476811986262E-005 -2.493719617126999E-004
  1.718950732331319E-006  1.689521941385351E-005
         140 -1.145753333015112E-003  1.609121386102815E-004
 -1.698707565522387E-004 -2.350128770568260E-004
  4.856274140814538E-006  1.717631320560883E-005
         141 -1.031123499965354E-003  4.804556112777229E-004
 -2.543882528167399E-004 -1.917778086905571E-004
  8.016072767539077E-006  1.687898192520320E-005
         142 -8.306956425193315E-004  7.430319381159755E-004
 -3.228802656757987E-004 -1.234677435062239E-004
  1.114837697775119E-005  1.598205002549181E-005
         143 -5.696895318301681E-004  9.277691106619611E-004
 -3.690868066021980E-004 -3.661343245390316E-005
  1.410046800796038E-005  1.448818475331079E-005
         144 -2.763061232898045E-004  1.023834608885789E-003
 -3.895476990394036E-004  6.149160310353495E-005
  1.675902920981138E-005  1.245654440409142E-005
         145  2.018914333479546E-005  1.029685188151327E-003
 -3.825492599994468E-004  1.644870692290462E-004
  1.896943323262606E-005  9.977409217259831E-006
         146  2.931795284792543E-004  9.539435262822555E-004
 -3.450782673644079E-004  2.643899672659921E-004
  2.076600269780660E-005  7.308619455874836E-006
         147  5.230883644273580E-004  8.119044000158892E-004
 -2.808153743453396E-004  3.494642483028599E-004
  2.228842272452351E-005  4.375531397239036E-006
         148  6.965071631403750E-004  6.216092500436298E-004
 -1.977804239192296E-004  4.150404835313480E-004
  2.342433496180930E-005  1.123876262123031E-006
         149  8.065579536602794E-004  4.031960659103799E-004
 -1.007843958090141E-004  4.590348690519813E-004
  2.408937923769947E-005 -2.422378536487468E-006
         150  8.527021790508992E-004  1.760543015431131E-004
  6.389285002887065E-006  4.790734386330345E-004
  2.411100097533996E-005 -6.066309035466329E-006
         151  8.403664268288156E-004 -4.208197783900379E-005
  1.171220084488248E-004  4.686600697691063E-004
  2.379507581734250E-005 -9.720708145240846E-006
         152  7.802878942857939E-004 -2.388675447548957E-004
  2.170211439415535E-004  4.307270466344438E-004
  2.294026507072946E-005 -1.373895018727468E-005
         153  6.832753262510613E-004 -4.089396257644163E-004
  3.042861094352839E-004  3.758684768140230E-004
  2.113321788280231E-005 -1.777740597907141E-005
         154  5.566853118146145E-004 -5.497779039318101E-004
  3.805653464653233E-004  3.037178115279112E-004
  1.842208542329455E-005 -2.150094453922500E-005
         155  4.063679427052760E-004 -6.587807947277419E-004
  4.409944324094533E-004  2.121004291121948E-004
  1.512574909415249E-005 -2.460477825233647E-005
         156  2.382593169019643E-004 -7.334657461300976E-004
  4.738607121194955E-004  1.067901059135146E-004
  1.132534474869928E-005 -2.745331247356745E-005
         157  5.767333462661912E-005 -7.728728744311679E-004
  4.818461625327671E-004  3.377241074420816E-006
  6.483032533867036E-006 -2.959297638269566E-005
         158 -1.320795769468414E-004 -7.745987642269797E-004
  4.729695832226409E-004 -1.017050321326314E-004
  1.299978024255166E-006 -3.041610052872700E-005
         159 -3.260876397410971E-004 -7.339989157204300E-004
  4.385367274541232E-004 -2.078790546561383E-004
 -3.750139834932288E-006 -3.019325833555044E-005
         160 -5.163964621921058E-004 -6.452761387777580E-004
  3.757767717178100E-004 -3.035918186529033E-004
 -8.589183727089537E-006 -2.924196265845128E-005
         161 -6.903758795734206E-004 -5.037938319740749E-004
  2.923319390025082E-004 -3.784411680414558E-004
 -1.346939675097101E-005 -2.746325475019829E-005
         162 -8.305743641460310E-004 -3.088477948611313E-004
  1.976055912090414E-004 -4.343794434821590E-004
 -1.785866505153383E-005 -2.445173941726474E-005
         163 -9.172760916121399E-004 -6.817403403491216E-005
  8.809104038833574E-005 -4.710677511297195E-004
 -2.131444739900017E-005 -2.076895210483117E-005
         164 -9.341677826624747E-004  2.030288477769023E-004
 -3.193566436279391E-005 -4.787325043184451E-004
 -2.399713610173423E-005 -1.669883373968239E-005
         165 -8.688265657087900E-004  4.844240773526542E-004
 -1.516166988883217E-004 -4.545789451580529E-004
 -2.591584620011885E-005 -1.229153721928290E-005
         166 -7.144605110072684E-004  7.494315508702116E-004
 -2.622680592791245E-004 -4.007757580039429E-004
 -2.696301540970303E-005 -7.578293757705019E-006
         167 -4.743699175432666E-004  9.677885446604437E-004
 -3.586508193924991E-004 -3.204774007526904E-004
 -2.693921861641897E-005 -2.880449369061530E-006
         168 -1.624725035669946E-004  1.109828478269448E-003
 -4.341399743352171E-004 -2.143386597203724E-004
 -2.604124800628659E-005  1.454528705260202E-006
         169  1.958108108964646E-004  1.150085164058291E-003
 -4.788884279619176E-004 -8.766390772478297E-005
 -2.446790366595508E-005  5.371352158448236E-006
         170  5.661637790168752E-004  1.073069763538972E-003
 -4.866717877341128E-004  4.925197598342717E-005
 -2.229303889482223E-005  8.792291121825643E-006
         171  9.096294251784566E-004  8.741033393491474E-004
 -4.551520414624227E-004  1.852148737774781E-004
 -1.961697335417835E-005  1.161509352980431E-005
         172  1.183804919815831E-003  5.619183079958113E-004
 -3.851090441832033E-004  3.086305821225309E-004
 -1.659529588332428E-005  1.372266622191645E-005
         173  1.349721543621691E-003  1.620515438684015E-004
 -2.809315578141131E-004  4.078101964500133E-004
 -1.346075864293328E-005  1.508337238004444E-005
         174  1.379232812469760E-003 -2.867766905482534E-004
 -1.509107801189659E-004  4.730523289563262E-004
 -1.039258677604562E-005  1.579648522886739E-005
         175  1.258033994666039E-003 -7.369873765016347E-004
 -5.713726357656413E-006  4.970926113090579E-004
 -7.470634559761261E-006  1.593333279420192E-005
         176  9.892782737206097E-004 -1.137031321448445E-003
  1.413983347669028E-004  4.757113033044176E-004
 -4.796963557356319E-006  1.555841973359649E-005
         177  5.933831194001385E-004 -1.438371439365501E-003
  2.750840951864555E-004  4.090284514091567E-004
 -2.433357107511878E-006  1.475063055805082E-005
         178  1.074089509461149E-004 -1.599849814894821E-003
  3.796728138375723E-004  3.043936027311375E-004
 -5.127051798075751E-007  1.355974487816865E-005
         179 -4.179701403671867E-004 -1.596110167201214E-003
  4.461319351542981E-004  1.745388626278823E-004
  8.939175051840250E-007  1.222850051162697E-005
         180 -9.270564986119946E-004 -1.419588703628326E-003
  4.691141367545778E-004  3.106630580422570E-005
  1.886498635554638E-006  1.088927351462014E-005
         181 -1.362624701648766E-003 -1.080705652768852E-003
  4.448463176465629E-004 -1.118877068245361E-004
  2.507502743780274E-006  9.618753407112574E-006
         182 -1.672532964607680E-003 -6.100152159835865E-004
  3.745239841246089E-004 -2.380916399671530E-004
  2.849314819737870E-006  8.427743342771067E-006
         183 -1.818278756076034E-003 -5.440324672056133E-005
  2.670890618530884E-004 -3.299132592114926E-004
  2.780211671560789E-006  7.411278331140165E-006
         184 -1.777719474125995E-003  5.291955006743503E-004
  1.401134790376779E-004 -3.791431165431871E-004
  2.525156626627788E-006  6.866733802004289E-006
         185 -1.548407127797684E-003  1.077510808890546E-003
  5.608421839533528E-006 -3.848513180544564E-004
  2.394938782064451E-006  6.634299008679904E-006
         186 -1.150036827766332E-003  1.528613541034232E-003
 -1.227976087737675E-004 -3.435454270280634E-004
  2.417119134633929E-006  6.598374043472063E-006
         187 -6.238089432557594E-004  1.830184790298814E-003
 -2.274642241530469E-004 -2.582595357935342E-004
  2.533947421831412E-006  6.619162062869368E-006
         188 -2.751292687137894E-005  1.949028413720727E-003
 -2.906366820544824E-004 -1.418921527659793E-004
  2.785282888186931E-006  6.925094464555818E-006
         189  5.771974421160324E-004  1.875737121399369E-003
 -3.084425038583576E-004 -1.555556365692100E-005
  3.618958456195118E-006  7.233077239438454E-006
         190  1.132326877971788E-003  1.616111742978208E-003
 -2.833594104641947E-004  1.118995277289963E-004
  4.649467147985521E-006  7.097998908234584E-006
         191  1.579445701539065E-003  1.192292887616084E-003
 -2.096403403961364E-004  2.257087927785998E-004
  5.673518390401155E-006  6.690741154919532E-006
         192  1.868643105005054E-003  6.481732470545004E-004
 -9.441193262796432E-005  3.038600552211661E-004
  6.684088903945678E-006  6.107670992830568E-006
         193  1.970281556992925E-003  4.384896268472847E-005
  4.244422627632532E-005  3.314210372827257E-004
  7.867496397826785E-006  5.229422572236742E-006
         194  1.877881428544836E-003 -5.572233402514811E-004
  1.786008232443778E-004  3.104126993678911E-004
  8.789726365462192E-006  3.657558580397495E-006
         195  1.604758432913690E-003 -1.093693101955374E-003
  3.064646126966575E-004  2.449685923684574E-004
  9.062699863634337E-006  1.956575965935263E-006
         196  1.184021089768993E-003 -1.513429267918504E-003
  4.096306467007032E-004  1.317821102927891E-004
  9.001950662758927E-006  3.365293782344002E-007
         197  6.610817581223849E-004 -1.779723614004561E-003
  4.667467100635002E-004 -1.646583683690423E-005
  8.639648214900396E-006 -1.296492570900606E-006
         198  8.857284334709457E-005 -1.870470644402004E-003
  4.686180222531832E-004 -1.777022543948251E-004
  7.848274128322083E-006 -2.962686286326423E-006
         199 -4.760608581112457E-004 -1.780957003472693E-003
  4.185094342563944E-004 -3.318046268711195E-004
  6.453433419280742E-006 -4.323635493278766E-006
         200 -9.775498621358459E-004 -1.524632050737307E-003
  3.218254176672170E-004 -4.669260637156745E-004
  4.809357728385946E-006 -5.101978571565094E-006
         201 -1.367089804295336E-003 -1.131902250403508E-003
  1.831373150867294E-004 -5.682028121668989E-004
  3.136354456333184E-006 -5.445801717474043E-006
         202 -1.609831740978143E-003 -6.484187785568297E-004
  1.673286973545350E-005 -6.210848739045382E-004
  1.442949248717096E-006 -5.370928609451520E-006
         203 -1.689530235471314E-003 -1.262577159258316E-004
 -1.585328867753859E-004 -6.200764595653447E-004
 -1.904678200886088E-007 -4.833716100266003E-006
         204 -1.606332680713396E-003  3.821031314024906E-004
 -3.251280776587171E-004 -5.672174355954277E-004
 -1.579500486381714E-006 -3.794860860506103E-006
         205 -1.377152333036834E-003  8.275960209005892E-004
 -4.688739810294903E-004 -4.686980780600131E-004
 -2.506128929875807E-006 -2.406444314281649E-006
         206 -1.032846248162100E-003  1.171333882870997E-003
 -5.777556332846500E-004 -3.337193198874280E-004
 -2.945027991485291E-006 -9.020839545034096E-007
         207 -6.131479777335572E-004  1.386788650468987E-003
 -6.429816567170001E-004 -1.745689075664981E-004
 -2.948441710232464E-006  6.070285374497938E-007
         208 -1.629223071799866E-004  1.462355845014832E-003
 -6.597890453024471E-004 -5.504765411876761E-006
 -2.532084646371589E-006  2.015550889151544E-006
         209  2.749305014479790E-004  1.401040468792182E-003
 -6.274448781620127E-004  1.582743387353138E-004
 -1.770290664227134E-006  3.225879074628886E-006
         210  6.613222454151340E-004  1.216301413107474E-003
 -5.510195089480906E-004  3.001271624019282E-004
 -6.794501416158208E-007  4.176942564987513E-006
         211  9.628532588044910E-004  9.339867305286189E-004
 -4.441411093977234E-004  4.093748006550734E-004
  5.974038931962759E-007  4.696699864243296E-006
         212  1.158895129365509E-003  5.882872503383543E-004
 -3.173804801109689E-004  4.835033954459501E-004
  1.840788852914237E-006  4.849873416665050E-006
         213  1.240832380283938E-003  2.152833234913368E-004
 -1.796005119122282E-004  5.183001766890091E-004
  2.987598938920406E-006  4.735791012769373E-006
         214  1.211922197592458E-003 -1.494765811546496E-004
 -4.366733005439796E-005  5.113443225225103E-004
  4.014628978055146E-006  4.486163638399303E-006
         215  1.086085218764908E-003 -4.767140751955769E-004
  7.448555295037475E-005  4.665906601533776E-004
  5.020789277695214E-006  4.036884641505892E-006
         216  8.818187884549056E-004 -7.443956697186493E-004
  1.659914861306409E-004  3.985138274601599E-004
  5.775919067357841E-006  3.404703441551848E-006
         217  6.230702790816049E-004 -9.364358712322801E-004
  2.326095381059147E-004  3.154117332528211E-004
  6.354811833755623E-006  2.891711667182956E-006
         218  3.358729530885686E-004 -1.048137109279145E-003
  2.701961200445580E-004  2.215926325047070E-004
  6.975852622898888E-006  2.461470710877197E-006
         219  4.024419374881916E-005 -1.082050525487624E-003
  2.756228463958489E-004  1.276632858194806E-004
  7.775494374142266E-006  2.010278894241365E-006
         220 -2.469575516179295E-004 -1.041713116295732E-003
  2.521056508418176E-004  4.693862921132453E-005
  8.643233661779365E-006  1.314049208273021E-006
         221 -5.102708312621867E-004 -9.330181939315389E-004
  2.118403091319242E-004 -1.394782039140441E-005
  9.464062450180040E-006  5.412094294805863E-007
         222 -7.344082589739703E-004 -7.636462705408718E-004
  1.603644800810853E-004 -5.746020496704844E-005
  1.050209203472864E-005 -4.040529041608348E-007
         223 -9.058856785420104E-004 -5.481668043437331E-004
  1.006696202235452E-004 -7.865070173551602E-005
  1.160050350263316E-005 -1.801731847481232E-006
         224 -1.020329628629736E-003 -3.025576280366420E-004
  4.319998690669689E-005 -7.579822765084858E-005
  1.254356279035087E-005 -3.718806469059317E-006
         225 -1.076497965579994E-003 -3.817533545427308E-005
 -3.268656159009355E-006 -5.387466415986214E-005
  1.306232308500980E-005 -6.080595213685525E-006
         226 -1.072692529856151E-003  2.355539440747334E-004
 -3.538162118449455E-005 -2.125745920466416E-005
  1.315593459800062E-005 -8.681687248290988E-006
         227 -1.005613735411404E-003  5.090946376772147E-004
 -5.579913068343036E-005  1.897655023006280E-005
  1.273175157991178E-005 -1.166203383277833E-005
         228 -8.717102459384484E-004  7.691558297682192E-004
 -5.972760368040389E-005  6.681074737854038E-005
  1.145362903897113E-005 -1.482219123033134E-005
         229 -6.711096337642383E-004  9.995586734453195E-004
 -4.293864976553088E-005  1.133657794313271E-004
  9.270264410892923E-006 -1.780981163000258E-005
         230 -4.071545669326900E-004  1.182227601162441E-003
 -9.232092652131705E-006  1.495103246951278E-004
  6.261339918221716E-006 -2.030419426398487E-005
         231 -9.037940427778381E-005  1.296822513334757E-003
  3.312032333348620E-005  1.712428823931174E-004
  2.677739403603050E-006 -2.217414644426262E-005
         232  2.606432942804511E-004  1.327742619095959E-003
  7.955422402849743E-005  1.820962967517975E-004
 -1.497650184471769E-006 -2.333727182087998E-005
         233  6.252785021877480E-004  1.264807428393468E-003
  1.315856663828954E-004  1.807145189456701E-004
 -6.094155132215356E-006 -2.343275506671584E-005
         234  9.792258849988550E-004  1.100387281229634E-003
  1.840765380965542E-004  1.625457422572696E-004
 -1.067241269282258E-005 -2.235853329348664E-005
         235  1.293234179006778E-003  8.335665037953897E-004
  2.299813446933077E-004  1.296637494028605E-004
 -1.486748365443219E-005 -2.019571937128483E-005
         236  1.535905053362913E-003  4.719234621920553E-004
  2.661968823833019E-004  8.729405373910954E-005
 -1.844061295934137E-005 -1.719283477099477E-005
         237  1.675575577292404E-003  3.451862015356339E-005
  2.946898906485853E-004  3.896798287595630E-005
 -2.131550173189430E-005 -1.345947983103637E-005
         238  1.687319350859775E-003 -4.480445595715632E-004
  3.159901993316994E-004 -1.728452168019127E-005
 -2.319041048618877E-005 -9.119323289340248E-006
         239  1.554831198079172E-003 -9.376174456277478E-004
  3.261410941202250E-004 -8.123109008321686E-005
 -2.390978792064534E-005 -4.602547673062846E-006
         240  1.273409197200839E-003 -1.387957994151904E-003
  3.230295524492574E-004 -1.500098660612933E-004
 -2.358035491188451E-005 -2.713367642604380E-007
         241  8.561593468961323E-004 -1.750895711744005E-003
  3.056707691290981E-004 -2.214684506648630E-004
 -2.238172379498009E-005  3.655806412089709E-006
         242  3.318341341118682E-004 -1.984598618597003E-003
  2.724772183832031E-004 -2.934756336572700E-004
 -2.047107879700778E-005  7.038800542406653E-006
         243 -2.585292764543710E-004 -2.056936435008220E-003
  2.221817090369785E-004 -3.638507010935273E-004
 -1.798758972864687E-005  9.725034165241317E-006
         244 -8.643672340434286E-004 -1.948638170814811E-003
  1.505923787129300E-004 -4.296065604110148E-004
 -1.519816996418456E-005  1.155209513139772E-005
         245 -1.428796321189069E-003 -1.655995733608643E-003
  5.482683395441675E-005 -4.810905839732347E-004
 -1.243856481813345E-005  1.254813720889404E-005
         246 -1.893218205268655E-003 -1.194709630195904E-003
 -6.015990060963138E-005 -5.074047984189490E-004
 -9.975266405745468E-006  1.284089276382091E-005
         247 -2.206469472640451E-003 -6.000154624934946E-004
 -1.842349362300494E-004 -5.038519016806603E-004
 -7.980241320937706E-006  1.275418384081227E-005
         248 -2.329501157306256E-003  7.832599412220233E-005
 -3.134280621707768E-004 -4.702636498118273E-004
 -6.346349491175189E-006  1.244882435947805E-005
         249 -2.239348601135246E-003  7.780318153857894E-004
 -4.414633445869427E-004 -3.974508526264152E-004
 -5.180751158931829E-006  1.202431215353989E-005
         250 -1.934611268542368E-003  1.430374823965373E-003
 -5.499276082832458E-004 -2.838565276494286E-004
 -4.401006640478282E-006  1.179639793531220E-005
         251 -1.436410291721679E-003  1.968291362375328E-003
 -6.260823943221497E-004 -1.392405645622641E-004
 -3.780094350474498E-006  1.188869450323563E-005
         252 -7.875548066452101E-004  2.333356007088752E-003
 -6.639509324969612E-004  2.618387726100329E-005
 -3.006272250542823E-006  1.229236725744354E-005
         253 -4.871573998666913E-005  2.484221930137984E-003
 -6.586530193089072E-004  2.060747806915244E-004
 -1.965396227926669E-006  1.273748131074273E-005
         254  7.094750627013788E-004  2.400883783510086E-003
 -5.992741529000817E-004  3.892247142314635E-004
 -7.280031101959421E-007  1.318590303865792E-005
         255  1.413292216281980E-003  2.086348866055689E-003
 -4.841190887914900E-004  5.531621259937025E-004
  8.476862605574925E-007  1.353420424431270E-005
         256  1.993106240974874E-003  1.565721581351617E-003
 -3.233788406677541E-004  6.811614701778305E-004
  2.719405629378887E-006  1.356080139454970E-005
