   409.600000000000     
         256           1           3
  1.124309127438499E-002   38.6806708815940        115.659532546646     
   39.0000000000000        116.000000000000        6351.00000000000     
           0  0.000000000000000E+000  0.000000000000000E+000
  0.000000000000000E+000  0.000000000000000E+000
  0.000000000000000E+000  0.000000000000000E+000
           1  3.417649728014782E-005 -7.360838858897555E-007
  2.525134902294070E-005 -3.430357519001332E-007
 -4.426162207081059E-005  4.525273197597233E-007
           2  3.553807029548968E-005 -1.518426981391197E-006
  2.593600318256899E-005 -6.525150254478619E-007
 -4.496730202639652E-005  9.716247257686150E-007
           3  3.801056614395058E-005 -2.862051151421466E-006
  2.723153408110299E-005 -9.179366806669145E-007
 -4.613438129107659E-005  1.698020675081996E-006
           4  4.149534666255396E-005 -5.268689378764645E-006
  2.936593948677282E-005 -1.244397594590589E-006
 -4.772289107698978E-005  2.720980077985527E-006
           5  4.572760254846248E-005 -9.232583760736022E-006
  3.259376900388991E-005 -1.933983339032331E-006
 -4.970660412192915E-005  4.141432390181991E-006
           6  5.029520186481250E-005 -1.523010371875539E-005
  3.702699511080141E-005 -3.370378906577223E-006
 -5.201316225550302E-005  6.024790247872198E-006
           7  5.455836689693180E-005 -2.365625810619584E-005
  4.281778305639575E-005 -6.162110536337572E-006
 -5.467931566718930E-005  8.474918526086167E-006
           8  5.776146946107396E-005 -3.469546215449638E-005
  4.969367303286972E-005 -1.118161381070107E-005
 -5.762327816575229E-005  1.174961551061684E-005
           9  5.907274546058164E-005 -4.845425186626034E-005
  5.695299465990950E-005 -1.892319410628168E-005
 -6.056478389974547E-005  1.593244662336225E-005
          10  5.745645703658800E-005 -6.485629102864139E-005
  6.399737435652677E-005 -2.990673574774115E-005
 -6.335492796160887E-005  2.106891810705679E-005
          11  5.166471059448238E-005 -8.351944115040155E-005
  6.994549077287207E-005 -4.441764887835324E-005
 -6.582768769579638E-005  2.711406914699028E-005
          12  4.042938535363834E-005 -1.035084227590714E-004
  7.418302424039337E-005 -6.281369597715316E-005
 -6.809825744259017E-005  3.414475299781411E-005
          13  2.272043534048581E-005 -1.234500238240065E-004
  7.462475284653108E-005 -8.611030063699517E-005
 -6.964017508488363E-005  4.279976984660538E-005
          14 -2.287007618801081E-006 -1.416459073163773E-004
  6.897081431546141E-005 -1.129320154422473E-004
 -6.966837154864539E-005  5.268645340015838E-005
          15 -3.518409747266048E-005 -1.558898570945534E-004
  5.572820185281601E-005 -1.414056462235145E-004
 -6.780142782758763E-005  6.317107325976556E-005
          16 -7.601318066733615E-005 -1.634060610450102E-004
  3.484641800349722E-005 -1.695726422908126E-004
 -6.442515348289357E-005  7.370844496356024E-005
          17 -1.239431450905550E-004 -1.608538100123310E-004
  5.368131561605162E-006 -1.975511620312482E-004
 -5.949829831917559E-005  8.501758363429591E-005
          18 -1.768535937561149E-004 -1.449199482077791E-004
 -3.551191369219016E-005 -2.213989250504232E-004
 -5.182963466327310E-005  9.618809475948976E-005
          19 -2.316183457647141E-004 -1.122485763215095E-004
 -8.632909311231188E-005 -2.369078756022525E-004
 -4.198267292007046E-005  1.061938452886330E-004
          20 -2.831862221431144E-004 -5.982795030939846E-005
 -1.454225973905822E-004 -2.414072287735626E-004
 -3.045047383871363E-005  1.148772482785081E-004
          21 -3.244903854295117E-004  1.398492041336196E-005
 -2.103334818585058E-004 -2.322761473082383E-004
 -1.772914056538966E-005  1.222847357806204E-004
          22 -3.466769011696369E-004  1.078953694408735E-004
 -2.797310869811798E-004 -2.066316988023235E-004
 -3.194506243339007E-006  1.284381692489323E-004
          23 -3.411051488729860E-004  2.169174060386216E-004
 -3.482378758120554E-004 -1.602419097615401E-004
  1.266274612944420E-005  1.324041658896706E-004
          24 -3.001825839072764E-004  3.328827380100794E-004
 -4.091112434539204E-004 -9.305593007200308E-005
  2.927589714593351E-005  1.345519797617342E-004
          25 -2.183508397007319E-004  4.435745951532663E-004
 -4.565753038948651E-004 -5.549789170679813E-006
  4.690765483350665E-005  1.346617270308016E-004
          26 -9.525181924811603E-005  5.335239220781090E-004
 -4.837926148192533E-004  9.953796095538488E-005
  6.549605206867898E-005  1.324820823997227E-004
          27  6.342757039500955E-005  5.868344637381912E-004
 -4.838488188797558E-004  2.177885308130001E-004
  8.469188060727699E-005  1.273061746288591E-004
          28  2.452424361437455E-004  5.892324332763759E-004
 -4.506510048358534E-004  3.404520557929706E-004
  1.038241056239586E-004  1.190257174054728E-004
          29  4.320614145016983E-004  5.319697636121188E-004
 -3.829591145159446E-004  4.565192872216817E-004
  1.227097533885906E-004  1.074024969212803E-004
          30  6.030819492140487E-004  4.129545970510416E-004
 -2.824949104138132E-004  5.557033080964123E-004
  1.404170453843383E-004  9.190610197673695E-005
          31  7.364627793871195E-004  2.379224641060014E-004
 -1.543994974363264E-004  6.278647841770135E-004
  1.558548000662943E-004  7.269241969735132E-005
          32  8.135035798918993E-004  2.140244742014177E-005
 -7.180097581827021E-006  6.646720004524411E-004
  1.681086971144227E-004  5.023817426975188E-005
          33  8.223963752561631E-004 -2.164874917278467E-004
  1.478547611590575E-004  6.607635071206186E-004
  1.764129552752280E-004  2.517249613746848E-005
          34  7.587092524249817E-004 -4.528823616222323E-004
  2.978019603480861E-004  6.151682450976908E-004
  1.800232550080023E-004 -1.683790641395208E-006
          35  6.262051313195590E-004 -6.650582316476332E-004
  4.304795526169623E-004  5.313329867747760E-004
  1.784817806604931E-004 -2.911538436971324E-005
          36  4.352077808256847E-004 -8.332308193864608E-004
  5.356413450016731E-004  4.162090263680251E-004
  1.717988347056582E-004 -5.587809127567779E-005
          37  2.018519232421827E-004 -9.418208325565515E-004
  6.057325754610293E-004  2.796624004840761E-004
  1.604275460893392E-004 -8.099357251641970E-005
          38 -5.428123518934385E-005 -9.819464282517100E-004
  6.374705136189516E-004  1.326208631309840E-004
  1.443711065870682E-004 -1.035788591023650E-004
          39 -3.130050467897959E-004 -9.507388134145001E-004
  6.296658103938550E-004 -1.403424052115334E-005
  1.245085782627501E-004 -1.221297379157942E-004
          40 -5.543977825195679E-004 -8.508891192824086E-004
  5.848955823843405E-004 -1.485126890872056E-004
  1.023065900243560E-004 -1.363297607671605E-004
          41 -7.605255722666419E-004 -6.907708063624945E-004
  5.097034326887628E-004 -2.618680840109934E-004
  7.852632617957174E-005 -1.459645927588841E-004
          42 -9.171092115487622E-004 -4.828921743992221E-004
  4.123340483424772E-004 -3.471385667786203E-004
  5.399470857499570E-005 -1.510908257603027E-004
          43 -1.013685574091479E-003 -2.432499328003211E-004
  3.019609110340202E-004 -4.016337248440091E-004
  2.963693440337519E-005 -1.510985199873085E-004
          44 -1.045985638385448E-003  1.001818195070939E-005
  1.864598309258389E-004 -4.234379349410828E-004
  7.487194398037804E-006 -1.465814258093037E-004
          45 -1.015073297162508E-003  2.602662686467604E-004
  7.696762737667127E-005 -4.129978696123013E-004
 -1.248970348890955E-005 -1.391252266686727E-004
          46 -9.252408486985672E-004  4.925158636066605E-004
 -1.888286435735540E-005 -3.758883420114395E-004
 -2.998959205753937E-005 -1.287116503484955E-004
          47 -7.842434143061610E-004  6.936743882822426E-004
 -9.540757962208163E-005 -3.180821457102099E-004
 -4.446533304218450E-005 -1.157432457090123E-004
          48 -6.019079476346433E-004  8.536377083906713E-004
 -1.496080211125507E-004 -2.459525085436184E-004
 -5.487492786105853E-005 -1.010687122315268E-004
          49 -3.900292046814358E-004  9.642255346766311E-004
 -1.779283300643991E-004 -1.647361335714276E-004
 -6.156253055435891E-005 -8.700411597718189E-005
          50 -1.624102754220500E-004  1.021392948024978E-003
 -1.788423255080756E-004 -8.524355411523679E-005
 -6.609633820928955E-005 -7.308779546860780E-005
          51  6.775191218158111E-005  1.024917078578698E-003
 -1.574140850765348E-004 -1.471928585324094E-005
 -6.766322631410008E-005 -5.923488152947077E-005
          52  2.883126594784647E-004  9.775615282205381E-004
 -1.176421917623904E-004  4.289175716749520E-005
 -6.618669508104943E-005 -4.661850856934710E-005
          53  4.887394462838776E-004  8.845193266754157E-004
 -6.411292243624570E-005  8.418526093239195E-005
 -6.206807431356896E-005 -3.633989664014788E-005
          54  6.605552553541616E-004  7.528507616575875E-004
  1.056033882281327E-007  1.055563543573717E-004
 -5.735214225653606E-005 -2.874485927269969E-005
          55  7.972963296748405E-004  5.905973110335626E-004
  6.654737096063653E-005  1.034465621706410E-004
 -5.198227756593206E-005 -2.254271365725820E-005
          56  8.944215119266718E-004  4.066930915007448E-004
  1.276400658300062E-004  8.111690866961908E-005
 -4.552608533194379E-005 -1.867569091100085E-005
          57  9.495118386745628E-004  2.106763609003747E-004
  1.798355028813774E-004  4.117237233083256E-005
 -3.924577220489563E-005 -1.749254654588034E-005
          58  9.627713615997793E-004  1.178229316656838E-005
  2.195432916338390E-004 -1.311847407427938E-005
 -3.422456093507876E-005 -1.894771858023498E-005
          59  9.358536996458357E-004 -1.817972625624073E-004
  2.431349005799728E-004 -7.976381815813768E-005
 -3.118890863374304E-005 -2.155455056985094E-005
          60  8.718701507475623E-004 -3.625291729563544E-004
  2.458721482052261E-004 -1.528144374413072E-004
 -2.926178491845012E-005 -2.497488565854330E-005
          61  7.750697636238529E-004 -5.240630216417449E-004
  2.289363169680873E-004 -2.248935850817048E-004
 -2.937434030611378E-005 -2.972068827505151E-005
          62  6.505855880166181E-004 -6.611134253694542E-004
  1.935776937001962E-004 -2.925549711905720E-004
 -3.197981865046252E-005 -3.447647959260683E-005
          63  5.043106357675296E-004 -7.695936545773958E-004
  1.412719731535144E-004 -3.515263770552384E-004
 -3.684160257565019E-005 -3.844709037429415E-005
          64  3.425273741225208E-004 -8.471052470433908E-004
  7.405347014240454E-005 -3.979132303508970E-004
 -4.342343674228352E-005 -4.103151654974769E-005
          65  1.709785970405718E-004 -8.922903034452684E-004
 -4.278691173130684E-006 -4.270435166288915E-004
 -5.146060192219348E-005 -4.227350146227293E-005
          66 -4.491283228771891E-006 -9.043667298412110E-004
 -8.779661887659592E-005 -4.379226920491253E-004
 -6.090978541211232E-005 -4.115388300572521E-005
          67 -1.780800389587833E-004 -8.834950649589517E-004
 -1.728554560331435E-004 -4.305118897220719E-004
 -7.052783433105212E-005 -3.737180986768181E-005
          68 -3.438781252051889E-004 -8.305326642138799E-004
 -2.553628908507065E-004 -4.048297238529656E-004
 -7.967464783303561E-005 -3.123660862306003E-005
          69 -4.960426597917567E-004 -7.479038541319228E-004
 -3.312622388905198E-004 -3.622164919393432E-004
 -8.795135472852916E-005 -2.277584444296016E-005
          70 -6.299795801757621E-004 -6.389726771103068E-004
 -3.970708295675640E-004 -3.043526479755164E-004
 -9.430468297636480E-005 -1.219863326410972E-005
          71 -7.417653586549372E-004 -5.072893916811727E-004
 -4.489359831573639E-004 -2.344963457536626E-004
 -9.847396099089686E-005 -7.872283740128703E-007
          72 -8.280387537049827E-004 -3.568267075754411E-004
 -4.857567077091066E-004 -1.574167402086771E-004
 -1.009339614369688E-004  1.128843530948674E-005
          73 -8.858714773896258E-004 -1.915091480214261E-004
 -5.075068230111289E-004 -7.562717086943468E-005
 -1.014373633784675E-004  2.374332040465338E-005
          74 -9.120210896425740E-004 -1.631690327069537E-005
 -5.140889933296175E-004  8.072964872598789E-006
 -9.967722589280126E-005  3.609966673296877E-005
          75 -9.051077142259199E-004  1.630828678061140E-004
 -5.042576226107050E-004  9.088929536439272E-005
 -9.655977047793397E-005  4.723750305304202E-005
          76 -8.632190345559503E-004  3.414081044804212E-004
 -4.795312651612827E-004  1.672052095228816E-004
 -9.314064840620695E-005  5.833533572492323E-005
          77 -7.855729735128949E-004  5.105164828294136E-004
 -4.447184673131548E-004  2.362413580987621E-004
 -8.789531024978541E-005  6.972545895067658E-005
          78 -6.753631803883327E-004  6.629300020070111E-004
 -3.997912453204393E-004  2.977607297527092E-004
 -8.103355260791083E-005  8.036110058404142E-005
          79 -5.360808034637339E-004  7.936493903435960E-004
 -3.461301683499566E-004  3.499883396159037E-004
 -7.297223678971700E-005  8.992110010515609E-005
          80 -3.709917948853812E-004  8.975089508656847E-004
 -2.855900489766040E-004  3.907757345531009E-004
 -6.439329153185973E-005  9.877126098968456E-005
          81 -1.839082906009913E-004  9.694348469569613E-004
 -2.229904297123253E-004  4.193928095258365E-004
 -5.426748023787484E-005  1.077656701810228E-004
          82  1.999428767065834E-005  1.003005287397831E-003
 -1.591790746585691E-004  4.394705604833330E-004
 -4.213137392603900E-005  1.150536420390901E-004
          83  2.317373188511913E-004  9.932859003379789E-004
 -9.353328967478927E-005  4.494121868385063E-004
 -2.936072128342229E-005  1.204214709687061E-004
          84  4.416677429329699E-004  9.388506250273040E-004
 -2.909681245155295E-005  4.483186572063910E-004
 -1.621839654846793E-005  1.244219529909813E-004
          85  6.407431196185158E-004  8.400077487428001E-004
  3.166648569708127E-005  4.372660570754798E-004
 -2.639846022872726E-006  1.274758543186684E-004
          86  8.196616729356354E-004  6.984636138299127E-004
  8.666729333265823E-005  4.196041716806577E-004
  1.236780348241419E-005  1.288963657967352E-004
          87  9.694015085780033E-004  5.177154366863774E-004
  1.386093583569515E-004  3.966902533489502E-004
  2.742580354390431E-005  1.276134891525062E-004
          88  1.080705502426453E-003  3.031575476437205E-004
  1.864171703619012E-004  3.662879111122554E-004
  4.170139648757089E-005  1.247940967197539E-004
          89  1.145843180866320E-003  6.300346448443376E-005
  2.273989964538961E-004  3.303685745610725E-004
  5.581960916777895E-005  1.206330853553557E-004
          90  1.158539173507488E-003 -1.937497233731528E-004
  2.611962649848282E-004  2.909897273098801E-004
  6.999112347055053E-005  1.150285046599337E-004
          91  1.113383026355257E-003 -4.555278893709911E-004
  2.895760958371485E-004  2.506622945394148E-004
  8.384480165385921E-005  1.069368844047966E-004
          92  1.008542507995531E-003 -7.088454737449454E-004
  3.145182483509338E-004  2.072166400523020E-004
  9.584633585968113E-005  9.696622637823210E-005
          93  8.449349894714619E-004 -9.403274913818429E-004
  3.324163827836498E-004  1.597279466591848E-004
  1.068140062167940E-004  8.640742635041672E-005
          94  6.261834514769894E-004 -1.135439612819552E-003
  3.430925518448792E-004  1.115930445847242E-004
  1.170821111181081E-004  7.442351228151937E-005
          95  3.606273642767806E-004 -1.280477183349704E-003
  3.477897427378521E-004  6.349454958293996E-005
  1.261780984206685E-004  6.070176156351658E-005
          96  5.925722866338233E-005 -1.363733307885843E-003
  3.473603477789202E-004  1.481608734185659E-005
  1.331333375012987E-004  4.543967771553511E-005
          97 -2.629621894331153E-004 -1.375288865897174E-003
  3.397508543813313E-004 -3.600090884097824E-005
  1.380151884347133E-004  3.010130961094834E-005
          98 -5.882448781716752E-004 -1.310504509532999E-003
  3.226325754629560E-004 -8.517463274707065E-005
  1.420089700187013E-004  1.387540072867977E-005
          99 -8.996351386615853E-004 -1.168360599017025E-003
  2.981109489620363E-004 -1.314360136663771E-004
  1.438027064092049E-004 -3.753431504409301E-006
         100 -1.178166302562854E-003 -9.500170180397320E-004
  2.652266180865179E-004 -1.747940117075540E-004
  1.428448751716620E-004 -2.182288381939000E-005
         101 -1.403638964053498E-003 -6.628857158523812E-004
  2.229191790879890E-004 -2.130870881566096E-004
  1.392116997844849E-004 -3.969403774100404E-005
         102 -1.557933664300497E-003 -3.201955939535703E-004
  1.706091170857435E-004 -2.425911901839941E-004
  1.332825273911616E-004 -5.730914095575227E-005
         103 -1.626436270206829E-003  5.923579093412373E-005
  1.112408395965370E-004 -2.595452088732252E-004
  1.241312738518493E-004 -7.435741727493235E-005
         104 -1.600819403159563E-003  4.528252131824309E-004
  4.756344392210491E-005 -2.621247564273768E-004
  1.120827103065647E-004 -8.935784598994722E-005
         105 -1.478314505935112E-003  8.370935562508568E-004
 -1.703795184441266E-005 -2.478342619968646E-004
  9.806565565210850E-005 -1.020312521432105E-004
         106 -1.261932505896119E-003  1.187116774318020E-003
 -7.694560081445261E-005 -2.157528581423031E-004
  8.223499713625318E-005 -1.122053861724429E-004
         107 -9.621586006701605E-004  1.479543993783955E-003
 -1.275380456076441E-004 -1.671171510051810E-004
  6.534200070966617E-005 -1.189999658288495E-004
         108 -5.945704699507677E-004  1.694640964652190E-003
 -1.631151058832226E-004 -1.030209150020180E-004
  4.888342200277662E-005 -1.229875433965483E-004
         109 -1.796092666961551E-004  1.816520265605768E-003
 -1.773323146788033E-004 -2.964765758596803E-005
  3.236128482810066E-005 -1.249662577149285E-004
         110  2.587959390342691E-004  1.835201607809028E-003
 -1.698382048892739E-004  4.605900660948289E-005
  1.605464787071260E-005 -1.242874496734792E-004
         111  6.948153109043009E-004  1.745884001475592E-003
 -1.403023445465418E-004  1.192968182759067E-004
  7.869009608396682E-007 -1.209348963191401E-004
         112  1.099941498770608E-003  1.550913637328576E-003
 -8.855755894217264E-005  1.848416394744332E-004
 -1.249636794372618E-005 -1.157102999217058E-004
         113  1.447821367261150E-003  1.262291137729219E-003
 -1.451567883385558E-005  2.353805105165298E-004
 -2.458062126851362E-005 -1.098602294067194E-004
         114  1.718554032982676E-003  8.976075636050230E-004
  7.489027622740672E-005  2.620891144545911E-004
 -3.566043371863527E-005 -1.020847675810681E-004
         115  1.896304267715223E-003  4.764491810235287E-004
  1.721422995111706E-004  2.641607874103477E-004
 -4.425417112497452E-005 -9.304775382377020E-005
         116  1.969280759696346E-003  2.263943999259116E-005
  2.732415277942582E-004  2.396357324964246E-004
 -5.053292756036615E-005 -8.410245899118011E-005
         117  1.931819603110148E-003 -4.374997733605603E-004
  3.718004768689959E-004  1.857850265268092E-004
 -5.528452354613418E-005 -7.605888473687826E-005
         118  1.785428367644687E-003 -8.755761926854949E-004
  4.588838180360601E-004  1.001576971370692E-004
 -5.983530856456660E-005 -6.804149408281879E-005
         119  1.540571355073929E-003 -1.265775402660140E-003
  5.219866656680722E-004 -1.193630208348705E-005
 -6.256965190488330E-005 -5.950185972301252E-005
         120  1.212326001662606E-003 -1.587456890001646E-003
  5.572457388323948E-004 -1.413197750403295E-004
 -6.359780219499378E-005 -5.247852934738125E-005
         121  8.190007700865472E-004 -1.823315468565218E-003
  5.614984480762404E-004 -2.841954652365324E-004
 -6.466933449802952E-005 -4.681561875148799E-005
         122  3.833170395750582E-004 -1.960537530989028E-003
  5.292342608373526E-004 -4.334731339320612E-004
 -6.640840642126983E-005 -4.172015827350343E-005
         123 -6.953804423480976E-005 -1.993008695473518E-003
  4.558128950148825E-004 -5.789755723651647E-004
 -6.802738851275440E-005 -3.587072910255042E-005
         124 -5.147412104610226E-004 -1.921250877250058E-003
  3.434900313727632E-004 -7.059329878803300E-004
 -6.845608808936063E-005 -3.065821638502758E-005
         125 -9.285930769158952E-004 -1.750550852042101E-003
  2.012127714562655E-004 -8.069751905024495E-004
 -6.972880451269664E-005 -2.655744543242712E-005
         126 -1.289028169158651E-003 -1.493011850571717E-003
  3.221293336892192E-005 -8.770020126980875E-004
 -7.173595535083463E-005 -2.182027415106749E-005
         127 -1.579987748948669E-003 -1.164399467232194E-003
 -1.569080524119594E-004 -9.074382335589253E-004
 -7.356940761240145E-005 -1.614368739929085E-005
         128 -1.787996475702657E-003 -7.821666671567642E-004
 -3.552457378545715E-004 -8.914538927243288E-004
 -7.442725117866269E-005 -1.023756650919394E-005
         129 -1.903862240175614E-003 -3.673312241928843E-004
 -5.480357301248387E-004 -8.279391269901689E-004
 -7.540825337750381E-005 -5.018122700839953E-006
         130 -1.924142909924553E-003  5.779086600505788E-005
 -7.258082464545397E-004 -7.225200576718889E-004
 -7.688234678853834E-005  1.315288816968528E-006
         131 -1.851109533250757E-003  4.710831901444304E-004
 -8.807906996427370E-004 -5.764553674684460E-004
 -7.727243921604225E-005  8.547184776410008E-006
         132 -1.692855282955393E-003  8.532393776409297E-004
 -1.001467758903968E-003 -3.948825083664466E-004
 -7.668848255445837E-005  1.578789627429345E-005
         133 -1.459117786314389E-003  1.189160579440937E-003
 -1.079261662359581E-003 -1.875626054666249E-004
 -7.549444583252021E-005  2.291582832028080E-005
         134 -1.161498506368010E-003  1.464310374441747E-003
 -1.109256755866895E-003  3.346618470817787E-005
 -7.389318652772548E-005  3.045888097975845E-005
         135 -8.155266475129971E-004  1.667145545596414E-003
 -1.090841372310797E-003  2.575988827784441E-004
 -7.092595973956967E-005  3.827680156513641E-005
         136 -4.381498975399599E-004  1.790326257480176E-003
 -1.023194108218953E-003  4.743075515393546E-004
 -6.686900756019742E-005  4.549773637979075E-005
         137 -4.750520167891623E-005  1.830022002076159E-003
 -9.090376338406812E-004  6.711509193624621E-004
 -6.216687373195308E-005  5.232013339376437E-005
         138  3.382053957916907E-004  1.787315894428078E-003
 -7.551687600533274E-004  8.378894427975902E-004
 -5.663583617141245E-005  5.881500240294196E-005
         139  7.027220658910091E-004  1.666765277034257E-003
 -5.699820742732546E-004  9.667894175264381E-004
 -5.016581772104030E-005  6.471107034194830E-005
         140  1.031395431193421E-003  1.476096769539634E-003
 -3.631160937778933E-004  1.052195775975688E-003
 -4.305202867200492E-005  6.981462344139988E-005
         141  1.313137170034624E-003  1.225005701894907E-003
 -1.453899918335790E-004  1.091174720255575E-003
 -3.525389220577617E-005  7.428121094263665E-005
         142  1.538174777952880E-003  9.229396520585753E-004
  7.290167027651895E-005  1.083516966923053E-003
 -2.665539070737516E-005  7.777506041859648E-005
         143  1.697356028678609E-003  5.818143612637116E-004
  2.817970946433536E-004  1.030788483896567E-003
 -1.755554050438772E-005  7.990905932321786E-005
         144  1.784897377213126E-003  2.152302922922964E-004
  4.716787020992466E-004  9.364911983691136E-004
 -8.593805897534477E-006  8.075003976879710E-005
         145  1.797027945310118E-003 -1.632876606469889E-004
  6.332466448355542E-004  8.071070660573997E-004
  3.515618591563319E-007  8.097222859505121E-005
         146  1.731910769149930E-003 -5.389150762819724E-004
  7.617667008555387E-004  6.523563112252156E-004
  9.750366964598399E-006  7.985259517509028E-005
         147  1.591189983869986E-003 -8.965391594306317E-004
  8.551247609140983E-004  4.784251199092080E-004
  1.856430404052417E-005  7.711381827021267E-005
         148  1.378893629725328E-003 -1.221980618463957E-003
  9.094415566100913E-004  2.928014823960323E-004
  2.634835547710603E-005  7.352936145422065E-005
         149  1.101567816999786E-003 -1.501732622890750E-003
  9.237576154202240E-004  1.052804401908557E-004
  3.337653521720752E-005  6.986507730828702E-005
         150  7.671855513897298E-004 -1.723839310749661E-003
  9.008897020015848E-004 -7.368241221423736E-005
  4.093452545639879E-005  6.571805885155236E-005
         151  3.852516150137490E-004 -1.875554714411990E-003
  8.490464109742947E-004 -2.395409436667286E-004
  4.773435153415207E-005  5.984968101711374E-005
         152 -2.985085366135594E-005 -1.944569927302521E-003
  7.690775925652678E-004 -3.920425952849754E-004
  5.310552747447428E-005  5.408534649164995E-005
         153 -4.597248785782883E-004 -1.922903185166471E-003
  6.622083445201743E-004 -5.230363718613768E-004
  5.885926998571580E-005  4.846220461056951E-005
         154 -8.849606530822544E-004 -1.806918650488109E-003
  5.368875730905689E-004 -6.277401024821598E-004
  6.536099869116617E-005  4.162021888583669E-005
         155 -1.285369686586170E-003 -1.596422368103540E-003
  4.018730583283379E-004 -7.077133282924999E-004
  7.085816349690081E-005  3.193779263973362E-005
         156 -1.639391648231421E-003 -1.294494283451202E-003
  2.562642001020108E-004 -7.690232627561253E-004
  7.350575543438072E-005  2.178014655833289E-005
         157 -1.923643983529855E-003 -9.106439647651817E-004
  9.618746017293724E-005 -8.041644024960605E-004
  7.578264343118801E-005  1.170134296117977E-005
         158 -2.117932424226740E-003 -4.620105713877653E-004
 -6.833297664656663E-005 -8.083665238423635E-004
  7.631340160740762E-005 -2.508404719541866E-007
         159 -2.207201501968451E-003  2.960378599131486E-005
 -2.336497969245567E-004 -7.845487038485079E-004
  7.335245678937049E-005 -1.262629952424136E-005
         160 -2.181789578094156E-003  5.394041867245533E-004
 -3.994741348305196E-004 -7.309373003670502E-004
  6.715442912971753E-005 -2.297662064991897E-005
         161 -2.037848691043313E-003  1.040375173571543E-003
 -5.615732725219010E-004 -6.400227427476064E-004
  6.036028919806848E-005 -3.069910679483415E-005
         162 -1.777502150978690E-003  1.505105811035351E-003
 -7.049169110638229E-004 -5.088280923439774E-004
  5.292648411891073E-005 -3.775053283546355E-005
         163 -1.408781370607329E-003  1.905330907647236E-003
 -8.195348370162261E-004 -3.453781547232539E-004
  4.410701575061566E-005 -4.294901748331286E-005
         164 -9.483274038335469E-004  2.214331094401209E-003
 -8.998058694521729E-004 -1.543846476167137E-004
  3.522325010084865E-005 -4.586226032370206E-005
         165 -4.194120850500117E-004  2.410958060258756E-003
 -9.373511141067257E-004  5.832906527216859E-005
  2.699573400428840E-005 -4.717337170159040E-005
         166  1.503151882370428E-004  2.479549976656014E-003
 -9.242873057783307E-004  2.826902520421839E-004
  1.935934553228869E-005 -4.776294036437062E-005
         167  7.286870909855033E-004  2.411552639439912E-003
 -8.569146061568954E-004  5.040011019961428E-004
  1.168603177334704E-005 -4.744396174312992E-005
         168  1.282453351469708E-003  2.207270705141623E-003
 -7.378674300938507E-004  7.089577548015643E-004
  4.412530683760405E-006 -4.594085631966365E-005
         169  1.778913417820480E-003  1.874637679567591E-003
 -5.708801826382514E-004  8.865003809826434E-004
 -2.319551231281337E-006 -4.363645354487926E-005
         170  2.187931631763877E-003  1.430462729229802E-003
 -3.617588960094552E-004  1.024970280552484E-003
 -8.676783923202456E-006 -4.053563115713842E-005
         171  2.485343564154243E-003  8.976988727027765E-004
 -1.198343772738337E-004  1.113871891213249E-003
 -1.457716105434451E-005 -3.647325142164062E-005
         172  2.651563953623471E-003  3.038132270819146E-004
  1.426242381600811E-004  1.145249200651594E-003
 -1.970919723372587E-005 -3.147567956668337E-005
         173  2.673681047116284E-003 -3.179274606716029E-004
  4.114268897407557E-004  1.114419927121601E-003
 -2.403076541612657E-005 -2.572759622911979E-005
         174  2.548344143313011E-003 -9.318171128660932E-004
  6.712836086619902E-004  1.020748944580754E-003
 -2.741849387284398E-005 -1.911745134596884E-005
         175  2.280747528402519E-003 -1.502425290768108E-003
  9.077275465837843E-004  8.674245218387546E-004
 -2.946947660258761E-005 -1.169717186192340E-005
         176  1.885260230372391E-003 -1.996270173043829E-003
  1.107559233061123E-003  6.605396542062993E-004
 -2.976655649629987E-005 -3.929794194000223E-006
         177  1.383712375581971E-003 -2.385172846998614E-003
  1.259018699704653E-003  4.083436277477365E-004
 -2.854465311241611E-005  3.502566780806588E-006
         178  8.041505344977926E-004 -2.646017524949354E-003
  1.350568346072822E-003  1.219456397071236E-004
 -2.610750744924011E-005  1.087515810625687E-005
         179  1.805601221540370E-004 -2.764627062100717E-003
  1.374543397589557E-003 -1.824038400345364E-004
 -2.180766764896860E-005  1.796990696669830E-005
         180 -4.528358127120339E-004 -2.736090938339892E-003
  1.329313777386340E-003 -4.886012730212356E-004
 -1.565104535775453E-005  2.387638366809604E-005
         181 -1.061827388138324E-003 -2.562109143702309E-003
  1.215808601449699E-003 -7.819040074983913E-004
 -8.238703444053214E-006  2.790978353476642E-005
         182 -1.612639008718350E-003 -2.252821326544127E-003
  1.036917386333699E-003 -1.048264095443210E-003
 -7.005177075639383E-007  3.025894298967119E-005
         183 -2.075655658667529E-003 -1.826527174086145E-003
  7.971330499872464E-004 -1.271199829217104E-003
  7.548079106258771E-006  3.166418857781998E-005
         184 -2.426549338883107E-003 -1.307476169352006E-003
  5.101854131009376E-004 -1.434979445007526E-003
  1.668704213257883E-005  3.072848689605430E-005
         185 -2.647663512829248E-003 -7.248278445302726E-004
  1.917138102689251E-004 -1.533105347804091E-003
  2.497334861256302E-005  2.723827556534081E-005
         186 -2.728092322414250E-003 -1.107924554892461E-004
 -1.456244218184721E-004 -1.560053540500661E-003
  3.161007556626461E-005  2.220603549267206E-005
         187 -2.665234186839867E-003  4.993779649170748E-004
 -4.873920970468586E-004 -1.510568476414029E-003
  3.712865864768749E-005  1.703439505257127E-005
         188 -2.467736920284353E-003  1.071391089440071E-003
 -8.131001540343070E-004 -1.381157989901745E-003
  4.260197765049838E-005  1.055933358285175E-005
         189 -2.151933702221478E-003  1.578726788627168E-003
 -1.101414382732565E-003 -1.181413399311058E-003
  4.579992765742149E-005  2.501586419190850E-006
         190 -1.734541905896796E-003  1.999331894521415E-003
 -1.342910455093028E-003 -9.218643924781561E-004
  4.720490248010967E-005 -4.664307662740520E-006
         191 -1.237535992372103E-003  2.311607550745173E-003
 -1.523654104094097E-003 -6.088705705011855E-004
  4.849118388905318E-005 -1.123025978938486E-005
         192 -6.904897229149813E-004  2.500420000729039E-003
 -1.627723985567008E-003 -2.568896209620884E-004
  5.003670604738881E-005 -1.863540407549377E-005
         193 -1.249771164526467E-004  2.561545745013833E-003
 -1.644993404385380E-003  1.107317480594759E-004
  4.997818898461152E-005 -2.748350511134649E-005
         194  4.305108414705689E-004  2.498043960125582E-003
 -1.579379283245743E-003  4.710795451532696E-004
  4.840287126669023E-005 -3.548578837253079E-005
         195  9.497516018437742E-004  2.318735426299678E-003
 -1.433553028361640E-003  8.110118839163990E-004
  4.705923158903476E-005 -4.391801401363171E-005
         196  1.411250552772566E-003  2.037270348286949E-003
 -1.209047556891091E-003  1.109306672777385E-003
  4.437913977356057E-005 -5.400860777160415E-005
         197  1.797160986036935E-003  1.669125786069069E-003
 -9.196234426310704E-004  1.343815379956377E-003
  3.893583230954557E-005 -6.487176076119500E-005
         198  2.092335930601549E-003  1.232986489108024E-003
 -5.864821066591309E-004  1.500365794446061E-003
  3.052423568366105E-005 -7.487539560256209E-005
         199  2.286252761685955E-003  7.499097634395834E-004
 -2.311543864240773E-004  1.574751145568065E-003
  2.018790638955548E-005 -8.367160261090659E-005
         200  2.372528574980159E-003  2.428043157384607E-004
  1.285645807424903E-004  1.564794817351385E-003
  7.382482500394316E-006 -9.131910903607806E-005
         201  2.351374059636662E-003 -2.646959204493645E-004
  4.710599347946755E-004  1.470930301511138E-003
 -7.960657329948654E-006 -9.641831065164382E-005
         202  2.227696345868019E-003 -7.524509431855794E-004
  7.753545538587401E-004  1.302484525054857E-003
 -2.477790784178361E-005 -9.813714324320821E-005
         203  2.007799066515132E-003 -1.201883772680077E-003
  1.026095027239077E-003  1.073908483924126E-003
 -4.201742411910643E-005 -9.629862443707210E-005
         204  1.701574409158665E-003 -1.595164217885139E-003
  1.213584875575913E-003  8.013920404156544E-004
 -5.896890894728590E-005 -9.103263142447102E-005
         205  1.321541199213924E-003 -1.917165472012304E-003
  1.331960426996141E-003  5.011319407444977E-004
 -7.486645626309650E-005 -8.233024881537873E-005
         206  8.825676412001045E-004 -2.154317592555259E-003
  1.378721545566781E-003  1.897172125372183E-004
 -8.887925993052972E-005 -7.064012372899999E-005
         207  4.023627452214967E-004 -2.296225784987361E-003
  1.355006470755545E-003 -1.163134909983295E-004
 -1.006138634492155E-004 -5.651781009731109E-005
         208 -1.000803300089496E-004 -2.335209841459163E-003
  1.265697811102916E-003 -4.012611183512475E-004
 -1.097420673822850E-004 -4.022000929785252E-005
         209 -6.023473732190869E-004 -2.266798428576876E-003
  1.119733916075772E-003 -6.509018505656426E-004
 -1.153861221640435E-004 -2.218243726712346E-005
         210 -1.081220982957811E-003 -2.093975803531588E-003
  9.303082176886603E-004 -8.557595231755220E-004
 -1.172938324946752E-004 -3.957604178917374E-006
         211 -1.517251842918974E-003 -1.823534266416106E-003
  7.083092883028181E-004 -1.011884481113174E-003
 -1.163373862720150E-004  1.399399821326702E-005
         212 -1.891337529700496E-003 -1.464212826113435E-003
  4.637543234844258E-004 -1.113688568028437E-003
 -1.123152706285992E-004  3.173813792237569E-005
         213 -2.185789191711634E-003 -1.028981445525068E-003
  2.108663658368208E-004 -1.157754505758264E-003
 -1.047555592592678E-004  4.851482410002060E-005
         214 -2.385026064573221E-003 -5.336612504256530E-004
 -3.524037448175108E-005 -1.146656919668087E-003
 -9.386131734344258E-005  6.267319721464400E-005
         215 -2.475662684405582E-003  1.576206752025768E-006
 -2.641135830781378E-004 -1.089573744676783E-003
 -8.172503686382685E-005  7.372326173387416E-005
         216 -2.449857880015604E-003  5.536005183439135E-004
 -4.727532685589807E-004 -9.918179613282215E-004
 -6.850647757376483E-005  8.290315101493508E-005
         217 -2.302997640999647E-003  1.098870365468964E-003
 -6.526527227796778E-004 -8.555143536907304E-004
 -5.367892561898619E-005  8.930518405339405E-005
         218 -2.034321821224444E-003  1.609899825448021E-003
 -7.951808222945229E-004 -6.905186099045265E-004
 -3.845591792149828E-005  9.211257664495266E-005
         219 -1.651930184167342E-003  2.058026676325578E-003
 -8.982409803641757E-004 -5.084647019762795E-004
 -2.457530609051421E-005  9.161988833411134E-005
         220 -1.170503224667367E-003  2.418079496624817E-003
 -9.652855931295762E-004 -3.168511338645311E-004
 -1.233708639525501E-005  8.975429060727938E-005
         221 -6.102729689141621E-004  2.667951229103917E-003
 -9.953143827604583E-004 -1.175789010069216E-004
 -4.470420113442996E-007  8.627896003280376E-005
         222  4.219062493696389E-006  2.791608554332429E-003
 -9.844383970771362E-004  8.031319204779949E-005
  9.806334372787549E-006  8.039192082513156E-005
         223  6.472920698097537E-004  2.776226451737135E-003
 -9.371595676561341E-004  2.673005241046885E-004
  1.758163838108453E-005  7.332622306047096E-005
         224  1.287614577981088E-003  2.612466118895302E-003
 -8.584599431874885E-004  4.392597322644525E-004
  2.311570403796183E-005  6.622752297318684E-005
         225  1.890160990303998E-003  2.298864125444086E-003
 -7.508990538167979E-004  5.936727035053701E-004
  2.744044256600936E-005  5.939576447516229E-005
         226  2.417410076112264E-003  1.842543328969541E-003
 -6.146933581284754E-004  7.251520774873173E-004
  3.025225028731527E-005  5.192634304752782E-005
         227  2.833080227203005E-003  1.263044580920006E-003
 -4.562328828592127E-004  8.253376061505734E-004
  3.058957074167412E-005  4.505076353297867E-005
         228  3.108537094354508E-003  5.890117327241945E-004
 -2.842614108165377E-004  8.932946668824432E-004
  2.951238558195838E-005  3.985500580449124E-005
         229  3.222090248909897E-003 -1.451331978678897E-004
 -1.024554830078985E-004  9.292872075946804E-004
  2.795199486759528E-005  3.617452600866262E-005
         230  3.161429762334185E-003 -8.998493923147675E-004
  8.608166734200002E-005  9.304993121870209E-004
  2.622444666376468E-005  3.343667494206769E-005
         231  2.923078627590244E-003 -1.635038867480393E-003
  2.745462766103474E-004  8.917585291707762E-004
  2.367698850919599E-005  3.188367371894908E-005
         232  2.510702552471497E-003 -2.308212670558843E-003
  4.509375475399294E-004  8.133731230012370E-004
  2.123321639745458E-005  3.258626834440281E-005
         233  1.940362100057664E-003 -2.875783173664795E-003
  6.081487918430221E-004  7.011517421054437E-004
  2.022223680815613E-005  3.483431892907063E-005
         234  1.239973372892917E-003 -3.299671318916131E-003
  7.418370829847860E-004  5.577700949611275E-004
  2.068404694924809E-005  3.776604519287456E-005
         235  4.467551169929894E-004 -3.548998108436686E-003
  8.450113054205238E-004  3.857612261693574E-004
  2.243061977772918E-005  4.099678722807491E-005
         236 -3.938870218915373E-004 -3.603765880408885E-003
  9.088908354643461E-004  1.907163169491305E-004
  2.561102972352187E-005  4.470491889655061E-005
         237 -1.233665142821638E-003 -3.456276223293446E-003
  9.270153452284817E-004 -1.637445763558576E-005
  3.102972453191152E-005  4.822203638830575E-005
         238 -2.022857947750947E-003 -3.110288760036586E-003
  8.986459489670857E-004 -2.246666686762811E-004
  3.825926066225054E-005  5.033424822858655E-005
         239 -2.713922054301830E-003 -2.583158857290583E-003
  8.232584964849082E-004 -4.253016360913291E-004
  4.661222194519580E-005  5.082101224899112E-005
         240 -3.266253185842096E-003 -1.902557313535052E-003
  7.009703205918621E-004 -6.074882591013463E-004
  5.579042339667750E-005  4.948971562447966E-005
         241 -3.645534523968369E-003 -1.104324639410517E-003
  5.350928306846438E-004 -7.590316999182034E-004
  6.526692025165328E-005  4.595703847513447E-005
         242 -3.826304153307408E-003 -2.330676409306355E-004
  3.327229825861350E-004 -8.678681321160199E-004
  7.426844079182961E-005  4.042562216932010E-005
         243 -3.795149883310162E-003  6.606510653017672E-004
  1.060621030655740E-004 -9.235304418702879E-004
  8.267612645054973E-005  3.310381776772946E-005
         244 -3.552419699209023E-003  1.523990844471859E-003
 -1.297714491068814E-004 -9.216673333952437E-004
  8.989650842743493E-005  2.386245773887048E-005
         245 -3.112135124884856E-003  2.306672870763491E-003
 -3.616272691746634E-004 -8.617014375432228E-004
  9.516818837660007E-005  1.340570447066743E-005
         246 -2.499248228154869E-003  2.963700175215667E-003
 -5.763045288222489E-004 -7.434783770064880E-004
  9.880832618293024E-005  3.009119228051423E-006
         247 -1.749494874370887E-003  3.456627494556969E-003
 -7.562042477849638E-004 -5.695090431938537E-004
  1.022164551719302E-004 -7.782668019307389E-006
         248 -9.076471464092093E-004  3.758096948247456E-003
 -8.847502691686211E-004 -3.540993190115821E-004
  1.043693661568882E-004 -2.006558547921065E-005
         249 -2.284296069638586E-005  3.853236366194809E-003
 -9.574832198306133E-004 -1.130039542088410E-004
  1.045581662261098E-004 -3.264842857144900E-005
         250  8.542894462240888E-004  3.739582367091366E-003
 -9.698697713649291E-004  1.438804843603987E-004
  1.036017180778652E-004 -4.517806585335191E-005
         251  1.674842814306973E-003  3.427146931085664E-003
 -9.153099505769953E-004  4.023815910183871E-004
  1.018885230016210E-004 -5.830642767047368E-005
         252  2.394562465090102E-003  2.936822798904273E-003
 -7.918528309761526E-004  6.421127761505582E-004
  9.830316983780071E-005 -7.281382032028526E-005
         253  2.975788750124977E-003  2.299310519182863E-003
 -6.089537316305166E-004  8.428953376634845E-004
  9.171068404170215E-005 -8.736579072125517E-005
         254  3.390118755827906E-003  1.552847407921707E-003
 -3.793549298921349E-004  9.937604282972750E-004
  8.302524419227178E-005 -1.011190729484621E-004
         255  3.619363310687540E-003  7.407672702651252E-004
 -1.134381521044939E-004  1.083506804525177E-003
  7.221813891153681E-005 -1.144539454676724E-004
         256  3.657063719326755E-003 -9.147437227525800E-005
  1.718076789603919E-004  1.100857843393242E-003
  5.868953797635371E-005 -1.270422600660523E-004
