   5120.00000000000     
         256           1           3
  8.994473019507991E-004   38.4086542621663        116.114230034954     
   18.8300000000000        145.590000000000        6160.02000000000     
           0  0.000000000000000E+000  0.000000000000000E+000
  0.000000000000000E+000  0.000000000000000E+000
  0.000000000000000E+000  0.000000000000000E+000
           1  0.000000000000000E+000  0.000000000000000E+000
  4.007801184070800E-009 -9.232478311374700E-012
 -2.244871096884085E-008  1.489868557385873E-011
           2  0.000000000000000E+000  0.000000000000000E+000
  3.941501814787536E-009  1.488909589879828E-010
 -2.463463476197855E-008 -1.103848678467474E-009
           3  0.000000000000000E+000  0.000000000000000E+000
  3.951242317569996E-009  5.056913723929502E-010
 -2.968926771331729E-008 -1.108110119714212E-010
           4  0.000000000000000E+000  0.000000000000000E+000
  4.311247349085275E-009  1.134097284124667E-009
 -3.690688771495350E-008  6.508545067390291E-009
           5  0.000000000000000E+000  0.000000000000000E+000
  5.536064928410276E-009  1.746530056915387E-009
 -4.014116291836658E-008  2.209914997248065E-008
           6  0.000000000000000E+000  0.000000000000000E+000
  7.706068351356653E-009  9.551343096407672E-010
 -2.902700236261288E-008  4.205743812853187E-008
           7  0.000000000000000E+000  0.000000000000000E+000
  8.219340877702931E-009 -1.025533059965141E-009
 -6.223614026925927E-010  5.286103858164044E-008
           8  0.000000000000000E+000  0.000000000000000E+000
  8.530198182473981E-009 -2.697521767795922E-009
  3.771765519180027E-008  3.470032991349737E-008
           9  0.000000000000000E+000  0.000000000000000E+000
  7.953436170692806E-009 -4.897471180402141E-009
  5.024740727365119E-008 -1.949766341558889E-008
          10  0.000000000000000E+000  0.000000000000000E+000
  6.415522598606237E-009 -6.504202628169107E-009
  4.295004940648701E-009 -7.339664976271482E-008
          11  0.000000000000000E+000  0.000000000000000E+000
  4.166016780534870E-009 -8.982234259498088E-009
 -8.594239550807596E-008 -6.752243018044429E-008
          12  0.000000000000000E+000  0.000000000000000E+000
 -3.214747383141115E-009 -6.008838719279278E-009
 -1.457429655318441E-007  3.798771376219419E-008
          13  0.000000000000000E+000  0.000000000000000E+000
 -1.236964847997338E-009  2.280365869808105E-009
 -7.191438304458980E-008  1.612936694736664E-007
          14  0.000000000000000E+000  0.000000000000000E+000
  6.601079454969351E-009  3.938492434436158E-009
  8.822498624218656E-008  1.682276440683369E-007
          15  0.000000000000000E+000  0.000000000000000E+000
  1.276839431803678E-008 -1.607640654846543E-009
  1.966018997162180E-007  2.494847995678168E-008
          16  0.000000000000000E+000  0.000000000000000E+000
  1.284900034761579E-008 -1.227352487589927E-008
  1.306816441551664E-007 -1.665497868273213E-007
          17  0.000000000000000E+000  0.000000000000000E+000
 -1.733803529850463E-009 -1.773343587713335E-008
 -9.021855322136833E-008 -2.125795138896762E-007
          18  0.000000000000000E+000  0.000000000000000E+000
 -9.419885409374998E-009 -6.264069677690386E-009
 -2.483266310718773E-007 -4.893551745945348E-008
          19  0.000000000000000E+000  0.000000000000000E+000
 -4.827772291294208E-009  3.565872082965718E-009
 -2.100137086461046E-007  1.839254117747300E-007
          20  0.000000000000000E+000  0.000000000000000E+000
  4.774862218724839E-009  5.715809617886289E-009
  1.617816106740436E-008  2.964769477571463E-007
          21  0.000000000000000E+000  0.000000000000000E+000
  1.330015110653739E-008 -7.099838661686116E-010
  2.529291480779613E-007  1.678070067645084E-007
          22  0.000000000000000E+000  0.000000000000000E+000
  1.138655712611848E-008 -1.607672451425844E-008
  2.743692926081165E-007 -1.143948078123349E-007
          23  0.000000000000000E+000  0.000000000000000E+000
 -5.453029669352647E-009 -1.459603245535518E-008
  6.672090204627456E-008 -2.804154031723533E-007
          24  0.000000000000000E+000  0.000000000000000E+000
 -6.761970601136156E-009 -3.834416031288282E-009
 -1.987370661584425E-007 -2.367405522949291E-007
          25  0.000000000000000E+000  0.000000000000000E+000
 -1.008978719703738E-009  7.656717688681703E-010
 -3.408002553648309E-007  2.234787055666764E-008
          26  0.000000000000000E+000  0.000000000000000E+000
  5.870126889886988E-009 -8.596362359143244E-010
 -2.039131620597419E-007  3.082519995355053E-007
          27  0.000000000000000E+000  0.000000000000000E+000
  9.231809857337917E-009 -1.131297399902783E-008
  1.154035041196838E-007  3.647332076671574E-007
          28  0.000000000000000E+000  0.000000000000000E+000
 -7.517906051960296E-009 -1.535048013967434E-008
  3.669577992820643E-007  1.593391345277972E-007
          29  0.000000000000000E+000  0.000000000000000E+000
 -8.197234427235093E-009 -1.650893356075442E-009
  3.663492393206310E-007 -2.239452438080639E-007
          30  0.000000000000000E+000  0.000000000000000E+000
 -5.731937327360923E-010  6.162194648327081E-010
  1.454722780678061E-009 -4.417084922764212E-007
          31  0.000000000000000E+000  0.000000000000000E+000
  3.733231591472357E-009 -2.575905695333392E-009
 -3.846220871550676E-007 -2.404014369366259E-007
          32  0.000000000000000E+000  0.000000000000000E+000
  5.691060458868464E-009 -8.753388590892901E-009
 -4.315346614938303E-007  1.931518703479465E-007
          33  0.000000000000000E+000  0.000000000000000E+000
 -5.128734524263877E-009 -1.696142102585864E-008
 -1.022978001843125E-007  4.947867780064440E-007
          34  0.000000000000000E+000  0.000000000000000E+000
 -1.177587372488212E-008 -3.919967767223609E-009
  3.728205388978825E-007  3.674772954794531E-007
          35  0.000000000000000E+000  0.000000000000000E+000
 -5.027989206940355E-009  6.812509249030055E-010
  4.872271474344536E-007 -1.067574492911288E-007
          36  0.000000000000000E+000  0.000000000000000E+000
 -1.499507865154383E-009 -5.508045635404900E-010
  1.689009471504098E-007 -4.346807332362016E-007
          37  0.000000000000000E+000  0.000000000000000E+000
  8.666877542028356E-010 -1.918644305481965E-009
 -2.584557292727628E-007 -3.609007456675974E-007
          38  0.000000000000000E+000  0.000000000000000E+000
  2.635996136720703E-009 -7.896913409863641E-009
 -4.394432071740607E-007  2.000978096542292E-008
          39  0.000000000000000E+000  0.000000000000000E+000
 -7.523499562026938E-009 -8.389016984436374E-009
 -2.115250763222200E-007  3.903431891121809E-007
          40  0.000000000000000E+000  0.000000000000000E+000
 -4.288227323373689E-009 -2.405224188323026E-009
  1.985295962808739E-007  3.600336131020638E-007
          41  0.000000000000000E+000  0.000000000000000E+000
 -2.973764349468191E-009 -5.582444089004732E-009
  3.658291752904076E-007  5.103160281448869E-008
          42  0.000000000000000E+000  0.000000000000000E+000
 -6.328105833032430E-009 -5.514477510193371E-009
  2.358070436464950E-007 -2.337563350147871E-007
          43  0.000000000000000E+000  0.000000000000000E+000
 -6.180254286431104E-009 -2.879540123461107E-009
 -5.500957414164956E-008 -2.958072016287675E-007
          44  0.000000000000000E+000  0.000000000000000E+000
 -8.620927681843766E-009 -2.790888399625097E-009
 -2.581865663263552E-007 -8.900479609044489E-008
          45  0.000000000000000E+000  0.000000000000000E+000
 -3.440399697855888E-009  4.121859976020164E-009
 -1.922599368361984E-007  1.466477511485437E-007
          46  0.000000000000000E+000  0.000000000000000E+000
  2.686732837198121E-009 -2.836515050290117E-009
 -8.018728727801476E-009  2.447537466368872E-007
          47  0.000000000000000E+000  0.000000000000000E+000
 -2.206508387577014E-009 -9.428009717991013E-009
  1.994453437387873E-007  1.619880824181412E-007
          48  0.000000000000000E+000  0.000000000000000E+000
 -9.191999239782545E-009 -8.357339884813772E-009
  2.429845379339919E-007 -7.023784207027143E-008
          49  0.000000000000000E+000  0.000000000000000E+000
 -1.337677055200040E-008 -3.774618605465724E-009
  6.277613528137817E-008 -2.221816707593857E-007
          50  0.000000000000000E+000  0.000000000000000E+000
 -1.188723195105141E-008  5.491730453406420E-009
 -1.453174796844473E-007 -1.505774624637226E-007
          51  0.000000000000000E+000  0.000000000000000E+000
 -3.030154243108269E-009  6.710894021776280E-009
 -1.992109931597368E-007  6.671190544325136E-008
          52  0.000000000000000E+000  0.000000000000000E+000
  1.202479337611737E-009  1.031919167586241E-009
 -2.374733673783799E-008  2.205721718877927E-007
          53  0.000000000000000E+000  0.000000000000000E+000
 -8.470240010581959E-010 -4.785256049298982E-009
  1.923207478913019E-007  1.308944967006430E-007
          54  0.000000000000000E+000  0.000000000000000E+000
 -6.541560777818527E-009 -6.357804252362804E-009
  2.104939121707087E-007 -9.916341659590654E-008
          55  0.000000000000000E+000  0.000000000000000E+000
 -1.098740007327740E-008 -2.959254103681423E-009
  1.651298785363990E-008 -2.225287596296282E-007
          56  0.000000000000000E+000  0.000000000000000E+000
 -1.164355436773906E-008  2.756225770693855E-009
 -1.841347078489602E-007 -1.025728962504657E-007
          57  0.000000000000000E+000  0.000000000000000E+000
 -7.034687603002083E-009  6.649588457506136E-009
 -1.640574258350741E-007  1.280610364464890E-007
          58  0.000000000000000E+000  0.000000000000000E+000
 -1.951991791867705E-009  4.631191957667382E-009
  4.402273484467841E-008  2.156193970062691E-007
          59  0.000000000000000E+000  0.000000000000000E+000
 -1.865860849425348E-009 -1.017281030105299E-010
  2.215901136496152E-007  8.100158785301192E-008
          60  0.000000000000000E+000  0.000000000000000E+000
 -5.575992805315570E-009 -8.187466672191652E-010
  1.983900525391246E-007 -1.456879997641799E-007
          61  0.000000000000000E+000  0.000000000000000E+000
 -6.504572706098095E-009 -1.084540087047664E-009
 -2.841028840794661E-008 -2.395742410621143E-007
          62  0.000000000000000E+000  0.000000000000000E+000
 -1.022443308111996E-008  2.970692832146927E-009
 -1.885547456456155E-007 -7.653117511814380E-008
          63  0.000000000000000E+000  0.000000000000000E+000
 -6.040917063258869E-009  6.574124400184429E-009
 -1.515019617172524E-007  1.021374912385494E-007
          64  0.000000000000000E+000  0.000000000000000E+000
 -3.640801544203537E-009  4.042888497877758E-009
 -1.860031659433164E-009  1.967904675071672E-007
          65  0.000000000000000E+000  0.000000000000000E+000
 -5.921042523295186E-009  4.085464769351319E-009
  1.905668950294119E-007  1.296420606728940E-007
          66  0.000000000000000E+000  0.000000000000000E+000
 -1.293788355953859E-009  4.853358951677053E-009
  2.250177121630963E-007 -1.004311941698205E-007
          67  0.000000000000000E+000  0.000000000000000E+000
 -6.200556904154056E-009  2.280366173487246E-009
  7.787833233021369E-008 -2.166009757870318E-007
          68  0.000000000000000E+000  0.000000000000000E+000
 -4.310246579676547E-009  6.024104084393567E-009
 -1.306224777565364E-007 -2.360685184205239E-007
          69  0.000000000000000E+000  0.000000000000000E+000
 -3.340048640959074E-009  3.669476289984815E-009
 -3.092667057462195E-007  6.219674049884016E-009
          70  0.000000000000000E+000  0.000000000000000E+000
 -6.649169730859938E-009  4.802542634674730E-009
 -1.269613036661505E-007  3.154017010921445E-007
          71  0.000000000000000E+000  0.000000000000000E+000
 -2.287455182336592E-009  1.145524481615545E-008
  2.517373099385831E-007  2.583733729721919E-007
          72  0.000000000000000E+000  0.000000000000000E+000
  1.062207141553290E-009  2.549011773893508E-009
  3.619050373063524E-007 -6.345861319323782E-008
          73  0.000000000000000E+000  0.000000000000000E+000
 -2.155011024443011E-009  3.632239304103238E-009
  1.830610010071796E-007 -4.000570475826781E-007
          74  0.000000000000000E+000  0.000000000000000E+000
 -3.250050746036139E-009  1.544327985401601E-009
 -3.071873833368310E-007 -3.825690559099843E-007
          75  0.000000000000000E+000  0.000000000000000E+000
 -9.059654858744779E-009  3.983945023414243E-009
 -4.851271804155348E-007  1.241751922555075E-007
          76  0.000000000000000E+000  0.000000000000000E+000
 -8.738620043205701E-009  1.467709072537311E-008
 -8.527227166648076E-008  4.888366786542000E-007
          77  0.000000000000000E+000  0.000000000000000E+000
  8.248587192636126E-009  1.461691278157903E-008
  3.758688264186644E-007  3.013741017033275E-007
          78  0.000000000000000E+000  0.000000000000000E+000
  6.552597258737907E-009  4.149390735449973E-009
  5.294536944721490E-007 -1.615746290933935E-007
          79  0.000000000000000E+000  0.000000000000000E+000
  4.263276414301571E-009 -2.350010932951952E-009
  1.051976554560983E-007 -6.162636493700345E-007
          80  0.000000000000000E+000  0.000000000000000E+000
 -8.121407736659025E-009 -3.882361400829609E-009
 -4.931225253503953E-007 -3.635621900899430E-007
          81  0.000000000000000E+000  0.000000000000000E+000
 -1.527954552361352E-008  1.085641994541648E-008
 -5.037626023776032E-007  2.278727861102454E-007
          82  0.000000000000000E+000  0.000000000000000E+000
  1.921604705652063E-009  2.436341351365187E-008
 -8.149715794061663E-008  4.872296906353451E-007
          83  0.000000000000000E+000  0.000000000000000E+000
  1.194895358793478E-008  1.225075061378148E-008
  3.815585195178383E-007  3.718400981946982E-007
          84  0.000000000000000E+000  0.000000000000000E+000
  1.450696963702165E-008  1.711174134732491E-009
  5.144013053730919E-007 -1.702556083671589E-007
          85  0.000000000000000E+000  0.000000000000000E+000
  3.380606911726217E-009 -7.822079547596377E-009
  1.400054336032474E-007 -4.693902961602332E-007
          86  0.000000000000000E+000  0.000000000000000E+000
 -9.083424136604341E-009 -4.010852872197373E-010
 -2.289862579267673E-007 -3.977681276927276E-007
          87  0.000000000000000E+000  0.000000000000000E+000
 -6.219412804984615E-009  1.471632738104628E-008
 -4.605462985557283E-007 -1.218433071413501E-007
          88  0.000000000000000E+000  0.000000000000000E+000
  6.959081810583279E-009  1.206156639466146E-008
 -4.302724766897760E-007  3.293674184255023E-007
          89  0.000000000000000E+000  0.000000000000000E+000
  9.886634299325071E-009  7.995254496113311E-009
  5.936967422868807E-008  5.393006825493554E-007
          90  0.000000000000000E+000  0.000000000000000E+000
  9.321448915682377E-009 -2.139559838402593E-010
  4.586364496688243E-007  2.773675730669940E-007
          91  0.000000000000000E+000  0.000000000000000E+000
  1.521754760999884E-009 -1.711332658096996E-009
  5.511404641114263E-007 -2.060140193924935E-007
          92  0.000000000000000E+000  0.000000000000000E+000
 -2.127430286070457E-009  4.052750823800160E-009
  1.759601620139239E-007 -6.388948519987271E-007
          93  0.000000000000000E+000  0.000000000000000E+000
  3.459591659864471E-009  9.995772876716000E-009
 -4.697969253946383E-007 -5.547407786223617E-007
          94  0.000000000000000E+000  0.000000000000000E+000
  6.278042382323448E-009  4.689318337296440E-009
 -7.276852353868362E-007  1.089505315731079E-007
          95  0.000000000000000E+000  0.000000000000000E+000
  6.971160851306696E-009  3.214570635163801E-009
 -3.185918196513686E-007  6.191796645539817E-007
          96  0.000000000000000E+000  0.000000000000000E+000
  3.953852040076589E-009  5.475455478589417E-010
  3.261799586304652E-007  6.301034130252558E-007
          97  0.000000000000000E+000  0.000000000000000E+000
  1.214636902856250E-009  3.644643205957220E-009
  7.342834609242905E-007  5.484036505933097E-008
          98  0.000000000000000E+000  0.000000000000000E+000
  3.545705873573379E-009  7.816294452381715E-009
  4.278594263883902E-007 -6.107106620912381E-007
          99  0.000000000000000E+000  0.000000000000000E+000
  9.305202265874518E-009  4.679397515955365E-009
 -2.869651097253309E-007 -6.543631731273152E-007
         100  0.000000000000000E+000  0.000000000000000E+000
  8.056655387092667E-009  2.207264694173398E-009
 -6.368824770827068E-007 -1.412016347177684E-007
         101  0.000000000000000E+000  0.000000000000000E+000
  6.618374874151575E-009  1.333741079756250E-010
 -4.536728161700528E-007  4.116221995148777E-007
         102  0.000000000000000E+000  0.000000000000000E+000
  4.829258909275726E-009  1.246690060433437E-009
  9.125075739686055E-008  5.283190946472769E-007
         103  0.000000000000000E+000  0.000000000000000E+000
  5.446373895859592E-009  2.247673370026329E-009
  4.035292160210575E-007  1.753439706340489E-007
         104  0.000000000000000E+000  0.000000000000000E+000
  6.738776423449913E-009  1.490647785813811E-009
  3.084749655140636E-007 -1.785474736368213E-007
         105  0.000000000000000E+000  0.000000000000000E+000
  5.351963430307086E-009  1.555337397847829E-009
  6.440712283383686E-008 -3.027642471913309E-007
         106  0.000000000000000E+000  0.000000000000000E+000
  6.699755391592446E-009  2.717602749547650E-009
 -1.589283914912551E-007 -2.321643040952925E-007
         107  0.000000000000000E+000  0.000000000000000E+000
  8.953065472930384E-009  1.957031897359947E-009
 -2.472585363122017E-007 -6.279049908822718E-008
         108  0.000000000000000E+000  0.000000000000000E+000
  1.021108031435420E-008 -1.043672136885287E-009
 -2.200143368070544E-007  1.015643715684021E-007
         109  0.000000000000000E+000  0.000000000000000E+000
  8.137669765893731E-009 -4.512486013924468E-009
 -9.336378499416874E-008  2.140956021084357E-007
         110  0.000000000000000E+000  0.000000000000000E+000
  4.211590766602706E-009 -4.234670419263473E-009
  7.771801352970463E-008  2.015066849973738E-007
         111  0.000000000000000E+000  0.000000000000000E+000
  2.147899442417714E-009 -8.985507136215791E-010
  1.931958940233149E-007  8.968420130845077E-008
         112  0.000000000000000E+000  0.000000000000000E+000
  4.877932751624244E-009  2.559214021952813E-009
  2.078661200020025E-007 -1.022877138961449E-007
         113  0.000000000000000E+000  0.000000000000000E+000
  9.029461066591602E-009  1.920487189566850E-009
  4.826958070496834E-008 -2.411094664199478E-007
         114  0.000000000000000E+000  0.000000000000000E+000
  1.193740010760099E-008 -1.825633310712580E-009
 -1.527291075343989E-007 -2.103330777454752E-007
         115  0.000000000000000E+000  0.000000000000000E+000
  9.461724548275646E-009 -7.422414078284983E-009
 -2.765509242205406E-007 -5.446352777621556E-008
         116  0.000000000000000E+000  0.000000000000000E+000
  5.401314823280681E-009 -8.212183161249058E-009
 -2.919426543930431E-007  1.766054904770397E-007
         117  0.000000000000000E+000  0.000000000000000E+000
  1.935641509712670E-009 -4.903575284220853E-009
 -3.201161689934165E-008  3.810601260077197E-007
         118  0.000000000000000E+000  0.000000000000000E+000
  3.337025188769134E-009 -2.317154775512258E-009
  2.718679712519970E-007  2.606987868571119E-007
         119  0.000000000000000E+000  0.000000000000000E+000
  5.950511693173038E-009 -8.558578325707116E-010
  4.138276833802217E-007 -4.647502727571314E-008
         120  0.000000000000000E+000  0.000000000000000E+000
  9.259889877522222E-009 -4.880514657232040E-009
  2.303183315679450E-007 -4.486052808208397E-007
         121  0.000000000000000E+000  0.000000000000000E+000
  7.628417080375568E-009 -7.611204885997821E-009
 -3.523561433082723E-007 -5.196397203650600E-007
         122  0.000000000000000E+000  0.000000000000000E+000
  3.453942339799976E-009 -8.633297049461029E-009
 -6.718729038223976E-007  8.814409044585152E-008
         123  0.000000000000000E+000  0.000000000000000E+000
  2.368983608455785E-009 -7.403963374955427E-009
 -3.171016139736280E-007  6.314908535383255E-007
         124  0.000000000000000E+000  0.000000000000000E+000
  1.229321982368026E-009 -4.527794425007399E-009
  4.091723025981873E-007  6.631612052131200E-007
         125  0.000000000000000E+000  0.000000000000000E+000
  6.356026041120989E-009 -4.517329024347160E-009
  8.255023214200396E-007 -7.632131676702679E-008
         126  0.000000000000000E+000  0.000000000000000E+000
  4.023874396057013E-009 -8.858597659879246E-009
  2.769769777295573E-007 -8.154837935235669E-007
         127  0.000000000000000E+000  0.000000000000000E+000
  1.651277702217539E-010 -9.404165107519369E-009
 -6.332520736232051E-007 -5.534342577842368E-007
         128  0.000000000000000E+000  0.000000000000000E+000
  2.323918268527126E-010 -5.116945215764226E-009
 -7.679637253993156E-007  2.518947750249372E-007
         129  0.000000000000000E+000  0.000000000000000E+000
  1.498850835543749E-009 -4.631976680137090E-009
 -1.957602757415774E-007  8.323058806064429E-007
         130  0.000000000000000E+000  0.000000000000000E+000
  5.787002927955282E-009 -3.948482415284942E-009
  6.699282423281596E-007  5.656692725965101E-007
         131  0.000000000000000E+000  0.000000000000000E+000
  6.535919503685117E-009 -1.348591084566185E-008
  7.648192138722983E-007 -3.524289588241586E-007
         132  0.000000000000000E+000  0.000000000000000E+000
 -2.364132015355648E-009 -1.432706213645665E-008
 -2.539082114077523E-008 -7.845955976003811E-007
         133  0.000000000000000E+000  0.000000000000000E+000
 -6.704676141185771E-009 -6.736874330880657E-009
 -6.124199539278726E-007 -3.163886506617820E-007
         134  0.000000000000000E+000  0.000000000000000E+000
 -2.049027055876084E-009 -3.613147085370315E-009
 -6.267205713531651E-007  3.513011193352024E-007
         135  0.000000000000000E+000  0.000000000000000E+000
  2.126558478712617E-009 -3.068221181452942E-009
  2.339757348491170E-008  7.343387503021274E-007
         136  0.000000000000000E+000  0.000000000000000E+000
  6.287815443363770E-009 -1.193381253392077E-008
  5.889966645101869E-007  2.844649669837401E-007
         137  0.000000000000000E+000  0.000000000000000E+000
 -4.831347180000942E-009 -1.629515170202615E-008
  4.351752188613177E-007 -2.964846622126818E-007
         138  0.000000000000000E+000  0.000000000000000E+000
 -1.181404989512605E-008 -7.787386331496577E-009
  5.736742479448927E-008 -4.203013402377766E-007
         139  0.000000000000000E+000  0.000000000000000E+000
 -6.406523283824908E-009 -1.661863613974867E-009
 -3.405037756209271E-007 -3.172159107145630E-007
         140  0.000000000000000E+000  0.000000000000000E+000
 -1.468309732569593E-009 -1.270220911968604E-009
 -4.361846596506166E-007  1.502436449409639E-007
         141  0.000000000000000E+000  0.000000000000000E+000
  3.727108828844360E-009 -7.775688010030264E-009
 -1.301800504310527E-007  4.176622200829004E-007
         142  0.000000000000000E+000  0.000000000000000E+000
 -5.686446569408893E-009 -1.537614366640689E-008
  2.452564008852267E-007  3.825116845556350E-007
         143  0.000000000000000E+000  0.000000000000000E+000
 -1.435433457660690E-008 -8.082914863842112E-009
  4.941914940646585E-007  5.177224924137961E-008
         144  0.000000000000000E+000  0.000000000000000E+000
 -1.021114747799499E-008  1.536776923873226E-009
  2.939123932473913E-007 -4.661208962197988E-007
         145  0.000000000000000E+000  0.000000000000000E+000
 -3.719028790642871E-009  1.690671118037180E-009
 -3.172175845102054E-007 -4.181753672988633E-007
         146  0.000000000000000E+000  0.000000000000000E+000
  1.093487949342478E-009 -1.467530641294590E-009
 -4.796401223143257E-007  1.149520835142223E-007
         147  0.000000000000000E+000  0.000000000000000E+000
  8.525513199440326E-010 -1.008514565094902E-008
 -1.164583715630258E-007  4.877091379096341E-007
         148  0.000000000000000E+000  0.000000000000000E+000
 -9.394496320808232E-009 -1.163650440094424E-008
  3.989881891980922E-007  3.349773760880258E-007
         149  0.000000000000000E+000  0.000000000000000E+000
 -1.378320808459741E-008 -3.817295934597918E-009
  4.976326268552647E-007 -2.229897757961948E-007
         150  0.000000000000000E+000  0.000000000000000E+000
 -9.487692507359485E-009  1.382854993255215E-009
 -5.664383808138118E-008 -5.597773442165240E-007
         151  0.000000000000000E+000  0.000000000000000E+000
 -5.660003273816079E-009  2.026577488363563E-009
 -5.478585345382751E-007 -1.138970358929540E-007
         152  0.000000000000000E+000  0.000000000000000E+000
 -1.411993650558231E-009 -5.033982002404815E-010
 -3.306871196316089E-007  4.868666465012690E-007
         153  0.000000000000000E+000  0.000000000000000E+000
 -3.293425471766154E-009 -6.556335852168354E-009
  3.256309585599976E-007  5.694056387086480E-007
         154  0.000000000000000E+000  0.000000000000000E+000
 -8.616900230468953E-009 -5.979538637753324E-009
  7.260440577150562E-007 -3.354464419754607E-008
         155  0.000000000000000E+000  0.000000000000000E+000
 -9.862073418026239E-009 -2.786841554073146E-009
  3.083708956702658E-007 -7.261594416520951E-007
         156  0.000000000000000E+000  0.000000000000000E+000
 -1.024004433270552E-008 -1.158323659468477E-009
 -5.449167652019674E-007 -6.028396408370388E-007
         157  0.000000000000000E+000  0.000000000000000E+000
 -9.637489103655104E-009  1.322210921018794E-009
 -8.092241445159248E-007  2.276991980736205E-007
         158  0.000000000000000E+000  0.000000000000000E+000
 -7.578791171981809E-009  2.193454564416861E-009
 -1.841708594000118E-007  8.668200482835622E-007
         159  0.000000000000000E+000  0.000000000000000E+000
 -6.159362952248147E-009  1.545173158445177E-009
  6.885020821473967E-007  6.079277474203312E-007
         160  0.000000000000000E+000  0.000000000000000E+000
 -6.050445173266562E-009  3.415473622263819E-010
  8.759963048851526E-007 -2.638820030723303E-007
         161  0.000000000000000E+000  0.000000000000000E+000
 -6.870181596181199E-009 -6.463834717942333E-010
  2.497153205096470E-007 -8.555077819728618E-007
         162  0.000000000000000E+000  0.000000000000000E+000
 -9.321307103502577E-009 -4.213213185974853E-010
 -5.598702870031488E-007 -6.392716735275188E-007
         163  0.000000000000000E+000  0.000000000000000E+000
 -1.043083589107101E-008  2.995144438155659E-009
 -7.915218395430217E-007  1.143716433591320E-007
         164  0.000000000000000E+000  0.000000000000000E+000
 -7.313987610707106E-009  4.465071045932002E-009
 -3.453646362927804E-007  6.896195455655417E-007
         165  0.000000000000000E+000  0.000000000000000E+000
 -7.044012714535544E-009  2.768612442364420E-009
  3.381671104525623E-007  6.874735272228570E-007
         166  0.000000000000000E+000  0.000000000000000E+000
 -8.142189975579768E-009  4.224258440259418E-009
  7.922962244883907E-007  1.603803946060036E-007
         167  0.000000000000000E+000  0.000000000000000E+000
 -6.732674462452627E-009  4.229572375162334E-009
  5.884067988521182E-007 -5.577532891962416E-007
         168  0.000000000000000E+000  0.000000000000000E+000
 -8.325110969404749E-009  4.551597098285555E-009
 -7.959558746883131E-008 -7.563261531792499E-007
         169  0.000000000000000E+000  0.000000000000000E+000
 -6.423926721093622E-009  8.062443069100751E-009
 -6.166000586497148E-007 -4.034588030524367E-007
         170  0.000000000000000E+000  0.000000000000000E+000
 -3.388794274738469E-009  4.338519016546774E-009
 -7.025321252839224E-007  2.659332556962207E-007
         171  0.000000000000000E+000  0.000000000000000E+000
 -8.216524774581402E-009  3.312778416392162E-009
 -1.543209640979499E-007  7.890184441650610E-007
         172  0.000000000000000E+000  0.000000000000000E+000
 -7.498400476442092E-009  7.641191322265246E-009
  6.073039239333137E-007  4.978451084343397E-007
         173  0.000000000000000E+000  0.000000000000000E+000
 -7.322587365763734E-009  7.623837847417188E-009
  6.987195023938614E-007 -1.843632933229982E-007
         174  0.000000000000000E+000  0.000000000000000E+000
 -6.033388187071914E-009  1.251917923901226E-008
  2.825645577127050E-007 -6.608883668533815E-007
         175  0.000000000000000E+000  0.000000000000000E+000
  1.310660852274217E-009  9.597247061088216E-009
 -3.932502529078492E-007 -5.664594960060365E-007
         176  0.000000000000000E+000  0.000000000000000E+000
 -2.574519542115549E-009  4.980098803233360E-009
 -5.898496054923130E-007  8.506347706340936E-008
         177  0.000000000000000E+000  0.000000000000000E+000
 -2.227570750220897E-009  8.834411309510298E-009
 -1.299783481393144E-007  3.678515484629331E-007
         178  0.000000000000000E+000  0.000000000000000E+000
 -1.391542443523280E-009  5.191037654107319E-009
  9.038232309163811E-008  2.587871602412123E-007
         179  0.000000000000000E+000  0.000000000000000E+000
 -5.807174100129402E-009  7.363583191398670E-009
  2.551497571088510E-007  1.247258865304542E-007
         180  0.000000000000000E+000  0.000000000000000E+000
 -1.630716441485537E-009  1.167896617419982E-008
  2.320729480309138E-007 -9.858172558535033E-008
         181  0.000000000000000E+000  0.000000000000000E+000
 -2.863369353598105E-010  8.705500686093158E-009
  1.251349518964773E-007 -1.845226867888508E-007
         182  0.000000000000000E+000  0.000000000000000E+000
 -5.426432219493643E-011  1.140730634757595E-008
  6.313095566895074E-008 -2.799489319176966E-007
         183  0.000000000000000E+000  0.000000000000000E+000
  4.845986999627957E-009  7.187596440240103E-009
 -3.097195429357536E-007 -3.140765131952663E-007
         184  0.000000000000000E+000  0.000000000000000E+000
 -1.258779114257742E-009  3.710097115806253E-009
 -4.153669917662912E-007  1.890020439259228E-007
         185  0.000000000000000E+000  0.000000000000000E+000
 -3.439918324579033E-009  1.069267387847956E-008
 -1.316085113345428E-009  3.954729449465772E-007
         186  0.000000000000000E+000  0.000000000000000E+000
  2.801892880214192E-009  1.112782201715514E-008
  3.216838808747245E-007  2.040848056734000E-007
         187  0.000000000000000E+000  0.000000000000000E+000
  2.337774338405183E-009  9.514644270866876E-009
  3.898415287175412E-007 -1.660166895001045E-007
         188  0.000000000000000E+000  0.000000000000000E+000
  6.083379845151013E-009  9.187643110077136E-009
  1.927495546585506E-008 -5.288498486007943E-007
         189  0.000000000000000E+000  0.000000000000000E+000
  2.634894025354261E-009  4.343615909308760E-009
 -4.832848376776835E-007 -1.561924283376319E-007
         190  0.000000000000000E+000  0.000000000000000E+000
 -8.344804066487703E-010  1.056225419970108E-008
 -2.392156326551274E-007  3.158628195229655E-007
         191  0.000000000000000E+000  0.000000000000000E+000
  6.922075870389891E-009  1.316416841277480E-008
  1.715798063483674E-007  2.940350754403575E-007
         192  0.000000000000000E+000  0.000000000000000E+000
  9.343153307363438E-009  8.789527181849251E-009
  3.576484821690568E-007 -6.535272862752070E-008
         193  0.000000000000000E+000  0.000000000000000E+000
  1.162140303461972E-008  5.658185837490608E-009
  3.914487326377028E-008 -4.557492083212121E-007
         194  0.000000000000000E+000  0.000000000000000E+000
  7.097446061560334E-009 -8.133505716213927E-010
 -4.637980209385474E-007 -1.215431830680447E-007
         195  0.000000000000000E+000  0.000000000000000E+000
  1.909839625073646E-010  3.611792570032671E-009
 -1.900440081887686E-007  3.657169578531903E-007
         196  0.000000000000000E+000  0.000000000000000E+000
  3.809816731081377E-009  1.080058183295413E-008
  2.567682751978996E-007  2.453284231328739E-007
         197  0.000000000000000E+000  0.000000000000000E+000
  1.025295403907418E-008  9.242551398681656E-009
  3.131788601728246E-007 -1.718101261443067E-007
         198  0.000000000000000E+000  0.000000000000000E+000
  1.267638108177747E-008  5.185339376173247E-009
 -4.045983999531637E-008 -3.870849774577315E-007
         199  0.000000000000000E+000  0.000000000000000E+000
  1.166799199368562E-008 -7.807485683650466E-010
 -4.131780355087017E-007 -1.098792609058602E-007
         200  0.000000000000000E+000  0.000000000000000E+000
  5.482786576254364E-009 -1.507751251229227E-009
 -2.057162196222561E-007  3.364328245498985E-007
         201  0.000000000000000E+000  0.000000000000000E+000
  3.767849042257964E-009  3.011834606570325E-009
  2.223387267502869E-007  2.410442241990611E-007
         202  0.000000000000000E+000  0.000000000000000E+000
  7.230879882013665E-009  5.308829453243634E-009
  2.675476953882992E-007 -1.207975051362860E-007
         203  0.000000000000000E+000  0.000000000000000E+000
  9.575611882866565E-009  3.390707845805722E-009
 -3.641702337795697E-009 -2.990685008568315E-007
         204  0.000000000000000E+000  0.000000000000000E+000
  1.005086277604179E-008  1.585016195454991E-009
 -2.756831951980969E-007 -1.525666846535440E-007
         205  0.000000000000000E+000  0.000000000000000E+000
  9.136549297045491E-009 -3.273229159007576E-010
 -2.714352372723790E-007  1.738774548737389E-007
         206  0.000000000000000E+000  0.000000000000000E+000
  7.933354784551919E-009  7.290683735080295E-011
  3.005603201824991E-008  2.890993762089907E-007
         207  0.000000000000000E+000  0.000000000000000E+000
  8.600343144584725E-009  4.048826295031120E-010
  2.366682375567247E-007  9.606960512941684E-008
         208  0.000000000000000E+000  0.000000000000000E+000
  9.289015211015244E-009 -4.694659002221462E-010
  1.951103150005055E-007 -1.516127074935306E-007
         209  0.000000000000000E+000  0.000000000000000E+000
  9.104780662608687E-009 -1.628276936363082E-009
 -1.618139917444868E-008 -2.574593637294501E-007
         210  0.000000000000000E+000  0.000000000000000E+000
  8.883384654138673E-009 -2.123795450752991E-009
 -2.122770587330565E-007 -1.767330284846924E-007
         211  0.000000000000000E+000  0.000000000000000E+000
  8.598125961693538E-009 -3.203984404682407E-009
 -3.292298399245169E-007  2.503976237180187E-008
         212  0.000000000000000E+000  0.000000000000000E+000
  7.334222119745438E-009 -3.953481422395290E-009
 -2.248247394592073E-007  3.124592781543944E-007
         213  0.000000000000000E+000  0.000000000000000E+000
  6.137786714678555E-009 -2.405826390847193E-009
  1.200360143914574E-007  4.075537935518147E-007
         214  0.000000000000000E+000  0.000000000000000E+000
  8.091215654169377E-009 -1.575690384271798E-009
  4.514450849325626E-007  1.540109456203328E-007
         215  0.000000000000000E+000  0.000000000000000E+000
  1.010584311233949E-008 -2.541661710687933E-009
  4.536553900998112E-007 -3.669696320276254E-007
         216  0.000000000000000E+000  0.000000000000000E+000
  1.100677439999282E-008 -6.860088660864509E-009
 -1.578382517375750E-007 -6.806763750426196E-007
         217  0.000000000000000E+000  0.000000000000000E+000
  7.135915295755823E-009 -9.747962592637563E-009
 -7.143181375793934E-007 -1.866587406978407E-007
         218  0.000000000000000E+000  0.000000000000000E+000
  2.067995351494707E-009 -8.362137699935592E-009
 -5.413778874474025E-007  4.897837609178325E-007
         219  0.000000000000000E+000  0.000000000000000E+000
  2.378686717339604E-009 -2.705713791120423E-009
  8.871488264041422E-008  7.116407653386349E-007
         220  0.000000000000000E+000  0.000000000000000E+000
  6.567577146521500E-009 -1.639002801995885E-009
  6.285023807225211E-007  3.218729802671761E-007
         221  0.000000000000000E+000  0.000000000000000E+000
  1.121969220501689E-008 -4.669536882436511E-009
  5.515314085573001E-007 -4.003345820565585E-007
         222  0.000000000000000E+000  0.000000000000000E+000
  9.624917842491757E-009 -1.130138317640956E-008
 -8.743019990374612E-008 -5.497191797758254E-007
         223  0.000000000000000E+000  0.000000000000000E+000
  4.072413622003271E-009 -1.380821667964751E-008
 -3.679577228392770E-007 -2.267574437249905E-007
         224  0.000000000000000E+000  0.000000000000000E+000
 -1.185958162175962E-009 -9.574404984940972E-009
 -3.991675062721250E-007  5.897962252173073E-008
         225  0.000000000000000E+000  0.000000000000000E+000
  9.373240430724464E-010 -5.737610711289376E-009
 -2.601307583272159E-007  3.141662427372984E-007
         226  0.000000000000000E+000  0.000000000000000E+000
  4.573829547911519E-009 -5.401136519810725E-009
  2.009348664542616E-008  3.480946956816389E-007
         227  0.000000000000000E+000  0.000000000000000E+000
  4.982441976602830E-009 -1.047999975641765E-008
  1.389689277421708E-007  3.469251855784138E-007
         228  0.000000000000000E+000  0.000000000000000E+000
  1.103321581047237E-009 -1.178333900234044E-008
  5.442366402022483E-007  2.096929368268415E-007
         229  0.000000000000000E+000  0.000000000000000E+000
 -2.620251124811524E-009 -9.166101619384035E-009
  5.476007793755155E-007 -4.591895208699603E-007
         230  0.000000000000000E+000  0.000000000000000E+000
 -7.978583150903824E-011 -6.214941763924088E-009
 -1.390662721424126E-007 -7.815763433765251E-007
         231  0.000000000000000E+000  0.000000000000000E+000
  1.677140796800231E-009 -7.583494936134116E-009
 -7.893554539379052E-007 -3.414827977940345E-007
         232  0.000000000000000E+000  0.000000000000000E+000
  4.790557638576504E-010 -1.125747231211367E-008
 -8.573390139826332E-007  5.537175681006830E-007
         233  0.000000000000000E+000  0.000000000000000E+000
 -3.502935452056137E-009 -9.423446825732596E-009
  1.164740245414173E-007  1.126757053888758E-006
         234  0.000000000000000E+000  0.000000000000000E+000
 -3.420953884330791E-009 -8.237424542821297E-009
  1.009928492861331E-006  3.813143702558244E-007
         235  0.000000000000000E+000  0.000000000000000E+000
 -3.553310463389054E-009 -5.836889451277917E-009
  7.320753801354444E-007 -6.048097678862392E-007
         236  0.000000000000000E+000  0.000000000000000E+000
 -1.713836607465340E-009 -6.016369004904013E-009
 -1.200286476281948E-007 -8.154527102372721E-007
         237  0.000000000000000E+000  0.000000000000000E+000
 -5.798963902762717E-010 -7.011533356377314E-009
 -6.923736574738268E-007 -3.239144726503411E-007
         238  0.000000000000000E+000  0.000000000000000E+000
 -2.117723452877487E-009 -8.650603539670598E-009
 -5.774672984990516E-007  4.473243189954672E-007
         239  0.000000000000000E+000  0.000000000000000E+000
 -1.780144361945945E-009 -9.004930053125699E-009
  1.185416127089219E-007  5.640839336774111E-007
         240  0.000000000000000E+000  0.000000000000000E+000
 -5.468556506304777E-009 -1.109783641465380E-008
  3.308769433723048E-007  1.473375588891054E-007
         241  0.000000000000000E+000  0.000000000000000E+000
 -8.155938734244290E-009 -8.106797191475597E-009
  2.007127074141189E-007 -4.385709611015364E-008
         242  0.000000000000000E+000  0.000000000000000E+000
 -7.931506057478738E-009 -4.645602477853645E-009
  1.277409424735523E-007 -8.165968102644168E-008
         243  0.000000000000000E+000  0.000000000000000E+000
 -5.860307528955528E-009 -3.856232693351270E-009
  5.824531099084422E-008 -7.302066477194769E-008
         244  0.000000000000000E+000  0.000000000000000E+000
 -3.382517938561683E-009 -3.900356022248303E-009
  1.141391618739655E-007 -1.593859129558576E-007
         245  0.000000000000000E+000  0.000000000000000E+000
 -3.524835436890496E-009 -8.300917887091916E-009
 -1.742505929911433E-007 -3.020736792803264E-007
         246  0.000000000000000E+000  0.000000000000000E+000
 -7.627181815499260E-009 -9.202450111678359E-009
 -4.452836834326840E-007  6.192914349262536E-008
         247  0.000000000000000E+000  0.000000000000000E+000
 -1.128856481043973E-008 -6.740691509042737E-009
 -1.652187587774178E-007  4.856022579095922E-007
         248  0.000000000000000E+000  0.000000000000000E+000
 -1.192326795938041E-008 -2.716200415882758E-009
  3.364679391276364E-007  4.351508474445484E-007
         249  0.000000000000000E+000  0.000000000000000E+000
 -9.238481318706767E-009  1.242993530158229E-009
  5.950108014136327E-007 -6.152321873401292E-008
         250  0.000000000000000E+000  0.000000000000000E+000
 -4.599902029153211E-009 -6.036796840694179E-010
  1.974015530097911E-007 -5.457872160826067E-007
         251  0.000000000000000E+000  0.000000000000000E+000
 -5.841254759837490E-009 -4.018096402859429E-009
 -3.600049809651859E-007 -3.448871839499115E-007
         252  0.000000000000000E+000  0.000000000000000E+000
 -8.626262203729845E-009 -4.159223589086437E-009
 -3.870961344983277E-007  1.522580094218962E-007
         253  0.000000000000000E+000  0.000000000000000E+000
 -1.017101853590387E-008 -2.019821873952917E-009
 -3.966938156340113E-008  3.455061158147722E-007
         254  0.000000000000000E+000  0.000000000000000E+000
 -9.962036279881570E-009  6.099133808277556E-011
  2.262897598692739E-007  1.908523250985153E-007
         255  0.000000000000000E+000  0.000000000000000E+000
 -8.467824079445728E-009  1.380089707539222E-009
  2.277741273190527E-007 -5.914598129316977E-008
         256  0.000000000000000E+000  0.000000000000000E+000
 -7.200655775173560E-009  6.611080512387444E-010
  6.521215771970446E-008 -1.388673055986447E-007
