   409.600000000000     
         256           1           3
  1.124309127438499E-002   37.8747447989282        117.581021124098     
   39.0000000000000        116.000000000000        6351.00000000000     
           0  0.000000000000000E+000  0.000000000000000E+000
  0.000000000000000E+000  0.000000000000000E+000
  0.000000000000000E+000  0.000000000000000E+000
           1  9.093172283927415E-008  3.822008351469648E-008
  2.173585966505336E-006  1.000072215330304E-007
 -2.704853509451651E-006 -1.860866886148300E-007
           2  1.614023946427348E-007  9.864717692460789E-008
  2.153064415689083E-006  3.208641721686770E-007
 -2.630305874508997E-006 -6.245109892209188E-007
           3  3.298902787727686E-007  9.010565779338643E-008
  2.282495320310905E-006  7.189118173112431E-007
 -2.943192218139828E-006 -1.348563693609744E-006
           4  5.495408741966572E-007 -7.873655344494504E-008
  2.770307774964707E-006  1.246540380017265E-006
 -3.928669855550210E-006 -1.936895332932538E-006
           5  6.932793586844440E-007 -5.050295576103477E-007
  3.833903784084185E-006  1.684398654186563E-006
 -5.379806817660004E-006 -1.790990859310419E-006
           6  4.888894097849337E-007 -1.180477968835009E-006
  5.577557088748127E-006  1.538093128340050E-006
 -6.608945017483581E-006 -7.264827996039212E-007
           7 -3.758147036534412E-007 -1.813015753723432E-006
  7.636726368672158E-006  1.748746278113183E-007
 -6.976269099050966E-006  9.055415792545237E-007
           8 -1.953670697996931E-006 -1.747188742426909E-006
  9.097536412333388E-006 -2.769165386480626E-006
 -6.236604947094634E-006  2.260572461438472E-006
           9 -3.620335619692028E-006 -2.472286837294557E-007
  8.700263341459448E-006 -6.922429703111040E-006
 -5.005956254415914E-006  2.382098378601332E-006
          10 -4.078133406816566E-006  2.862491122076846E-006
  5.543640542568800E-006 -1.076517166067893E-005
 -4.519253265567818E-006  1.350248334264708E-006
          11 -1.738326843700264E-006  6.513989812037072E-006
  1.292952327963257E-007 -1.225491167718627E-005
 -5.567668312977459E-006 -9.472338644445098E-009
          12  3.873598527807362E-006  8.140619084950298E-006
 -5.591378021622403E-006 -9.994335373255230E-006
 -8.444813027357031E-006 -3.493616835679142E-007
          13  1.092987276942566E-005  4.828743786563619E-006
 -8.611106920426708E-006 -4.345036915718226E-006
 -1.164211986153355E-005  1.932689945485879E-006
          14  1.494881089671310E-005 -4.668392085734469E-006
 -7.036217764088734E-006  1.951746808864620E-006
 -1.345226939987283E-005  6.449421444518093E-006
          15  1.043917136583613E-005 -1.728048894314891E-005
 -1.435815465187897E-006  5.160728424055983E-006
 -1.236561926055842E-005  1.189475467452537E-005
          16 -4.597734323589937E-006 -2.513781394919342E-005
  4.664968853067453E-006  3.001465445893717E-006
 -8.580574293368888E-006  1.619537612532937E-005
          17 -2.520641476226541E-005 -1.976006233629989E-005
  6.716021841899572E-006 -3.615164012555863E-006
 -2.879814473838046E-006  1.858460106477412E-005
          18 -3.952745347773035E-005  2.739446240273472E-006
  1.389034081432503E-006 -9.478885320962965E-006
  3.138209566500509E-006  1.714129468827932E-005
          19 -3.315839950302414E-005  3.502934287826980E-005
 -7.946903262013506E-006 -7.499793749490429E-006
  6.512555729061547E-006  1.325916776306512E-005
          20 -1.102153955614875E-007  5.770323069141484E-005
 -1.229446600235289E-005  4.223196547966693E-006
  6.959049921623525E-006  9.609727433320806E-006
          21  4.704801774282221E-005  4.863367100777539E-005
 -2.446358554285159E-006  1.843624808516833E-005
  5.705402993000674E-006  8.248883154511405E-006
          22  7.765203291647310E-005  1.001920220785070E-006
  2.133557837377014E-005  1.929558265774155E-005
  6.220037611843297E-006  8.633140617763825E-006
          23  6.053344419734764E-005 -6.211478512729142E-005
  4.232479196290506E-005 -4.658246633346920E-006
  8.293516499374559E-006  7.862916283692072E-006
          24 -5.749162822099668E-006 -9.376404643940460E-005
  3.644460591898626E-005 -4.550773139593977E-005
  1.010407805377302E-005  5.071504349112448E-006
          25 -7.846761664686019E-005 -5.959522835327935E-005
 -6.794268555091658E-006 -7.329530018836480E-005
  9.177693786868830E-006  7.114898393955633E-007
          26 -9.698515007275947E-005  2.415502136022465E-005
 -6.564396457574296E-005 -5.625514618814252E-005
  4.963443715052254E-006 -1.475457582964384E-006
          27 -3.708773976683698E-005  9.049831867678625E-005
 -9.448054569752683E-005  7.837841187104366E-006
  4.015280124682150E-007  7.884530031222858E-007
          28  5.256672288056355E-005  7.612849846379999E-005
 -6.008850240777804E-005  7.651326038746704E-005
 -1.273329877776802E-007  6.415609058062991E-006
          29  8.555002357076054E-005 -8.247563876283976E-006
  1.834586719686136E-005  9.221987093625567E-005
  5.015596954807723E-006  1.009342504167472E-005
          30  2.661780724842372E-005 -7.657939424946108E-005
  7.712669328027628E-005  3.832784455603059E-005
  1.121714707089086E-005  7.786070684529279E-006
          31 -6.129981559783383E-005 -5.280714860712143E-005
  6.552058678154646E-005 -3.672278005370263E-005
  1.291718816251633E-005  1.470037571742060E-006
          32 -7.653569907657610E-005  3.999039121483948E-005
  9.824391280701538E-007 -6.255352126425636E-005
  8.929861016065254E-006 -2.932954464338503E-006
          33  5.618142898051845E-006  9.512978144019721E-005
 -4.538240255188867E-005 -2.107935842845858E-005
  4.064723617724866E-006 -1.414023658185713E-006
          34  9.585949579788157E-005  4.178784689144687E-005
 -2.572714804536765E-005  3.209338521388604E-005
  4.066075606180692E-006  3.319598289823570E-006
          35  8.825052542426110E-005 -6.851447851988922E-005
  3.003885052426766E-005  3.026278502293015E-005
  9.046007382498133E-006  5.188472859920834E-006
          36 -1.734985040362597E-005 -1.142208696068772E-004
  4.838743117850727E-005 -2.713137015027822E-005
  1.376419527365091E-005  1.297545168871789E-006
          37 -1.089105071758193E-004 -4.017613671579452E-005
 -2.598635162288820E-006 -7.222398523717872E-005
  1.332246585556119E-005 -5.185491638898872E-006
          38 -8.562297224544476E-005  7.616111840441821E-005
 -7.362292931294259E-005 -4.506645830352229E-005
  8.281214663687354E-006 -8.269133156791090E-006
          39  2.807949454820671E-005  1.093890904616278E-004
 -8.694771593809469E-005  3.567837597906049E-005
  4.143583147395474E-006 -6.281281677285896E-006
          40  1.099655742182657E-004  2.424373340208000E-005
 -2.320832992374284E-005  9.118155105302906E-005
  4.347073139987829E-006 -3.057405448700419E-006
          41  7.274835472912773E-005 -8.764637179832223E-005
  5.697478277923427E-005  6.648157436459197E-005
  7.393921848723672E-006 -2.846672035087235E-006
          42 -4.323191555118142E-005 -1.077832365717092E-004
  7.677794421123868E-005 -1.116252403531128E-005
  8.538592448840703E-006 -6.312224487861354E-006
          43 -1.165682998183815E-004 -1.643711679911643E-005
  2.364144365486849E-005 -6.408298052881794E-005
  5.996811257009571E-006 -9.450348789194935E-006
          44 -7.415146373127200E-005  9.080188923149836E-005
 -4.313943772309355E-005 -4.484439726795396E-005
  2.078309208415629E-006 -9.553736243385405E-006
          45  3.646174859007836E-005  1.078511652493528E-004
 -5.583351694142609E-005  1.813321739256018E-005
 -2.487818796624290E-007 -6.581334583431693E-006
          46  1.042254799929678E-004  2.535024573553506E-005
 -8.894229445646207E-006  5.512113965136823E-005
  1.055186948030516E-006 -3.905279272892575E-006
          47  6.991820104224920E-005 -6.837736788700393E-005
  4.257287925664384E-005  3.063165609754706E-005
  3.774016696457131E-006 -4.054943556381941E-006
          48 -2.032033595494216E-005 -8.387967672426898E-005
  4.317014246714231E-005 -2.476099526639201E-005
  4.921275106285464E-006 -6.936933615640861E-006
          49 -7.159305130982433E-005 -1.904815383298645E-005
 -5.379951917762545E-006 -4.965119535691862E-005
  2.451705122540537E-006 -9.828901987472576E-006
          50 -4.043722054944248E-005  4.840484220324090E-005
 -5.021223799810953E-005 -1.866366745178817E-005
 -1.062486224912461E-006 -9.410389404584212E-006
          51  2.747368087317826E-005  4.831298199642774E-005
 -4.488746609900283E-005  3.631655091922666E-005
 -2.728587451970103E-006 -6.752990196148188E-006
          52  5.271136603340883E-005 -1.120794487846524E-005
  5.591897613764062E-006  5.917841716912821E-005
 -1.618305085583973E-006 -4.343228998767339E-006
          53  7.322822072607115E-006 -5.823843017457658E-005
  5.027611450511872E-005  2.793041623828437E-005
  7.458202083171463E-007 -4.737543069668111E-006
          54 -5.858392080033626E-005 -3.514874244736717E-005
  4.685400831450681E-005 -2.530067116321041E-005
  1.246080344405980E-006 -6.849274517510937E-006
          55 -6.933524180868774E-005  4.074485931381454E-005
  3.493856710244311E-007 -4.855212642796447E-005
 -2.457440484761277E-007 -8.796055488453852E-006
          56 -3.001183638174074E-006  9.329569614198612E-005
 -4.150282184264517E-005 -2.053494109769870E-005
 -2.892668866140100E-006 -9.115373256594491E-006
          57  8.471860410771929E-005  6.330796950552548E-005
 -3.794493563043362E-005  2.851220272238300E-005
 -4.546398871962138E-006 -7.563850982283399E-006
          58  1.119371908159985E-004 -3.284463668981372E-005
  6.472782927126971E-006  4.994171450639930E-005
 -4.741123252494806E-006 -6.060216443675116E-006
          59  4.677000246891897E-005 -1.160755376459450E-004
  4.769187779041836E-005  2.197614989445705E-005
 -3.973190598876727E-006 -5.727251388440658E-006
          60 -6.255553021407254E-005 -1.143852007428385E-004
  4.565866409837426E-005 -2.840257574793223E-005
 -4.039919121296413E-006 -6.880049182200429E-006
          61 -1.292495720324618E-004 -2.635028386297800E-005
  1.802058092335900E-006 -5.519232930878085E-005
 -6.054165300375753E-006 -7.614608376015434E-006
          62 -1.023666299025454E-004  7.926872183882080E-005
 -4.635347714184727E-005 -3.405839602619826E-005
 -8.558189824295529E-006 -6.683173981613885E-006
          63 -7.021376266121206E-006  1.230165273446538E-004
 -5.776485632222376E-005  1.737560617729096E-005
 -1.005711258489937E-005 -4.054957281701250E-006
          64  8.143591512059739E-005  7.927136296693634E-005
 -2.469764703301195E-005  5.721877671915772E-005
 -9.512233824229887E-006 -1.318413965139316E-006
          65  1.011154587771124E-004 -9.273476182305229E-006
  2.479017756082023E-005  5.653525463022825E-005
 -8.040245093715987E-006 -8.935054625492016E-008
          66  4.975569579126609E-005 -7.279718419098873E-005
  5.314138145944188E-005  2.102119224920864E-005
 -6.794299346832641E-006 -6.877096583780892E-009
          67 -2.281894878420538E-005 -7.147365335161939E-005
  4.513698733654105E-005 -1.794424805297883E-005
 -6.537721940261538E-006 -5.276349126684031E-007
          68 -6.065380224976612E-005 -1.971737261752403E-005
  1.564679567375825E-005 -3.289855735837816E-005
 -7.147235604533298E-006 -6.451850969889762E-007
          69 -4.395158607145083E-005  3.479977255351343E-005
 -6.920160838725341E-006 -2.091777146727206E-005
 -7.876961581504833E-006  7.908657465041175E-008
          70  4.697527121728161E-006  5.242239769346615E-005
 -7.216111849816682E-006 -2.276375912018772E-006
 -8.034668237434565E-006  1.271688174146979E-006
          71  4.542792411126560E-005  2.685978294464521E-005
  6.678040110653736E-006  2.253922362301081E-006
 -7.631018990111414E-006  2.209736336716446E-006
          72  5.184002142983381E-005 -1.815483398777313E-005
  1.428072628438240E-005 -1.045292884968623E-005
 -7.162948097032489E-006  2.741612383035595E-006
          73  2.482447912250619E-005 -5.226716627001064E-005
  4.319333490230767E-006 -2.480499795777510E-005
 -7.071634319978381E-006  3.121568163565670E-006
          74 -1.677324649207803E-005 -5.884744086228638E-005
 -1.606438321827559E-005 -2.446299648655261E-005
 -7.187034283078813E-006  3.688959610278898E-006
          75 -5.307337095231408E-005 -3.795919554918267E-005
 -2.892679513020998E-005 -7.645850119567443E-006
 -7.247429379862460E-006  4.838587982438668E-006
          76 -7.025071291016829E-005  1.653028227430936E-006
 -2.590374936048868E-005  1.202444540553367E-005
 -6.653202102738401E-006  6.343317171325520E-006
          77 -6.057853342276201E-005  4.696831561691803E-005
 -1.245172338415303E-005  2.292285594215388E-005
 -5.352064986668284E-006  7.354935248293163E-006
          78 -2.179239903837026E-005  8.120670866903998E-005
  4.775256390162096E-007  2.301990708237329E-005
 -3.829984929750707E-006  7.759200118581687E-006
          79  3.632936189498862E-005  8.400951929540774E-005
  8.171718104590643E-006  2.057420310199758E-005
 -2.700124371834574E-006  7.723894876173975E-006
          80  8.744295678677849E-005  4.410063922881901E-005
  1.591267129666323E-005  1.986498137491639E-005
 -1.738749109307161E-006  7.779063867742752E-006
          81  9.886384268558779E-005 -2.553022139932422E-005
  2.914787092835891E-005  1.617877507524157E-005
 -3.369745321469884E-007  7.665528224417179E-006
          82  5.611992871015815E-005 -8.673672686330248E-005
  4.400455563665221E-005 -3.628516935578433E-007
  1.010293996586175E-006  6.875222597055476E-006
          83 -1.947842450607547E-005 -9.911719304623963E-005
  4.506510578248112E-005 -3.064954858173067E-005
  1.728002728125120E-006  5.349017497381478E-006
          84 -7.982856188144595E-005 -5.238846137287293E-005
  2.141116757375789E-005 -5.987155770068898E-005
  1.357392414870667E-006  3.781802072278955E-006
          85 -8.445158418335792E-005  2.201001362900686E-005
 -2.209988183976395E-005 -6.643118441732969E-005
  1.076399386155395E-007  3.097258207813081E-006
          86 -3.183009081187170E-005  7.041293084003206E-005
 -6.150133900165667E-005 -3.825166922585800E-005
 -1.285956146734649E-006  3.511996718262138E-006
          87  3.497053036314016E-005  5.768545867564376E-005
 -7.046915176848593E-005  1.116428013582854E-005
 -1.923292419827527E-006  4.997803591803763E-006
          88  6.073634417047442E-005 -2.385397553576948E-006
 -4.184837020274222E-005  5.266090751513300E-005
 -1.195358355857054E-006  6.775251982436810E-006
          89  2.363588498690641E-005 -5.577901507690923E-005
  5.867787044943915E-006  6.056677588886987E-005
  6.271387165148962E-007  7.615584832262085E-006
          90 -4.441796771985459E-005 -5.127854637640897E-005
  4.098819034005520E-005  3.371467034662795E-005
  2.566664625605870E-006  6.977586830315242E-006
          91 -7.875624151774979E-005  1.478265548447754E-005
  4.404795031214639E-005 -5.112892070596505E-006
  3.321225127883834E-006  5.447140652770979E-006
          92 -3.799728872316796E-005  8.669077859738700E-005
  2.078299699107102E-005 -2.719539454333763E-005
  2.695525466433621E-006  4.375267664918762E-006
          93  5.393616345269342E-005  9.546825116759417E-005
 -3.140507427259151E-006 -2.249446134362123E-005
  1.854353346541031E-006  4.509641953054163E-006
          94  1.226792760341239E-004  1.888698364909649E-005
 -7.791433112005902E-006 -5.878053969269278E-006
  1.757029425206696E-006  5.531803640284762E-006
          95  1.014254122737098E-004 -9.288526641598198E-005
  4.980407942722310E-006 -1.802930288905071E-007
  2.670608718981612E-006  6.461580751389721E-006
          96 -9.155023881093015E-006 -1.491249215671714E-004
  1.337703209251356E-005 -1.561770990051526E-005
  4.167710207761872E-006  6.574284964701651E-006
          97 -1.300140034309253E-004 -9.320393661504357E-005
 -2.667119969182806E-006 -3.556221372336244E-005
  5.502737081488791E-006  5.890419617086213E-006
          98 -1.638976748984659E-004  4.433352892216919E-005
 -3.734048694834573E-005 -3.218349053890131E-005
  6.051965662100781E-006  4.783535390409809E-006
          99 -7.307288981289797E-005  1.633185132001685E-004
 -6.058420845491069E-005  5.772568819146082E-006
  5.901865841146604E-006  4.130473699210977E-006
         100  8.378332034122748E-005  1.674056921999992E-004
 -4.263820663459544E-005  5.580778450109352E-005
  6.000189392055981E-006  4.374260345799759E-006
         101  1.894557400372738E-004  4.326579202030688E-005
  1.487508545255909E-005  7.729740986258353E-005
  7.110531977562148E-006  4.781640728794866E-006
         102  1.588054521877970E-004 -1.218622016585265E-004
  7.545740720586986E-005  4.372575371576219E-005
  9.031475603140586E-006  4.141948419927220E-006
         103  7.884128071865449E-006 -2.043948889540593E-004
  9.091907056171924E-005 -3.075739619627584E-005
  1.056222874508981E-005  2.105847103700713E-006
         104 -1.541376655635422E-004 -1.381223214628219E-004
  4.160451652898884E-005 -9.615648885513121E-005
  1.067634648970378E-005 -5.669911007894931E-007
         105 -2.048645283828096E-004  3.094055351857270E-005
 -4.456419636875389E-005 -1.027709474151881E-004
  9.394546164372168E-006 -2.661826887878190E-006
         106 -1.052231511348516E-004  1.765606900567288E-004
 -1.088719259503169E-004 -4.098129513979720E-005
  7.638019407320486E-006 -3.396280923534621E-006
         107  6.970979429636508E-005  1.902319811057799E-004
 -1.056262572551742E-004  4.926255351132820E-005
  6.588795113844542E-006 -2.983661394865885E-006
         108  1.884796898486489E-004  6.334226999482053E-005
 -3.692387360998913E-005  1.060753803292952E-004
  6.767177680324285E-006 -2.656926045038216E-006
         109  1.632057158134010E-004 -1.062317143216438E-004
  4.831731527646783E-005  9.292270830478200E-005
  7.390512212317923E-006 -3.221660032773631E-006
         110  1.702717705432439E-005 -1.899745042248333E-004
  9.260781156089499E-005  2.349099177574311E-005
  7.496169890254011E-006 -4.705456169247479E-006
         111 -1.362145607666373E-004 -1.284702417643657E-004
  6.978154587973959E-005 -5.093492902290619E-005
  6.491701500048576E-006 -6.265771708328497E-006
         112 -1.820952371562424E-004  2.675467924607294E-005
  2.516749010479450E-006 -7.884358033247369E-005
  4.750206557457145E-006 -7.022955788611961E-006
         113 -9.085008438161630E-005  1.556800423819312E-004
 -5.675474811837327E-005 -4.641199539999958E-005
  2.901826236287301E-006 -6.540484127158735E-006
         114  6.171137919768987E-005  1.640291996681734E-004
 -6.721819162943018E-005  1.510865462033723E-005
  2.225518937215886E-006 -5.128658418086077E-006
         115  1.595619930040577E-004  5.480475212301615E-005
 -2.877653418505105E-005  5.745812025297137E-005
  2.939336748699341E-006 -4.139898405400934E-006
         116  1.370538959593888E-004 -8.307775672704635E-005
  2.352404554227445E-005  5.361707260218839E-005
  4.171353771048200E-006 -4.302097234127757E-006
         117  2.220638962898511E-005 -1.480241510691196E-004
  4.928349500972558E-005  1.404238941573574E-005
  4.931750709189043E-006 -5.801669654621749E-006
         118 -9.177409693285422E-005 -1.017557637305075E-004
  3.533469764955209E-005 -2.460578537100204E-005
  4.379957053557417E-006 -7.583535658612454E-006
         119 -1.231008093068276E-004  7.114245111914425E-006
  2.493931391973917E-006 -3.508428798874213E-005
  3.009648025105595E-006 -8.765436805343532E-006
         120 -6.175694408226394E-005  9.067552801556706E-005
 -2.002040079147252E-005 -1.859501487232084E-005
  1.296999036626188E-006 -9.220329284703825E-006
         121  3.288785084714872E-005  9.197975949107263E-005
 -1.895666629218553E-005  2.186479561440099E-006
 -7.281961897009174E-008 -8.981311740930714E-006
         122  8.555418944484892E-005  2.281878408903913E-005
 -5.882413562485798E-006  7.830771429944690E-006
 -1.091447739092155E-006 -8.596235669821725E-006
         123  6.258056892129580E-005 -5.419253473059545E-005
 -1.736464398412979E-007 -6.433681098696980E-007
 -1.882808036340248E-006 -8.258419175714151E-006
         124 -7.553102006878130E-006 -8.001714131090318E-005
 -9.384044953059721E-006 -7.510487405825154E-006
 -2.749132861732479E-006 -8.094409642891400E-006
         125 -6.761493419904137E-005 -4.320840074656157E-005
 -2.281150532734769E-005  4.023928031063466E-007
 -3.864298651290828E-006 -7.462943229194731E-006
         126 -7.756543816799685E-005  2.290181523353127E-005
 -2.500934092466730E-005  2.008086738211355E-005
 -4.517971330530524E-006 -6.415456540837674E-006
         127 -3.731319912533257E-005  7.211830643249140E-005
 -9.922714119460434E-006  3.770904764056761E-005
 -4.585089160597895E-006 -5.423953427873181E-006
         128  2.257373122305050E-005  7.730783292398679E-005
  1.469150352987930E-005  3.952814658687278E-005
 -4.172311912463702E-006 -4.910314003329686E-006
         129  6.690672834931861E-005  4.240064795017686E-005
  3.356936436879188E-005  2.521671526251973E-005
 -4.079402677092443E-006 -5.062977813869915E-006
         130  7.708717432893386E-005 -1.018741122474855E-005
  3.898189368551667E-005  4.815114209148388E-006
 -4.401346151657688E-006 -5.237843743232280E-006
         131  5.217768495759084E-005 -5.564343803612665E-005
  3.349942673941686E-005 -1.129744289220842E-005
 -5.004688644189552E-006 -5.327298760910337E-006
         132  4.804401905707609E-006 -7.440009021767036E-005
  2.566166776842024E-005 -2.111460594894117E-005
 -5.818507753614051E-006 -5.108780007232592E-006
         133 -4.328009420475958E-005 -5.846923994982977E-005
  1.742575250331123E-005 -2.985373638135364E-005
 -6.616964212200204E-006 -4.663095893286931E-006
         134 -6.954663119969050E-005 -1.400684462404466E-005
  4.081071086072268E-006 -3.921923478503452E-005
 -7.318163730190427E-006 -3.901118163586563E-006
         135 -5.732700825437633E-005  3.805481218830173E-005
 -1.937179338031443E-005 -4.220630579355097E-005
 -7.741306555196036E-006 -3.042614493126467E-006
         136 -9.334238450293166E-006  6.632029419305160E-005
 -4.632051003241318E-005 -2.678013227896788E-005
 -8.079580479852172E-006 -2.188533054467486E-006
         137  4.686908030756315E-005  4.793358634754475E-005
 -5.914622617175730E-005  8.214472671966249E-006
 -8.232908048965534E-006 -1.201772958776103E-006
         138  6.996022018299693E-005 -1.228961432810672E-005
 -4.349796963706986E-005  4.697728459827863E-005
 -8.089638423420168E-006 -2.325612168715489E-007
         139  3.224951239840319E-005 -7.377567186711239E-005
 -3.606774783690716E-006  6.544444238941630E-005
 -7.648459229994625E-006  5.020980999973598E-007
         140 -4.938479417285245E-005 -8.188380279159759E-005
  3.771895123316349E-005  5.103949257178659E-005
 -7.152766824497145E-006  7.444680809049226E-007
         141 -1.143842857938460E-004 -1.361116813438728E-005
  5.524814416772607E-005  1.387861742645027E-005
 -7.115032480990560E-006  5.672516446652928E-007
         142 -1.001917415491944E-004  9.390331262641098E-005
  4.152523511577087E-005 -1.936869370330271E-005
 -7.826652295167749E-006  5.361651138599053E-007
         143  4.293775380550130E-006  1.598756440734485E-004
  1.358136374105933E-005 -2.743022414601687E-005
 -8.993772482854503E-006  1.343687957930673E-006
         144  1.364985210703460E-004  1.191310007950707E-004
 -2.393279093039860E-006 -1.213001629470482E-005
 -9.754264152367308E-006  3.273947732356800E-006
         145  1.989431919657286E-004 -1.938438532926323E-005
  6.363930473293583E-006  4.097846560245606E-006
 -9.176882810786157E-006  5.696467629779517E-006
         146  1.325950817476750E-004 -1.695428416976315E-004
  2.741761765419157E-005 -2.130851656224245E-006
 -7.275868730177229E-006  7.411021770231751E-006
         147 -3.304011974689655E-005 -2.239257252157880E-004
  3.226961616583687E-005 -3.249628389467963E-005
 -4.918918997067488E-006  7.641957819322445E-006
         148 -1.906382666640356E-004 -1.335604289578692E-004
  2.658220348274068E-006 -6.073028232707043E-005
 -3.387972700582348E-006  6.456543224700304E-006
         149 -2.295880987110843E-004  4.826013297565487E-005
 -4.718453098616238E-005 -5.453209286235140E-005
 -3.419661832285989E-006  5.055858350973653E-006
         150 -1.190272332197886E-004  1.996097086390829E-004
 -8.017102456840096E-005 -5.970780820182063E-006
 -4.627365021282081E-006  4.499276978366735E-006
         151  6.663497084339739E-005  2.167420277795231E-004
 -6.395823020203200E-005  5.774658177432930E-005
 -6.113802385671442E-006  5.520430705715931E-006
         152  1.988629980558450E-004  9.020820995744307E-005
 -1.441927580949866E-006  9.021993821799182E-005
 -6.453311567678784E-006  7.789325021570865E-006
         153  1.891861712754360E-004 -8.698057376944107E-005
  6.744323239955315E-005  6.442213235024224E-005
 -5.296185182935693E-006  1.001126528261741E-005
         154  5.343675450007590E-005 -1.899896782753681E-004
  9.462459318327654E-005 -5.166247943961571E-006
 -3.198451645017317E-006  1.122146401382370E-005
         155 -1.052203532977805E-004 -1.541009344904025E-004
  6.133532685824528E-005 -7.178943219371167E-005
 -1.342672673042417E-006  1.142070565392694E-005
         156 -1.753710489833965E-004 -1.631381923914426E-005
 -9.756144429941625E-006 -9.130029020718528E-005
  1.245512259121340E-007  1.150114891143082E-005
         157 -1.171285086023788E-004  1.176391787553654E-004
 -6.957792549150993E-005 -5.085552291865930E-005
  1.567255778695543E-006  1.149963038849597E-005
         158  1.508549609415929E-005  1.555509616897424E-004
 -7.651811384528081E-005  1.812862822295478E-005
  3.168876783949659E-006  1.150282300615025E-005
         159  1.213086343215455E-004  8.219185988094072E-005
 -2.965708899764778E-005  6.502400072574258E-005
  5.077304485902906E-006  1.107518020337944E-005
         160  1.311565902579528E-004 -3.781472941296473E-005
  3.398066843466959E-005  5.723558566746922E-005
  7.006021067216275E-006  1.005562862086258E-005
         161  5.097653156981399E-005 -1.153457684977028E-004
  6.447962816094416E-005  3.701259911248355E-006
  8.618402628515065E-006  8.101790471095922E-006
         162 -5.079714955551519E-005 -1.036899371701875E-004
  4.064462296842861E-005 -5.070344144558536E-005
  8.973301130585045E-006  5.738471741763376E-006
         163 -1.016937085624909E-004 -2.541965982094597E-005
 -1.556875105238719E-005 -6.350804158962739E-005
  8.295636135995503E-006  4.015714186091594E-006
         164 -7.660349594138629E-005  5.502268882699890E-005
 -5.783651259910739E-005 -2.736201761271545E-005
  7.397530569529509E-006  3.352859051272321E-006
         165 -7.287673899063400E-006  8.390752195128556E-005
 -5.509588898343625E-005  2.619512646667205E-005
  7.160245396148878E-006  3.347319632901843E-006
         166  5.169964647138115E-005  5.405316216684285E-005
 -1.235761022049091E-005  5.587258210732892E-005
  7.597792109864421E-006  3.105145007443001E-006
         167  6.609079340973162E-005 -1.719858710013110E-006
  3.547200654389427E-005  4.107437268876022E-005
  8.119232727765354E-006  2.217135182616710E-006
         168  3.870079635694978E-005 -4.315878206259233E-005
  5.343277863231665E-005 -3.431528070383878E-006
  8.022670447993317E-006  9.071584479007928E-007
         169 -2.787841191455074E-006 -4.997532406255297E-005
  3.203107885297473E-005 -4.426178500063522E-005
  7.158706357971133E-006 -1.861455452931957E-008
         170 -3.067623084480060E-005 -2.932064479962661E-005
 -1.069238321148089E-005 -5.472968025573044E-005
  6.155481280389068E-006 -4.677078430630924E-008
         171 -3.512381083238932E-005 -1.485126833823954E-006
 -4.499113563466043E-005 -3.181647962041121E-005
  5.806761740672840E-006  6.487438361791030E-007
         172 -2.217455015584023E-005  1.695700848551681E-005
 -5.128724104770678E-005  5.135408950240764E-006
  6.494887199448370E-006  1.271491732243772E-006
         173 -4.947871327402963E-006  1.978707528065934E-005
 -3.211856312897497E-005  3.136353432222392E-005
  7.793022835572114E-006  1.032771332294427E-006
         174  4.944623588631303E-006  1.131831736608452E-005
 -6.076429347037125E-006  3.526077889502326E-005
  8.868891580058353E-006 -2.478896227590611E-007
         175  2.854400971590866E-006  1.461935628867032E-006
  9.243711850269966E-006  2.355981325218564E-005
  9.032724592753577E-006 -2.082665294658714E-006
         176 -7.771757986956935E-006  1.023693831520624E-006
  9.758708499689544E-006  1.217669179967480E-005
  8.192304982380579E-006 -3.659395701180620E-006
         177 -1.427336393707975E-005  1.559401285263835E-005
  6.081976813501151E-006  1.144106790187734E-005
  6.849116939157722E-006 -4.379419832250984E-006
         178 -1.414765501690433E-006  3.646710394052629E-005
  1.111706941763655E-005  1.683738658070252E-005
  5.792884945517657E-006 -4.186729139401866E-006
         179  3.324988500925846E-005  4.203243124365733E-005
  2.687828670064919E-005  1.451021132476087E-005
  5.540415539471850E-006 -3.667494771978831E-006
         180  7.074230250061951E-005  1.312207721899737E-005
  4.118046071751279E-005 -5.154683543696364E-006
  5.979602717208971E-006 -3.493366296315834E-006
         181  7.741504742154983E-005 -4.676986354990795E-005
  3.753836556159419E-005 -3.709386844275580E-005
  6.612243420991665E-006 -3.993006777097029E-006
         182  3.157044978232862E-005 -1.034990111907320E-004
  8.205563167747891E-006 -6.350627087466956E-005
  6.961476730239244E-006 -4.976799433451859E-006
         183 -5.316013845428666E-005 -1.126047207559323E-004
 -3.745827398731706E-005 -6.456319795896443E-005
  6.986601848592026E-006 -6.203860720734828E-006
         184 -1.283050685804486E-004 -5.203996712461721E-005
 -7.728442020172080E-005 -3.305370325660528E-005
  6.592724709612607E-006 -7.587678084579461E-006
         185 -1.391425409040579E-004  5.342392629457688E-005
 -8.914172467233626E-005  2.069853159978863E-005
  5.722917878313283E-006 -8.881871787421848E-006
         186 -6.716066305658090E-005  1.404159916441503E-004
 -6.332947041226938E-005  7.216088761241620E-005
  4.507183703957805E-006 -9.914766273838144E-006
         187  4.954250471603841E-005  1.503129679409091E-004
 -1.028289861523603E-005  9.702334941559864E-005
  3.135262910849717E-006 -1.062122915791418E-005
         188  1.392274188315964E-004  7.244816441473639E-005
  4.669071519173473E-005  8.400697015576411E-005
  1.647488509612772E-006 -1.112432779548481E-005
         189  1.453390107812703E-004 -4.529454515473056E-005
  8.243467102540560E-005  4.029550459865819E-005
 -5.358706770433357E-008 -1.124362830987210E-005
         190  6.605910417015885E-005 -1.286759423012486E-004
  8.501121182612201E-005 -1.277927499264120E-005
 -1.609318939793520E-006 -1.085227539728735E-005
         191 -4.403899373858322E-005 -1.275799692479553E-004
  5.841548678128322E-005 -5.452427940035614E-005
 -2.778156648621432E-006 -1.016759825463921E-005
         192 -1.139229823861675E-004 -5.052227915077362E-005
  1.630157770049876E-005 -7.280645388846039E-005
 -3.591568822346030E-006 -9.604043756801274E-006
         193 -1.045295025640709E-004  4.682724260658776E-005
 -2.630719309751511E-005 -6.629455128089455E-005
 -4.441309474343309E-006 -9.180830026726826E-006
         194 -3.070051495112108E-005  1.010604207534010E-004
 -5.819800428805025E-005 -3.916391325724932E-005
 -5.319534590047282E-006 -8.667371808400998E-006
         195  5.340049564078719E-005  8.290679808072215E-005
 -7.122193140428501E-005  5.895652064896885E-007
 -6.225386251936487E-006 -8.086034623744506E-006
         196  9.334166347971964E-005  1.188580685980337E-005
 -6.051116298584055E-005  4.261286376143884E-005
 -7.147763954555437E-006 -7.255395790063060E-006
         197  6.785814251457494E-005 -6.259405151653011E-005
 -2.676242155503659E-005  7.257801857571235E-005
 -7.788542945303689E-006 -6.178791875102315E-006
         198 -3.993567748698555E-006 -9.267057332980372E-005
  2.006560278356656E-005  7.899133531533117E-005
 -8.103408997945787E-006 -5.119735804085019E-006
         199 -7.435318351113024E-005 -5.852949409164832E-005
  6.524188076753389E-005  5.559897257322794E-005
 -8.196447862217873E-006 -4.248190977905970E-006
         200 -9.594967920798094E-005  1.767128352632199E-005
  8.868724038748540E-005  6.342619646342883E-006
 -8.294765065397291E-006 -3.600632927788038E-006
         201 -5.311881192495386E-005  8.663541728049366E-005
  7.570052185575294E-005 -4.993270149535872E-005
 -8.531298491382827E-006 -3.004347672361830E-006
         202  2.983485756815249E-005  1.024851866750526E-004
  2.788238905023148E-005 -8.635465866892673E-005
 -8.858687055488825E-006 -2.326377529785770E-006
         203  1.010763139121799E-004  4.984302417592255E-005
 -3.288589726304736E-005 -8.308182258605954E-005
 -9.213761730277334E-006 -1.458901330247277E-006
         204  1.117505658505808E-004 -4.279694145380298E-005
 -7.637436603621361E-005 -4.192228112164788E-005
 -9.381413599249693E-006 -3.335950450680198E-007
         205  4.822752715929016E-005 -1.186236156198464E-004
 -8.337151990559234E-005  1.479862732249884E-005
 -9.130083208730854E-006  8.241131633982810E-007
         206 -5.751425576905363E-005 -1.252712362466004E-004
 -5.643357363994694E-005  6.051698408630465E-005
 -8.555628328374460E-006  1.642012412313663E-006
         207 -1.405409016875007E-004 -4.756589307806504E-005
 -1.213169776198774E-005  8.121885224206515E-005
 -8.104800315930861E-006  2.001156433715055E-006
         208 -1.408241224822646E-004  7.372729826245890E-005
  3.339046051526193E-005  7.625629608747409E-005
 -8.095946040634326E-006  2.280409302269135E-006
         209 -4.774128960181141E-005  1.621119495464101E-004
  7.025973657713150E-005  5.104087736945734E-005
 -8.364820206021811E-006  2.928298535399694E-006
         210  8.666407521498871E-005  1.550960792802672E-004
  9.283088165158993E-005  9.896890749530540E-006
 -8.505352343837519E-006  4.082172651688206E-006
         211  1.771174491705750E-004  4.925818181388785E-005
  9.307342222176780E-005 -4.283028722469113E-005
 -8.071031256302513E-006  5.547998449132811E-006
         212  1.628578044663164E-004 -9.123389202340855E-005
  6.109508237217704E-005 -9.497109122566237E-005
 -6.960555769807550E-006  6.801007586923572E-006
         213  5.251439322797803E-005 -1.785230025265592E-004
 -3.468948972701292E-006 -1.232971139871251E-004
 -5.446592351822070E-006  7.474209456432578E-006
         214 -8.442297195725930E-005 -1.608700002974266E-004
 -8.164083453552858E-005 -1.053927234448178E-004
 -3.992704521814974E-006  7.359690037831355E-006
         215 -1.639883000519880E-004 -5.474548351165512E-005
 -1.377451231634673E-004 -3.492905046547756E-005
 -3.132064998048480E-006  6.846127764648338E-006
         216 -1.445840166126761E-004  6.763432746942850E-005
 -1.349147019250042E-004  6.382403971799010E-005
 -2.753115044203894E-006  6.408241213218059E-006
         217 -5.304438233825198E-005  1.321821250325349E-004
 -6.273880860692809E-005  1.414851389752951E-004
 -2.662895004354253E-006  6.176200558214049E-006
         218  4.300586285831033E-005  1.142068857034042E-004
  4.838848315017754E-005  1.505809237914647E-004
 -2.659403842177728E-006  6.211786036314227E-006
         219  8.740401977135062E-005  4.622600678221758E-005
  1.375637579901033E-004  7.918407187684797E-005
 -2.731566721562133E-006  6.439325763484013E-006
         220  7.290527050463957E-005 -1.419135240376901E-005
  1.519673027609841E-004 -3.414095204539479E-005
 -2.793837997643629E-006  7.025439692429647E-006
         221  3.702682528457025E-005 -3.511925659913893E-005
  8.398140057371186E-005 -1.224298427717215E-004
 -2.613442749525015E-006  7.955874848709781E-006
         222  1.672789970306447E-005 -3.006178300074616E-005
 -2.091495081729719E-005 -1.349512873419968E-004
 -1.954765621172121E-006  9.264240713451479E-006
         223  1.478251167768858E-005 -2.974903055825920E-005
 -9.633440421881626E-005 -7.285921574717169E-005
 -3.518564627566326E-007  1.055082023587523E-005
         224  6.766566376275573E-006 -4.599017772964083E-005
 -1.009616750413715E-004  1.526249487923266E-005
  2.178357804629613E-006  1.108933405470189E-005
         225 -2.780036436154065E-005 -5.733167283735207E-005
 -4.496225899612782E-005  6.903219691459278E-005
  5.040739505120047E-006  1.014260207486365E-005
         226 -7.359945210850853E-005 -3.154476567617469E-005
  2.141558959389427E-005  6.058672772028343E-005
  6.935597629870763E-006  7.667908395278919E-006
         227 -8.859883109209438E-005  3.322894311718110E-005
  4.896621640233445E-005  1.018914048907095E-005
  7.067744150579439E-006  4.797363582420676E-006
         228 -4.420887558146183E-005  9.805211316616913E-005
  2.468441355319164E-005 -3.309848462639090E-005
  5.659499798466812E-006  2.739662075373002E-006
         229  4.422124166263901E-005  1.106578735589100E-004
 -1.988433921462105E-005 -3.268743690723899E-005
  3.652889647524737E-006  2.274255159289920E-006
         230  1.200609894029984E-004  4.777727689203365E-005
 -3.937330390045574E-005  6.038617716728937E-006
  2.265088536197424E-006  3.217656370286117E-006
         231  1.248957489050912E-004 -5.759024697971837E-005
 -1.278592647404509E-005  4.338088943531389E-005
  2.073289659827059E-006  4.766922346440337E-006
         232  4.738875882191068E-005 -1.362467972852179E-004
  3.775743086045416E-005  3.902546287268885E-005
  3.062567094855987E-006  6.002614187913950E-006
         233 -6.622510338075695E-005 -1.336374721906412E-004
  6.529812892242604E-005 -1.083278317952267E-005
  4.555321681938827E-006  6.357180497779277E-006
         234 -1.436081951622806E-004 -4.895596446780561E-005
  3.899077265650254E-005 -6.883623573498775E-005
  5.858627487623782E-006  6.033199181933488E-006
         235 -1.376134683485026E-004  6.406795027423630E-005
 -2.887291192955481E-005 -8.621579931208149E-005
  6.816010885034984E-006  5.567933986408583E-006
         236 -5.726823787613831E-005  1.384231275177409E-004
 -9.055560202001303E-005 -4.282100326238474E-005
  7.880537745567021E-006  5.228316625806345E-006
         237  4.704586145476864E-005  1.384228528766340E-004
 -9.976764438305581E-005  3.626662803194723E-005
  9.399150875492010E-006  4.540925466961322E-006
         238  1.208031585498279E-004  7.394021260253918E-005
 -4.600086019615508E-005  9.855299710879844E-005
  1.097458643033561E-005  2.938442458720778E-006
         239  1.363867824985353E-004 -1.601156852686339E-005
  3.692501141816248E-005  1.023739867139400E-004
  1.182570917669182E-005  3.776583143505883E-007
         240  9.783711905022751E-005 -9.258913221709943E-005
  9.721130028595362E-005  4.611781058022824E-005
  1.126648886471335E-005 -2.429470665017384E-006
         241  2.527773518712564E-005 -1.326451314059433E-004
  9.977218882391553E-005 -3.443750157887260E-005
  9.463102199803937E-006 -4.412975494244854E-006
         242 -5.842465425046282E-005 -1.262785723817321E-004
  4.762053363514354E-005 -9.111818410516660E-005
  7.323411221261665E-006 -4.978891456519607E-006
         243 -1.289592216217123E-004 -7.097812755180817E-005
 -2.415259848345412E-005 -9.620149559344914E-005
  5.908539271061732E-006 -4.388410310774319E-006
         244 -1.564590022477072E-004  2.464988918257729E-005
 -7.597129856950222E-005 -5.606913544815402E-005
  5.704985514435324E-006 -3.609028700090868E-006
         245 -1.135168247259638E-004  1.279387838700617E-004
 -8.873370869442658E-005  8.723593510615877E-007
  6.280652204637631E-006 -3.558211516399107E-006
         246 -2.025905650076423E-006  1.834440237264624E-004
 -6.789566240311559E-005  4.745416598637391E-005
  6.812651602674079E-006 -4.432837671083162E-006
         247  1.289322339836751E-004  1.456551128330896E-004
 -3.058453630316616E-005  7.223343331625710E-005
  6.613214891686416E-006 -5.917410717787216E-006
         248  2.024994781639809E-004  1.899941120524918E-005
  1.142044656634700E-005  7.598933299053953E-005
  5.454008370848931E-006 -7.176014661146304E-006
         249  1.637222584594762E-004 -1.306157952989680E-004
  5.140364524686939E-005  5.837324803940644E-005
  3.923970446141508E-006 -7.589145471218608E-006
         250  2.496418292099872E-005 -2.106672078356485E-004
  7.816808489301818E-005  1.861324279380586E-005
  2.762353056460007E-006 -7.295061064829255E-006
         251 -1.315928772616606E-004 -1.652794579673113E-004
  7.606532930205642E-005 -3.445387807862568E-005
  2.259263294623259E-006 -6.951796623864758E-006
         252 -2.059801527440953E-004 -1.992901298029801E-005
  3.826906967936661E-005 -7.803696436178610E-005
  1.989832196500942E-006 -7.034078153801024E-006
         253 -1.498851929536813E-004  1.312754359681552E-004
 -2.259161699237260E-005 -8.765983361311977E-005
  1.468382065532142E-006 -7.443982047343933E-006
         254 -3.554028080695254E-006  1.884625734362992E-004
 -7.710475951527352E-005 -5.321332493773673E-005
  4.747563563841274E-007 -7.821767738839623E-006
         255  1.300182204079416E-004  1.177592159134204E-004
 -9.526882155627323E-005  9.936605856847651E-006
 -8.320817909542730E-007 -7.719021992292502E-006
         256  1.597308947242165E-004 -2.326506443332566E-005
 -6.684749399945689E-005  6.932807896199151E-005
 -2.044762960115469E-006 -7.002191358596454E-006
