   5120.00000000000     
         256           1           3
  8.994473019507991E-004   39.6938735771830        112.290786846591     
   18.8300000000000        145.590000000000        6160.02000000000     
           0  0.000000000000000E+000  0.000000000000000E+000
  0.000000000000000E+000  0.000000000000000E+000
  0.000000000000000E+000  0.000000000000000E+000
           1  0.000000000000000E+000  0.000000000000000E+000
  3.572536112344875E-009 -6.853963460944274E-012
 -1.874964060339467E-008  1.493230878646813E-011
           2  0.000000000000000E+000  0.000000000000000E+000
  3.526788562631501E-009  1.403404907512525E-010
 -2.100632605377168E-008 -9.087136576915796E-010
           3  0.000000000000000E+000  0.000000000000000E+000
  3.578636622935234E-009  4.735530107738758E-010
 -2.585120048411677E-008  8.810121288919151E-010
           4  0.000000000000000E+000  0.000000000000000E+000
  4.016539548751747E-009  1.022516858524319E-009
 -3.146920463202548E-008  8.856386138801986E-009
           5  0.000000000000000E+000  0.000000000000000E+000
  5.313118650136278E-009  1.405698786389823E-009
 -3.019175408591196E-008  2.452268196402489E-008
           6  0.000000000000000E+000  0.000000000000000E+000
  7.338994782258231E-009  1.645785979284632E-010
 -1.273188549770041E-008  3.882083991855787E-008
           7  0.000000000000000E+000  0.000000000000000E+000
  7.166704475286089E-009 -2.204652893388268E-009
  1.632970164322946E-008  3.505693023943379E-008
           8  0.000000000000000E+000  0.000000000000000E+000
  6.362679929696165E-009 -3.651748418699323E-009
  3.773495421857588E-008  7.678266803748820E-010
           9  0.000000000000000E+000  0.000000000000000E+000
  4.832842677181372E-009 -4.544875141196704E-009
  1.505197430472741E-008 -4.791322656025276E-008
          10  0.000000000000000E+000  0.000000000000000E+000
  3.695161247329337E-009 -4.044923827151759E-009
 -5.327718624529630E-008 -5.616574730565613E-008
          11  0.000000000000000E+000  0.000000000000000E+000
  3.679622856464487E-009 -5.193302868609936E-009
 -1.092353899745842E-007  1.053629971022368E-008
          12  0.000000000000000E+000  0.000000000000000E+000
 -6.105992415332818E-010 -3.128770420815003E-009
 -7.405919555913477E-008  1.217767012559287E-007
          13  0.000000000000000E+000  0.000000000000000E+000
  2.663633538362274E-009  1.255062211279200E-009
  6.936828894890779E-008  1.434150022964163E-007
          14  0.000000000000000E+000  0.000000000000000E+000
  7.438555052790582E-009 -7.896374295403905E-010
  1.668484601589832E-007  1.007182459572425E-008
          15  0.000000000000000E+000  0.000000000000000E+000
  8.200177382244318E-009 -5.701481941658285E-009
  8.940920546957004E-008 -1.571501701267523E-007
          16  0.000000000000000E+000  0.000000000000000E+000
  5.455863791797865E-009 -1.099018676401359E-008
 -1.172029249759428E-007 -1.750349157618224E-007
          17  0.000000000000000E+000  0.000000000000000E+000
 -5.787425252955998E-009 -1.027219069124935E-008
 -2.476372761871393E-007  2.687018582289978E-008
          18  0.000000000000000E+000  0.000000000000000E+000
 -5.787777629648653E-009  1.271962753726512E-009
 -1.099301155117395E-007  2.460502388200667E-007
          19  0.000000000000000E+000  0.000000000000000E+000
  2.789093209084533E-009  4.440288314242081E-009
  1.557928265852204E-007  2.277617645347554E-007
          20  0.000000000000000E+000  0.000000000000000E+000
  8.832156985147019E-009 -2.690394252582502E-010
  2.767927371678938E-007 -2.113542934246338E-008
          21  0.000000000000000E+000  0.000000000000000E+000
  9.624496962598198E-009 -7.369962027359452E-009
  1.129249344726433E-007 -2.617754158295996E-007
          22  0.000000000000000E+000  0.000000000000000E+000
  2.827237995375425E-009 -1.617509409796965E-008
 -1.985152783603655E-007 -2.324832806430418E-007
          23  0.000000000000000E+000  0.000000000000000E+000
 -9.902505190031862E-009 -7.105298675520423E-009
 -3.040335681191086E-007  7.805166484151269E-008
          24  0.000000000000000E+000  0.000000000000000E+000
 -3.420457742165369E-009  2.928334185144405E-009
 -8.969327796705677E-008  2.951972330176130E-007
          25  0.000000000000000E+000  0.000000000000000E+000
  4.821673182313721E-009  1.221816028181640E-009
  1.930547205493783E-007  2.282604644030446E-007
          26  0.000000000000000E+000  0.000000000000000E+000
  7.594514159905257E-009 -4.987537582043101E-009
  2.780897455876684E-007 -4.467647986817948E-008
          27  0.000000000000000E+000  0.000000000000000E+000
  5.136294824399462E-009 -1.351716943954371E-008
  7.965986979031852E-008 -2.506309862897441E-007
          28  0.000000000000000E+000  0.000000000000000E+000
 -1.102945457896848E-008 -1.084739017998588E-008
 -1.734768742183244E-007 -1.541877956011648E-007
          29  0.000000000000000E+000  0.000000000000000E+000
 -5.435750602893725E-009  3.028032344508694E-009
 -2.062471890043610E-007  5.393123685705765E-008
          30  0.000000000000000E+000  0.000000000000000E+000
  3.981743117244530E-009  1.951405507679282E-010
 -7.915438769651641E-008  2.011004834213548E-007
          31  0.000000000000000E+000  0.000000000000000E+000
  4.556697660870657E-009 -6.745767328205378E-009
  1.172621182843679E-007  1.764043972059016E-007
          32  0.000000000000000E+000  0.000000000000000E+000
  8.402399647842915E-010 -1.125996608936147E-008
  1.887017926597810E-007 -5.333533225116318E-009
          33  0.000000000000000E+000  0.000000000000000E+000
 -1.108528962602215E-008 -1.206551888002775E-008
  7.031953573061926E-008 -1.266371895803324E-007
          34  0.000000000000000E+000  0.000000000000000E+000
 -1.028019368795441E-008  4.483964860307628E-009
 -5.036824661783293E-008 -1.154376205551060E-007
          35  0.000000000000000E+000  0.000000000000000E+000
  2.308624118391525E-009  4.596391278588461E-009
 -1.320790999358837E-007 -8.078587487353001E-009
          36  0.000000000000000E+000  0.000000000000000E+000
  5.918012655687178E-009 -3.740600516132861E-009
 -6.352300965889766E-008  1.200260920150749E-007
          37  0.000000000000000E+000  0.000000000000000E+000
  2.307816543232642E-009 -9.945075698410885E-009
  7.322472848645645E-008  1.013658755091845E-007
          38  0.000000000000000E+000  0.000000000000000E+000
 -4.317426166828383E-009 -1.332313130613728E-008
  9.294121376173840E-008 -1.407036917895739E-008
          39  0.000000000000000E+000  0.000000000000000E+000
 -1.586589444259027E-008 -4.457828379328032E-009
  2.759857290701891E-008 -5.053633201563056E-008
          40  0.000000000000000E+000  0.000000000000000E+000
 -6.514574396163103E-009  6.540119180260587E-009
 -4.101041291260245E-008 -3.810981294832486E-008
          41  0.000000000000000E+000  0.000000000000000E+000
  2.187048517760578E-009  2.874691001337702E-009
 -4.654817943893642E-008  5.975347671420029E-008
          42  0.000000000000000E+000  0.000000000000000E+000
  3.967872074830226E-009 -3.633292011873934E-009
  6.511755233574790E-008  7.577236547874176E-008
          43  0.000000000000000E+000  0.000000000000000E+000
  1.326760364297342E-009 -9.801535973533653E-009
  1.004439475443464E-007 -4.483923901551921E-008
          44  0.000000000000000E+000  0.000000000000000E+000
 -9.912517443640462E-009 -1.179974063521630E-008
 -1.422433236211468E-008 -1.068739659096851E-007
          45  0.000000000000000E+000  0.000000000000000E+000
 -1.156348191314891E-008 -4.048420418369011E-010
 -1.280620962689871E-007 -3.948964997972138E-008
          46  0.000000000000000E+000  0.000000000000000E+000
 -6.798784641039555E-009  2.501011016794571E-009
 -1.167224188415210E-007  1.504441846966652E-007
          47  0.000000000000000E+000  0.000000000000000E+000
 -2.771944932272375E-009  2.801852737320546E-009
  1.140551999643862E-007  2.097281848031765E-007
          48  0.000000000000000E+000  0.000000000000000E+000
  7.954872285048290E-010 -6.085607884436773E-010
  2.670521255094023E-007 -7.845863890008228E-009
          49  0.000000000000000E+000  0.000000000000000E+000
 -1.786316237081762E-009 -6.727815854284135E-009
  1.210306957756756E-007 -2.473982362667819E-007
          50  0.000000000000000E+000  0.000000000000000E+000
 -7.587876161507996E-009 -4.723850935323677E-009
 -1.673343424695085E-007 -2.298097080844696E-007
          51  0.000000000000000E+000  0.000000000000000E+000
 -8.884419861415878E-009 -1.241234637649040E-009
 -2.988674556535423E-007  5.997436190703314E-008
          52  0.000000000000000E+000  0.000000000000000E+000
 -7.513672438330481E-009  2.412940151096285E-009
 -8.105038760729641E-008  3.176918876124692E-007
          53  0.000000000000000E+000  0.000000000000000E+000
 -3.707117739185187E-009  3.092563978141727E-009
  2.546399439978767E-007  2.384551715734104E-007
          54  0.000000000000000E+000  0.000000000000000E+000
 -1.796723501717154E-009  2.474461830844943E-010
  3.451056993851956E-007 -9.968669012842727E-008
          55  0.000000000000000E+000  0.000000000000000E+000
 -3.555388635086391E-009 -2.457379895145777E-009
  8.741634959246801E-008 -3.466450980277499E-007
          56  0.000000000000000E+000  0.000000000000000E+000
 -7.026434188706408E-009 -1.482925916902252E-009
 -2.562449345745935E-007 -2.326408312762928E-007
          57  0.000000000000000E+000  0.000000000000000E+000
 -7.071518036627401E-009  1.778000914806705E-009
 -3.181537164872868E-007  1.181678253353142E-007
          58  0.000000000000000E+000  0.000000000000000E+000
 -4.840919247550967E-009  2.761496390588256E-009
 -4.773430222011035E-008  3.441711684190016E-007
          59  0.000000000000000E+000  0.000000000000000E+000
 -3.859050688783994E-009  1.519178023274089E-009
  2.879076382674351E-007  2.229267060152465E-007
          60  0.000000000000000E+000  0.000000000000000E+000
 -4.658291896229561E-009  1.456411848471670E-009
  3.506549249503993E-007 -1.389504498337858E-007
          61  0.000000000000000E+000  0.000000000000000E+000
 -4.559438576758397E-009 -5.978102276302345E-011
  4.700750494635599E-008 -3.648588617034683E-007
          62  0.000000000000000E+000  0.000000000000000E+000
 -7.106343764652516E-009  2.658719647840647E-009
 -2.637297480469104E-007 -2.104281843959987E-007
          63  0.000000000000000E+000  0.000000000000000E+000
 -4.687755710333748E-009  3.969862778654429E-009
 -3.183990746152128E-007  1.202406036503788E-007
          64  0.000000000000000E+000  0.000000000000000E+000
 -4.537446094294442E-009  3.165401837283851E-009
 -4.107269575501868E-008  3.677392199582837E-007
          65  0.000000000000000E+000  0.000000000000000E+000
 -5.074648764201707E-009  5.019709730503851E-009
  3.419315995052801E-007  2.185194349640115E-007
          66  0.000000000000000E+000  0.000000000000000E+000
  4.074148517438867E-010  4.144716410298465E-009
  3.555083783373791E-007 -2.145153097057479E-007
          67  0.000000000000000E+000  0.000000000000000E+000
 -3.800005324215038E-009  1.052700790123236E-009
  1.374918190783223E-008 -4.038759066699973E-007
          68  0.000000000000000E+000  0.000000000000000E+000
 -4.431896440041600E-009  1.827325107445013E-009
 -3.729184114881058E-007 -2.284741973257231E-007
          69  0.000000000000000E+000  0.000000000000000E+000
 -7.219010294491184E-009  3.315836691663880E-009
 -3.741687626827859E-007  2.698551144880086E-007
          70  0.000000000000000E+000  0.000000000000000E+000
 -6.662141574209453E-009  8.652283192680670E-009
  1.180636322428346E-007  4.584865274395868E-007
          71  0.000000000000000E+000  0.000000000000000E+000
  1.885618312889409E-009  1.188079799558820E-008
  4.675279896372425E-007  6.723789217234239E-008
          72  0.000000000000000E+000  0.000000000000000E+000
  3.689228681839208E-009  7.708049480102365E-010
  2.730145829277190E-007 -3.483529242287307E-007
          73  0.000000000000000E+000  0.000000000000000E+000
 -9.407961243323926E-010 -1.007545474191030E-009
 -1.635060758195771E-007 -4.396195358442027E-007
          74  0.000000000000000E+000  0.000000000000000E+000
 -7.254389403219738E-009 -6.722221711827974E-010
 -4.756904918970773E-007 -2.484844325972690E-008
          75  0.000000000000000E+000  0.000000000000000E+000
 -1.013938519527161E-008  7.491946666312151E-009
 -1.782724276392526E-007  4.135187883747807E-007
          76  0.000000000000000E+000  0.000000000000000E+000
 -3.782938164212101E-009  1.510767300637940E-008
  3.012613931020610E-007  2.897689705057087E-007
          77  0.000000000000000E+000  0.000000000000000E+000
  9.454306349409230E-009  9.148576109864548E-009
  3.382385803514769E-007 -1.338585530792121E-007
          78  0.000000000000000E+000  0.000000000000000E+000
  4.450360522592771E-009  4.837750818219803E-010
  8.643753097007618E-008 -3.374637247857143E-007
          79  0.000000000000000E+000  0.000000000000000E+000
 -1.782625928566853E-009 -2.707107184447770E-009
 -2.785488356245175E-007 -2.120428253071406E-007
          80  0.000000000000000E+000  0.000000000000000E+000
 -9.246528159426819E-009  4.079237750757784E-009
 -2.244119016098257E-007  1.785207582805588E-007
          81  0.000000000000000E+000  0.000000000000000E+000
 -4.968758581267098E-009  1.397008513678314E-008
  1.031783592009863E-007  1.827175250696561E-007
          82  0.000000000000000E+000  0.000000000000000E+000
  8.988612835553183E-009  1.379990660868306E-008
  1.294331187372623E-007 -6.227481270675991E-008
          83  0.000000000000000E+000  0.000000000000000E+000
  7.539384805057957E-009  1.673250229022690E-009
  6.251195959386926E-009 -9.198628226134470E-008
          84  0.000000000000000E+000  0.000000000000000E+000
  1.970456688254626E-009 -1.745585158394408E-009
 -1.101957474769283E-007 -3.521200149109408E-008
          85  0.000000000000000E+000  0.000000000000000E+000
 -5.005170589138441E-009  3.192487104775583E-009
 -6.522659526404465E-009  1.358935670718456E-007
          86  0.000000000000000E+000  0.000000000000000E+000
 -1.233006100756251E-009  1.060376158396356E-008
  1.830557782855195E-007 -5.894588178245292E-009
          87  0.000000000000000E+000  0.000000000000000E+000
  6.482896214501809E-009  1.097110086645741E-008
  5.343130136741623E-008 -2.274018293757891E-007
          88  0.000000000000000E+000  0.000000000000000E+000
  9.209435260965944E-009  8.262037878915094E-010
 -1.950313960532600E-007 -1.407928063150140E-007
          89  0.000000000000000E+000  0.000000000000000E+000
  3.355067594033017E-009 -1.346368961330353E-009
 -2.243650263879419E-007  5.259386907575780E-008
          90  0.000000000000000E+000  0.000000000000000E+000
 -2.373215770683816E-009  6.163042605792432E-010
 -9.170845612737719E-008  2.673030926805155E-007
          91  0.000000000000000E+000  0.000000000000000E+000
 -1.759246541349402E-009  7.722025554204746E-009
  2.388381659529819E-007  2.142408377870704E-007
          92  0.000000000000000E+000  0.000000000000000E+000
  4.184009803307678E-009  9.082569377865339E-009
  3.175646833996140E-007 -1.303172672502833E-007
          93  0.000000000000000E+000  0.000000000000000E+000
  9.274222917500408E-009  6.301718323337570E-009
  5.082896305034394E-008 -3.556270370680900E-007
          94  0.000000000000000E+000  0.000000000000000E+000
  7.115522298442836E-009 -8.016962413447441E-010
 -2.494230699280054E-007 -2.444815047550178E-007
          95  0.000000000000000E+000  0.000000000000000E+000
  2.795300736332672E-009 -2.094692592616014E-009
 -3.896651577738397E-007  4.680755405360802E-008
          96  0.000000000000000E+000  0.000000000000000E+000
 -1.883044801024056E-009  1.824170240159302E-009
 -1.579069568187661E-007  3.919458825561732E-007
          97  0.000000000000000E+000  0.000000000000000E+000
  6.735477800336724E-010  7.105100074419003E-009
  2.635179740039936E-007  3.182034816782422E-007
          98  0.000000000000000E+000  0.000000000000000E+000
  5.134365248473827E-009  8.118285216686409E-009
  4.041966741799532E-007 -5.627741525578159E-008
          99  0.000000000000000E+000  0.000000000000000E+000
  9.560888899238530E-009  4.073837617035385E-009
  1.908601111923583E-007 -3.755117021259230E-007
         100  0.000000000000000E+000  0.000000000000000E+000
  8.692023456503247E-009  5.036712992985596E-011
 -2.237226216872156E-007 -4.239962232805419E-007
         101  0.000000000000000E+000  0.000000000000000E+000
  4.598160790211214E-009 -1.945833581942014E-009
 -5.029625987267321E-007 -2.316681448259254E-008
         102  0.000000000000000E+000  0.000000000000000E+000
  2.426153690235065E-009  4.266370051102565E-010
 -2.826270805493969E-007  4.049307745332436E-007
         103  0.000000000000000E+000  0.000000000000000E+000
  2.435357505005878E-009  2.727250155342587E-009
  2.014779116879770E-007  4.540157455210562E-007
         104  0.000000000000000E+000  0.000000000000000E+000
  5.183823809425036E-009  4.381966593570845E-009
  5.098524824576411E-007  3.670856553128243E-008
         105  0.000000000000000E+000  0.000000000000000E+000
  7.925310688869648E-009  3.219159416072751E-009
  2.677421556169725E-007 -4.595316081391762E-007
         106  0.000000000000000E+000  0.000000000000000E+000
  8.742039692912772E-009 -1.719102971173307E-010
 -2.921145026751516E-007 -4.421877267510779E-007
         107  0.000000000000000E+000  0.000000000000000E+000
  6.862703870338887E-009 -2.210190981307371E-009
 -5.066198538561201E-007  4.883795877343772E-008
         108  0.000000000000000E+000  0.000000000000000E+000
  4.891731111927559E-009 -2.200581986825712E-009
 -1.720198552348628E-007  4.364649939469766E-007
         109  0.000000000000000E+000  0.000000000000000E+000
  3.867709833024497E-009 -1.255105958302918E-009
  2.892544388289499E-007  2.957228716954954E-007
         110  0.000000000000000E+000  0.000000000000000E+000
  4.089073671562975E-009  2.476197690137227E-010
  3.268233055138876E-007 -1.461603810422682E-007
         111  0.000000000000000E+000  0.000000000000000E+000
  5.532382403853541E-009  9.751700001403199E-010
 -2.207792453984659E-008 -3.140740416737035E-007
         112  0.000000000000000E+000  0.000000000000000E+000
  7.276892629485051E-009 -2.860188263619542E-010
 -2.818425727089944E-007 -8.332587756936934E-008
         113  0.000000000000000E+000  0.000000000000000E+000
  7.352392758321656E-009 -1.689274541498765E-009
 -1.458969555939288E-007  2.219934509065569E-007
         114  0.000000000000000E+000  0.000000000000000E+000
  7.939874152853087E-009 -3.414438665567985E-009
  1.675197557091122E-007  1.542926681551343E-007
         115  0.000000000000000E+000  0.000000000000000E+000
  4.933098773889885E-009 -6.267519865545386E-009
  1.572712244796781E-007 -1.562808877557583E-007
         116  0.000000000000000E+000  0.000000000000000E+000
  1.892890775374218E-009 -3.765332176072653E-009
 -1.608959370207029E-007 -1.970093857705283E-007
         117  0.000000000000000E+000  0.000000000000000E+000
  3.896304691881819E-009 -2.575076509822137E-010
 -2.702057887660771E-007  8.306396255730247E-008
         118  0.000000000000000E+000  0.000000000000000E+000
  6.496169325412492E-009 -1.447998981371684E-009
 -5.090671326910640E-008  3.413195533410890E-007
         119  0.000000000000000E+000  0.000000000000000E+000
  8.811420272290833E-009 -3.315775226960355E-009
  3.526964658851804E-007  1.804275039306410E-007
         120  0.000000000000000E+000  0.000000000000000E+000
  7.161509173223629E-009 -1.029801927646806E-008
  2.935215848641014E-007 -3.012193257983204E-007
         121  0.000000000000000E+000  0.000000000000000E+000
 -1.040610072145363E-009 -8.189856143844506E-009
 -1.985824125727771E-007 -3.950785661525188E-007
         122  0.000000000000000E+000  0.000000000000000E+000
 -3.546160183997139E-012 -5.395083899439789E-010
 -4.292535066134381E-007 -1.290711944556764E-008
         123  0.000000000000000E+000  0.000000000000000E+000
  5.631793184334132E-009 -1.544209905923777E-009
 -2.804781113379810E-007  3.972060155730232E-007
         124  0.000000000000000E+000  0.000000000000000E+000
  7.840520672092974E-009 -4.390215742571816E-009
  2.581856864908442E-007  4.544114569337685E-007
         125  0.000000000000000E+000  0.000000000000000E+000
  7.302322190352022E-009 -1.179048185702704E-008
  4.924198360149609E-007 -4.689573352617506E-008
         126  0.000000000000000E+000  0.000000000000000E+000
 -4.564326131824140E-009 -1.176454017882666E-008
  1.721143564226195E-007 -4.356484973805890E-007
         127  0.000000000000000E+000  0.000000000000000E+000
 -5.450706060137305E-009 -2.209550790979275E-010
 -2.705975019793683E-007 -3.565887251027224E-007
         128  0.000000000000000E+000  0.000000000000000E+000
  5.089612150491723E-009  1.300402282383169E-009
 -5.324348404435180E-007  2.505006136463475E-008
         129  0.000000000000000E+000  0.000000000000000E+000
  7.895229117602608E-009 -4.578729806000084E-009
 -2.233350948466877E-007  5.703145057223924E-007
         130  0.000000000000000E+000  0.000000000000000E+000
  8.134583140065796E-009 -1.091715232524421E-008
  4.199582878026713E-007  4.293783616553412E-007
         131  0.000000000000000E+000  0.000000000000000E+000
 -1.718095884150900E-009 -1.783928156291500E-008
  5.444507841844193E-007 -1.559672175440631E-007
         132  0.000000000000000E+000  0.000000000000000E+000
 -1.112046065190411E-008 -6.397999691419554E-009
  1.207238390629606E-007 -5.487087666612839E-007
         133  0.000000000000000E+000  0.000000000000000E+000
 -1.760390002577088E-009  3.212838075585495E-009
 -4.661914780358797E-007 -4.327946634136291E-007
         134  0.000000000000000E+000  0.000000000000000E+000
  5.241242911411464E-009 -2.527877736317612E-009
 -6.779572699343827E-007  3.274441455000899E-007
         135  0.000000000000000E+000  0.000000000000000E+000
  6.799769678240626E-009 -8.176322264858759E-009
  4.551018859499585E-008  7.628655484547012E-007
         136  0.000000000000000E+000  0.000000000000000E+000
  1.096074108838311E-009 -1.757635861260294E-008
  6.737122021926636E-007  3.164543673702321E-007
         137  0.000000000000000E+000  0.000000000000000E+000
 -1.231911311586626E-008 -1.109578882449884E-008
  6.165016022915167E-007 -4.554193185293148E-007
         138  0.000000000000000E+000  0.000000000000000E+000
 -7.495098096710144E-009  4.138592710914216E-010
 -1.572508810103431E-007 -8.336271887971790E-007
         139  0.000000000000000E+000  0.000000000000000E+000
 -1.298149861193945E-009 -2.425898388739802E-009
 -9.281757867600083E-007 -1.272437688252139E-007
         140  0.000000000000000E+000  0.000000000000000E+000
 -2.126632013817213E-010 -4.098517590750475E-009
 -4.451572632584727E-007  8.165142677328397E-007
         141  0.000000000000000E+000  0.000000000000000E+000
 -2.376541394950164E-010 -8.876068270608969E-009
  5.254546711695625E-007  7.424334475618674E-007
         142  0.000000000000000E+000  0.000000000000000E+000
 -7.983441538206478E-009 -9.124712814567840E-009
  8.985876407433340E-007 -1.436611399233125E-007
         143  0.000000000000000E+000  0.000000000000000E+000
 -7.907830508632385E-009 -2.215745668589444E-009
  2.353013580015054E-007 -8.634944847276183E-007
         144  0.000000000000000E+000  0.000000000000000E+000
 -3.811645150283687E-009 -2.854672476175571E-009
 -7.226498927860719E-007 -5.165442502951634E-007
         145  0.000000000000000E+000  0.000000000000000E+000
 -4.958124395672579E-009 -2.925414257794648E-009
 -6.624318200365401E-007  4.762303122359041E-007
         146  0.000000000000000E+000  0.000000000000000E+000
 -2.805936475037422E-009 -2.686886994888333E-009
  1.525771552101672E-007  7.000719924894719E-007
         147  0.000000000000000E+000  0.000000000000000E+000
 -3.339092217259564E-009 -6.183805746923382E-009
  6.114977138845978E-007  1.603231013284365E-007
         148  0.000000000000000E+000  0.000000000000000E+000
 -7.867290433570963E-009 -4.755371495941576E-009
  3.559551119011441E-007 -4.245912237324938E-007
         149  0.000000000000000E+000  0.000000000000000E+000
 -6.747728463551409E-009 -1.107134585505050E-009
 -2.230097336247535E-007 -4.170010918754241E-007
         150  0.000000000000000E+000  0.000000000000000E+000
 -5.321845125784142E-009 -1.547725195125746E-009
 -3.996128599522147E-007  1.047080009543076E-007
         151  0.000000000000000E+000  0.000000000000000E+000
 -4.170203512016589E-009 -7.487726469384630E-010
  2.923816617900213E-008  3.361012170592465E-007
         152  0.000000000000000E+000  0.000000000000000E+000
 -2.495565498311393E-009 -3.454367341135047E-009
  2.597833180059133E-007  3.786138145024236E-008
         153  0.000000000000000E+000  0.000000000000000E+000
 -6.302503081582624E-009 -6.160209437437284E-009
  7.411024499583607E-008 -2.002435564764154E-007
         154  0.000000000000000E+000  0.000000000000000E+000
 -9.609908695614924E-009 -2.803804551829877E-009
 -1.933204319915992E-007 -8.764216129592347E-008
         155  0.000000000000000E+000  0.000000000000000E+000
 -8.816114210493242E-009  1.643594153635099E-010
 -1.468997294730584E-007  2.270069323350599E-007
         156  0.000000000000000E+000  0.000000000000000E+000
 -7.108817988522103E-009  2.316613159381493E-009
  2.315822858021395E-007  2.527527853707881E-007
         157  0.000000000000000E+000  0.000000000000000E+000
 -3.696995032654564E-009  1.685589095094531E-009
  3.482618146314653E-007 -1.354844914433607E-007
         158  0.000000000000000E+000  0.000000000000000E+000
 -3.318302764975753E-009 -1.731672960160050E-009
  2.405577383949355E-008 -3.743167173707959E-007
         159  0.000000000000000E+000  0.000000000000000E+000
 -6.379662547485600E-009 -3.445028694349968E-009
 -3.216330393209132E-007 -1.727881266106588E-007
         160  0.000000000000000E+000  0.000000000000000E+000
 -9.596455637217801E-009 -1.588932656544417E-009
 -2.780816474993297E-007  2.107229052448111E-007
         161  0.000000000000000E+000  0.000000000000000E+000
 -1.029449262281742E-008  1.809360141712315E-009
  3.521114775007730E-008  3.256158165899941E-007
         162  0.000000000000000E+000  0.000000000000000E+000
 -8.497933889207860E-009  5.005296428535431E-009
  2.686809387304864E-007  1.726480531229531E-007
         163  0.000000000000000E+000  0.000000000000000E+000
 -4.812039105911839E-009  5.762135534811112E-009
  3.039371122853974E-007 -8.030726053124639E-008
         164  0.000000000000000E+000  0.000000000000000E+000
 -1.738617147976241E-009  2.744812973230613E-009
  1.618386089453535E-007 -2.629001721071982E-007
         165  0.000000000000000E+000  0.000000000000000E+000
 -3.902637014766330E-009 -1.231800887002896E-009
 -6.863340915199660E-008 -3.260267123893336E-007
         166  0.000000000000000E+000  0.000000000000000E+000
 -7.558405657660379E-009 -1.160992577299380E-009
 -3.499290079262837E-007 -2.088702838307546E-007
         167  0.000000000000000E+000  0.000000000000000E+000
 -1.150579277249377E-008  1.391337809288434E-009
 -4.667676472671965E-007  2.553916402211771E-007
         168  0.000000000000000E+000  0.000000000000000E+000
 -1.124409499921274E-008  8.122139596433966E-009
  2.077278241887217E-008  6.273040394147165E-007
         169  0.000000000000000E+000  0.000000000000000E+000
 -4.526592983297344E-009  1.183983688241967E-008
  6.172552750668123E-007  3.386847613735758E-007
         170  0.000000000000000E+000  0.000000000000000E+000
  1.511710664819426E-009  6.305971164163737E-009
  7.015729136160845E-007 -3.810584160051199E-007
         171  0.000000000000000E+000  0.000000000000000E+000
 -1.149717724428372E-009  7.895959363974942E-010
  4.875565993153001E-008 -8.954558089490028E-007
         172  0.000000000000000E+000  0.000000000000000E+000
 -6.828085908217399E-009 -1.327529269148562E-009
 -8.764766475489707E-007 -4.884950436188126E-007
         173  0.000000000000000E+000  0.000000000000000E+000
 -1.296610479913559E-008  5.740964456274710E-009
 -7.889336226568865E-007  6.242737153361412E-007
         174  0.000000000000000E+000  0.000000000000000E+000
 -7.628764180913996E-009  1.492879415022959E-008
  2.038715586427583E-007  9.498945832342403E-007
         175  0.000000000000000E+000  0.000000000000000E+000
  3.342556110500239E-009  1.246404675502481E-008
  9.476268499609793E-007  2.804980658597295E-007
         176  0.000000000000000E+000  0.000000000000000E+000
  3.649040639190564E-009  4.029558498231077E-009
  7.043408301629239E-007 -7.253973843267819E-007
         177  0.000000000000000E+000  0.000000000000000E+000
 -1.582712648570238E-009 -5.877606835760297E-010
 -3.794220503381702E-007 -9.207596291227582E-007
         178  0.000000000000000E+000  0.000000000000000E+000
 -9.504904765061521E-009  4.657466085190330E-009
 -8.252440305206344E-007  3.061569642462884E-009
         179  0.000000000000000E+000  0.000000000000000E+000
 -5.737262473450681E-009  1.325922074626851E-008
 -3.102212327897363E-007  5.588432089367968E-007
         180  0.000000000000000E+000  0.000000000000000E+000
  4.006834079419019E-009  1.340871974008137E-008
  2.648442102013631E-007  4.840887029657249E-007
         181  0.000000000000000E+000  0.000000000000000E+000
  5.919053765119852E-009  3.948782452540754E-009
  4.963706923138477E-007  5.091672717076549E-009
         182  0.000000000000000E+000  0.000000000000000E+000
 -1.901180460327441E-011  7.267648004088822E-010
  2.109019229177769E-007 -3.833230217570861E-007
         183  0.000000000000000E+000  0.000000000000000E+000
 -6.842926387172880E-009  3.968240158281428E-009
 -1.409655799217125E-007 -2.317248826428445E-007
         184  0.000000000000000E+000  0.000000000000000E+000
 -4.526600165802313E-009  1.269111960216504E-008
 -1.153301626076626E-007 -1.287957029590448E-007
         185  0.000000000000000E+000  0.000000000000000E+000
  2.847822612865142E-009  1.416904962190960E-008
 -2.608089237708406E-007 -4.217992805202862E-008
         186  0.000000000000000E+000  0.000000000000000E+000
  8.891518402785478E-009  7.905345441533724E-009
 -1.705363992512200E-007  2.376876247201214E-007
         187  0.000000000000000E+000  0.000000000000000E+000
  4.483509967980638E-009  1.722504014991409E-009
  1.352269849754927E-007  2.639517921544315E-007
         188  0.000000000000000E+000  0.000000000000000E+000
 -1.455569152255085E-009  2.070952212707603E-009
  2.930571746201659E-007  5.567080419632109E-008
         189  0.000000000000000E+000  0.000000000000000E+000
 -3.312072573305405E-009  9.761335162835698E-009
  3.240896473139677E-007 -2.977035144582503E-007
         190  0.000000000000000E+000  0.000000000000000E+000
  2.926536607549243E-009  1.324302630370050E-008
 -2.196168602538104E-007 -5.170752173055365E-007
         191  0.000000000000000E+000  0.000000000000000E+000
  9.644962937123928E-009  1.022533934297527E-008
 -5.663071412889825E-007  4.075467722517884E-008
         192  0.000000000000000E+000  0.000000000000000E+000
  8.880059758935035E-009  3.918591334808423E-009
 -1.577391714624293E-007  5.157680990650035E-007
         193  0.000000000000000E+000  0.000000000000000E+000
  5.484161619740856E-009  2.054176723380984E-009
  4.050592896429868E-007  3.410373425739444E-007
         194  0.000000000000000E+000  0.000000000000000E+000
  3.416702523749173E-009  4.869539028657456E-009
  5.425360964311082E-007 -2.992910671203627E-007
         195  0.000000000000000E+000  0.000000000000000E+000
  5.243256220719587E-009  5.031291768287206E-009
 -1.646351854840514E-007 -6.743499403749652E-007
         196  0.000000000000000E+000  0.000000000000000E+000
  5.402428109087983E-009  5.645677378809413E-009
 -6.747195881592654E-007 -3.564583356744600E-008
         197  0.000000000000000E+000  0.000000000000000E+000
  6.834763457256920E-009  4.960893499755315E-009
 -2.347750193101165E-007  5.637936487369013E-007
         198  0.000000000000000E+000  0.000000000000000E+000
  7.814006512367354E-009  4.404692838099782E-009
  4.144126954479430E-007  3.665026979379747E-007
         199  0.000000000000000E+000  0.000000000000000E+000
  8.119888766451090E-009  2.594440230907685E-009
  4.713308134760001E-007 -2.437735397242679E-007
         200  0.000000000000000E+000  0.000000000000000E+000
  7.918394674938315E-009  9.606591778650735E-010
 -6.729773299031274E-008 -5.477040859082833E-007
         201  0.000000000000000E+000  0.000000000000000E+000
  5.132235119180729E-009  7.437097929120816E-011
 -5.216331159088522E-007 -1.060522312355752E-007
         202  0.000000000000000E+000  0.000000000000000E+000
  4.777289712643307E-009  3.027263276285832E-009
 -2.295936541771852E-007  3.952099484628305E-007
         203  0.000000000000000E+000  0.000000000000000E+000
  7.003475934984147E-009  3.382506474933478E-009
  2.507326007611111E-007  2.787081260490197E-007
         204  0.000000000000000E+000  0.000000000000000E+000
  8.533292462738979E-009  1.940576098837778E-009
  2.864608855036917E-007 -1.469493714618998E-007
         205  0.000000000000000E+000  0.000000000000000E+000
  8.239258029567845E-009  2.720347271381881E-010
 -5.466266883611167E-008 -2.996269991216527E-007
         206  0.000000000000000E+000  0.000000000000000E+000
  7.560306951745865E-009 -6.998980584575043E-010
 -3.047237954322249E-007 -3.845017123113201E-008
         207  0.000000000000000E+000  0.000000000000000E+000
  6.409613204295866E-009 -6.067859958456705E-010
 -1.112077564624356E-007  2.692881959502769E-007
         208  0.000000000000000E+000  0.000000000000000E+000
  6.845352840668258E-009  2.995868477352626E-010
  2.230261883244303E-007  1.545326685703976E-007
         209  0.000000000000000E+000  0.000000000000000E+000
  8.075132936069388E-009 -2.947732791746033E-010
  2.085353375645895E-007 -1.917511647654734E-007
         210  0.000000000000000E+000  0.000000000000000E+000
  8.322667243100285E-009 -1.930085368572388E-009
 -1.354308770606166E-007 -2.998861815060812E-007
         211  0.000000000000000E+000  0.000000000000000E+000
  7.532780991043113E-009 -2.810675568896136E-009
 -3.573079835806757E-007  1.700905246095067E-009
         212  0.000000000000000E+000  0.000000000000000E+000
  6.704790178545195E-009 -4.020808724268076E-009
 -1.838876343180796E-007  3.049222651400668E-007
         213  0.000000000000000E+000  0.000000000000000E+000
  4.490957823775802E-009 -2.722239836024207E-009
  1.559692363953986E-007  3.308143391267549E-007
         214  0.000000000000000E+000  0.000000000000000E+000
  6.139357160329353E-009 -9.378954600920653E-010
  3.885580638477393E-007  4.011505475246393E-008
         215  0.000000000000000E+000  0.000000000000000E+000
  8.603276330137415E-009 -2.162814565354829E-009
  2.497854919745979E-007 -3.607102162902549E-007
         216  0.000000000000000E+000  0.000000000000000E+000
  8.546431916322406E-009 -4.687924084906919E-009
 -1.827139479498582E-007 -4.364918743691149E-007
         217  0.000000000000000E+000  0.000000000000000E+000
  8.230042068204633E-009 -7.602684534470488E-009
 -5.468765441390334E-007 -1.582942125141075E-007
         218  0.000000000000000E+000  0.000000000000000E+000
  1.942911257391914E-009 -9.536105463449556E-009
 -5.407775733223973E-007  4.751870329274743E-007
         219  0.000000000000000E+000  0.000000000000000E+000
 -1.065113140863268E-010 -2.486710938622268E-009
  1.922378221054032E-007  7.978041101481873E-007
         220  0.000000000000000E+000  0.000000000000000E+000
  5.301301818411633E-009  5.561365633081747E-010
  8.548801471082883E-007  2.036260041178164E-007
         221  0.000000000000000E+000  0.000000000000000E+000
  1.002294364790846E-008 -3.317507147760734E-009
  5.784515049878564E-007 -6.808957647656594E-007
         222  0.000000000000000E+000  0.000000000000000E+000
  1.071568651730266E-008 -8.526192539172463E-009
 -3.024146152046108E-007 -9.058859479918133E-007
         223  0.000000000000000E+000  0.000000000000000E+000
  5.238800219274282E-009 -1.614645079400082E-008
 -1.072363942748128E-006 -1.841480699516978E-007
         224  0.000000000000000E+000  0.000000000000000E+000
 -5.779402301951457E-009 -1.049111194175045E-008
 -6.580300431850940E-007  9.368152668847679E-007
         225  0.000000000000000E+000  0.000000000000000E+000
 -2.726261189809304E-009 -1.140274019026439E-009
  5.176017022609003E-007  9.750291941960358E-007
         226  0.000000000000000E+000  0.000000000000000E+000
  4.974141827782204E-009 -9.145341426547560E-010
  1.005926204542834E-006  6.721197973868610E-009
         227  0.000000000000000E+000  0.000000000000000E+000
  8.491422884361799E-009 -5.625711440558876E-009
  5.072218627528490E-007 -8.131182264535810E-007
         228  0.000000000000000E+000  0.000000000000000E+000
  7.121012067861944E-009 -1.491588308810250E-008
 -5.249016956784689E-007 -8.219831476398960E-007
         229  0.000000000000000E+000  0.000000000000000E+000
 -5.967950662957822E-009 -1.467066127125352E-008
 -8.736418307376824E-007  1.611117740372972E-007
         230  0.000000000000000E+000  0.000000000000000E+000
 -6.546827092995915E-009 -4.384802958860201E-009
 -2.105286150655732E-007  6.859063644514437E-007
         231  0.000000000000000E+000  0.000000000000000E+000
 -3.505459310297087E-010 -2.009955543512203E-009
  3.346581405003196E-007  4.145379927884333E-007
         232  0.000000000000000E+000  0.000000000000000E+000
  2.155648346798106E-009 -4.619741146458219E-009
  4.150183870995345E-007  3.157130118799817E-008
         233  0.000000000000000E+000  0.000000000000000E+000
  3.499082757673302E-009 -8.666204452943767E-009
  1.937337634273253E-007 -2.611468682237247E-007
         234  0.000000000000000E+000  0.000000000000000E+000
 -3.370058600630400E-009 -1.239506144238214E-008
 -3.110810203577026E-008 -1.424097639464039E-007
         235  0.000000000000000E+000  0.000000000000000E+000
 -6.107742896432452E-009 -4.628981846898687E-009
  1.896728713399000E-008 -1.751614095342403E-007
         236  0.000000000000000E+000  0.000000000000000E+000
 -9.836492433082164E-010 -3.513955645795292E-009
 -2.606528472443434E-007 -2.288148031552138E-007
         237  0.000000000000000E+000  0.000000000000000E+000
 -2.869669477969222E-010 -7.045472069905000E-009
 -4.577523485491595E-007  1.848920592377737E-007
         238  0.000000000000000E+000  0.000000000000000E+000
 -1.837271537125949E-009 -7.207428659856904E-009
 -4.389296675417188E-008  5.385599321869142E-007
         239  0.000000000000000E+000  0.000000000000000E+000
 -2.901997022765831E-009 -9.405526434938830E-009
  4.020071668195043E-007  3.682403655991448E-007
         240  0.000000000000000E+000  0.000000000000000E+000
 -7.835945609320908E-009 -6.410553921015457E-009
  6.187251870619652E-007 -1.321740892016815E-007
         241  0.000000000000000E+000  0.000000000000000E+000
 -3.975829017172708E-009 -2.711276806342517E-009
  1.558721171892608E-007 -6.784117506047404E-007
         242  0.000000000000000E+000  0.000000000000000E+000
 -1.977864237129921E-009 -5.662080055895417E-009
 -5.704620778744445E-007 -4.101022437213915E-007
         243  0.000000000000000E+000  0.000000000000000E+000
 -4.163478769996693E-009 -6.779668059398997E-009
 -5.666214214730097E-007  3.348368784305687E-007
         244  0.000000000000000E+000  0.000000000000000E+000
 -4.840845209437295E-009 -7.515862919032243E-009
 -1.998167926154179E-008  6.165017843679615E-007
         245  0.000000000000000E+000  0.000000000000000E+000
 -9.028050647132455E-009 -6.388498174862396E-009
  5.372286627158316E-007  3.479609556668870E-007
         246  0.000000000000000E+000  0.000000000000000E+000
 -7.464967664637361E-009 -2.287571507425415E-009
  5.020943043749061E-007 -3.304933411633024E-007
         247  0.000000000000000E+000  0.000000000000000E+000
 -5.851660048012439E-009 -3.336446526214573E-009
 -9.838487868764995E-008 -4.805121098721659E-007
         248  0.000000000000000E+000  0.000000000000000E+000
 -7.327555833498475E-009 -3.213645117385825E-009
 -3.561776821612641E-007 -5.983790676082556E-008
         249  0.000000000000000E+000  0.000000000000000E+000
 -6.508782203304734E-009 -1.758696217333962E-009
 -1.655710484621233E-007  2.114275399167103E-007
         250  0.000000000000000E+000  0.000000000000000E+000
 -6.055287236657662E-009 -2.386274532950693E-009
  8.571417699512573E-008  2.063095073792193E-007
         251  0.000000000000000E+000  0.000000000000000E+000
 -6.154416361465330E-009 -2.352271023186690E-009
  1.458202180195228E-007  8.388060865091127E-009
         252  0.000000000000000E+000  0.000000000000000E+000
 -7.073257381750463E-009 -3.333572345670964E-009
  2.956988399987896E-008 -1.675497938750563E-008
         253  0.000000000000000E+000  0.000000000000000E+000
 -9.370736950971983E-009 -2.052072467676646E-009
  7.798246283204757E-008  3.650745842525131E-008
         254  0.000000000000000E+000  0.000000000000000E+000
 -9.257328708802504E-009  1.203161533886745E-009
  1.302070832592032E-007 -8.823667602740486E-008
         255  0.000000000000000E+000  0.000000000000000E+000
 -6.605300459970187E-009  2.409822585331043E-009
 -3.917982975886766E-008 -1.812685505352794E-007
         256  0.000000000000000E+000  0.000000000000000E+000
 -4.843835118918147E-009  1.118862185145352E-009
 -1.990183070493007E-007 -2.733273690197620E-008
