   409.600000000000     
         256           1           3
  1.124309127438499E-002   42.2584465716323        114.608564745913     
   39.0000000000000        116.000000000000        6351.00000000000     
           0  0.000000000000000E+000  0.000000000000000E+000
  0.000000000000000E+000  0.000000000000000E+000
  0.000000000000000E+000  0.000000000000000E+000
           1  1.806532151473162E-007 -1.312137347009860E-007
  6.714478169990845E-007  7.145593423605147E-008
  2.318346372019843E-006 -1.615522936320621E-007
           2 -2.429553582434494E-009 -4.704061346895591E-007
  9.242231188574667E-007  1.099692737017009E-007
  2.366415656203469E-006 -4.389473884947247E-007
           3 -8.288665639600680E-007 -3.336540349435211E-007
  1.166034942278984E-006 -3.043096426743370E-007
  2.261944899724020E-006 -7.803070317232877E-007
           4 -9.301668521974352E-007  1.057713911066971E-006
  8.043077232221796E-007 -6.257821611362349E-007
  2.000583068936497E-006 -9.855972714899123E-007
           5  9.203498378226185E-007  1.661812098424380E-006
  8.255591794003129E-007 -2.295937498875929E-007
  1.813348876108131E-006 -1.012951034913331E-006
           6  2.239958449003057E-006 -3.193969638376605E-007
  1.851380444988823E-006 -7.625035181101861E-007
  1.759580323900991E-006 -1.035383521723773E-006
           7  5.726960848109178E-007 -2.340241268471582E-006
  1.439247181910571E-006 -3.031364345126842E-006
  1.679085458669205E-006 -1.153137250873345E-006
           8 -1.818665109803249E-006 -1.355643288240139E-006
 -1.969137561010470E-006 -3.887188884309844E-006
  1.521988540733634E-006 -1.104342964279959E-006
           9 -1.585786580860301E-006  8.503519536676031E-007
 -4.947626910874670E-006 -3.820662891139820E-007
  1.781463137406703E-006 -8.449616776341677E-007
          10 -8.276455178799210E-008  1.056433380194766E-006
 -2.845324392985647E-006  4.638594158536617E-006
  2.486479627927956E-006 -1.275559927098384E-006
          11 -5.576730619624798E-008  4.020501526079455E-007
  3.123948531193797E-006  5.212975797142330E-006
  2.448770297092746E-006 -2.523539487653294E-006
          12 -2.258436893496802E-007  1.182382323904016E-006
  6.843774286353931E-006  1.115784717176382E-007
  1.316648457817169E-006 -3.276380210457281E-006
          13  1.579206087953593E-006  1.673111731734857E-006
  4.510541912597141E-006 -6.064117912876624E-006
  5.621265021076303E-008 -2.690418478905663E-006
          14  3.322384200502537E-006 -6.657872714287452E-007
 -2.231875687405006E-006 -7.704122324931096E-006
  3.040929302744372E-007 -1.628197367762592E-006
          15  1.669764448675248E-006 -4.293276958667552E-006
 -7.690239918720359E-006 -2.691583713194944E-006
  1.280923002950917E-006 -1.868153893518659E-006
          16 -3.801000895499300E-006 -4.995137274854543E-006
 -6.059218500663705E-006  4.873903172488445E-006
  1.201086467450847E-006 -3.008920590426451E-006
          17 -8.478628990612603E-006  1.538083705432453E-006
  9.914848804587627E-007  6.955101798559827E-006
  1.122687914435023E-007 -3.470880069760994E-006
          18 -2.192172255317078E-006  1.123379113505436E-005
  5.700000163380606E-006  2.888153064353765E-006
 -3.987317345262876E-007 -3.219125475288879E-006
          19  1.272731180615567E-005  6.522115609982852E-006
  6.326099864960420E-006 -2.080402820767557E-006
 -9.495108636604735E-007 -3.453286621601636E-006
          20  1.025421350980876E-005 -1.296150590489181E-005
  3.935798276669888E-006 -8.207408565440229E-006
 -2.328516915462995E-006 -2.863170686187789E-006
          21 -1.239333099486358E-005 -1.223080791825032E-005
 -7.414199196598331E-006 -1.082482495842242E-005
 -2.184952905645337E-006 -1.080450359674366E-006
          22 -1.161184624677157E-005  1.170258776780738E-005
 -1.618321774253906E-005  4.779014798766367E-006
 -3.931637057668096E-007 -1.029152222217078E-006
          23  1.130014511445607E-005  7.940553358673667E-006
  2.751403063997418E-006  1.886518713480515E-005
 -6.749242698484004E-007 -2.982519007241420E-006
          24  1.321932882932494E-006 -1.089175475657520E-005
  1.914472281076458E-005 -2.790819623098391E-006
 -2.906766272911283E-006 -2.495926016777023E-006
          25 -9.406840282528231E-006  7.451055778122603E-006
 -4.594805534285345E-006 -1.708140297756144E-005
 -2.385311406714803E-006 -6.092188183689841E-007
          26  1.670360008642314E-005  5.313476058706114E-006
 -1.170984162367556E-005  7.422962864151401E-006
 -1.499809341612114E-006 -1.347730983165270E-006
          27 -2.520960509177838E-006 -2.377623933735542E-005
  1.046955866004323E-005  2.926832504858684E-006
 -2.802060450118481E-006 -1.263852112043632E-006
          28 -2.545863018945069E-005  1.352581507793074E-005
 -7.287646788857763E-006 -1.184072666563065E-005
 -2.102375851142722E-006  1.896174685699633E-007
          29  2.465131859114785E-005  1.953433681423202E-005
 -8.968071270217190E-006  1.589933758307661E-005
 -1.245556205510351E-006 -9.583863957725532E-007
          30  6.492889503337253E-006 -3.113206591526284E-005
  2.052326894447781E-005  1.191258117916353E-006
 -2.830357151569892E-006 -9.474520968818937E-007
          31 -2.855485415900976E-005  9.577632323343906E-006
 -8.732610763226119E-006 -1.925834960800590E-005
 -2.186154025334721E-006  5.601344437277955E-007
          32  2.182276712893170E-005  1.567710850736805E-005
 -1.124433506879298E-005  1.597783733182066E-005
 -1.524843995604161E-006 -4.902717626218788E-007
          33 -3.724340007582760E-006 -2.366238611540868E-005
  1.686228544940554E-005 -1.449583268625815E-006
 -2.789261589479428E-006 -7.847840969040653E-008
          34 -1.268146311113501E-005  2.178765318062465E-005
 -1.330661681835180E-005 -1.030202452820314E-005
 -1.763594539454419E-006  8.554047342446272E-007
          35  3.033945367625158E-005 -7.406770561221351E-006
  1.914916157655143E-006  1.855981958383047E-005
 -1.815636615217607E-006 -3.162543901320642E-007
          36 -2.813374821147404E-005 -2.503017778204757E-005
  1.506123532538152E-005 -1.538266604316139E-005
 -2.924759297712824E-006  7.263401324156012E-007
          37 -7.848051558956870E-006  4.018007128034627E-005
 -2.381917023146090E-005 -5.016018557044111E-006
 -1.604158633643619E-006  1.447316230584786E-006
          38  3.814736606122033E-005 -1.359846708001108E-005
  6.841691722761785E-006  2.263586413995615E-005
 -1.747008149830776E-006  5.127823394155165E-007
          39 -2.975761804318316E-005 -2.325634982008907E-005
  1.222659437147982E-005 -1.560584591984104E-005
 -2.164506812496444E-006  1.462916433207804E-006
          40 -2.578706216518258E-006  3.363300938457007E-005
 -1.741214256593721E-005  2.392808747796698E-006
 -1.090781470511195E-006  1.373969334182222E-006
          41  2.364056602226772E-005 -1.460569299125052E-005
  1.507685465845956E-005  1.122273655398533E-005
 -1.873656769551375E-006  8.389128540687997E-007
          42 -2.098867232963626E-005 -3.912664523878843E-006
 -1.307761554766087E-007 -2.126070203663358E-005
 -1.836397689186671E-006  2.120658821689351E-006
          43  1.770655773185157E-005  1.442865691271888E-005
 -1.872594708112705E-005  1.108932646082177E-005
 -7.703180223050164E-007  1.785387996850111E-006
          44 -1.526182450317829E-006 -3.316687560641471E-005
  1.717176418645284E-005  8.264717168969682E-006
 -1.420409365927986E-006  1.558442452967992E-006
          45 -3.727842934869064E-005  1.973893599137555E-005
 -5.971609054302929E-006 -1.697492212495726E-005
 -9.490484041820124E-007  2.502394023911602E-006
          46  3.283161133980622E-005  2.926384303825226E-005
 -1.146432224443410E-005  1.773858455672814E-005
 -1.138371232248175E-007  1.861747716414710E-006
          47  1.262336879974317E-005 -3.609913956499589E-005
  2.224624098867097E-005  2.551308924166433E-006
 -7.403770201633457E-007  1.668061384587543E-006
          48 -2.910741339869866E-005  6.327458691131491E-006
 -6.952576643336698E-006 -1.836727438924815E-005
 -3.575991617146465E-007  2.303152087206960E-006
          49  2.087147023928808E-005  1.531034305180612E-005
 -8.254147244135778E-006  1.373735904533752E-005
  1.046394419838526E-007  1.781217844012994E-006
          50  8.401359157838316E-008 -2.604994477153058E-005
  1.574926141222144E-005 -4.524932281922189E-006
 -3.992344324449451E-007  1.931663640249676E-006
          51 -2.008690912653454E-005  1.156289384928436E-005
 -1.564388711928286E-005 -1.327583005417943E-005
  3.103004533930005E-007  2.457406410903401E-006
          52  1.670941697801082E-005  4.881398167621265E-006
 -7.838858977117451E-006  2.091378416552594E-005
  7.420096052593013E-007  1.709944107604398E-006
          53 -1.463541917320476E-005 -1.524236974320463E-005
  1.818292353712235E-005  5.890005736461940E-007
  2.769917815760573E-007  1.765780773483396E-006
          54 -9.302036858342242E-006  3.219929561480136E-005
 -7.381541729910878E-006 -9.031763263942325E-006
  8.306801777848923E-007  2.024188343918803E-006
          55  4.218717233750968E-005  1.881876905779904E-006
  2.413467117626111E-006  1.414128667272162E-005
  9.564314618051223E-007  1.347925123851506E-006
          56 -4.425241973467506E-006 -4.134435742515872E-005
  1.748186080419444E-005 -1.205410248927421E-005
  4.531866120931956E-007  1.572961919945567E-006
          57 -2.989758457736716E-005  8.174509818398577E-006
 -1.727201568529635E-005 -1.649391858950626E-005
  9.476889316694360E-007  1.990766909090690E-006
          58  9.212931738798789E-006  1.147871780495870E-005
 -1.159405034114745E-005  1.668768467611236E-005
  1.350365064423877E-006  1.587748918532933E-006
          59 -8.199348657746721E-006 -8.159400576870700E-006
  1.055850613760702E-005  3.666121054012717E-006
  1.284320538484273E-006  1.522817360354829E-006
          60 -5.642246246695834E-006  2.318094925257951E-005
 -6.046136746343331E-006 -1.423747135196828E-006
  1.682334680854339E-006  1.439517972597717E-006
          61  2.914754779497504E-005  2.014219150043465E-006
  6.838149869478309E-006  1.495086135176699E-005
  1.617867740768111E-006  8.733609486321041E-007
          62 -2.609148827494639E-006 -2.482350085697932E-005
  1.983690332194989E-005 -1.157043476553402E-005
  1.243241324822918E-006  1.125410127320523E-006
          63 -1.217720517519435E-005  8.091042116214549E-006
 -1.248678317990252E-005 -1.876480885157264E-005
  1.783942290785991E-006  1.432633069137354E-006
          64  1.386521666436657E-005 -4.546454561146209E-006
 -1.238057212408604E-005  1.041369280623592E-005
  2.160332185392309E-006  9.153128646010799E-007
          65 -2.033204710677103E-005 -1.872541686571738E-005
  6.308680525221920E-006  2.674766138540924E-006
  2.065917459475422E-006  7.829545030028225E-007
          66 -2.125680512328799E-005  3.098036639063906E-005
 -8.069792326250901E-006 -1.512086863230094E-006
  2.508824859033403E-006  6.773779706795236E-007
          67  3.442481449422907E-005  2.039516183074330E-005
  2.053690429656156E-006  1.733590767665080E-005
  2.666690259840804E-006 -1.108512678886781E-007
          68  1.588063249652342E-005 -3.097155038495883E-005
  2.212864106022852E-005 -3.447903671846227E-006
  2.099758353870827E-006 -4.549979897772134E-007
          69 -2.276314996915653E-005 -8.610790567419228E-006
 -3.206969889000558E-006 -2.083764115762760E-005
  2.052865189768255E-006 -2.127195033250510E-007
          70 -4.582137667226865E-007  1.289943835904742E-005
 -1.462857580751543E-005  2.649996217524622E-006
  2.353126736509671E-006 -4.924681545807304E-007
          71  4.378112804855740E-006 -6.491983431333132E-006
  2.070046773821310E-006  6.240560867745004E-006
  2.244282901205721E-006 -9.457531930460656E-007
          72 -1.056137057810631E-005  8.223825574741031E-007
 -2.080805528022222E-006 -1.113791510090392E-006
  2.075997268618442E-006 -1.210014287706970E-006
          73  1.814101121921534E-006  1.098402913785291E-005
  1.815615346040812E-007  8.823131797455062E-006
  1.833959955521701E-006 -1.592875545856831E-006
          74  8.275627879319686E-006  1.244269826384650E-006
  1.247983934355784E-005 -9.920733293612618E-007
  1.341423736357858E-006 -1.672491635443684E-006
          75  7.353865176512691E-006 -3.879984376622434E-006
 -1.259414529287833E-006 -1.206453910639246E-005
  1.159230088640264E-006 -1.552631681205561E-006
          76  4.742839148819973E-007 -1.514041651778066E-005
 -8.010006251211455E-006  1.493011100446803E-006
  1.005078182568755E-006 -1.640220413799936E-006
          77 -2.320139361177575E-005 -3.202429786114238E-006
  1.677863962548273E-006  2.119565441683571E-006
  8.092343088060918E-007 -1.525346863014975E-006
          78 -3.291205999987743E-006  3.007241353703662E-005
 -4.058184805313184E-006 -9.061374689506223E-007
  8.983907684389616E-007 -1.575415539497899E-006
          79  3.444150931966992E-005  6.156099957205362E-007
  1.092520092034676E-006  9.707880649460623E-006
  6.262609487462981E-007 -1.905634535519259E-006
          80 -4.286282527643998E-006 -3.535516964215403E-005
  1.416838508822418E-005 -3.577671798844017E-006
  1.107543096439399E-007 -1.705537338065577E-006
          81 -3.226010260539063E-005  1.045161360917464E-005
 -5.849687136009094E-006 -1.620967835268704E-005
  2.037985908123686E-007 -1.284162031533714E-006
          82  1.666589583117817E-005  2.515064758489639E-005
 -1.513535652279456E-005  7.896056809357418E-006
  4.321119082726446E-007 -1.511234038097421E-006
          83  1.472769818207024E-005 -2.170663563977304E-005
  9.633488004970210E-006  1.141183659364086E-005
  5.616087827259186E-008 -1.678113379004841E-006
          84 -2.461697274061573E-005 -2.218974871247908E-006
  6.076556122416207E-006 -1.040951211954492E-005
 -3.674080574507556E-008 -1.355336452868473E-006
          85  1.092607062837161E-005  2.465692475201772E-005
 -9.804145628757838E-006  3.735754168972123E-007
  1.577725187332880E-007 -1.543698330764983E-006
          86  2.137595375484911E-005 -2.317142815885279E-005
  7.338534590805721E-006  8.111514690758196E-006
 -3.126688903610923E-007 -1.742120368186108E-006
          87 -3.320596986650910E-005 -1.476971135809077E-005
  5.850159981725323E-006 -1.345461210343560E-005
 -5.432870494531636E-007 -1.197397702186059E-006
          88 -5.261531924168198E-006  4.018150441836047E-005
 -1.738942615359272E-005 -2.939344001968518E-006
 -2.118868284013379E-008 -1.097830312642196E-006
          89  4.367235502104894E-005 -6.349674207060824E-006
  8.641557022926191E-007  1.896667872808804E-005
 -7.478774169164108E-008 -1.690507503482722E-006
          90 -1.884598111966830E-005 -4.363430347706669E-005
  1.861144674895049E-005 -5.184701092714978E-006
 -7.152378239956442E-007 -1.598880694479387E-006
          91 -4.040260616842621E-005  3.078507803089044E-005
 -9.126005562940796E-006 -1.642372081813403E-005
 -5.797930241564378E-007 -1.131842529717469E-006
          92  4.076281775195096E-005  3.451970398818051E-005
 -1.253830328951627E-005  1.232331385869390E-005
 -3.144095678813820E-007 -1.470698396591788E-006
          93  2.661631454102202E-005 -4.761059165583346E-005
  1.478932739691851E-005  7.821009539138075E-006
 -8.242647537087447E-007 -1.704422748894551E-006
          94 -5.056290530735201E-005 -1.739863981941076E-005
  3.399228987952878E-006 -1.598937358126810E-005
 -1.061988090375139E-006 -1.320531573950711E-006
          95 -7.649924877326762E-006  4.946466610383644E-005
 -1.491079899186067E-005  3.531252220676564E-007
 -8.879128037259505E-007 -1.306450995192202E-006
          96  4.473099398500278E-005 -1.845692049459951E-006
  3.691650167428952E-006  1.153197201484034E-005
 -1.159604660423065E-006 -1.473109859147609E-006
          97 -1.019612504870434E-005 -3.714144709102545E-005
  6.808728763898726E-006 -6.682775786008957E-006
 -1.413327218531698E-006 -1.190383735676811E-006
          98 -2.774011400496045E-005  1.636018801122741E-005
 -8.783482433211884E-006 -1.489449709372801E-006
 -1.237580383900489E-006 -1.146450741939802E-006
          99  1.936928530576387E-005  1.764403625564638E-005
  4.195868489880864E-006  9.817355070427283E-006
 -1.573125212039529E-006 -1.448342300980329E-006
         100  7.759086416211645E-006 -1.853694781636404E-005
  1.009899340517787E-005 -9.509648662314019E-006
 -2.169423308034630E-006 -1.044199643963599E-006
         101 -1.359905865542673E-005  1.208240464850403E-006
 -1.314942508600798E-005 -9.693492524300453E-006
 -1.993080543577997E-006 -5.128436654459944E-007
         102  8.609450086943252E-006  5.054069052651431E-006
 -7.698485815914632E-006  1.460319606637358E-005
 -1.911098625041705E-006 -6.760474223955419E-007
         103 -5.785369044106877E-006 -1.390594381617359E-005
  1.461007442102931E-005  3.689402716996862E-006
 -2.443885029780882E-006 -4.972327082529958E-007
         104 -1.652177674793783E-005  1.717701945825143E-005
 -1.447882558170466E-006 -1.413790830976583E-005
 -2.453556693142262E-006  2.423241672040187E-007
         105  2.722867573380299E-005  1.574739562977529E-005
 -1.317513805802986E-005  6.227642902217792E-006
 -2.013005318600109E-006  4.029120643238103E-007
         106  1.105901124677187E-005 -3.431291292062028E-005
  9.979212656466410E-006  1.135700797304283E-005
 -2.136194305788503E-006  3.283645280285511E-007
         107 -3.751764945993437E-005 -2.463948796026156E-006
  8.626926489754272E-006 -1.220223710614581E-005
 -2.263231640345765E-006  8.068836967489894E-007
         108  9.319963677296782E-006  3.675937647135418E-005
 -1.190879393866982E-005 -5.238622950331879E-006
 -1.856403055421028E-006  1.121565383446137E-006
         109  3.249294934254413E-005 -2.269389638223725E-005
 -7.197893625887411E-007  8.535806428291727E-006
 -1.762265696027972E-006  1.019208634419395E-006
         110 -3.530544816605574E-005 -2.547937154938096E-005
  3.087300356145173E-006 -5.417367305450380E-006
 -1.830257535291144E-006  1.382049668064754E-006
         111 -1.648895145358713E-005  4.464004766693576E-005
 -1.228362054233643E-005  2.563070759199940E-006
 -1.319623323491597E-006  1.664948939501040E-006
         112  4.870862115738055E-005  6.117993044902380E-006
  7.165708434947995E-006  1.755908265418871E-005
 -1.090486089272749E-006  1.324323823478990E-006
         113 -5.136222572926586E-006 -4.661930942913545E-005
  1.958888849943933E-005 -1.045566556284118E-005
 -1.378471150416650E-006  1.433610450343836E-006
         114 -3.884812326145346E-005  1.658100277260033E-005
 -1.250405010342899E-005 -1.800570343318653E-005
 -1.103267090399071E-006  1.911283609253316E-006
         115  2.713359419695531E-005  2.713782320508625E-005
 -1.294148772937784E-005  1.321053164069917E-005
 -6.099285934811688E-007  1.754650753841656E-006
         116  1.391119563558706E-005 -3.532168243059484E-005
  1.296303170049229E-005  4.913939916057272E-006
 -7.445263880371267E-007  1.548825440369319E-006
         117 -3.956070772016147E-005 -1.610141829542597E-006
 -4.239861586163062E-006 -1.268771056961454E-005
 -7.096175608294744E-007  1.901776194108259E-006
         118  7.922559309871758E-006  3.872862122497037E-005
 -1.267644558659731E-005  1.171707436459626E-005
 -2.751286680450773E-007  1.897154553044698E-006
         119  3.270559531039441E-005 -1.381504183989997E-005
  1.547614562836161E-005  1.182634605079129E-005
 -2.708162898916782E-007  1.656514453376621E-006
         120 -1.613580840830789E-005 -2.257987875819439E-005
  9.086418058453507E-006 -1.530803846144434E-005
 -3.573059622466407E-007  1.862794304643041E-006
         121 -1.051505680591279E-005  1.551714985502228E-005
 -1.221864690323832E-005 -4.699865633453517E-006
 -5.467323941993416E-008  2.064270450492212E-006
         122  1.284279319336294E-005 -7.879390790033993E-007
  3.601046285667102E-007  7.326450822935766E-006
  2.282799473920997E-007  1.973242149301344E-006
         123 -8.968784972812887E-006 -8.948472730880850E-006
  1.915585162625586E-006 -5.333090071151823E-006
  3.343899008572811E-007  1.917127804116290E-006
         124 -4.487191862823589E-006  1.267087583530385E-005
 -9.203026651135893E-006  2.279646793030294E-006
  5.159256750199271E-007  1.943459882560181E-006
         125  1.185053875173170E-005  8.886326079616742E-008
  3.924361431472198E-006  1.041372267362690E-005
  7.199758998776202E-007  1.860456224745955E-006
         126 -3.440210846777995E-006 -7.792378525776115E-006
  7.963156018554584E-006 -3.335234745200031E-006
  8.767143768850833E-007  1.780357209178998E-006
         127 -2.659673461382574E-006  5.235142494736232E-006
 -1.770977152491767E-006 -2.691902419511551E-006
  9.888989960705224E-007  1.658923890584292E-006
         128  4.527457189381919E-006 -1.309098717695167E-006
  3.243337419028320E-006 -1.121756271911895E-007
  1.029703773311025E-006  1.671949666043476E-006
         129 -2.347804661089221E-006 -8.852992015577052E-007
 -2.411050213558341E-006 -7.981255779310665E-006
  1.345066644526415E-006  1.748044943020992E-006
         130  5.349165974445584E-006 -4.575195256447461E-007
 -1.054891526021424E-005  4.841640587546191E-006
  1.686915016973136E-006  1.430328652286888E-006
         131 -6.940261998478762E-006 -1.294740509122889E-005
  6.792599901120431E-006  1.017736293232347E-005
  1.627093227863451E-006  1.142287475385714E-006
         132 -2.013093026970919E-005  1.608033063825125E-005
  6.404109458061974E-006 -8.157500485950436E-006
  1.715429722827061E-006  1.161931475572426E-006
         133  2.649771468721957E-005  2.488766830688028E-005
 -9.441306541583970E-006 -1.777062834014088E-007
  1.985034247956688E-006  8.688509439832757E-007
         134  2.548739053275035E-005 -3.662997906314459E-005
  6.344877018755156E-006  1.041458445848319E-005
  1.785048040215511E-006  5.111852301367223E-007
         135 -4.502738677058977E-005 -2.111670349828042E-005
  9.850472364807592E-006 -1.133334632203960E-005
  1.683515880636816E-006  7.049977682519710E-007
         136 -1.211848434851219E-005  5.057432349230342E-005
 -1.423727972832719E-005 -6.820324982479833E-006
  2.112671188870576E-006  6.093688873085225E-007
         137  5.245628983482837E-005 -1.309316395421401E-007
 -1.712765123868292E-006  1.494720836402895E-005
  2.091648835574333E-006  7.488299541238680E-008
         138 -1.338178275658230E-005 -5.009656875172108E-005
  1.321918553787501E-005 -4.708768535920617E-006
  1.805460034822834E-006  8.850984146590818E-008
         139 -4.337105724987800E-005  2.502563879794053E-005
 -1.196614063664118E-005 -9.191229445526652E-006
  2.119041127030231E-006  1.241559181523695E-007
         140  3.280950111476817E-005  3.258287700512971E-005
 -4.163242640890225E-006  1.912564923047626E-005
  2.193385284390058E-006 -4.657467401945226E-007
         141  1.844012909155601E-005 -3.519500911994954E-005
  2.434285931071965E-005 -4.900426690842473E-007
  1.671549197094410E-006 -5.990009938813810E-007
         142 -3.163371028531532E-005 -2.172686409180557E-006
 -4.488203796170424E-006 -2.596414278851756E-005
  1.755531628196541E-006 -2.452722089432540E-007
         143  1.459577258738591E-005  2.267279675086219E-005
 -2.378759848564128E-005  8.197557262376633E-006
  2.159586411026621E-006 -5.793246170092328E-007
         144  9.682065139410806E-006 -3.010765217473335E-005
  1.124446686351483E-005  1.858797260696001E-005
  1.871362083334146E-006 -1.032760528431513E-006
         145 -4.266554568774561E-005  5.596672579800969E-006
  1.115598262113136E-005 -1.295892541305616E-005
  1.683617988505002E-006 -8.659639600249608E-007
         146  2.135847751952520E-005  5.088380652571371E-005
 -1.351746930774839E-005 -2.211977321721923E-006
  2.014161561941342E-006 -1.028613285301351E-006
         147  5.404345089076494E-005 -3.605859079281911E-005
  6.693713109549842E-006  1.350466942997286E-005
  1.837455519823235E-006 -1.586085663721622E-006
         148 -4.864106437693906E-005 -5.221536752395574E-005
  1.265445167209027E-005 -1.366760389255956E-005
  1.415183540039434E-006 -1.550148644140516E-006
         149 -4.618490213549051E-005  5.849314663175915E-005
 -1.792667674637090E-005 -1.017537455193518E-005
  1.615739735543282E-006 -1.471177706494651E-006
         150  6.527297278502013E-005  3.731080983468632E-005
 -6.217108627128026E-006  2.016790952112886E-005
  1.690655275806901E-006 -1.990578251348279E-006
         151  2.724877859509574E-005 -6.885902172748641E-005
  2.093183758983622E-005  1.917156720412877E-006
  1.231247414193145E-006 -2.318951612572333E-006
         152 -6.935186402592697E-005 -1.748676570285357E-005
 -1.798043459176370E-006 -1.996389821611340E-005
  1.000834904213779E-006 -2.257133712136168E-006
         153 -9.004473653128760E-006  6.701400105162003E-005
 -1.749715973141652E-005  4.846858302088622E-006
  9.981023441001664E-007 -2.521829029771271E-006
         154  6.235658584092911E-005  2.214039875133409E-006
  7.150328468976872E-006  1.475862694432471E-005
  5.395714459136009E-007 -2.894669843271551E-006
         155 -3.016886448650343E-006 -5.619382273455589E-005
  1.242319386616819E-005 -8.070317886878158E-006
  2.829697743650970E-008 -2.831398656306267E-006
         156 -4.950324378094885E-005  7.142300562875871E-006
 -7.310851994177002E-006 -9.920590761142872E-006
 -1.920908184979396E-007 -2.796614502694387E-006
         157  1.062226409663169E-005  4.319972945886253E-005
 -6.877221296951969E-006  6.044692716798756E-006
 -6.020571034526420E-007 -2.896099583182788E-006
         158  3.790950749751031E-005 -1.374759665310959E-005
  5.757513730090161E-006  4.054251079199215E-006
 -1.136529113389084E-006 -2.710175925821866E-006
         159 -1.661127299551538E-005 -3.371909545092449E-005
  2.437061253273220E-006 -6.392781219656459E-006
 -1.396409344249071E-006 -2.330042345844980E-006
         160 -3.020103238535465E-005  1.918026169400054E-005
 -6.957439103421760E-006 -2.012590705330473E-006
 -1.489265902334270E-006 -2.159569315677250E-006
         161  2.151065572495491E-005  2.658488543874650E-005
 -1.871085432801347E-006  7.304242089054272E-006
 -1.790310718092755E-006 -2.019231944468370E-006
         162  2.203991105047827E-005 -2.377613157202127E-005
  7.735819020138427E-006  1.543670406639928E-006
 -2.031945063139007E-006 -1.622488016058886E-006
         163 -2.613000201419032E-005 -1.607913273308360E-005
  1.212081912623670E-006 -7.924534380781523E-006
 -1.977477554240077E-006 -1.265803496067413E-006
         164 -8.838587498645724E-006  2.858579917998360E-005
 -7.223978772368017E-006 -4.469276909928233E-007
 -1.961085065922150E-006 -1.163063741279418E-006
         165  3.083061277324079E-005  9.717219059642789E-007
  1.827422099887284E-006  5.932086400450958E-006
 -2.119804980158719E-006 -9.541236974439903E-007
         166 -6.522109788122516E-006 -3.210317204634666E-005
  5.086528356146348E-006 -5.611572942511965E-006
 -2.080494122416700E-006 -6.086530834954941E-007
         167 -3.144359662287935E-005  1.260363022850596E-005
 -9.388885707397187E-006 -5.157428269403353E-006
 -1.928039808900177E-006 -4.973840211929967E-007
         168  1.655389624997698E-005  2.809035684028217E-005
 -5.322979678273404E-006  1.185217799851474E-005
 -1.983641078443658E-006 -4.409704418567889E-007
         169  2.181606493482356E-005 -1.813901675704111E-005
  1.281288634939125E-005  4.616279709929164E-006
 -2.015170846268147E-006 -2.145907928206807E-007
         170 -1.744546538403498E-005 -1.316206737038861E-005
  2.872809826622461E-006 -1.236533134567772E-005
 -1.903988673849903E-006 -7.171999392169064E-008
         171 -3.478095284052824E-006  1.468845003587504E-005
 -1.025752747105333E-005 -2.722911471362945E-007
 -1.914567127386221E-006 -3.369465020651901E-008
         172  1.007239282804043E-005 -5.479405016169714E-006
  3.340394601601574E-006  6.812494710273636E-006
 -1.974314942323857E-006  1.632105055689646E-007
         173 -1.214597413071215E-005 -3.646870773018185E-006
  3.235500951871809E-006 -7.601986850443206E-006
 -1.843677575058809E-006  3.570348964957233E-007
         174  4.646988251298707E-006  1.556173392005097E-005
 -1.088524008735242E-005 -5.268784784798079E-007
 -1.750622148561552E-006  3.496901322369225E-007
         175  1.558673555455706E-005 -1.464815014363340E-005
  1.628451545295766E-006  1.151590890286454E-005
 -1.846532463787390E-006  4.064585173939897E-007
         176 -2.575034392253409E-005 -1.293205849100373E-005
  9.309713853379976E-006 -4.113629374715007E-006
 -1.858946675059478E-006  6.174037007574481E-007
         177 -8.733181239545877E-006  3.691489538149151E-005
 -7.145811778142528E-006 -5.201651700188248E-006
 -1.766115922002976E-006  7.300795632546635E-007
         178  4.670530884213192E-005  4.062632105695999E-006
  6.270192691954806E-008  1.029507378150444E-005
 -1.801762137192917E-006  7.898144408134965E-007
         179 -3.160690153300361E-007 -5.365120853690491E-005
  1.340472443116394E-005 -5.724575284079452E-006
 -1.859563596228448E-006  1.005702078656966E-006
         180 -5.676234084476356E-005  4.072295060615664E-006
 -1.038831672018963E-005 -1.637035240604762E-005
 -1.769870110401912E-006  1.251866884153936E-006
         181  7.256963879170726E-006  5.583054033847311E-005
 -1.815460343697684E-005  1.267763503536390E-005
 -1.634739781884151E-006  1.399847783496507E-006
         182  5.143680460803774E-005 -9.969469174386224E-006
  1.268069532541432E-005  1.732758461678968E-005
 -1.558143828680118E-006  1.494853946100073E-006
         183 -1.206302147194660E-005 -4.481314580759680E-005
  1.374052821720468E-005 -1.165316769566617E-005
 -1.545234189629192E-006  1.644914713604986E-006
         184 -3.742736173331139E-005  1.310905561273104E-005
 -1.041661293543590E-005 -8.781224291020179E-006
 -1.499446568367867E-006  1.893579325079178E-006
         185  1.245763991958247E-005  3.048201725275410E-005
 -3.761805051624048E-006  8.724598489686766E-006
 -1.361544765745887E-006  2.176751722970075E-006
         186  2.471383753813308E-005 -9.462920245213358E-006
  6.405423250686000E-006 -7.094144504424792E-007
 -1.103042679573459E-006  2.458606882615808E-006
         187 -3.920912523322611E-006 -2.038427290695676E-005
 -3.909988109915080E-006 -3.903912441059054E-006
 -7.655281274990636E-007  2.625426436934415E-006
         188 -1.732957107206605E-005 -3.675271196622538E-006
 -1.180140948929574E-006  4.734565777359239E-006
 -4.556400056236061E-007  2.727054304535326E-006
         189 -1.225185737683043E-005  1.522153861434175E-005
  3.059262715283142E-006 -2.706689486051793E-006
 -1.217267390229131E-007  2.813650854497079E-006
         190  1.388141149206611E-005  2.036289425369719E-005
 -8.086053136184082E-006 -4.625185366652793E-007
  2.632555567587684E-007  2.843036955663171E-006
         191  2.659695249245404E-005 -1.327666491286440E-005
  1.236551444671795E-006  1.361957682430700E-005
  6.365784103620203E-007  2.759066818382023E-006
         192 -1.349709217802039E-005 -3.011371681953637E-005
  1.747493097141193E-005 -1.731634026460826E-006
  9.400094956283549E-007  2.620773728817401E-006
         193 -3.083097402466735E-005  1.467343020942909E-005
 -1.523463934507851E-006 -1.888417320861313E-005
  1.213506065956128E-006  2.494512389193329E-006
         194  1.669337582247489E-005  2.931702040314774E-005
 -1.803491568089750E-005  5.216187524512355E-007
  1.491793972989777E-006  2.348631974982144E-006
         195  2.666581748205183E-005 -1.902465069675196E-005
 -1.496551934354198E-006  1.484563738294624E-005
  1.808387386369156E-006  2.136191277036555E-006
         196 -2.094010174171298E-005 -2.413317354011950E-005
  9.267284010638773E-006  3.778255103678485E-006
  2.028983559579862E-006  1.776313567608645E-006
         197 -2.269494277812598E-005  2.172669195396922E-005
  5.189933465757718E-006 -2.638681747433845E-006
  2.061554168798266E-006  1.467976290160421E-006
         198  2.101810618076882E-005  2.291740353148688E-005
  2.740663870844957E-006 -5.655051306889405E-006
  2.105266387041684E-006  1.302112473482035E-006
         199  2.492177665480378E-005 -1.913443947913298E-005
 -6.176048480686421E-006 -5.780872826291604E-006
  2.253767881260162E-006  1.076806302625910E-006
         200 -1.708539717358968E-005 -2.844962374452843E-005
 -7.058140393300077E-006  7.196887836663623E-006
  2.258041700228271E-006  7.452007770049313E-007
         201 -3.312675735661685E-005  1.625081114084926E-005
  7.862630918476162E-006  7.357802475129253E-006
  2.146318503348964E-006  6.082108428350338E-007
         202  1.799761469791477E-005  3.860541325270481E-005
  6.829317907774614E-006 -7.185479016565835E-006
  2.266871925368420E-006  5.394583815440732E-007
         203  4.448978256897241E-005 -2.310569968666759E-005
 -4.912006952440193E-006 -5.884416575160961E-006
  2.356260465928764E-006  2.075536170395534E-007
         204 -3.138221918233577E-005 -5.026584970925885E-005
 -5.383997496661434E-006  7.217191140666429E-007
  2.195791635575636E-006  8.846854238446274E-009
         205 -5.515373236435632E-005  4.167836937764857E-005
 -6.308604912643719E-006  5.515646013413128E-006
  2.272317273028987E-006 -1.670605134684967E-008
         206  5.222522467376018E-005  5.799543573390726E-005
  5.108216978020873E-006  1.621217127190908E-005
  2.417321612292496E-006 -4.046158918445406E-007
         207  5.742008381847140E-005 -6.110813640747144E-005
  2.702609583879282E-005 -2.961838999697425E-006
  2.097803434142288E-006 -7.680550138154662E-007
         208 -6.689180345227558E-005 -5.228083063036638E-005
  7.207727450813913E-007 -3.597478029444794E-005
  1.879502715855069E-006 -6.429656202391961E-007
         209 -4.203631528525536E-005  6.897039756775319E-005
 -4.136962316936910E-005 -4.658840624317883E-006
  2.109745862524464E-006 -6.944173517224064E-007
         210  6.746404726285740E-005  2.718503576775684E-005
 -7.862083191348792E-006  4.246299692422058E-005
  2.105685233071677E-006 -1.127888131432512E-006
         211  9.506379863901929E-006 -6.296545823917115E-005
  3.881239213722817E-005  9.755957719620122E-006
  1.833709637296710E-006 -1.310788326312564E-006
         212 -5.626460524430875E-005  8.275696049526584E-006
  9.379801282182361E-006 -3.078413529378642E-005
  1.799771559931649E-006 -1.413547766247272E-006
         213  2.324804968305014E-005  4.791068596698675E-005
 -2.045759009110648E-005 -6.041769752283366E-006
  1.632678894085080E-006 -1.760306124710037E-006
         214  3.810916102199309E-005 -3.295595621538339E-005
 -8.578081560569381E-007  1.071924236357082E-005
  1.224862289666690E-006 -1.802262788135708E-006
         215 -3.615976633035755E-005 -2.704530204827478E-005
  3.396740545421237E-006 -3.550637524299866E-006
  1.216393563103480E-006 -1.692027756045063E-006
         216 -1.509429695601278E-005  3.326474758598461E-005
 -5.220260408896767E-006  1.440952897415947E-006
  1.202549959172685E-006 -2.034274802324587E-006
         217  2.602709998979595E-005  2.976868546387015E-006
  4.320509599047447E-006  3.667312308185168E-006
  7.026032771674152E-007 -2.222943622969741E-006
         218 -8.067449031196975E-006 -1.688797293498223E-005
 -9.234602734334949E-007 -5.587531415300422E-006
  4.597605359386685E-007 -1.947658271619784E-006
         219 -8.342963604358938E-006  1.650910311496419E-005
 -6.027568539565257E-006  8.092591959738285E-006
  5.705622993658298E-007 -2.038604448151594E-006
         220  2.107661190625057E-005  2.224395786885445E-006
  1.625879042565810E-005  7.042309244693250E-006
  1.948783577379661E-007 -2.327229266764872E-006
         221 -7.155370297627482E-007 -2.114656130789536E-005
  9.261346745671823E-006 -2.278539694103244E-005
 -2.506097177574741E-007 -2.041836589992159E-006
         222 -1.698683842882474E-005  7.074081228628769E-007
 -2.553211082382478E-005 -1.171772884201072E-005
 -1.211154622682128E-007 -1.807261186787105E-006
         223 -1.376862541404127E-006  9.834964083124771E-006
 -1.313872935686905E-005  2.414489248341634E-005
 -1.667993335472704E-007 -2.066377219680939E-006
         224  1.614409049596291E-006  4.331907335640966E-006
  1.934663162137672E-005  1.326080097734783E-005
 -6.150922818051211E-007 -2.043057342208612E-006
         225  6.959314689977215E-006  5.633856112527815E-006
  1.233314513380686E-005 -1.182251114646112E-005
 -7.144182003992272E-007 -1.706170864424782E-006
         226  1.020505682366974E-005 -8.298360978127392E-006
 -2.450069163234009E-006 -1.008718876848999E-005
 -6.156669109185309E-007 -1.755330015131287E-006
         227 -7.594279891775697E-006 -1.105357815777181E-005
 -6.253097280709517E-006 -6.982350286707421E-006
 -9.278158869289326E-007 -1.850964554054932E-006
         228 -8.020671241893402E-006  4.311271845995037E-006
 -1.448780655598428E-005  1.461082409032627E-006
 -1.146427272050905E-006 -1.537442113247943E-006
         229 -1.730643455853793E-006  1.684619515468542E-006
 -3.281326720951921E-006  1.917787539076746E-005
 -9.934229343979330E-007 -1.433745731738403E-006
         230 -6.928654864093192E-006  1.034494997535575E-005
  2.108357371661844E-005  7.818106621787297E-006
 -1.149584673598961E-006 -1.620992035419974E-006
         231  2.091456750382162E-005  1.654038927854396E-005
  1.251844384946748E-005 -1.996706621491860E-005
 -1.511300043375482E-006 -1.440576223470342E-006
         232  2.584778937641361E-005 -3.232552182292093E-005
 -1.534445969388340E-005 -1.702594035412151E-005
 -1.487151326466031E-006 -1.128448273614581E-006
         233 -4.317067706784329E-005 -3.377176085654147E-005
 -2.024008777511413E-005  7.764059889255744E-006
 -1.408492561154399E-006 -1.201543063225109E-006
         234 -3.944782565542151E-005  5.211383301222467E-005
 -1.085422692782104E-006  2.153953579305254E-005
 -1.714209592118692E-006 -1.255091085966880E-006
         235  5.811433138400135E-005  4.226917190732657E-005
  2.111324626230564E-005  9.751459451740229E-006
 -1.951228851906403E-006 -9.548025039178826E-007
         236  4.200262222710969E-005 -6.068213730829845E-005
  1.757028154514630E-005 -1.899768740186959E-005
 -1.912926214716467E-006 -7.631773902274426E-007
         237 -6.002110168490611E-005 -3.883270685298276E-005
 -1.473397977531006E-005 -2.363508567191493E-005
 -2.060997025277028E-006 -7.464522003170243E-007
         238 -3.327595388134287E-005  5.691681616351092E-005
 -2.653997591827309E-005  8.424457134827082E-006
 -2.306065058634322E-006 -4.629232216635558E-007
         239  5.244926072656783E-005  2.616800106292114E-005
  1.363096963565510E-006  2.569317674631483E-005
 -2.268100160457527E-006 -1.411363087145524E-007
         240  1.849907500264209E-005 -4.781198979660323E-005
  2.206497223032102E-005  5.130612150893016E-006
 -2.301105264402994E-006 -6.660244513592484E-008
         241 -4.404667509770807E-005 -1.110243654850353E-005
  1.082350063645147E-005 -1.701584857412880E-005
 -2.571711804768448E-006  2.446807013418612E-007
         242 -4.464739538549128E-006  4.177276151912276E-005
 -1.122107015642800E-005 -1.582738227145313E-005
 -2.492173386826124E-006  8.328544615455237E-007
         243  4.116701839013420E-005 -1.284180836854247E-006
 -1.935296514638579E-005  5.157314090625532E-006
 -2.124367489728523E-006  1.078775339134294E-006
         244 -6.472119359121100E-006 -4.203870492382672E-005
 -1.755289122257545E-008  2.048560969791989E-005
 -2.055461002695635E-006  1.132071042719598E-006
         245 -4.380347005177203E-005  1.171355418920288E-005
  1.939744622463043E-005  3.022749453436439E-006
 -2.023479998824264E-006  1.505933130907866E-006
         246  1.762509522628640E-005  4.571990789907624E-005
  3.817340729708396E-006 -1.688214940697367E-005
 -1.623805108626177E-006  1.826662637781650E-006
         247  4.707247683517218E-005 -2.469578370513004E-005
 -1.300831103600221E-005 -3.446500940629839E-006
 -1.278508281474336E-006  1.814548660815099E-006
         248 -3.311623160333552E-005 -4.721562677114817E-005
 -2.531388789100270E-006  7.375595362059088E-006
 -1.126111680290685E-006  1.884642359352487E-006
         249 -4.566690193764700E-005  4.259296029710586E-005
  2.504658191153430E-007  9.112313403048184E-007
 -7.866300063305913E-007  1.992241377648393E-006
         250  5.240912241236524E-005  4.218300871254284E-005
 -1.114034413803709E-006  7.208534956463645E-006
 -4.922931498120851E-007  1.803722117317773E-006
         251  3.665573901956076E-005 -6.153023215830764E-005
  1.411634864960317E-005  2.601135910419091E-006
 -5.240495149552476E-007  1.709299961170335E-006
         252 -6.874817551287524E-005 -2.912270618144356E-005
  3.119110708544551E-006 -2.032298737817470E-005
 -3.844915783664592E-007  1.894816838272163E-006
         253 -1.977179550348623E-005  7.298765991830059E-005
 -2.548441135781850E-005 -3.198380740068420E-006
 -2.406044945424792E-008  1.826556085691793E-006
         254  7.355660932454262E-005  8.904856202232785E-006
 -3.236061796422587E-006  2.848348273327844E-005
  6.169524425043695E-008  1.586808065916565E-006
         255 -3.032705687689865E-006 -7.023318945774019E-005
  2.847192499856935E-005  2.884052914927483E-006
  3.907296064758592E-008  1.576266475725412E-006
         256 -6.330419804518939E-005  1.534384782542317E-005
  1.804451282037114E-006 -2.574262804883138E-005
  1.806181139086569E-007  1.581312492642990E-006
