   409.600000000000     
         256           1           3
  1.124309127438499E-002   39.6392573462958        111.855623324824     
   39.0000000000000        116.000000000000        6351.00000000000     
           0  0.000000000000000E+000  0.000000000000000E+000
  0.000000000000000E+000  0.000000000000000E+000
  0.000000000000000E+000  0.000000000000000E+000
           1 -1.609477747122756E-007  1.031134612507682E-007
 -2.197103830660630E-006  3.950118221959201E-008
  1.979209890778532E-006 -1.855252044559331E-007
           2 -6.398210480010293E-008  3.093138145947022E-007
 -2.425271875845608E-006  1.216748203579987E-007
  2.003541354851368E-006 -5.147344862886910E-007
           3  3.773724059957674E-007  4.020252182502286E-007
 -2.798616868358236E-006  5.704906172523350E-007
  1.814463896411969E-006 -8.670321955279240E-007
           4  9.217936080623173E-007 -2.411034449144565E-007
 -2.690326488875112E-006  1.514359996004961E-006
  1.513415777874646E-006 -1.019541052701006E-006
           5  2.631029256618063E-007 -1.523213888344467E-006
 -1.679801405556378E-006  1.978901326225188E-006
  1.333152605984461E-006 -1.058752957794326E-006
           6 -1.991102248780817E-006 -1.237527879840196E-006
 -1.113169142043262E-006  1.178170624011585E-006
  1.170538658353335E-006 -1.150293248792590E-006
           7 -2.627877864955260E-006  2.032475882113919E-006
 -2.271837218041554E-006  1.002589729402578E-006
  8.790692181096822E-007 -1.195899200768038E-006
           8  1.413299278939417E-006  4.169058620369902E-006
 -2.309130972879216E-006  3.418878875594390E-006
  5.829459989683255E-007 -9.248141338479722E-007
           9  5.474748584435479E-006 -7.012865526917938E-008
  1.908766238253950E-006  4.185931690731770E-006
  7.990762455692245E-007 -3.907493238963989E-007
          10  1.713383247507329E-006 -6.230383823913531E-006
  4.571909279817506E-006 -1.871248337106713E-006
  1.619945959077715E-006 -4.406365797760796E-007
          11 -6.290750423954691E-006 -3.419626474349642E-006
 -2.876730008981256E-006 -7.853897921271426E-006
  2.076267647828179E-006 -1.431409079025509E-006
          12 -4.596856774585797E-006  5.951853161727069E-006
 -1.357929912900037E-005 -6.009439837832576E-007
  1.490739897765436E-006 -2.524134272453529E-006
          13  5.922779359237394E-006  5.053395874660549E-006
 -8.972084433144842E-006  1.515917111389363E-005
  1.415581063696918E-007 -2.689172530855375E-006
          14  5.042863082792068E-006 -7.040707521186269E-006
  1.010577144742572E-005  1.541099399610570E-005
 -5.447616137522268E-007 -1.762915099512807E-006
          15 -9.736435544001579E-006 -5.314633321502592E-006
  1.555580257959922E-005 -4.476263653201347E-006
 -7.476056517344356E-008 -9.875186882908132E-007
          16 -6.949992402258284E-006  1.394570776822623E-005
 -3.156938223277259E-006 -1.331781592532252E-005
  6.470530293963868E-007 -1.253682139939506E-006
          17  1.897557439103391E-005  1.052889680679668E-005
 -1.259150065048193E-005  3.808010550027102E-006
  4.970696729303372E-007 -2.043413191949316E-006
          18  1.593347880508891E-005 -2.358610302510186E-005
  3.479886210832705E-006  1.085146793781304E-005
 -4.367708623799067E-008 -2.271022933102020E-006
          19 -2.680143976282681E-005 -2.219755213430061E-005
  5.513263015844189E-006 -6.392725296287377E-006
 -4.309029353101755E-007 -2.369352773653164E-006
          20 -2.755241914162566E-005  2.846244498509394E-005
 -1.631042305693258E-005 -1.115553061793088E-006
 -1.244735604854729E-006 -2.462232978787129E-006
          21  2.924944463844023E-005  2.987683755383543E-005
 -3.535884790632765E-006  2.884309849406689E-005
 -2.157742192099833E-006 -1.608557552680792E-006
          22  2.766477227581716E-005 -3.034355652047092E-005
  3.589874183847122E-005  9.617225327739758E-006
 -1.638068432306161E-006 -1.287384827212327E-007
          23 -3.300149731794388E-005 -2.019291984403472E-005
  1.145840497231253E-005 -3.686474415183179E-005
 -9.652838380172827E-008 -4.694049508319169E-007
          24 -7.532693252699300E-006  3.709301624133646E-005
 -3.668979378216824E-005 -6.726957119550645E-006
 -5.587743127240549E-007 -2.010522009182169E-006
          25  4.063003330562791E-005 -9.044369991356187E-006
  5.288211122622048E-007  3.590196053867249E-005
 -2.094210910688470E-006 -1.524526317026257E-006
          26 -2.728217427855239E-005 -4.025318804043629E-005
  2.971030846218831E-005 -9.323588821706058E-006
 -1.719959568351235E-006 -2.410605764564308E-007
          27 -3.244086048100260E-005  4.405889062195783E-005
 -2.166933473593257E-005 -1.712359336263641E-005
 -1.109347669504212E-006 -7.282701330156091E-007
          28  5.543738618441937E-005  1.525431420552696E-005
 -3.314755522196909E-006  3.480703176336945E-005
 -1.956200444389404E-006 -6.872906661347985E-007
          29 -9.576068088838768E-006 -5.709095812498684E-005
  3.963792675629531E-005 -9.091942129435066E-006
 -1.527152416759091E-006  3.846366631659024E-007
          30 -4.609505476869105E-005  3.599235918321373E-005
 -2.202418503481772E-005 -3.111026110494730E-005
 -7.029722275703160E-007 -3.623180636431241E-007
          31  5.531149821586330E-005  2.274360128876267E-005
 -1.382945956255374E-005  3.429066404730629E-005
 -1.801613643369645E-006 -7.040984515677734E-007
          32 -8.323134620866104E-006 -5.956513855595652E-005
  3.795924475176398E-005 -5.177644690212093E-006
 -1.731944786028284E-006  4.846151721405589E-007
          33 -4.529964206149790E-005  3.872175991860537E-005
 -2.289577316381834E-005 -2.767981775389839E-005
 -9.357412018675574E-007  4.224150457812737E-008
          34  5.885089652090627E-005  1.582675683116595E-005
 -7.868344557839950E-006  3.632603831443956E-005
 -1.773632874250422E-006 -1.380153048570280E-007
          35 -1.937633090163177E-005 -6.161081852580291E-005
  3.855277391240904E-005 -1.281738495785387E-005
 -1.478651756526066E-006  8.221425775979692E-007
          36 -4.553495260154507E-005  4.822507047279909E-005
 -2.961902893567313E-005 -2.588079957362215E-005
 -9.149640183200732E-007  1.774138791527359E-007
          37  6.082849757044408E-005  1.572470635464138E-005
 -4.757789541326597E-006  3.991058207034315E-005
 -1.884559761686076E-006  2.561472427341218E-007
          38 -1.786436681422814E-005 -5.328684434431443E-005
  3.835457498933587E-005 -1.430818510125180E-005
 -1.409776828521594E-006  1.330125997007782E-006
          39 -2.880480043552403E-005  4.403644783192064E-005
 -2.653137805719102E-005 -2.154638498366044E-005
 -7.205663370503714E-007  7.218272466426781E-007
          40  5.417324518019007E-005 -4.091647520814208E-006
  3.878225830107619E-006  3.224455478934822E-005
 -1.391044675453517E-006  7.098587061145288E-007
          41 -3.485202623672069E-005 -4.505894635351495E-005
  2.991511189366941E-005 -2.568400979071689E-005
 -9.586846095036991E-007  1.368631758348862E-006
          42 -1.994895964363669E-005  5.481974991292517E-005
 -3.710747213061042E-005 -1.708312613961224E-005
 -6.144880309965442E-007  7.778559407034512E-007
          43  5.990093190280567E-005 -1.310440573549597E-005
  2.410412143959579E-006  3.895699279178223E-005
 -1.305221927514942E-006  9.705488801325623E-007
          44 -4.405049121463081E-005 -5.081384768146985E-005
  3.170146618878181E-005 -1.934233224027496E-005
 -7.924694996042055E-007  1.732918375390625E-006
          45 -3.201326701372929E-005  6.381998140932653E-005
 -2.827707702580153E-005 -1.479335396294383E-005
 -2.989818187961951E-007  1.243353740973084E-006
          46  6.690580874386215E-005  9.930926897723141E-006
  7.306062502229468E-006  3.113956334724713E-005
 -6.782878910147188E-007  1.342429526107761E-006
          47 -9.139758095307975E-006 -5.305882780151104E-005
  2.893810490052488E-005 -2.462846622864921E-005
 -1.106516803970203E-007  1.742058991984173E-006
          48 -2.670725072854819E-005  2.096015948658595E-005
 -3.094407118049425E-005 -1.905922691770646E-005
  1.962089608484876E-007  1.096026834005342E-006
          49  2.343583906885270E-005 -4.925183187216794E-006
 -1.564549627681646E-006  2.866355195378858E-005
 -2.976466031127675E-007  1.106962078353309E-006
          50 -3.364112597931619E-005 -1.650088633160908E-005
  2.197782319700863E-005 -1.627175046613680E-005
 -9.699101308631478E-009  1.514059394057042E-006
          51 -1.983363560580565E-006  5.265940681009195E-005
 -2.786646313197288E-005 -1.121174746270713E-005
  2.433777301612336E-007  1.165082909889099E-006
          52  5.869491469100010E-005 -1.706207641627809E-005
  3.551106412085703E-006  3.287095638980698E-005
 -9.569157062942933E-008  1.282709630325737E-006
          53 -3.738341910262891E-005 -5.238866982418133E-005
  3.296229704747326E-005 -1.653768458020036E-005
  3.824728164280751E-007  1.758015102116725E-006
          54 -3.731926578973296E-005  5.558358060508178E-005
 -2.249601450298397E-005 -2.621657868538260E-005
  9.344050220012773E-007  1.224483415382349E-006
          55  6.824067562142508E-005  1.909291360519738E-005
 -1.104892941124918E-005  2.297516195729894E-005
  5.797020427599886E-007  8.781863361944684E-007
          56  3.527008729418633E-006 -7.289169728284432E-005
  2.286906555198412E-005 -7.321040917646422E-006
  6.156456146666577E-007  1.144459042547998E-006
          57 -6.838307167006829E-005  5.429205915752060E-006
 -2.087410886040198E-005 -2.175657479336832E-005
  8.244474740749257E-007  8.497736535175962E-007
          58  6.469027412940457E-006  5.498341540575412E-005
 -1.641829875157481E-005  2.670351023546866E-005
  4.420081219304306E-007  7.975192996037347E-007
          59  3.482531191869116E-005 -5.261976860822003E-007
  2.722131105621646E-005  7.928994513235128E-006
  5.527589987109816E-007  1.320594939876115E-006
          60  9.757836244791882E-006 -1.208720485230274E-005
  5.952838154134066E-007 -2.230340732168006E-005
  1.154737402251205E-006  1.272827546634731E-006
          61  8.215013808668784E-006 -2.117076740551583E-005
 -1.006961298473392E-005  5.189820103038444E-006
  1.294559387375798E-006  8.870184806653443E-007
          62 -3.155191511722779E-005 -2.142823872125023E-005
  1.277730887535708E-005 -6.369243595882768E-006
  1.377453812092020E-006  7.775975437486579E-007
          63 -2.430142932625645E-005  4.027650549778600E-005
 -1.871197218808066E-005 -2.115100140600856E-005
  1.479071492340931E-006  3.997106442167164E-007
          64  4.779918279009822E-005  1.613587189096441E-005
 -2.421379561746729E-005  2.326701451213123E-005
  1.085664016139935E-006  2.026379653516369E-007
          65 -7.390397914202893E-007 -5.493102973870214E-005
  2.375750929017810E-005  1.863482767256604E-005
  1.033079635205786E-006  6.271491868526854E-007
          66 -6.206535140828192E-005  2.184115053617404E-005
  8.496818744241776E-006 -2.340397115965016E-005
  1.571348759932909E-006  6.265936325391722E-007
          67  4.208151071182368E-005  6.836203677089012E-005
 -2.060319177484275E-005  2.106423603978857E-006
  1.730220113216604E-006  1.784610946849184E-007
          68  7.191400606042475E-005 -5.723794139375142E-005
  1.406471322259312E-005  1.456984554508121E-005
  1.696224014734994E-006  5.045525165828200E-009
          69 -6.522659731300570E-005 -7.064715391157889E-005
  9.866219084299420E-006 -2.759682413113235E-005
  1.899921862971551E-006 -3.042589604717923E-007
          70 -6.340782866047975E-005  6.644764089018658E-005
 -3.693492651898789E-005 -1.009849353859944E-005
  1.665579380261514E-006 -9.145716742541833E-007
          71  6.323762478357041E-005  5.068484716149410E-005
 -1.181029987286131E-005  3.667839349615603E-005
  1.048181096454725E-006 -9.441630876592924E-007
          72  3.451957203271408E-005 -5.852565989493358E-005
  2.955917205171330E-005  9.229864882867765E-006
  9.993859181695623E-007 -5.613422187811316E-007
          73 -5.445862431700324E-005 -1.800819792161128E-005
  3.035077680601983E-006 -2.182708196381802E-005
  1.321445439264257E-006 -7.223586088279338E-007
          74 -4.312480691008311E-006  5.199585853826223E-005
 -1.525255035450761E-005  1.532633429130125E-006
  1.144929887007240E-006 -1.110968663687004E-006
          75  5.110627337970862E-005 -4.575281966243107E-006
  3.869926034952818E-006  7.729317665882861E-006
  8.577082079136510E-007 -1.153369284279742E-006
          76 -8.457472634043865E-006 -5.115793527658611E-005
  3.871508351615921E-007 -7.029101123217982E-006
  7.387739925728824E-007 -1.202527516476339E-006
          77 -5.149536776614019E-005  8.346841873695279E-006
 -1.081860488797713E-005  2.164993463882170E-006
  5.025436949140094E-007 -1.255671946174721E-006
          78  5.934233698867773E-006  5.226617474424069E-005
 -6.260060419269699E-007  1.111204374597681E-005
  2.814031422305848E-007 -1.121188585517554E-006
          79  5.380271164787915E-005 -3.296494487949322E-006
  7.498836960058414E-006  4.443831108836512E-006
  2.769637021592500E-007 -9.473475948911843E-007
          80 -1.892052054119198E-006 -5.593687221332870E-005
  6.977373312110617E-006 -4.115717753181670E-006
  3.978458963128666E-007 -9.665237290358941E-007
          81 -5.812487706786692E-005  2.433480041074464E-006
 -3.222833835228407E-006 -1.124535716450033E-005
  3.501527047764383E-007 -1.159541998954936E-006
          82  5.566212399973026E-006  5.955229989683249E-005
 -1.807457925311152E-005  2.251520606551379E-006
  7.285205444737020E-008 -1.266671251713396E-006
          83  5.899044991740416E-005 -1.202370814825921E-005
 -6.820485084286644E-007  2.356269027562163E-005
 -2.011528908304429E-007 -1.052710602126978E-006
          84 -2.196710362558581E-005 -5.562672897670559E-005
  2.439565447187414E-005  2.325464413563660E-006
 -8.845428946362883E-008 -7.549605114306969E-007
          85 -4.973724927410617E-005  3.516223159934997E-005
 -1.593441574659621E-007 -2.250250899927867E-005
  1.494063211027028E-007 -8.856548760367680E-007
          86  5.081905010044042E-005  4.198941466805526E-005
 -2.022179284162457E-005  5.275321394191821E-006
 -1.726876727405591E-008 -1.122506168184245E-006
          87  3.283030539547653E-005 -6.702427125555753E-005
  1.032077836911671E-005  1.604253925061145E-005
 -2.370065171650281E-007 -1.005897866570598E-006
          88 -8.106938935115167E-005 -2.254781547293721E-005
  8.725013287038508E-006 -1.664124326613477E-005
 -1.734919627142240E-007 -9.278357995715204E-007
          89 -1.101633314957763E-005  9.077605236100492E-005
 -2.533810063225853E-005 -9.537312782988896E-007
 -2.489153602553341E-007 -1.070640511037552E-006
          90  9.489030659364005E-005 -2.471724864439508E-006
  3.962605577491666E-006  3.280412755010450E-005
 -4.995913433225110E-007 -9.427633540484644E-007
          91 -1.814024117894707E-005 -9.298512162927367E-005
  3.457089109094634E-005 -8.023702166812081E-006
 -3.425448289726634E-007 -7.137290668431093E-007
          92 -8.571994951702161E-005  3.486543602702051E-005
 -1.476434313285601E-005 -3.157951554324924E-005
 -1.750738282318775E-007 -9.994025492973708E-007
          93  5.065855850413317E-005  7.438723096828099E-005
 -2.789761175996618E-005  2.345597217632136E-005
 -5.784064742979298E-007 -1.191530131460085E-006
          94  5.972020835514745E-005 -6.317473383669883E-005
  3.006855916375043E-005  2.366090766706977E-005
 -7.941816143593575E-007 -8.365051496419421E-007
          95 -7.003821042358117E-005 -4.181385618102816E-005
  1.676066905531052E-005 -3.393108063303831E-005
 -5.161178663883183E-007 -7.577316254012045E-007
          96 -2.087209689034431E-005  6.986874334088550E-005
 -3.707519995820276E-005 -8.222774765005466E-006
 -6.096634401519323E-007 -1.116598545736619E-006
          97  6.290771399883826E-005 -2.538036320019437E-006
 -1.666265524643029E-006  3.809639537417415E-005
 -1.106678059626987E-006 -1.049136167820043E-006
          98 -2.714797925707504E-005 -5.024455197106665E-005
  3.286233049491470E-005 -3.653655204883924E-006
 -1.152431766791279E-006 -6.398007271990308E-007
          99 -3.308509028005763E-005  5.049195077078631E-005
 -1.188898472991329E-005 -2.172308631282346E-005
 -9.985177090389360E-007 -6.561476025632834E-007
         100  6.946721378375836E-005  1.250060526221817E-005
 -1.056014977818160E-005  2.343290004963532E-005
 -1.226713339309222E-006 -7.151598373491509E-007
         101 -1.089984578467672E-005 -8.149222493731180E-005
  3.277431160070879E-005  1.947528076585330E-006
 -1.357843794366145E-006 -4.650810700867512E-007
         102 -8.507423882046435E-005  3.682560463545684E-005
 -7.300787590965245E-006 -3.607193614183624E-005
 -1.317298147711535E-006 -4.226828317307769E-007
         103  6.448112285881041E-005  8.002123629173757E-005
 -3.570453511642252E-005  1.922987689136203E-005
 -1.620511196674266E-006 -3.751949432650121E-007
         104  6.735288588624852E-005 -9.208850167127489E-005
  3.040493212224179E-005  3.400529306388402E-005
 -1.759495171611882E-006  1.545119787995020E-007
         105 -1.169764273524810E-004 -4.860127466591709E-005
  2.833028236835896E-005 -3.771155619259668E-005
 -1.352972887679425E-006  4.104459884670191E-007
         106 -2.520894997324599E-005  1.360580523123583E-004
 -4.338980193544431E-005 -1.676123445857181E-005
 -1.323000601580347E-006  1.851093335154317E-007
         107  1.466965217786258E-004 -1.728020296666453E-006
 -3.674956560821646E-006  4.998805289922980E-005
 -1.648357996883092E-006  4.616125257192159E-007
         108 -3.135885479303768E-005 -1.472843373776913E-004
  5.400627953767862E-005 -5.817636524320158E-006
 -1.340422203841259E-006  9.925976327494415E-007
         109 -1.374622955903257E-004  6.231581442447983E-005
 -1.304471207511556E-005 -4.998965462695044E-005
 -8.778151800740641E-007  8.099129419359931E-007
         110  9.245450581513153E-005  1.183524627146360E-004
 -3.917711137030127E-005  2.215646486737283E-005
 -1.096163884942378E-006  6.073126903734608E-007
         111  9.185673314533113E-005 -1.191904283560034E-004
  3.252934993172682E-005  2.692165214143480E-005
 -1.208534494822353E-006  1.009737111592026E-006
         112 -1.396822336831946E-004 -6.000115449417467E-005
  1.444196641925083E-005 -3.921684550632919E-005
 -8.078030430464428E-007  1.185810731654133E-006
         113 -2.495096167084652E-005  1.513056837235343E-004
 -4.132827335727771E-005  6.666049739674042E-007
 -7.101277903546477E-007  9.957268590455195E-007
         114  1.526306358671849E-004 -1.084510988771427E-005
  1.722537875458726E-005  4.213752860876475E-005
 -7.894381951682207E-007  1.186778468371809E-006
         115 -4.517772463386009E-005 -1.437028349878203E-004
  4.203432821961379E-005 -2.991613759554033E-005
 -4.074855112161501E-007  1.340460064115262E-006
         116 -1.253646770554533E-004  7.586353795632203E-005
 -3.700866892370920E-005 -3.685060522267223E-005
 -2.456030323768992E-007  9.745302760566285E-007
         117  1.005679274943792E-004  9.941601242768072E-005
 -2.574920736663814E-005  4.169079106454400E-005
 -5.861492716209624E-007  9.882460014122851E-007
         118  6.850152702962341E-005 -1.175356488647261E-004
  4.574119134975070E-005  1.349312033235965E-005
 -4.739380042081138E-007  1.417433637181791E-006
         119 -1.260687607809585E-004 -3.553976214143343E-005
  3.024423279520734E-006 -4.565058558059559E-005
 -3.171401992380491E-008  1.370575378491916E-006
         120 -3.262320309721618E-006  1.261801887225233E-004
 -3.963204011016189E-005  7.835555725321242E-006
 -6.729673292997640E-008  1.124408511872848E-006
         121  1.184016535218105E-004 -2.542032011595839E-005
  2.052261437910679E-005  3.169213182035546E-005
 -1.488499696915890E-007  1.353687333206544E-006
         122 -4.811238521053502E-005 -1.042825388136752E-004
  2.580030378727368E-005 -3.063153625908599E-005
  2.544960070698352E-007  1.458657467192082E-006
         123 -8.561975770362050E-005  6.386491926146942E-005
 -3.414469227233790E-005 -2.000990241349451E-005
  3.937999938244690E-007  1.108039131063292E-006
         124  7.276622999658638E-005  6.411121696158465E-005
 -1.125665786352667E-005  3.264081261482433E-005
  1.478329542736619E-007  1.133714770204471E-006
         125  4.191018078512548E-005 -7.565052030325965E-005
  2.996683143606759E-005  2.094830657080733E-006
  3.391991707439457E-007  1.424078779305381E-006
         126 -7.424973013475932E-005 -2.163692219443356E-005
 -3.762134645658733E-006 -2.544162951624067E-005
  7.019456946659654E-007  1.297663274567218E-006
         127 -5.338384516828151E-006  7.052943954234148E-005
 -1.702917338776272E-005  7.456631363493089E-006
  7.021752160296845E-007  1.093624517314780E-006
         128  6.555087715461756E-005 -5.584402039788774E-006
  1.239217075068027E-005  7.921184864926802E-006
  7.493738078979643E-007  1.178883940016116E-006
         129 -1.049163007938238E-005 -6.011967525022744E-005
  3.870684100007503E-006 -1.646519777711588E-005
  1.037145071174833E-006  1.099146642374357E-006
         130 -5.508343230584088E-005  1.048188176978386E-005
 -1.487063662764137E-005 -4.983574746182663E-006
  1.106657936585736E-006  8.205127606457212E-007
         131  8.113174969632744E-006  5.102554285986892E-005
 -5.971147261898321E-006  7.722364568513307E-006
  1.021581293822735E-006  7.322999989722843E-007
         132  4.851021173729639E-005 -6.067896546104895E-006
  6.326318975745440E-007  5.364819082752101E-006
  1.071432943813725E-006  7.485347794665579E-007
         133 -6.567672132529222E-006 -4.843334574603053E-005
  6.400537161239781E-006  3.387675932866281E-006
  1.203213949317000E-006  6.976804495681479E-007
         134 -5.105210072512412E-005  1.097010007287389E-005
  6.181640774056789E-006 -1.000692568831891E-005
  1.336031882434377E-006  5.512098875513574E-007
         135  1.908958913471827E-005  5.557547544511275E-005
 -1.246384898267495E-005 -7.852215176626239E-006
  1.370297040946716E-006  3.404671231334286E-007
         136  6.037149099875589E-005 -2.983616848915761E-005
 -4.400399601157772E-006  1.275855210724627E-005
  1.302826551843060E-006  2.134189245095966E-007
         137 -4.208697814380479E-005 -6.303407466812739E-005
  1.481835732162362E-005 -5.365317701545060E-006
  1.324610223967725E-006  1.786658583281329E-007
         138 -6.096480906406675E-005  5.508532087617895E-005
 -1.594575859660639E-005 -2.047286463495966E-005
  1.397713428624545E-006  7.935885475285646E-009
         139  6.846414213160709E-005  5.231307577345272E-005
 -2.496792116191639E-005  2.265169799468773E-005
  1.272604480365509E-006 -1.654546175279781E-007
         140  3.655860062991519E-005 -8.203321561503129E-005
  2.743437812215416E-005  2.343470175470333E-005
  1.197207283920644E-006 -1.001928021322985E-007
         141 -9.515754378304654E-005 -1.460012938836696E-005
  1.725530844453674E-005 -3.346925930641346E-005
  1.374540624722229E-006 -1.457764058597534E-007
         142  1.151622702137286E-005  1.064939063944216E-004
 -3.869009316964338E-005 -9.770410391635012E-006
  1.375333197376552E-006 -4.298897014104368E-007
         143  1.141809764708022E-004 -3.934040204421891E-005
  1.806368557988062E-007  3.988401714754890E-005
  1.196795614721770E-006 -4.769746488956143E-007
         144 -6.671211589323119E-005 -1.162642474168406E-004
  3.907700819045554E-005 -1.460417197519233E-005
  1.318599876865463E-006 -4.509832819337325E-007
         145 -1.114376300928747E-004  9.197044337731093E-005
 -2.977993092155402E-005 -3.985045134142693E-005
  1.386495837338018E-006 -7.893628011572589E-007
         146  1.141323471768621E-004  9.964202396065386E-005
 -4.003411858111074E-005  3.973961732969261E-005
  1.050604836714730E-006 -9.643220526790650E-007
         147  8.188513509881132E-005 -1.326167064605398E-004
  4.482925877940674E-005  3.441975038728339E-005
  9.737415380472172E-007 -7.205786042955271E-007
         148 -1.466826966675720E-004 -5.999658840721399E-005
  2.337007751626276E-005 -4.965368895308065E-005
  1.312072753714237E-006 -8.332550826846357E-007
         149 -3.630551035890962E-005  1.554457076561035E-004
 -5.440800468735333E-005 -1.237563203399069E-005
  1.228066200079816E-006 -1.347752706834700E-006
         150  1.582286825159069E-004  1.295929389920752E-005
 -2.832585083424837E-006  5.456556424379289E-005
  8.017355782248765E-007 -1.408105186456535E-006
         151 -8.604040228073022E-006 -1.546147656871839E-004
  4.956750028118991E-005 -8.748271635681391E-006
  8.438500451678755E-007 -1.265712032448088E-006
         152 -1.445347378418318E-004  2.730394723789143E-005
 -2.241719904311887E-005 -4.446754379956504E-005
  9.311451736446875E-007 -1.622822591387118E-006
         153  4.229162115296533E-005  1.288876621335039E-004
 -4.112950906731451E-005  3.218839018845271E-005
  5.108366637182150E-007 -1.928487950887968E-006
         154  1.091951015781891E-004 -5.324808947142843E-005
  3.535546122469991E-005  3.504781302014402E-005
  1.651958587832415E-007 -1.773852675689685E-006
         155 -6.000829579883195E-005 -8.704087950597137E-005
  2.357529382791199E-005 -3.649201188333030E-005
  1.907160725743664E-007 -1.771070613479209E-006
         156 -6.404123958472138E-005  6.229086397847287E-005
 -3.954192856291123E-005 -1.198556190774247E-005
 -6.099717902255018E-008 -2.056189196731995E-006
         157  6.014501623158312E-005  4.196594936626620E-005
 -5.043603743410570E-006  4.114702831700729E-005
 -5.854005330746220E-007 -1.978074127949528E-006
         158  2.205266384701614E-005 -5.424180825015561E-005
  3.698904842665018E-005  4.104213188952525E-008
 -7.708891181060256E-007 -1.652138106900730E-006
         159 -4.526063580302543E-005 -5.039476518671042E-006
 -7.785520925502328E-006 -3.006723645358292E-005
 -7.856152922652467E-007 -1.595360102782692E-006
         160  8.314562900067807E-006  3.412278879453850E-005
 -2.589548572302016E-005  1.609350399421434E-005
 -1.062752658507265E-006 -1.596593475629263E-006
         161  2.217282917469935E-005 -1.756632500322289E-005
  1.967529034192324E-005  2.344190074405643E-005
 -1.343243692941976E-006 -1.280627073171163E-006
         162 -2.268010213740898E-005 -1.066073436117224E-005
  1.757683860727413E-005 -1.911642086572939E-005
 -1.283547562520837E-006 -9.834362517243422E-007
         163 -5.631670290095199E-007  2.364615369564692E-005
 -1.983414609819134E-005 -9.167687754512936E-006
 -1.269029002738137E-006 -9.442603551188946E-007
         164  2.057531561306983E-005 -7.095098906760210E-006
 -3.711690670381197E-006  2.237055943024003E-005
 -1.425516104968304E-006 -8.101861967818550E-007
         165 -1.150189095952751E-005 -1.424675552504795E-005
  2.183748499633329E-005  2.534009721011264E-006
 -1.443424386643947E-006 -5.395830824180324E-007
         166 -5.909439153467301E-006  1.237764687287651E-005
  9.277124887556608E-007 -1.705324045781537E-005
 -1.323908630202227E-006 -4.006299226547528E-007
         167  9.680017563134012E-006 -2.832453009378845E-006
 -1.265915544380084E-005  3.026014513791811E-006
 -1.301837926684172E-006 -3.792403524381081E-007
         168 -1.003046963200534E-005 -3.581831704173703E-006
  5.700350063960064E-006  1.109812398856172E-005
 -1.358123511185622E-006 -2.829162495141936E-007
         169  5.371199368875593E-006  1.384855682632599E-005
  9.120766815305244E-006 -5.083302987206643E-006
 -1.341559719715502E-006 -1.437605174047193E-007
         170  1.319567075163627E-005 -1.629695086780049E-005
 -4.911573311719359E-006 -5.232170135911093E-006
 -1.306515866183964E-006 -6.754653194091052E-008
         171 -2.799360980292427E-005 -7.923570206911177E-006
 -3.470870314573605E-006  7.723241485482703E-006
 -1.323584952041703E-006  1.315691415290377E-008
         172  1.219445085677041E-006  3.874121153847540E-005
  9.835444204517085E-006  6.898613590314660E-006
 -1.310578169074207E-006  1.553911240070981E-007
         173  4.633214430504319E-005 -1.283582038038718E-005
  1.205306041372657E-005 -7.703200138329436E-006
 -1.206056536024486E-006  2.532186491448828E-007
         174 -2.533888257576376E-005 -4.842446867528398E-005
 -4.126513386199511E-006 -1.444747239433451E-005
 -1.139083260386689E-006  2.233896783394271E-007
         175 -4.314830657068022E-005  3.733592468942785E-005
 -1.499283706894848E-005  3.357813852840949E-006
 -1.237968014957303E-006  2.137350553112198E-007
         176  4.778699308796395E-005  2.981585128026993E-005
  4.411910889710512E-006  1.625479722539087E-005
 -1.330094594117780E-006  3.994137019120678E-007
         177  9.350568656028694E-006 -5.586047174036544E-005
  1.619266287912443E-005 -4.726540002720510E-006
 -1.216142024160944E-006  5.765737036108160E-007
         178 -6.058817077872522E-005  1.579870777253472E-005
 -6.554583718827205E-006 -1.159996455986954E-005
 -1.145088456424840E-006  5.566900133741199E-007
         179  4.213411517307897E-005  6.062575081362865E-005
 -5.071175247094075E-006  1.329125539073812E-005
 -1.257645978909085E-006  6.401468338182923E-007
         180  5.461286034001638E-005 -6.599279233127476E-005
  2.203348323545537E-005  1.905319974252689E-006
 -1.208056600273145E-006  8.949735935606425E-007
         181 -8.462530786035242E-005 -4.176231724962547E-005
  1.358530086823155E-006 -2.624208299376271E-005
 -1.012639736750233E-006  9.529078869746050E-007
         182 -2.227334373629765E-005  9.667896935854299E-005
 -2.474402749482753E-005  1.987750397830197E-006
 -1.045967346500979E-006  9.031555294746055E-007
         183  1.017330456548587E-004 -2.190522747766036E-006
  9.158970954276110E-006  2.190966390618615E-005
 -1.147466427945326E-006  1.118202345497043E-006
         184 -2.836700820008500E-005 -9.996282934451155E-005
  1.915111300537496E-005 -1.586872655147464E-005
 -9.905533283889067E-007  1.374585847959827E-006
         185 -9.171028209239094E-005  5.244885506691386E-005
 -2.094687890243366E-005 -1.342492498215876E-005
 -8.410828810671980E-007  1.439503070221359E-006
         186  7.120878937542603E-005  7.691339717047248E-005
 -4.880217544035292E-006  2.766768236180690E-005
 -7.960884211907752E-007  1.617445562199123E-006
         187  5.539916854803520E-005 -8.249786911940876E-005
  3.541705364865686E-005 -7.420258278367067E-007
 -5.263440918123027E-007  1.863162356131751E-006
         188 -8.567260363873736E-005 -2.801385269807590E-005
 -1.408153562224712E-006 -3.758174033673073E-005
 -1.826156961500628E-007  1.845231096509128E-006
         189  3.051194918538655E-006  8.186913115997971E-005
 -3.062191011222489E-005  3.154282624687491E-006
 -6.992785475712595E-008  1.772177417435049E-006
         190  7.286492588187425E-005 -3.484481340880512E-005
  1.081560810205339E-005  1.991466932860402E-005
  7.867605392634177E-008  1.917447533870472E-006
         191 -6.376962235042255E-005 -5.994231820956258E-005
  1.201447707129627E-005 -2.039105879878514E-005
  4.518313842268746E-007  1.923685623584085E-006
         192 -4.407741918001198E-005  8.666223559898056E-005
 -2.609121343957604E-005 -6.257248780342018E-006
  6.649328544910861E-007  1.731296810794477E-006
         193  1.021948022495895E-004  2.581886106193756E-005
  1.142837211536930E-006  2.876735734375431E-005
  7.695419787923088E-007  1.691226428144223E-006
         194  5.353050146178307E-006 -1.107766882735536E-004
  3.168698745417621E-005 -7.917915012936682E-006
  1.055743858577166E-006  1.647845046922172E-006
         195 -1.135787268327926E-004  1.633286486980852E-005
 -9.671411044976122E-006 -3.300294054621097E-005
  1.293678003254493E-006  1.375848493952181E-006
         196  3.698499936231684E-005  1.124850712073016E-004
 -2.828220155744893E-005  8.899766015757308E-006
  1.308405159719099E-006  1.135806737385247E-006
         197  1.091977270849720E-004 -5.436348012331621E-005
  1.198024451254343E-005  1.980852891205198E-005
  1.362993570327007E-006  1.058065819520452E-006
         198 -6.687842505728899E-005 -1.043516599770063E-004
  1.498773154668806E-005 -1.871617759551718E-005
  1.516606461434338E-006  8.699178872125633E-007
         199 -9.792435909270171E-005  7.411593448741566E-005
 -2.261221082424830E-005 -1.580273197390982E-005
  1.498031033423462E-006  6.008838909509951E-007
         200  7.728412767459315E-005  8.995658844832901E-005
 -1.656690483066186E-005  2.104572170171602E-005
  1.384523538497344E-006  5.283710463440043E-007
         201  8.069155123022197E-005 -7.868564470791413E-005
  1.834693834841301E-005  1.417139099457999E-005
  1.476220564197036E-006  5.437248334073058E-007
         202 -8.024931164918977E-005 -7.086843629350417E-005
  1.179215589845502E-005 -1.785240397573283E-005
  1.643674948745794E-006  3.464503140257953E-007
         203 -6.170011337181698E-005  8.283296042095320E-005
 -1.725461852380494E-005 -1.135261754878378E-005
  1.604216843604363E-006  6.410073609496794E-008
         204  8.610438033518446E-005  5.400900813558587E-005
 -9.365080912873297E-006  1.548549152915799E-005
  1.463281248850853E-006 -4.201513829321891E-008
         205  4.754553686483502E-005 -8.882268551408625E-005
  1.684660500590431E-005  4.008210105013470E-006
  1.468315401397635E-006 -4.919744807328512E-008
         206 -8.970749612405574E-005 -4.098277903413476E-005
 -1.050970624498412E-007 -2.384614988763824E-005
  1.566140035471120E-006 -1.999088903080599E-007
         207 -3.238895604147528E-005  8.824213896289389E-005
 -3.103020900271415E-005 -1.034313658140173E-006
  1.502956027178138E-006 -4.519726045431806E-007
         208  8.483669990938164E-005  2.021064155708622E-005
 -3.763072667817797E-006  3.194611891824226E-005
  1.332792353690304E-006 -5.380527746079958E-007
         209  4.231316915614014E-006 -8.041416678633261E-005
  2.767150615717616E-005  1.774736176035191E-006
  1.317449033771135E-006 -5.312881860109154E-007
         210 -7.560524104558804E-005  1.405024121129253E-005
 -5.099233094812677E-006 -2.294509809797991E-005
  1.373738878599350E-006 -6.743390620731173E-007
         211  3.175705992689689E-005  7.006605696501298E-005
 -1.808824463389631E-005  1.300025584054453E-005
  1.292736294537504E-006 -8.641163188214451E-007
         212  6.246386050923477E-005 -4.568628969100356E-005
  2.194999060902749E-005  1.091506537021212E-005
  1.209215180738535E-006 -9.672136723823671E-007
         213 -5.359745315112437E-005 -5.087484136425295E-005
  3.738145649953687E-006 -3.417097899731358E-005
  1.152866224859918E-006 -1.154807002590563E-006
         214 -3.363108620209992E-005  5.473517060501980E-005
 -4.622865209114739E-005 -1.329657692514901E-006
  9.026942548646380E-007 -1.349168924589617E-006
         215  4.972745970332567E-005  1.046964451988877E-005
 -2.554602361771630E-006  5.052826401151790E-005
  6.217990729950053E-007 -1.270396768137028E-006
         216 -1.694047877950188E-005 -4.011719651913286E-005
  4.532517198028102E-005  6.075188919420096E-007
  6.472476854318589E-007 -1.143012719269349E-006
         217 -2.740630267657106E-005  4.543255033846650E-005
 -7.694208903075425E-006 -3.598292503424815E-005
  7.119383995414906E-007 -1.342102237352606E-006
         218  7.104657673673725E-005  1.214691671294391E-005
 -2.617485543155145E-005  1.836262075549048E-005
  4.236056652591707E-007 -1.549039045108449E-006
         219 -5.979335617662461E-006 -8.984864891499782E-005
  2.801614897286692E-005  1.444709362197170E-005
  1.675504870478986E-007 -1.422685696590598E-006
         220 -9.910069469071028E-005  2.738397343950049E-005
  7.387305675096305E-007 -3.807294899101366E-005
  1.667828833383087E-007 -1.381441784083046E-006
         221  5.213220068579842E-005  9.797383983120641E-005
 -4.846932838951143E-005  1.030547249562066E-005
 -1.574846006402558E-009 -1.506468419852928E-006
         222  8.711234243406665E-005 -7.937251977643157E-005
  1.589870486886613E-005  5.348962490340062E-005
 -2.840396643195603E-007 -1.382057200911273E-006
         223 -1.068608683856632E-004 -6.828258377004475E-005
  4.905691292256613E-005 -1.979911785576240E-005
 -2.751027629981909E-007 -1.165820666636226E-006
         224 -4.395481710632292E-005  1.314974989196542E-004
 -2.658640252205031E-005 -3.852940513663219E-005
 -2.000021086858211E-007 -1.237039019135437E-006
         225  1.502143640460740E-004  1.653969957844048E-005
 -2.695208315153774E-005  3.451542614474801E-005
 -3.889708972181726E-007 -1.333012819883450E-006
         226 -1.213111403949782E-005 -1.604092454282084E-004
  3.957617644892011E-005  1.432627822908343E-005
 -5.501875819228729E-007 -1.214961324929631E-006
         227 -1.602952651568937E-004  4.051010437514671E-005
 -1.016064333714911E-006 -4.264900199550438E-005
 -5.851595864741580E-007 -1.174704387198386E-006
         228  6.714516802866053E-005  1.494118138174196E-004
 -4.665171460218718E-005  1.590538703069832E-005
 -7.578965848416972E-007 -1.164056440590574E-006
         229  1.285659357736006E-004 -9.074578150499241E-005
  2.526666890779215E-005  4.927593709261359E-005
 -8.818333391036047E-007 -9.462194397556093E-007
         230 -1.100282608093472E-004 -9.948220451026444E-005
  4.553053384731703E-005 -2.920705772732797E-005
 -7.461519731795529E-007 -8.292186181445711E-007
         231 -6.470286780266606E-005  1.235641953723717E-004
 -3.190047061720279E-005 -3.584632772284135E-005
 -7.408633250370869E-007 -9.949723480262149E-007
         232  1.301242758158767E-004  2.755625616081726E-005
 -2.487718730104513E-005  3.384369028336913E-005
 -1.014742809038756E-006 -1.029027300449819E-006
         233 -8.509434877424848E-006 -1.290440622400314E-004
  3.166373214968916E-005  1.373670995278723E-005
 -1.184755162621711E-006 -8.224731777618084E-007
         234 -1.199876146884798E-004  4.047434422228980E-005
 -3.332424772159147E-007 -2.580852599533535E-005
 -1.200551920458946E-006 -6.770552002143074E-007
         235  6.593027304155462E-005  1.029945718539558E-004
 -2.160643285068383E-005  1.633982116381074E-005
 -1.237459336414609E-006 -5.841213668257873E-007
         236  7.869488994964477E-005 -8.345124697072326E-005
  2.830844403807092E-005  2.102533163653392E-005
 -1.246617676068358E-006 -5.008471351600465E-007
         237 -9.281750635654615E-005 -4.835278769740794E-005
  1.984761995810316E-005 -3.301715320578814E-005
 -1.302372021399738E-006 -5.157098987585736E-007
         238 -1.389458175072396E-005  9.479252234153237E-005
 -3.356294376316792E-005 -1.558605997833271E-005
 -1.535833380667986E-006 -4.543879125522686E-007
         239  9.069706951574616E-005 -2.191072724530718E-005
 -1.150774751780415E-005  3.255559781284148E-005
 -1.711037453913783E-006 -1.522352859990527E-007
         240 -5.552984829759577E-005 -8.215902278585844E-005
  2.726926560765976E-005  9.790174271011649E-006
 -1.652011099349579E-006  1.476245808359747E-007
         241 -7.076753651065431E-005  8.326959128743596E-005
  6.578589659058100E-006 -1.589607399820753E-005
 -1.571368684324734E-006  2.911198154522092E-007
         242  1.019369039455742E-004  5.769304519589973E-005
 -3.591477694369790E-006  1.629379839119163E-006
 -1.563104563129506E-006  4.504945198453516E-007
         243  4.360732161415349E-005 -1.094820538633160E-004
  1.132091264742838E-005 -3.353752681005025E-006
 -1.500894588226278E-006  6.450989046418648E-007
         244 -1.054667885598845E-004 -2.878340533416182E-005
 -5.719188305448942E-006 -1.665069458641924E-005
 -1.429086765341568E-006  7.997904127640795E-007
         245 -1.339454516012026E-005  9.115632151075829E-005
 -1.762895097775265E-005  7.687762283692390E-006
 -1.361463509360985E-006  1.023208304663392E-006
         246  6.930488343894289E-005 -2.157817562088819E-006
  8.624583816032912E-006  1.814755063983497E-005
 -1.129076083852026E-006  1.256835144002011E-006
         247 -1.709974025356982E-005 -4.356729097158163E-005
  1.764547776107189E-005 -4.947223760137624E-006
 -8.275470590445150E-007  1.302509487754029E-006
         248 -1.774754267930567E-005  3.012334770226059E-005
  2.056373659474526E-006 -1.193543787608018E-005
 -6.572972650664754E-007  1.242070683212261E-006
         249  3.955250711644467E-005 -4.598671688861890E-006
 -1.623880710002756E-006 -6.475628953056240E-006
 -5.581523344676400E-007  1.245446142901511E-006
         250 -2.070107391341775E-005 -4.393288473466193E-005
 -6.215229284040501E-006 -7.308027508364858E-006
 -4.174800345687504E-007  1.257466758274778E-006
         251 -4.224597606830546E-005  2.908073914417051E-005
 -1.172285404206490E-005  4.975452477539689E-006
 -2.972704011376003E-007  1.228254241971198E-006
         252  2.942151211496081E-005  3.397745674994790E-005
  5.060622736613727E-006  1.398215687682985E-005
 -1.996892766955854E-007  1.219444748942308E-006
         253  1.953161879447120E-005 -2.234227942343146E-005
  1.517504518362292E-005 -3.888020446488733E-006
 -7.149115605207705E-008  1.194561663033328E-006
         254 -9.497157539159556E-006 -2.964360708694753E-007
 -2.815094499504027E-007 -1.207040593173892E-005
  1.890470897157385E-008  1.124673951245240E-006
         255  2.172446809070323E-005 -6.794029026539507E-006
 -2.923390513119958E-006 -1.791711216965200E-006
  6.820673361534330E-008  1.090356035977931E-006
         256 -2.420736920384979E-005 -4.399428951957280E-005
  9.191238575793013E-007 -8.239458758922110E-006
  1.615166777500209E-007  1.063122413823607E-006
