   409.600000000000     
         256           1           3
  1.124309127438499E-002   39.5947648910260        111.977855915586     
   39.0000000000000        116.000000000000        6351.00000000000     
           0  0.000000000000000E+000  0.000000000000000E+000
  0.000000000000000E+000  0.000000000000000E+000
  0.000000000000000E+000  0.000000000000000E+000
           1 -1.795015462854454E-007  1.075835960208258E-007
 -2.345277982893116E-006  3.785468975687639E-008
  2.074039721181376E-006 -1.867343764748872E-007
           2 -9.161741220830795E-008  3.256575588345988E-007
 -2.580624752414457E-006  1.086287485134305E-007
  2.109671670511629E-006 -5.196874349135840E-007
           3  3.467708205305473E-007  4.662810809272606E-007
 -3.000558845000227E-006  5.387473170620009E-007
  1.934969992992701E-006 -8.946852818274791E-007
           4  9.902789250841408E-007 -9.851729979524331E-008
 -3.000145450652336E-006  1.542645801206447E-006
  1.622345482969847E-006 -1.081418508336702E-006
           5  5.802562013430700E-007 -1.502463883217132E-006
 -1.984913942480610E-006  2.232542322018381E-006
  1.412168094545862E-006 -1.125714952847395E-006
           6 -1.719331477561827E-006 -1.744224901251085E-006
 -1.086429856761942E-006  1.524880902199757E-006
  1.254590800857841E-006 -1.201379085148334E-006
           7 -3.238569548026294E-006  1.306377362347674E-006
 -2.062315584864471E-006  8.654112909357007E-007
  9.970933018243290E-007 -1.284426181672854E-006
           8  5.445870941921494E-008  4.669183478635030E-006
 -2.901236458179212E-006  2.953275514640767E-006
  6.515039765993345E-007 -1.110887373456064E-006
           9  5.543709722084334E-006  1.996265807231741E-006
  5.824874056546205E-007  5.041653295917131E-006
  6.905696110982898E-007 -5.683631740772319E-007
          10  4.414179158752474E-006 -5.531853970971422E-006
  5.138185792480538E-006  6.257017750575363E-007
  1.422665481500091E-006 -3.849751471977569E-007
          11 -4.582609376585180E-006 -6.560910395052310E-006
  8.638180585025486E-007 -7.578541418840265E-006
  2.116690201982902E-006 -1.147481721524109E-006
          12 -7.992728356743066E-006  3.145574376138414E-006
 -1.175904119198660E-005 -5.593736579831101E-006
  1.915188497282986E-006 -2.399199732763862E-006
          13  2.034705093851664E-006  8.699753205106889E-006
 -1.478678965315189E-005  1.084331989188358E-005
  5.764852961476292E-007 -3.061921513326625E-006
          14  9.241135447673639E-006 -2.022018177194446E-006
  2.698586453545003E-006  2.085831079938551E-005
 -6.087624137839268E-007 -2.367510681732270E-006
          15 -3.239591983785012E-006 -1.062271621556501E-005
  1.935771577025163E-005  5.486203623922168E-006
 -5.504342445562020E-007 -1.206659995382541E-006
          16 -1.398242966199784E-005  5.138778784101670E-006
  7.970866783496180E-006 -1.519830701102475E-005
  3.929229273399358E-007 -9.973698943529595E-007
          17  6.605393908199323E-006  1.967311749699066E-005
 -1.361590004401693E-005 -7.316883085041195E-006
  6.609024661312903E-007 -1.884752892595635E-006
          18  2.713999026818930E-005 -6.288712640484077E-006
 -7.400198679360955E-006  1.277177787314806E-005
  6.324087354331586E-008 -2.400695829326329E-006
          19 -3.606866066828028E-006 -3.506281537523883E-005
  1.028049198379009E-005  4.799424986169740E-006
 -4.657192272896231E-007 -2.359714615462634E-006
          20 -4.174088227403870E-005 -7.006265267690563E-007
 -3.690498886766304E-006 -1.061495901759779E-005
 -9.252889406553942E-007 -2.435604729858986E-006
          21 -4.727137377101981E-006  4.575743666907570E-005
 -1.919400647952278E-005  1.320509902076875E-005
 -1.856138702859488E-006 -2.264338826087137E-006
          22  4.683781489528452E-005  6.038138101293051E-006
  1.601869253579332E-005  3.168846902774091E-005
 -2.374590244299365E-006 -8.436155993477737E-007
          23  2.244874587634334E-006 -4.556612079059168E-005
  3.908114436125935E-005 -1.336131592321029E-005
 -1.038844454067457E-006  1.340640647546167E-007
          24 -4.252697162534318E-005  7.533386086909266E-006
 -1.298231830069587E-005 -3.882607057620527E-005
 -2.935585027328844E-008 -1.100198758391145E-006
          25  2.216409908961212E-005  3.789328913820354E-005
 -3.536249211006372E-005  1.752574302565790E-005
 -1.292925130878795E-006 -2.120456997599584E-006
          26  3.077586307565795E-005 -3.880675686854761E-005
  2.282533604579117E-005  2.929988099318871E-005
 -2.352851894820453E-006 -8.867304971732676E-007
          27 -5.346275575746905E-005 -1.940845497363787E-005
  1.684053391468585E-005 -2.688564026033872E-005
 -1.401218363522953E-006 -1.453604693301719E-007
          28 -2.410982103243784E-006  6.169247299829860E-005
 -3.225194945709834E-005  1.641402786415616E-006
 -1.367741511877683E-006 -9.393183218563822E-007
          29  5.989711681741211E-005 -1.932928723772281E-005
  1.888349891837263E-005  3.688039756418429E-005
 -2.237330846048785E-006 -2.632138355447816E-007
          30 -4.197176810586340E-005 -4.656907776025433E-005
  3.298047912511343E-005 -2.990186889722152E-005
 -1.227337090610042E-006  5.394359152790886E-007
          31 -2.293458756627715E-005  5.925544253153400E-005
 -3.654499161029417E-005 -1.706036241490893E-005
 -8.793068353797360E-007 -5.969927231627956E-007
          32  6.463272952715186E-005 -6.808378523810410E-006
  4.100660168892542E-006  3.968208825466959E-005
 -2.104523287228571E-006 -3.781779069064369E-007
          33 -3.620539389152841E-005 -5.421176269149204E-005
  3.439154554598653E-005 -2.197616492408173E-005
 -1.538573585277235E-006  6.977455627370865E-007
          34 -2.905138476478529E-005  5.813724088047104E-005
 -3.418700281495512E-005 -1.756072827342582E-005
 -1.033064848006818E-006 -6.434565833153127E-008
          35  6.693620445171140E-005 -4.574202530775220E-006
  4.750669190952948E-006  4.042889767495218E-005
 -1.975235662597321E-006  1.150258003952891E-007
          36 -3.719261955500190E-005 -6.013245261326115E-005
  3.690379231920194E-005 -2.363060530902031E-005
 -1.389687556733005E-006  1.002086110808436E-006
          37 -3.927987685978535E-005  5.947512385085171E-005
 -3.617721015740123E-005 -2.134282082437257E-005
 -9.801441825658031E-007  2.430877865505205E-007
          38  6.542400797951877E-005  9.619330063991174E-006
 -2.107221010654807E-008  4.246506434909708E-005
 -1.942810025187966E-006  4.665589296928295E-007
          39 -2.125727728017509E-005 -5.409430943787769E-005
  3.907688213882182E-005 -1.719477826781758E-005
 -1.383771777321079E-006  1.487968977818184E-006
          40 -2.947814040907063E-005  4.533029774126453E-005
 -2.748862438448839E-005 -2.277200737310020E-005
 -7.017646722578365E-007  9.096345042133078E-007
          41  5.649155945064068E-005 -1.305861137458230E-006
  1.376542157450232E-006  3.344516630846741E-005
 -1.342963771902626E-006  8.644688600473902E-007
          42 -3.085691626839274E-005 -5.207776958421098E-005
  3.431302517522396E-005 -2.254937556762347E-005
 -9.026692394047133E-007  1.549266837510910E-006
          43 -3.333836903137725E-005  5.331466376903178E-005
 -3.503974271408996E-005 -2.584307777492810E-005
 -4.547556958872944E-007  9.271355737287592E-007
          44  6.537798004427040E-005  5.387105311697119E-006
 -9.539663331826651E-006  4.014430384313115E-005
 -1.214743701941921E-006  9.769038493465246E-007
          45 -2.421264280931933E-005 -6.653685754510124E-005
  3.878141234615374E-005 -7.243520553480845E-006
 -8.630800832598020E-007  1.864075981119070E-006
          46 -5.841043091050150E-005  4.776256561853106E-005
 -2.003174707903268E-005 -2.824801146264891E-005
 -1.020124746196483E-007  1.524670434305519E-006
          47  5.959416683327172E-005  4.344076187260649E-005
 -1.051979095023415E-005  3.014085979337019E-005
 -4.447406670525899E-007  1.263290814158149E-006
          48  2.436034238701302E-005 -5.702290254053034E-005
  3.746377863514277E-005 -6.308801955161239E-006
 -2.519516066505372E-007  1.799129272664785E-006
          49 -4.122773966891293E-005 -4.296156883951865E-006
 -1.634065317140606E-005 -3.655677830314452E-005
  4.349370492077722E-007  1.455193121181177E-006
          50  1.380379930154124E-005  1.667854687339835E-005
 -2.477688270954726E-005  2.196689043815188E-005
  6.107764940957527E-008  9.643725437526267E-007
          51 -1.079712096258012E-005 -2.728720973637604E-005
  2.635381554996013E-005  7.158697705207222E-006
 -9.266830453276743E-008  1.419145341139327E-006
          52 -3.370303072029873E-005  3.588479726329812E-005
 -8.932106259091048E-006 -2.736266194519468E-005
  3.544107509718143E-007  1.370386854148769E-006
          53  5.476978080083375E-005  3.136606552192968E-005
 -2.254833912170963E-005  2.235293649022497E-005
  1.596784135446682E-007  1.193759986454922E-006
          54  2.051456038439549E-005 -6.601131041468547E-005
  3.350006959326847E-005  1.477295760176037E-005
  2.592249208569690E-007  1.665322691010732E-006
          55 -7.069318959686574E-005 -3.278624095947775E-006
  8.257755063250645E-006 -3.858375153413674E-005
  9.885619664370784E-007  1.539032681722034E-006
          56  1.662248274784862E-005  7.089053586084325E-005
 -3.347987923748022E-005 -1.195833200542200E-006
  9.746865412015586E-007  8.986862978255715E-007
          57  6.842330083150481E-005 -3.420638760320361E-005
  9.970193503653716E-006  2.189521350967919E-005
  6.331685522234241E-007  9.593017523744409E-007
          58 -4.459107060419531E-005 -6.429062861176805E-005
  1.160617802192570E-005 -2.314400297977037E-005
  9.052633712898034E-007  1.072227002833224E-006
          59 -5.839140357221391E-005  4.484105361559601E-005
 -3.146023313499667E-005 -4.896441003030858E-006
  8.826626505035073E-007  7.152636601808987E-007
          60  3.482593152554673E-005  4.966222458462434E-005
  8.654585635031364E-007  3.277134740477402E-005
  5.272751710492811E-007  9.525661419227097E-007
          61  3.751446219120539E-005 -1.702514871651332E-005
  2.984016358000105E-005 -5.805448109410385E-006
  9.522670916089822E-007  1.416867522638976E-006
          62  3.961229544387527E-006 -2.296073884833884E-005
 -6.706302294538234E-006 -2.304837351457140E-005
  1.591475149129171E-006  1.133343532484612E-006
          63 -8.617956564686650E-006 -2.309551105490725E-005
 -9.457696836672125E-006  4.918050732239931E-006
  1.646871230500850E-006  6.262224234778494E-007
          64 -3.693360848664381E-005 -1.832656833653749E-006
  6.169584557602942E-006 -8.819455987052941E-006
  1.585491569937959E-006  4.182862033617345E-007
          65 -4.770288692358962E-006  4.468211760971759E-005
 -2.312340445919233E-005 -1.214779232329417E-005
  1.552038971409416E-006  1.608931148016321E-007
          66  4.789996362300479E-005 -1.728247215906042E-006
 -1.654111793743126E-005  2.839899452691941E-005
  1.264051234396180E-006  7.347368013282043E-008
          67 -1.672886831211245E-005 -4.950516860904039E-005
  2.789621715950533E-005  1.401480137234122E-005
  1.308967688033677E-006  3.875274103769198E-007
          68 -5.212842956842809E-005  3.673203885655904E-005
  6.763469040358641E-006 -2.613420717006134E-005
  1.822876303071829E-006  2.629436999348666E-007
          69  5.687228870294981E-005  5.662805756678943E-005
 -2.226608732214491E-005  1.469931953472340E-006
  1.907123941437632E-006 -2.974905171926266E-007
          70  6.168472547282285E-005 -7.268516378824951E-005
  1.195129638385606E-005  1.521598086954589E-005
  1.711169129853930E-006 -5.393864921771317E-007
          71 -8.157296136096440E-005 -6.456750096039080E-005
  9.353049595369719E-006 -2.601438312552222E-005
  1.743577634961804E-006 -7.990717434307979E-007
          72 -6.276524131001662E-005  8.348035833166379E-005
 -3.817325296435895E-005 -9.483541581045249E-006
  1.411588593546490E-006 -1.286985112013881E-006
          73  8.063652898436882E-005  5.525150560757008E-005
 -1.294326321595316E-005  4.182087997101860E-005
  7.925206999976591E-007 -1.225260305187499E-006
          74  4.283619991708014E-005 -7.609781839433110E-005
  3.784261947163420E-005  1.267221938960230E-005
  7.342397919582896E-007 -7.550048084608274E-007
          75 -7.219651559795058E-005 -2.787433974297439E-005
  7.816017682354178E-006 -3.230918039316881E-005
  1.123824825459969E-006 -8.409469565294490E-007
          76 -1.335711098207354E-005  6.988712695987751E-005
 -2.767754466639096E-005 -2.855498254634480E-006
  9.896962177741991E-007 -1.343417437333508E-006
          77  6.906993483340413E-005  1.480834260460214E-006
  7.532304364275925E-007  2.130969282653166E-005
  5.196204531577331E-007 -1.356871240773833E-006
          78 -7.047208396157649E-006 -6.876626796094002E-005
  1.350673053272940E-005 -6.016613956051628E-006
  4.115849178891179E-007 -1.166396846772984E-006
          79 -6.810706549090482E-005  1.227482516478693E-005
 -1.291410542199823E-005 -8.595014946491036E-006
  3.621952985995915E-007 -1.218182514079251E-006
          80  1.482641673846568E-005  6.715834382712048E-005
 -8.476791705166753E-006  1.704753314494398E-005
  1.510252433177951E-007 -1.175590805875709E-006
          81  6.632746208774302E-005 -1.559379746132630E-005
  1.670656385465873E-005  9.268622659467105E-006
  1.081510290151434E-007 -9.578930519984552E-007
          82 -1.519181993554982E-005 -6.563419079171460E-005
  9.014892601528148E-006 -1.503737908758813E-005
  2.873595636865383E-007 -9.766766873793388E-007
          83 -6.485357278423108E-005  1.397567716293096E-005
 -1.447844572969833E-005 -1.056667192352619E-005
  2.237828044006484E-007 -1.232303119211886E-006
          84  1.300097191593659E-005  6.360657862027507E-005
 -1.548242190054109E-005  1.213007517478491E-005
 -1.109422854889893E-007 -1.270129659723259E-006
          85  6.123503447200218E-005 -1.381475632555181E-005
  6.199821990602681E-006  1.991085848384799E-005
 -3.071006100672666E-007 -1.016968097160814E-006
          86 -1.762177801860989E-005 -5.767234512057623E-005
  2.005536767242804E-005 -1.701342684499398E-008
 -1.696294161525540E-007 -7.886276787198333E-007
          87 -5.387628464232505E-005  2.498806560346220E-005
  2.060613723227966E-006 -1.794336187062320E-005
  3.126767096391550E-008 -8.996514521216750E-007
          88  3.564206538991022E-005  5.095135319631195E-005
 -1.649763364529798E-005 -8.107030369177589E-007
 -8.802974803638267E-008 -1.134513175144545E-006
          89  4.924413436861261E-005 -4.796372115642807E-005
  1.289680891544134E-006  1.507553213140243E-005
 -3.194164384695852E-007 -1.103673672963278E-006
          90 -5.961824127411077E-005 -4.838071973884058E-005
  1.180193427849409E-005 -5.532400167800014E-006
 -3.613408517154427E-007 -9.940914374698802E-007
          91 -4.714299161018136E-005  6.900971163581605E-005
 -1.345853655129776E-005 -9.043961156261604E-006
 -3.824010485314950E-007 -1.037916618737548E-006
          92  7.562014426661102E-005  4.364869796881449E-005
 -9.471142397567824E-006  2.193504358689893E-005
 -5.496272255473373E-007 -1.031338273166436E-006
          93  3.668770330492458E-005 -7.960047517108669E-005
  2.606640172826205E-005  1.051184704012462E-005
 -5.768561807554127E-007 -8.620556445140319E-007
          94 -8.163208415320419E-005 -2.659125922000841E-005
  7.220133138710240E-006 -2.709081711233880E-005
 -4.505293000401375E-007 -9.547295720101102E-007
          95 -1.466463717844502E-005  8.218352003379120E-005
 -2.949381839294599E-005  3.238547804602872E-007
 -6.935785635702374E-007 -1.172709186351900E-006
          96  8.048635350197834E-005  2.481163815405325E-006
  7.376012343268801E-006  3.367532910113843E-005
 -1.024409970519727E-006 -9.421833958427944E-007
          97 -8.533429471395351E-006 -7.487195900524274E-005
  3.567695852171139E-005 -1.254432126743247E-005
 -8.725012171318249E-007 -6.965167388604954E-007
          98 -6.396215541663043E-005  1.791829854844237E-005
 -1.811255402006884E-005 -3.464651041274222E-005
 -7.862609229979946E-007 -9.712737669985257E-007
          99  2.631915930452892E-005  4.725182720618703E-005
 -3.327980528790763E-005  2.376361065029936E-005
 -1.296503942930644E-006 -1.104482066031896E-006
         100  2.544726073631202E-005 -3.437916323190520E-005
  2.507872674286586E-005  3.106295886816143E-005
 -1.634033641062244E-006 -6.045306230222268E-007
         101 -4.187605856159158E-005 -5.839500296127036E-007
  2.349729016092860E-005 -2.194129924304566E-005
 -1.393879898177413E-006 -2.740976526557804E-007
         102  2.484384363664253E-005  4.761454098834348E-005
 -2.002039201030353E-005 -9.507057244335098E-006
 -1.333765778101344E-006 -3.862788254191021E-007
         103  4.961584906444183E-005 -4.897646871659614E-005
  4.876543080140314E-006  2.216374002411890E-005
 -1.591638432166146E-006 -2.890160283421055E-007
         104 -7.091594110536019E-005 -4.588595243620695E-005
  2.386601091901216E-005 -1.474505925792226E-005
 -1.628852751347187E-006  2.641970627676927E-008
         105 -3.541989200801535E-005  9.051374733123653E-005
 -2.254760253173793E-005 -2.053485677958928E-005
 -1.568417671565200E-006  1.526900840772618E-007
         106  1.077371741096250E-004  1.861313631021000E-005
 -1.408636325506513E-005  3.192416412855932E-005
 -1.676966446031294E-006  3.594273233902014E-007
         107 -2.892376519798949E-006 -1.219486713525417E-004
  4.053193208517418E-005  8.189125456908521E-006
 -1.522627909130518E-006  7.444574139962543E-007
         108 -1.318348375892213E-004  2.694489525274346E-005
  1.401200644532872E-006 -4.453611974255252E-005
 -1.183088010788048E-006  7.630722135595527E-007
         109  5.184954529628653E-005  1.355698140348832E-004
 -4.589696008325213E-005  9.430988656472729E-006
 -1.273735646290450E-006  6.364214575201346E-007
         110  1.313616673617891E-004 -7.639094302737255E-005
  2.156997000446172E-005  4.834183011717184E-005
 -1.382866836496612E-006  1.030979065391016E-006
         111 -9.970930143117691E-005 -1.185478039889310E-004
  5.005211007026317E-005 -2.924125796791210E-005
 -8.943754173499898E-007  1.312534583200516E-006
         112 -9.775599419274082E-005  1.211937930878289E-004
 -3.281149673788563E-005 -4.541552368350150E-005
 -5.938024424877841E-007  9.461697005403255E-007
         113  1.399763818256494E-004  7.044025831537543E-005
 -3.408429114897987E-005  3.713271207025277E-005
 -9.320553171602020E-007  8.281495339666069E-007
         114  3.858524443862454E-005 -1.544890090853676E-004
  4.303904418155184E-005  2.121166086917558E-005
 -9.587880528656566E-007  1.307361248894462E-006
         115 -1.631389267635526E-004 -4.629500341874234E-006
  8.970230764871530E-006 -4.597578354109836E-005
 -4.727885669758945E-007  1.399333968585273E-006
         116  2.938431179384445E-005  1.649366287473617E-004
 -4.457245306822904E-005  5.464095259807569E-006
 -4.253759797526332E-007  1.119252647647557E-006
         117  1.591980444798027E-004 -6.177723662696915E-005
  2.238728895948990E-005  4.235708465664315E-005
 -5.356605953275148E-007  1.345612803586213E-006
         118 -9.078426757246727E-005 -1.458549712681235E-004
  4.103220223218400E-005 -3.634562944897326E-005
 -1.130461722952516E-007  1.463609803231139E-006
         119 -1.256576792474695E-004  1.147839634987097E-004
 -4.433925524405236E-005 -3.690452001326271E-005
  3.678013671706290E-009  1.058790988764747E-006
         120  1.328957231558242E-004  9.989607330934446E-005
 -2.757185359543308E-005  4.919027025617386E-005
 -3.780033724169960E-007  1.107391645620514E-006
         121  6.990422214814213E-005 -1.447130143728497E-004
  5.342753525325963E-005  1.664952132282186E-005
 -2.216121837478271E-007  1.612684480976037E-006
         122 -1.500468333579468E-004 -3.781231142672419E-005
  7.364172414734367E-006 -5.399140561897719E-005
  3.368530149167009E-007  1.534140610852039E-006
         123 -6.336618096521563E-006  1.495413847234564E-004
 -4.866482125857336E-005  2.589523966953018E-006
  3.191003787043738E-007  1.177636203826707E-006
         124  1.439841149477468E-004 -2.222091557538834E-005
  1.611061467845811E-005  4.140898267253230E-005
  1.815375969411440E-007  1.378710363280093E-006
         125 -4.612612833301317E-005 -1.336846106711333E-004
  3.707474383224500E-005 -2.911063949241108E-005
  5.931979871455260E-007  1.512443531831848E-006
         126 -1.189313225820830E-004  6.425176839972947E-005
 -3.597692437702416E-005 -3.422375084744174E-005
  8.167991249520356E-007  1.141574488908563E-006
         127  7.676615863849586E-005  1.007661169026257E-004
 -2.813711655771574E-005  3.721362929203913E-005
  5.818509857999886E-007  1.027402691585507E-006
         128  8.050507362209265E-005 -8.495257898578679E-005
  3.728574181749916E-005  1.935521725967032E-005
  6.677629474858733E-007  1.308743376267077E-006
         129 -8.972923701701239E-005 -6.003099727307274E-005
  1.181428223586483E-005 -3.632106553504523E-005
  1.091349972708584E-006  1.216468536641284E-006
         130 -4.193020785126982E-005  9.158122815038303E-005
 -3.164602115701608E-005 -5.795456947534684E-006
  1.130408262703131E-006  8.838521381275547E-007
         131  9.070573202062130E-005  2.822885644890360E-005
  2.148419374950526E-006  2.520711986514967E-005
  1.052915499571947E-006  8.931052646477557E-007
         132  1.945770752468428E-005 -8.689643732368714E-005
  2.229658528539737E-005 -1.046728105064301E-005
  1.297265270954846E-006  8.947361982626732E-007
         133 -8.006595390485003E-005 -1.496338817393876E-005
 -1.309635194169672E-005 -2.343235620487706E-005
  1.463429351935195E-006  5.772166618644486E-007
         134 -1.313334381739653E-005  7.132308418876651E-005
 -2.292340768739658E-005  8.521427462444961E-006
  1.312106301015809E-006  3.304793029724181E-007
         135  6.256602139559870E-005  1.191302771986672E-005
  2.505344731721685E-006  1.808744192705810E-005
  1.198801838452214E-006  3.720725280370991E-007
         136  1.006899163719604E-005 -5.585996631802352E-005
  1.275529382264179E-005  7.106771332489462E-007
  1.329783255968327E-006  4.041397974675601E-007
         137 -5.289940862370260E-005 -7.503384253777150E-006
  3.021302076728168E-006 -1.045015213625830E-005
  1.480690080100948E-006  2.365176950857203E-007
         138 -4.733402790394598E-006  5.425033660803426E-005
 -9.200164942052624E-006 -5.966588067394032E-006
  1.478796606386708E-006  6.482382637408291E-009
         139  5.902650948155817E-005  2.197112081503801E-006
 -6.376581303790849E-006  7.588375891315263E-006
  1.383900364994081E-006 -1.184200172058441E-007
         140 -3.548163601326461E-007 -6.542144083672675E-005
  9.423939515465157E-006  2.270255410524460E-006
  1.367531711003339E-006 -1.493212743569011E-007
         141 -7.152924521339681E-005  4.171862720092023E-006
 -2.002024926552059E-006 -1.741241887413800E-005
  1.436761804416303E-006 -2.700037510956932E-007
         142  1.098817520585960E-005  7.606563565106085E-005
 -2.692709458741804E-005  1.957195996894283E-006
  1.375277363481439E-006 -4.800154964169321E-007
         143  7.879873662709142E-005 -2.222682846625134E-005
  3.735466943338221E-007  3.192339737593867E-005
  1.218928765383620E-006 -5.140693810409140E-007
         144 -3.832577240274582E-005 -8.026183616917549E-005
  3.311918110708609E-005 -2.735642269350786E-006
  1.285504166766216E-006 -4.586069415515817E-007
         145 -8.111506122063174E-005  5.832027017229603E-005
 -8.631369541227279E-006 -3.470068311663668E-005
  1.421036615001927E-006 -6.647356840830249E-007
         146  8.021424923642706E-005  8.177304709110359E-005
 -3.593295604022462E-005  1.401886888252296E-005
  1.289928810508256E-006 -9.171732804018613E-007
         147  8.192778525868321E-005 -1.019016744062795E-004
  1.961141429294342E-005  3.325285678415700E-005
  1.158024674085485E-006 -9.163737684934178E-007
         148 -1.216056870714592E-004 -8.055846072595826E-005
  2.805932720023630E-005 -2.930168204068115E-005
  1.280133198316937E-006 -1.003231969615197E-006
         149 -7.665039354980870E-005  1.381665165251344E-004
 -4.130620243315757E-005 -2.571899507656141E-005
  1.216637111633563E-006 -1.378729145877672E-006
         150  1.512750741328175E-004  6.973940443257454E-005
 -2.603991503519418E-005  4.920556778664369E-005
  8.377763851087272E-007 -1.487818625588241E-006
         151  5.984086199725452E-005 -1.611409935032097E-004
  5.150084985095495E-005  2.298996868220445E-005
  7.978256718098239E-007 -1.303271307583018E-006
         152 -1.677143834030459E-004 -4.749718154376144E-005
  1.470510839130789E-005 -5.364515004724085E-005
  1.014792511658921E-006 -1.554466659329847E-006
         153 -3.391394996224095E-005  1.707712465043691E-004
 -5.782136962609928E-005 -6.466278327484112E-006
  7.200045778368667E-007 -2.065849801072339E-006
         154  1.702148373570564E-004  2.017397609638676E-005
 -1.383237585728281E-006  5.929305722564033E-005
  1.271722408981429E-007 -2.048884139433840E-006
         155  6.942206003423123E-006 -1.658334647295513E-004
  5.488153470067612E-005 -4.867136492051797E-006
  4.264111453762053E-008 -1.794481635186584E-006
         156 -1.574968855111263E-004  5.226935032345561E-006
 -1.518077982325687E-005 -4.943749199358886E-005
  3.178537649131653E-008 -2.033655812007096E-006
         157  1.581278391575531E-005  1.457262012275567E-004
 -4.757031072804696E-005  2.508027845634053E-005
 -5.069510170496626E-007 -2.206595800128859E-006
         158  1.315334405220820E-004 -2.478637864045920E-005
  2.919567024624137E-005  4.573436087128139E-005
 -9.576930266036495E-007 -1.832954288715721E-006
         159 -3.215328211164961E-005 -1.158266238961075E-004
  3.871157945618178E-005 -3.042089801819086E-005
 -9.047843907920404E-007 -1.522887907836272E-006
         160 -9.974229579174343E-005  3.772785112471051E-005
 -3.425488605638109E-005 -2.897689655372934E-005
 -9.625359880006207E-007 -1.623981786520919E-006
         161  4.164219115554025E-005  8.441431041988533E-005
 -2.266148690298201E-005  3.940706768606207E-005
 -1.390440562025676E-006 -1.504957850994846E-006
         162  7.047755208933411E-005 -4.418670547777683E-005
  3.993933356801685E-005  1.932718302520512E-005
 -1.509071609198372E-006 -1.021480947206088E-006
         163 -4.556295658686816E-005 -5.828402299421651E-005
  1.382786164193035E-005 -3.618841233965720E-005
 -1.296094627431099E-006 -8.309534375694553E-007
         164 -4.825752397804607E-005  4.621614352472060E-005
 -3.376566619909104E-005 -5.721070071236482E-006
 -1.336447097780701E-006 -9.025553552909864E-007
         165  4.704622684867373E-005  4.058854837889700E-005
 -4.079034851689479E-007  3.391960565861239E-005
 -1.564719878804086E-006 -7.215946297391580E-007
         166  3.523920369066672E-005 -4.883385369518243E-005
  3.219865596495159E-005 -9.264043916427409E-007
 -1.518611484309598E-006 -3.839730062362804E-007
         167 -5.212765586801203E-005 -3.222966591817066E-005
 -3.166186587867825E-006 -2.739094026431891E-005
 -1.329308671394747E-006 -3.174773264222912E-007
         168 -3.130857667504292E-005  5.718983097475894E-005
 -2.438571357436399E-005  8.458083200732575E-006
 -1.397383277880838E-006 -3.665228089834806E-007
         169  6.375663389947025E-005  3.162544551625573E-005
  1.213137695762105E-005  2.572379341589987E-005
 -1.530226251089363E-006 -1.466646005854997E-007
         170  3.176957216136136E-005 -7.104947810252310E-005
  2.733193889479120E-005 -1.113497326745275E-005
 -1.365590549104762E-006  1.049547861974380E-007
         171 -7.824740626498231E-005 -2.999528886193254E-005
 -9.126304374719932E-006 -2.545139758757571E-005
 -1.174194701742583E-006  3.498930850258950E-008
         172 -2.454138585016134E-005  8.485191391792452E-005
 -2.251360541444991E-005  9.808710762910018E-006
 -1.305400085732115E-006 -6.255642413959179E-008
         173  9.072971586869747E-005  1.418524046737914E-005
  1.124942609975993E-005  2.131546947695399E-005
 -1.459531519038019E-006  1.417662009427361E-007
         174 -1.236960497413037E-006 -9.584463626290665E-005
  1.923203720680776E-005 -1.129745044079932E-005
 -1.347064145668463E-006  3.595569639017075E-007
         175 -9.978550600965113E-005  2.068088147004820E-005
 -1.336487288963569E-005 -1.350484384944938E-005
 -1.247458172189088E-006  3.525007450179289E-007
         176  4.222974533484744E-005  1.014237599819555E-004
 -7.754030151020973E-006  2.101847892323787E-005
 -1.333541593184987E-006  4.076668689028329E-007
         177  9.895900729067114E-005 -6.383557202234295E-005
  3.075078152638502E-005  6.871917101069497E-006
 -1.294728048676781E-006  6.189173882692935E-007
         178 -8.404263080674261E-005 -9.039783274849716E-005
  8.771446275905509E-006 -3.630143613506191E-005
 -1.128422322586305E-006  6.448799206640593E-007
         179 -7.441579898084259E-005  1.021378965938665E-004
 -3.742738002055932E-005 -7.703497333205003E-006
 -1.205073358283031E-006  5.684784533284538E-007
         180  1.179300876111271E-004  5.129445657977455E-005
 -3.111641712527383E-006  3.822688930710803E-005
 -1.365568398666208E-006  7.828848995840123E-007
         181  2.302824298388545E-005 -1.312744107133241E-004
  3.872705876748393E-005 -1.708663130386990E-006
 -1.219736842309210E-006  1.066586480875794E-006
         182 -1.413305538912844E-004  7.447910195412864E-006
 -7.318433387088757E-006 -3.561155228365883E-005
 -1.057332570027558E-006  1.047815143867273E-006
         183  3.708062528023405E-005  1.462010113880267E-004
 -3.046691712365388E-005  1.725580436835984E-005
 -1.199699281297321E-006  1.117747395145324E-006
         184  1.437734116258814E-004 -6.357911494986291E-005
  2.942328029755878E-005  2.888793796779312E-005
 -1.159816946004526E-006  1.525113587938028E-006
         185 -8.617669347107163E-005 -1.326676874782604E-004
  3.060821261914737E-005 -3.652031227880481E-005
 -7.552942152908628E-007  1.718125096955476E-006
         186 -1.127574836362435E-004  1.051251267875327E-004
 -3.627313063152922E-005 -2.806078262710913E-005
 -5.603842247455300E-007  1.566789141751420E-006
         187  1.204700232985929E-004  8.567844128510133E-005
 -1.775169082312263E-005  3.477081870252941E-005
 -6.569494647429710E-007  1.657125406495240E-006
         188  5.462590396800944E-005 -1.315563184398291E-004
  3.682318524510416E-005  4.780774782511987E-006
 -4.608848262294714E-007  2.006730856009047E-006
         189 -1.372187385315657E-004 -2.282936273636125E-005
 -5.934495882553815E-006 -3.916683152146683E-005
 -1.920627887642911E-008  2.045443480790795E-006
         190  7.836777503338234E-006  1.357547774667143E-004
 -3.814421526257944E-005  1.611719766005192E-005
  1.501531272940952E-007  1.932318098246268E-006
         191  1.259280541018109E-004 -3.657135426320097E-005
  2.751108547774279E-005  3.657949261233754E-005
  3.286310546621749E-007  2.055042179024623E-006
         192 -6.357449316048939E-005 -1.083622336287461E-004
  3.730099175202366E-005 -3.552385983906658E-005
  7.862895633897483E-007  2.036712411932720E-006
         193 -8.521770724274346E-005  8.934287075940368E-005
 -3.558776731077119E-005 -3.520793906881616E-005
  1.061067612260824E-006  1.677357775561014E-006
         194  1.132777639689827E-004  5.932914646200307E-005
 -2.465438427490828E-005  3.194653496874862E-005
  1.020145136604736E-006  1.499546401348164E-006
         195  3.376566666099959E-005 -1.333261906910931E-004
  3.289213023898847E-005  9.050171231896470E-006
  1.185872630448484E-006  1.531328616417799E-006
         196 -1.474943681418362E-004 -1.076196264443952E-005
 -2.962220099914767E-006 -3.831992889232589E-005
  1.481390306893880E-006  1.293772924451203E-006
         197  9.298500934037575E-006  1.545844868665710E-004
 -4.141148236963858E-005  9.084902716407655E-006
  1.467389576821150E-006  9.594812940162067E-007
         198  1.547302937946201E-004 -2.697650100928215E-005
  1.392321151958846E-005  3.980846922534052E-005
  1.386497430011547E-006  9.135267988298313E-007
         199 -4.275210218348567E-005 -1.498042056356210E-004
  3.745186897972882E-005 -1.915323227164242E-005
  1.569932148619323E-006  8.784666211011192E-007
         200 -1.425902689649544E-004  5.654000587999716E-005
 -2.111552752262445E-005 -3.521511152263902E-005
  1.696436053390294E-006  5.814826372652554E-007
         201  6.737967455686512E-005  1.352473220837729E-004
 -2.945968131482034E-005  1.943608050042875E-005
  1.590363923120038E-006  3.842320869258005E-007
         202  1.286989972430581E-004 -7.371778805814940E-005
  1.971762940464790E-005  2.031784412994737E-005
  1.612520051134110E-006  3.431958376441631E-007
         203 -7.469968423189632E-005 -1.227439956317366E-004
  1.452024312970245E-005 -2.390384228424816E-005
  1.711330684925946E-006  1.300710484207143E-007
         204 -1.164788087015966E-004  7.097455123398642E-005
 -2.622808627171741E-005 -1.587785732885509E-005
  1.589933488866729E-006 -1.242150583939206E-007
         205  6.451212263005495E-005  1.093300347896622E-004
 -1.935859895065895E-005  2.223887844106605E-005
  1.423591568403343E-006 -1.361839620840590E-007
         206  1.017555298090356E-004 -5.789337439010529E-005
  1.593199862112039E-005  1.907983399047768E-005
  1.501144898084052E-006 -8.055504832578524E-008
         207 -5.315335145872809E-005 -9.506618944269916E-005
  1.660900603881458E-005 -1.299839292797901E-005
  1.683163434435721E-006 -2.719346950241321E-007
         208 -9.062830970096283E-005  5.091384064658424E-005
 -1.292798205729819E-005 -1.616330448139480E-005
  1.629690167680711E-006 -6.177485639501078E-007
         209  5.036164498594301E-005  8.891397086310510E-005
 -1.659055890718018E-005  1.295555213060274E-005
  1.377286095662798E-006 -7.676581503844550E-007
         210  8.894286979090491E-005 -5.005037103005668E-005
  1.499429217756881E-005  1.516537101443567E-005
  1.286704102230670E-006 -7.073778004723286E-007
         211 -4.906391875863202E-005 -8.860121059219043E-005
  1.500518323615632E-005 -2.204357193192679E-005
  1.399446868116691E-006 -8.031687139562081E-007
         212 -8.548149909577548E-005  4.787561407357445E-005
 -3.031265699049288E-005 -2.076808263007319E-005
  1.353275151041638E-006 -1.126196343191542E-006
         213  4.808434354423184E-005  7.798009291862843E-005
 -2.942786466024493E-005  3.246892897484886E-005
  1.028686643936999E-006 -1.309556632281580E-006
         214  6.622847423291665E-005 -5.140890379674117E-005
  2.802593809969490E-005  3.262289757664901E-005
  8.150888357544633E-007 -1.182021795133833E-006
         215 -5.862561784749889E-005 -5.214403849721355E-005
  2.744557664211697E-005 -2.350678770235199E-005
  9.027414442887311E-007 -1.159922807436746E-006
         216 -3.836546136756384E-005  6.873885008309642E-005
 -2.239664118509500E-005 -1.799729802625354E-005
  8.723110967268848E-007 -1.422538607358307E-006
         217  7.880858832961415E-005  2.715834251064942E-005
 -7.129183724857053E-006  2.216055138344383E-005
  5.814218944162626E-007 -1.567513586718397E-006
         218  1.960060909388047E-005 -8.508299394005519E-005
  2.233520713059831E-005 -6.462003384691435E-006
  3.734412222495176E-007 -1.513109374361366E-006
         219 -8.457920032170191E-005 -1.507018662646605E-005
 -2.144741259022420E-005 -2.668061161250045E-005
  2.679927968721434E-007 -1.532378518698885E-006
         220 -1.152476294260198E-005  7.597313771198697E-005
 -3.520961651359847E-005  3.120633186953712E-005
  3.830394189297202E-008 -1.554657983290792E-006
         221  5.993077873498773E-005  6.887740224730739E-006
  3.224230119195951E-005  4.085492756434742E-005
 -1.352507633676023E-007 -1.378057678180003E-006
         222 -6.942291976950826E-009 -3.903659978735525E-005
  3.814345657224021E-005 -2.942131636062146E-005
 -6.904368087718311E-008 -1.284996844087717E-006
         223 -1.658554957316332E-005  9.014889301294995E-006
 -2.871359344904379E-005 -2.941651187352870E-005
 -1.016461909653554E-007 -1.438194229295298E-006
         224  1.850709579218030E-005 -4.589302574775416E-006
 -1.920361866311692E-005  2.931750901837224E-005
 -3.775684850094996E-007 -1.472517097400929E-006
         225 -2.256591902439788E-005 -2.591785582319404E-005
  2.863006283309387E-005  7.435775686391844E-006
 -5.265723758583766E-007 -1.288172178446219E-006
         226 -2.897594889589180E-005  3.641374733974246E-005
 -7.107449348832945E-006 -2.887873559271814E-005
 -5.072068740747205E-007 -1.239244563462024E-006
         227  4.625148060957928E-005  2.656279256023745E-005
 -3.298159298473276E-005  2.024429068294452E-005
 -6.605697280986976E-007 -1.284139073610640E-006
         228  1.881519625354594E-005 -5.279671515979265E-005
  2.638317187755275E-005  3.754458294654201E-005
 -8.385733787764962E-007 -1.107631255829336E-006
         229 -5.666317819845624E-005 -7.093139326415712E-006
  3.667582486048092E-005 -2.651290300796524E-005
 -7.645750078174960E-007 -9.515953768367582E-007
         230  6.265883826827824E-006  5.820432961053494E-005
 -2.612779652640143E-005 -3.032178584730144E-005
 -7.320134499485755E-007 -1.052738308851732E-006
         231  5.751697964615112E-005 -1.871381526563922E-005
 -2.275768556845325E-005  2.618869074426007E-005
 -9.516021664320129E-007 -1.107482166759458E-006
         232 -2.814145980658635E-005 -5.423937666956248E-005
  2.357444746148644E-005  1.477779338202303E-005
 -1.129782234173368E-006 -9.394448810523041E-007
         233 -4.756956550514338E-005  3.295939130753149E-005
  3.533009259849888E-006 -1.935251092818290E-005
 -1.143520960020205E-006 -8.070981234613372E-007
         234  3.228739534793808E-005  3.686891029527929E-005
 -1.876701313163155E-005  9.601036993182613E-006
 -1.211863401393544E-006 -7.740811945097780E-007
         235  2.192078265549342E-005 -2.629861405581923E-005
  1.817081041115990E-005  2.255214925347213E-005
 -1.326850393419579E-006 -6.565606520226943E-007
         236 -1.609473236520623E-005 -3.182960272547439E-006
  2.523299091738562E-005 -1.924409787759470E-005
 -1.345088667608901E-006 -5.330317197190506E-007
         237  1.793962608800603E-005  3.437734198990858E-006
 -1.673212280205215E-005 -2.382352713300005E-005
 -1.396442184270990E-006 -5.138468036084114E-007
         238 -9.590922740572024E-006 -3.900839037380279E-005
 -2.130517881151471E-005  1.347764160724886E-005
 -1.587518546447094E-006 -4.432976658253307E-007
         239 -5.699783623860669E-005  2.109057880207206E-005
  6.670403111372833E-006  1.948649279017655E-005
 -1.764116811406114E-006 -1.955141459974770E-007
         240  3.005929306618095E-005  6.884848473684406E-005
  1.445840150500424E-005  4.713572176512602E-006
 -1.787878981011529E-006  1.225603174183773E-007
         241  7.201472932996204E-005 -3.667056789725045E-005
  1.454996115684467E-005 -3.605595604292989E-006
 -1.678282321432731E-006  3.716944444899531E-007
         242 -4.204298156469244E-005 -6.515222403976346E-005
  7.922327159053374E-006 -1.685948712109378E-005
 -1.568307981454855E-006  4.884335589208586E-007
         243 -4.861704921114735E-005  4.775297679092761E-005
 -1.369164692646229E-005 -1.323249542636565E-005
 -1.579078087159618E-006  5.984375655079678E-007
         244  5.504321142511362E-005  2.453781773482365E-005
 -1.256640923547362E-005  1.028649774012749E-005
 -1.576359721240782E-006  8.608904788864114E-007
         245 -3.481770891240360E-006 -6.423040375377961E-005
  6.647644010093918E-006  1.006711465227540E-005
 -1.390716273266640E-006  1.129630709914207E-006
         246 -7.435944790084281E-005  3.123414008071019E-005
  4.977411350996583E-006  7.622871406807554E-008
 -1.158935538074806E-006  1.254979374173060E-006
         247  5.473851093090149E-005  8.324907155854907E-005
  7.562858248042715E-006  6.290791758950180E-006
 -9.684915273758196E-007  1.362405145733828E-006
         248  8.816991701473588E-005 -7.104668528839841E-005
  2.134451750472589E-005 -9.560015344601974E-006
 -6.870630987395568E-007  1.433890596491137E-006
         249 -7.891568561255513E-005 -8.658435827730296E-005
 -5.338574227336398E-006 -3.259470224921866E-005
 -4.369916569340122E-007  1.305179334373181E-006
         250 -7.662777459762660E-005  7.874939986137664E-005
 -3.646082608475443E-005  7.048438392893146E-007
 -4.364901285699800E-007  1.159536753170128E-006
         251  7.195508214003757E-005  5.779316359991277E-005
 -8.293166651143613E-007  3.586214589903000E-005
 -4.748647056746419E-007  1.277604273188297E-006
         252  3.131315732510337E-005 -6.058490098068763E-005
  3.261774333495642E-005  1.376980161287206E-006
 -2.375209828268310E-007  1.424324768786069E-006
         253 -4.685342377603293E-005  2.483610544212067E-007
  1.633362815773431E-006 -2.430686716676176E-005
  2.860272735819885E-008  1.294381093321902E-006
         254  3.344914611450247E-005  3.240707275913686E-005
 -1.050905675646215E-005  2.432298600259212E-006
  5.902756738334339E-008  1.127952615222977E-006
         255  1.809743098423346E-005 -6.427773793815039E-005
  1.290159453462641E-005 -3.228623763235027E-006
  6.754012643705219E-008  1.115064213719473E-006
         256 -8.891989417199864E-005 -4.109751828145078E-006
 -1.198999893143564E-005 -2.556817561884703E-005
  1.521905529925512E-007  1.077877541994462E-006
