   409.600000000000     
         256           1           3
  1.124309127438499E-002   39.3278101594069        112.711251460158     
   39.0000000000000        116.000000000000        6351.00000000000     
           0  0.000000000000000E+000  0.000000000000000E+000
  0.000000000000000E+000  0.000000000000000E+000
  0.000000000000000E+000  0.000000000000000E+000
           1 -3.417361946386812E-007  1.349649174668717E-007
 -3.609405012327164E-006  2.293650694263155E-008
  2.751384998638452E-006 -1.858163488870720E-007
           2 -3.251018372455496E-007  4.091229362980443E-007
 -3.868724683449095E-006  5.388079521725824E-009
  2.858204018780672E-006 -5.157416390189380E-007
           3 -2.070237108753410E-008  8.094475082711634E-007
 -4.529781698841146E-006  2.072939454438603E-007
  2.823523498287439E-006 -9.895967929608583E-007
           4  8.777384617194174E-007  9.620710157305948E-007
 -5.362077694849973E-006  1.213995767983320E-006
  2.555931958468512E-006 -1.429171174023058E-006
           5  2.058977419286223E-006 -4.435465258426705E-008
 -5.318002782448028E-006  3.145725817296049E-006
  2.176137336845610E-006 -1.686247244587886E-006
           6  1.858467405902389E-006 -2.523306540312953E-006
 -3.542585992627477E-006  4.725958380957332E-006
  1.829214911693245E-006 -1.743719524855259E-006
           7 -1.407754505238450E-006 -4.316216579126451E-006
 -1.198481047462178E-006  4.118263135066992E-006
  1.642827522680391E-006 -1.760730157708652E-006
           8 -6.015710231912769E-006 -1.790390847389832E-006
 -1.037144593409468E-006  1.947531549826622E-006
  1.455531699199635E-006 -1.894699127962008E-006
           9 -6.481026790031037E-006  5.339045780607524E-006
 -3.425776486943750E-006  1.708331364173808E-006
  1.104693188525565E-006 -1.916461510696219E-006
          10  1.231567004850841E-006  1.074970193430849E-005
 -4.443434587972357E-006  5.413357065717682E-006
  8.044787357079279E-007 -1.679828706094720E-006
          11  1.214226790391746E-005  5.869156809709305E-006
  4.903150246269634E-007  9.153166661728975E-006
  8.465541857986897E-007 -1.217958475492703E-006
          12  1.366490770621662E-005 -8.897409557009632E-006
  8.829906876226185E-006  4.900664467219384E-006
  1.579031530891695E-006 -9.566844315727881E-007
          13 -1.143227784317483E-006 -1.895961389107686E-005
  8.798859086687260E-006 -8.425401056759346E-006
  2.429394113066689E-006 -1.684891836868472E-006
          14 -1.930924723021731E-005 -8.847164497049479E-006
 -7.692872333022144E-006 -1.709561269253475E-005
  2.552277465107840E-006 -3.249505202341515E-006
          15 -1.769634538511050E-005  1.452823421254275E-005
 -2.830381328844695E-005 -3.117804073019246E-006
  1.224119601665566E-006 -4.703070743776088E-006
          16  6.656141355994517E-006  2.294318110900987E-005
 -2.551391135224577E-005  2.844668954306772E-005
 -9.207271115791343E-007 -4.743087121133166E-006
          17  2.465176018790480E-005  1.219595615271574E-006
  9.471173289009727E-006  4.425289642792348E-005
 -2.516845605863996E-006 -3.285668068154046E-006
          18  7.299478894606589E-006 -2.495947897043252E-005
  4.442329256217196E-005  1.693393092386529E-005
 -2.250544503266664E-006 -1.155693800346562E-006
          19 -2.647030642079149E-005 -1.265779672828169E-005
  3.422159954547628E-005 -3.008547574312351E-005
 -4.821206458375119E-007 -4.885422950726467E-007
          20 -2.041966904077149E-005  2.990279737565349E-005
 -1.489641309654585E-005 -3.952521867446882E-005
  6.318483309305668E-007 -1.786933204237633E-006
          21  3.284491324774858E-005  3.325743742776930E-005
 -4.023829640794879E-005  3.928547154932335E-006
 -1.696373904899404E-007 -3.410875020754314E-006
          22  5.099984072845317E-005 -3.077839787201564E-005
 -4.818131360127040E-006  3.799690867315390E-005
 -1.989702120383421E-006 -3.235922590323085E-006
          23 -2.054961841377270E-005 -6.996180271568594E-005
  3.177142861390451E-005  8.284402645037228E-006
 -2.412299040943759E-006 -1.946507176205806E-006
          24 -8.430577979343845E-005  2.982143192557009E-006
  1.712552122245283E-006 -2.880897585179062E-005
 -1.974801933009309E-006 -1.713708596378569E-006
          25 -1.696252354672658E-005  8.990380668369445E-005
 -3.931217745057583E-005  7.412511579218735E-006
 -2.505239867676088E-006 -1.985640972428206E-006
          26  8.716804474079199E-005  3.239086271182701E-005
  4.845047994627578E-006  5.893209814343017E-005
 -3.512083756300296E-006 -8.801340980370906E-007
          27  3.837118845178393E-005 -8.100407948142139E-005
  7.118812035778800E-005  1.116742661717735E-005
 -2.593859004387178E-006  8.742636587536672E-007
          28 -7.778046793683623E-005 -3.472907180912000E-005
  2.606770235534215E-005 -6.863745685227776E-005
 -5.587364222006492E-007  4.245971504594367E-007
          29 -2.585583645479853E-005  8.147861748271006E-005
 -6.016127670074192E-005 -2.893190239959966E-005
 -7.571137581699256E-007 -1.581438450121157E-006
          30  9.126388246511568E-005  1.740307999144870E-005
 -2.310991454333754E-005  5.579134736490781E-005
 -2.765663357009378E-006 -1.544975840456465E-006
          31  1.269107892170976E-005 -1.021920087216705E-004
  5.487507672487880E-005  1.500131147058875E-005
 -2.907739310901987E-006  2.788570614031315E-007
          32 -1.087239201970035E-004 -1.085385108277542E-005
  4.205349685217742E-006 -5.501919065933983E-005
 -1.537813342928491E-006  3.300795326583335E-007
          33 -7.923408153160316E-006  1.082049766737283E-004
 -5.967298450926105E-005  8.907779067290212E-006
 -2.018168314675883E-006 -7.446310343961824E-007
          34  1.020894532348573E-004  8.203048620666465E-009
  1.673060634185567E-005  6.940663281040368E-005
 -3.279415735463725E-006  2.278306515845113E-007
          35 -1.385712954039493E-005 -9.431898231310888E-005
  7.479790276687668E-005 -1.522819039185675E-005
 -2.298149032154062E-006  1.771184303364175E-006
          36 -8.831870451167135E-005  3.117470842262249E-005
 -1.294707197192266E-005 -6.816342217672404E-005
 -8.710971868962100E-007  9.794014139709215E-007
          37  4.792761021859322E-005  8.492433349399911E-005
 -5.602550772183851E-005  1.973107065708809E-005
 -1.727364422767439E-006 -7.378441788959695E-008
          38  8.251833235053508E-005 -6.134907295602825E-005
  3.245153178102949E-005  4.960394766062259E-005
 -2.666731023681045E-006  9.839793400200178E-007
          39 -7.125655622641406E-005 -7.897780485799892E-005
  4.845295464665847E-005 -4.082259778478299E-005
 -1.628654370168436E-006  1.929803180602365E-006
          40 -7.375006297238308E-005  7.910527869499649E-005
 -4.375146390362629E-005 -4.455119692038247E-005
 -9.218139309725197E-007  1.089068835329591E-006
          41  8.583780613103820E-005  6.842695394257758E-005
 -3.695689832021034E-005  4.808948413103383E-005
 -1.882300970139371E-006  8.061171326241845E-007
          42  6.498211432662451E-005 -9.061923461767943E-005
  5.454612589757951E-005  3.240013669490284E-005
 -2.001672697481491E-006  2.031792669856914E-006
          43 -9.088597339233427E-005 -6.333685677961474E-005
  3.128675977744480E-005 -5.693068645361380E-005
 -7.643784113517904E-007  2.287968763959221E-006
          44 -6.084525555130912E-005  8.458060133343192E-005
 -5.447249334487502E-005 -2.748999040622862E-005
 -5.894111711350679E-007  1.377681650352985E-006
          45  7.273938084580106E-005  5.341272288085273E-005
 -2.006114177995785E-005  5.424080556702485E-005
 -1.428304875588329E-006  1.496817349525151E-006
          46  3.815002884901908E-005 -5.999258259153993E-005
  5.692288037044853E-005  1.588529597007340E-005
 -1.135289717111660E-006  2.631500628781553E-006
          47 -5.237282642261510E-005 -1.579897220592475E-005
  1.646939676575623E-005 -5.553586682641212E-005
  1.158084309106836E-007  2.610015571039959E-006
          48  8.477544875166696E-006  5.417423695883434E-005
 -4.768257991650958E-005 -1.302659626264733E-005
  2.678627216396193E-007  1.652575388419172E-006
          49  6.575656283269577E-005 -2.781750472509600E-005
 -1.465791740370087E-006  4.260110706324415E-005
 -2.729764023919084E-007  1.703008931767469E-006
          50 -3.727494018184377E-005 -8.275443639408714E-005
  4.704839076534030E-005 -1.029281858393753E-005
  8.038542684478088E-008  2.219339386306283E-006
          51 -9.853904522253714E-005  3.603682058952061E-005
 -1.274694018642738E-005 -5.544869727388309E-005
  6.920386838406725E-007  1.808206065588841E-006
          52  2.750716069761277E-005  1.080636069079809E-004
 -5.933794986067256E-005  8.787744626312739E-006
  3.254364642239823E-007  1.191051230456357E-006
          53  1.103949047406434E-004 -1.708083993485586E-005
  4.951064541271679E-006  5.832536267916168E-005
 -2.526274549611404E-007  1.732194431497430E-006
          54 -8.574948802477660E-006 -1.081709746625801E-004
  5.639288361130696E-005 -1.459357201626868E-006
  3.357170970242697E-007  2.479655391029816E-006
          55 -1.051950998312481E-004  1.662989424207372E-006
  3.469105008821687E-006 -5.111653456009979E-005
  1.239988206990512E-006  2.174231462852997E-006
          56 -6.905877195314655E-006  1.031375063383710E-004
 -4.064321232379113E-005 -4.486767613711118E-006
  1.311027641720151E-006  1.503338297961058E-006
          57  9.924220836205078E-005  2.008248313000279E-005
  4.153377884890336E-006  3.187888797629823E-005
  1.018029732855475E-006  1.494117251378801E-006
          58  3.714838020877554E-005 -8.784870667985849E-005
  3.451386116336053E-005 -1.561895654738772E-005
  1.379172701544744E-006  1.680531318712733E-006
          59 -6.475846568764041E-005 -5.220141270263534E-005
 -1.757178225467557E-005 -4.518805355530502E-005
  1.777923217788331E-006  1.140065713892439E-006
          60 -5.608064698275819E-005  3.144701324919125E-005
 -5.067688505350273E-005  7.865235262771209E-006
  1.330791577991058E-006  6.463514478801418E-007
          61 -3.965053209394403E-006  4.172151746094527E-005
 -2.722960127357355E-006  4.520694885658306E-005
  8.691427561097430E-007  9.882250466652382E-007
          62  9.449505284742662E-006  2.935036376610402E-005
  3.436328017089872E-005  6.479764208525603E-006
  1.168078572027767E-006  1.554766582524583E-006
          63  3.460114507320059E-005  3.198935712050036E-005
  4.191248792413939E-006 -2.398401098392041E-005
  1.841709925685933E-006  1.527330493446285E-006
          64  6.899608694206639E-005 -1.765333179956849E-005
 -1.450082563068935E-005  3.245924457113527E-006
  2.171763042831444E-006  1.158076778807464E-006
          65  1.399223619166033E-005 -8.985918124645435E-005
  1.782593275891308E-005  1.040348489436339E-005
  2.411112636393895E-006  9.269841177861507E-007
          66 -9.088715219299132E-005 -4.737512676713296E-005
  1.978856674597821E-005 -3.437442320164091E-005
  2.812840790074631E-006  4.938154866657579E-007
          67 -7.133750546264899E-005  7.798191857650892E-005
 -3.855587732051385E-005 -4.115101177428740E-005
  2.850037508719313E-006 -3.738648281482036E-007
          68  6.217394090153814E-005  8.254356110788190E-005
 -5.854198116510313E-005  2.427938479368849E-005
  2.181255873057909E-006 -9.401620229811317E-007
          69  8.657111985416459E-005 -5.216734200239935E-005
  3.586908278774947E-006  5.862707417100740E-005
  1.585616731363892E-006 -7.021366637654129E-007
          70 -4.877469227529218E-005 -9.306477734670316E-005
  4.617634697949853E-005  7.345194563279244E-006
  1.740753207280804E-006 -3.265792496745824E-007
          71 -1.083073891088558E-004  4.479535001946909E-005
  6.082906045478272E-006 -3.529057993631338E-005
  2.158069015866646E-006 -5.688587994444263E-007
          72  3.053652673761167E-005  1.301954656641443E-004
 -3.213699348576445E-005 -8.129469321626217E-007
  2.076449241806306E-006 -1.137935321001883E-006
          73  1.489219791919231E-004 -9.069736057945740E-007
  3.560056789452038E-006  3.443685115358727E-005
  1.707251497938929E-006 -1.325961628622151E-006
          74  4.049168906493666E-005 -1.532468686681393E-004
  4.159721408353406E-005 -5.513471686604937E-006
  1.652978072266066E-006 -1.304628410153675E-006
          75 -1.375438204694092E-004 -8.275954490064901E-005
 -2.220938070174254E-008 -5.340310254403850E-005
  1.749688395071717E-006 -1.704893470357435E-006
          76 -1.138987250164862E-004  1.049956417859731E-004
 -6.093417207699625E-005 -1.792698786557791E-005
  1.217944320658559E-006 -2.315223822388252E-006
          77  6.538869173012304E-005  1.275818503374166E-004
 -4.125401620170470E-005  5.326237946256568E-005
  2.979747960156782E-007 -2.196091693787271E-006
          78  1.255711299857103E-004 -2.951182213848997E-005
  3.143657732531156E-005  5.455724720689943E-005
 -6.318890510399075E-008 -1.462834108017242E-006
          79 -3.188331087760928E-006 -1.148827943264029E-004
  5.193587456491687E-005 -9.403025819730463E-006
  3.453309326317220E-007 -9.806583426615987E-007
          80 -1.030796939814638E-004 -1.448685044201850E-005
  3.274961486835388E-006 -4.156913100012576E-005
  7.909038130898261E-007 -1.247592577861835E-006
          81 -2.812858580480350E-005  9.389834301060393E-005
 -3.249872864968598E-005 -8.663469231635128E-006
  6.081425844978652E-007 -1.733733122328761E-006
          82  8.624770790387337E-005  4.195488148361353E-005
 -1.135651398959216E-005  2.459733626070996E-005
  1.522478838738803E-007 -1.779744839398686E-006
          83  5.729146907290266E-005 -7.675596627371183E-005
  1.717471465646605E-005  1.059995816440732E-005
 -5.223841018374828E-008 -1.548757646428423E-006
          84 -6.321893977458007E-005 -7.256076754468669E-005
  6.318185029047513E-006 -1.406178121115738E-005
 -3.566469738093271E-008 -1.448807775602789E-006
          85 -8.508152845905605E-005  4.557615545725941E-005
 -1.727489967364589E-005 -4.885265380644024E-006
 -1.140507907616321E-007 -1.516849278121934E-006
          86  2.496961140029426E-005  9.342837510476053E-005
 -1.042229822090054E-005  2.069697181761605E-005
 -3.217626418055001E-007 -1.423152250697507E-006
          87  9.757036530945868E-005 -2.763655597952390E-006
  1.828668854532284E-005  1.901032594513755E-005
 -3.203238622694537E-007 -1.199177095620589E-006
          88  2.008008686822728E-005 -9.730490428427116E-005
  2.501596007936427E-005 -1.189837950846705E-005
 -1.155060064192799E-007 -1.191749974592327E-006
          89 -9.166229446386588E-005 -4.273168291204086E-005
 -4.612230915493299E-006 -2.997702478127332E-005
 -4.150456385085846E-008 -1.481212567217832E-006
          90 -6.336820915495298E-005  8.011168563344952E-005
 -3.562719627767109E-005 -6.315161403504216E-006
 -3.837587152974515E-007 -1.784393737422220E-006
          91  6.374829257844810E-005  7.905077977160659E-005
 -2.401580328439994E-005  3.591365507515810E-005
 -8.937588873440870E-007 -1.654754117064355E-006
          92  8.797749488343268E-005 -4.558543897920221E-005
  2.408963628253345E-005  4.160224320708567E-005
 -1.052610008606664E-006 -1.191037929204036E-006
          93 -2.969711847697773E-005 -9.146896673021889E-005
  4.883522271087316E-005 -4.233088685372374E-006
 -7.624662717512985E-007 -8.915799168869252E-007
          94 -9.354783395594010E-005  1.856021746325779E-005
  1.235086717660215E-005 -4.453122716351028E-005
 -4.154904571926498E-007 -1.153293877517121E-006
          95  1.063807246352570E-005  9.869289937241568E-005
 -3.625253979230577E-005 -2.155669468770934E-005
 -6.242735577155181E-007 -1.652415680667581E-006
          96  1.089860450859180E-004 -9.728950329566790E-007
 -2.651350510834390E-005  2.828163435235243E-005
 -1.224527420909234E-006 -1.722479407335016E-006
          97  1.557445654566804E-005 -1.221637420004602E-004
  1.949745166835613E-005  2.828882890615719E-005
 -1.619908512924014E-006 -1.360168048467023E-006
          98 -1.324333191569650E-004 -4.118822825835446E-005
  2.432066395278685E-005 -1.253779743889288E-005
 -1.605729753409874E-006 -1.019287979772702E-006
          99 -7.387303462731245E-005  1.340286217770982E-004
 -1.308507509063428E-005 -1.822397648837279E-005
 -1.570354949228436E-006 -9.943021028581432E-007
         100  1.243797745051693E-004  1.084041938154537E-004
 -1.867111192045208E-005  1.966048827951044E-005
 -1.801016685350082E-006 -9.845467556668330E-007
         101  1.394678851792186E-004 -1.044725112370167E-004
  2.247117592340019E-005  2.689256569046374E-005
 -2.043641820680273E-006 -7.309700809421853E-007
         102 -7.729544698675924E-005 -1.642423728656212E-004
  3.409898802989633E-005 -1.823398997893172E-005
 -2.062554798561186E-006 -4.249375860762376E-007
         103 -1.822957938496136E-004  4.540405425121640E-005
 -1.459269707587089E-005 -3.543811318569838E-005
 -2.077133283880636E-006 -3.370781806830138E-007
         104  9.616128910962758E-006  1.937020544923920E-004
 -3.834523169087163E-005  1.663779288905930E-005
 -2.344168385881407E-006 -1.505154197801734E-007
         105  1.972793423129637E-004  2.996440775822402E-005
  1.733739620345806E-005  4.974440021969264E-005
 -2.476199793740639E-006  4.247990490477749E-007
         106  7.179918397580122E-005 -1.904366974501905E-004
  6.389614045882068E-005 -7.814903686952623E-006
 -2.046972143867322E-006  9.329150159423256E-007
         107 -1.711079810767786E-004 -1.117804442584127E-004
  9.694122323678844E-006 -7.089227099802729E-005
 -1.568732072406903E-006  7.855919958489192E-007
         108 -1.441078068844834E-004  1.400078544053985E-004
 -6.953892859863663E-005 -2.721082392229066E-005
 -1.779954488408542E-006  4.795634902699384E-007
         109  1.012975215728223E-004  1.639587827552364E-004
 -4.305223128939978E-005  6.384249681267251E-005
 -2.270359404934318E-006  8.780998525445039E-007
         110  1.700895758443273E-004 -6.131318490516254E-005
  5.204691516746050E-005  5.885716009318104E-005
 -2.059764862025961E-006  1.739631901480126E-006
         111 -2.599591422835944E-005 -1.649582732197049E-004
  6.940223724824411E-005 -3.129603044623972E-005
 -1.195425720379441E-006  2.033282957701229E-006
         112 -1.531147799502074E-004 -1.785779605211774E-006
 -8.049802325562403E-006 -6.640054515026688E-005
 -6.538672874538623E-007  1.543783730483412E-006
         113 -2.252831982222601E-005  1.390602809820444E-004
 -5.281401726327292E-005 -5.713585454966497E-006
 -8.587171788113098E-007  1.096911005060683E-006
         114  1.253562899061796E-004  3.854822900976128E-005
 -7.618626837505358E-006  4.025759778791751E-005
 -1.254984565748767E-006  1.312336735385014E-006
         115  5.214165771680166E-005 -1.120572959381020E-004
  3.437151902238451E-005  6.313414354370807E-006
 -1.108439514976268E-006  1.808890849147786E-006
         116 -9.776823351695479E-005 -6.485470885320820E-005
  6.621705346728243E-006 -3.031418231746517E-005
 -6.639035734764923E-007  1.906438627260778E-006
         117 -7.672239589954386E-005  8.126187935347253E-005
 -2.562881584005496E-005 -5.168419029770871E-006
 -4.753143595424974E-007  1.767729352120330E-006
         118  6.158573800970234E-005  8.648261461694831E-005
 -8.405321911442105E-007  2.496462878602685E-005
 -4.706260657481553E-007  1.792739725773236E-006
         119  9.248133973348162E-005 -3.854191269550196E-005
  2.939971546060898E-005  9.629346822125658E-007
 -2.954251507918906E-007  1.956814052211991E-006
         120 -1.316679073427877E-005 -9.293448851733221E-005
  8.689422456798552E-006 -3.123916116896095E-005
  3.367202092403802E-008  1.944851290801517E-006
         121 -8.623518570928850E-005 -1.225636069519894E-005
 -2.429681399887136E-005 -1.648034078095157E-005
  1.666088169712006E-007  1.748564787055743E-006
         122 -3.504454984309855E-005  7.204307368855258E-005
 -1.659366956177065E-005  1.391289931181288E-005
  1.366074188751983E-007  1.706585492006715E-006
         123  5.227694567675063E-005  5.244489696411984E-005
  7.246319498545503E-006  1.156167152502237E-005
  1.986605837398667E-007  1.819824818951973E-006
         124  6.276268693833933E-005 -2.977772319519290E-005
  7.252645550111489E-006 -3.650502833341582E-006
  3.925055106781807E-007  1.910144357787843E-006
         125 -7.166263094922517E-006 -6.680484003709077E-005
  5.304023732316283E-007 -2.145640268993678E-006
  6.055829391842730E-007  1.903132635887503E-006
         126 -6.688868485302036E-005 -1.415254033548105E-005
  6.313574716855374E-006 -1.872452113219798E-006
  8.256101523914783E-007  1.898534788804502E-006
         127 -3.456608302779637E-005  6.458852348412627E-005
  3.722100167475560E-006 -1.335958529404579E-005
  1.094292017761302E-006  1.818604779506229E-006
         128  5.947902987204270E-005  5.573483859652715E-005
 -1.223443472350699E-005 -1.034581046918865E-005
  1.297055258024405E-006  1.636924357666326E-006
         129  7.801673276375307E-005 -4.968233524279890E-005
 -9.092352622938270E-006  7.686360250548533E-006
  1.433818297760979E-006  1.465042114254778E-006
         130 -3.291271176343884E-005 -9.911350357304937E-005
  1.069689191817203E-005  2.320530250649176E-006
  1.546109969588112E-006  1.304046114427849E-006
         131 -1.153693401907401E-004  8.986153920434104E-006
  1.940753759933838E-006 -2.258309566534489E-005
  1.660267577601381E-006  1.119590406085501E-006
         132 -1.906359453630225E-005  1.238003727033703E-004
 -3.300841250160203E-005 -1.202001942996610E-005
  1.673532108008077E-006  8.723365118128010E-007
         133  1.241566566964928E-004  4.664884169940878E-005
 -2.565256771745386E-005  3.504193182937541E-005
  1.553012685081230E-006  7.957791772260752E-007
         134  7.072711281893917E-005 -1.193526072660267E-004
  3.190835787634423E-005  3.684843209491730E-005
  1.621304124104669E-006  9.183475476459144E-007
         135 -1.133477816508153E-004 -9.165140528496354E-005
  4.682402519393666E-005 -2.659387382864994E-005
  1.989827307930021E-006  8.751116624409286E-007
         136 -1.128112755813682E-004  1.076098151743955E-004
 -1.712477222410000E-005 -5.510516708950739E-005
  2.264768436512428E-006  4.205049182841475E-007
         137  9.959399377225309E-005  1.379931388512691E-004
 -5.644265188812747E-005  5.185332459782589E-006
  2.072011275307344E-006 -5.078994232284179E-008
         138  1.676296741053387E-004 -8.404674685841461E-005
 -5.271709436776093E-007  5.147859324373027E-005
  1.765220956388099E-006 -7.833971583731810E-008
         139 -5.630015421332211E-005 -1.973267666679917E-004
  5.093817878256716E-005 -2.605218283170958E-006
  1.855281139241635E-006  5.356103251123134E-008
         140 -2.196888983649216E-004  1.571169441182027E-005
 -3.986232521768986E-006 -6.163868342834505E-005
  2.117275790864469E-006 -2.037367008261719E-007
         141 -3.326164043652805E-005  2.280759641884511E-004
 -7.543404136523128E-005 -6.973755459236664E-006
  1.967924080094727E-006 -6.515453516000665E-007
         142  2.200098121293256E-004  8.318602129471884E-005
 -2.694346460105471E-005  8.002242059979336E-005
  1.578487038669747E-006 -6.768273577821235E-007
         143  1.271749307090253E-004 -1.979452644812169E-004
  7.433412155640792E-005  4.560306004254388E-005
  1.603935086532375E-006 -3.861376769488166E-007
         144 -1.669854306820198E-004 -1.617020511277854E-004
  5.984010762845417E-005 -6.446196159302384E-005
  2.040782235973713E-006 -4.797603275766209E-007
         145 -1.869935815953627E-004  1.317473181476122E-004
 -5.143837934913277E-005 -7.205711372963609E-005
  2.162126288983797E-006 -1.068244646722279E-006
         146  9.439830142740155E-005  2.048180037609111E-004
 -7.940410107288760E-005  3.352843073344687E-005
  1.759901568909595E-006 -1.456902219107894E-006
         147  2.157773970415851E-004 -5.486915214864806E-005
  1.629465415357731E-005  7.747974856776942E-005
  1.451790532447684E-006 -1.338410474833637E-006
         148 -1.282110856382370E-005 -2.184630861261251E-004
  7.142633005417203E-005 -7.848475939185977E-006
  1.638490840209587E-006 -1.259689187215301E-006
         149 -2.106078479880132E-004 -2.985314303391520E-005
 -4.783761396464359E-006 -7.202921381071131E-005
  1.827380006456107E-006 -1.712402035571406E-006
         150 -6.863224164624307E-005  1.910437664279828E-004
 -7.901579522882161E-005 -4.476181529398224E-006
  1.451576462287499E-006 -2.233791329659264E-006
         151  1.616557289661306E-004  9.827094090869295E-005
 -2.265807551747204E-005  8.077840968813478E-005
  9.154784490845738E-007 -2.227101051686679E-006
         152  1.152230390830442E-004 -1.277193452271679E-004
  7.200511407532862E-005  3.940640062695510E-005
  8.534156160947383E-007 -1.984561172753990E-006
         153 -9.599100175017769E-005 -1.192595285755638E-004
  4.832852706175680E-005 -5.987129913830920E-005
  1.099863953136412E-006 -2.215392652335805E-006
         154 -1.138976562405496E-004  7.174060165346114E-005
 -5.036946842266269E-005 -5.453666770184818E-005
  8.612809296227188E-007 -2.854938445651865E-006
         155  5.722381816863430E-005  1.051485445756435E-004
 -6.212375516529826E-005  3.885173913400681E-005
  1.150784375802737E-007 -3.142625860981330E-006
         156  9.868150701895280E-005 -5.122172144639079E-005
  2.250138716537202E-005  6.484004420816994E-005
 -5.299230931830365E-007 -2.909888749651650E-006
         157 -4.972889854834659E-005 -9.799867789456754E-005
  5.832040216209392E-005 -8.932681572192047E-006
 -7.842593479395164E-007 -2.575923187246481E-006
         158 -1.038620011902899E-004  4.805490939456125E-005
 -5.614892873675893E-006 -5.116566879425159E-005
 -9.078632072725845E-007 -2.511480573810528E-006
         159  4.280085448980052E-005  1.144974099628576E-004
 -5.294785410985005E-005  5.698075808086276E-006
 -1.284604312041960E-006 -2.502832936571771E-006
         160  1.266807416869108E-004 -3.238711827563386E-005
 -1.851277833584801E-006  5.947242124441388E-005
 -1.725359568872473E-006 -2.186634515108291E-006
         161 -1.684161793571506E-005 -1.376334535029095E-004
  5.913193278261256E-005  1.591291578851323E-005
 -1.859756736224168E-006 -1.705269149488731E-006
         162 -1.456109187760171E-004 -2.549217804181767E-006
  2.663903935272937E-005 -5.132016941383305E-005
 -1.748383004630807E-006 -1.459972391456227E-006
         163 -2.447310373101701E-005  1.495290304792430E-004
 -4.422478261148708E-005 -3.203582302746543E-005
 -1.808116504156682E-006 -1.438085462111470E-006
         164  1.486945439141213E-004  4.815610126454484E-005
 -3.846126221263735E-005  3.954564324794347E-005
 -2.073653212716870E-006 -1.266009762846949E-006
         165  7.270703210482656E-005 -1.425356056880163E-004
  3.042255833372891E-005  4.632683798175682E-005
 -2.193677836216441E-006 -8.506895129772861E-007
         166 -1.304364981730256E-004 -9.634170251060434E-005
  4.841280577800906E-005 -1.650063790446794E-005
 -2.027690537374049E-006 -5.145470864468562E-007
         167 -1.164988919180250E-004  1.123801465850944E-004
 -6.352697487749219E-006 -4.303990432817069E-005
 -1.854378896633327E-006 -4.537518774930822E-007
         168  8.993962577819388E-005  1.305948305281190E-004
 -3.834177295985622E-005  3.294452162582795E-006
 -1.897253968863067E-006 -4.471161800761669E-007
         169  1.371240684113974E-004 -6.617519868692512E-005
  1.807903499646028E-007  3.846888977660808E-005
 -1.995748757378057E-006 -2.783657861486108E-007
         170 -4.448413843706508E-005 -1.366914700781980E-004
  3.725901011638693E-005  7.317337158931380E-006
 -1.972691958890215E-006 -4.989517310813817E-008
         171 -1.318413180373152E-004  2.709303875711006E-005
  1.279245174076383E-005 -3.033662208242806E-005
 -1.875486321860678E-006  9.093020316392467E-008
         172  1.419107283934658E-005  1.255952663490034E-004
 -2.409024629144072E-005 -1.094501957432388E-005
 -1.834182396909319E-006  1.646548550222713E-007
         173  1.197848946667240E-004 -4.277996243980785E-006
 -7.559777913658305E-006  2.506786045006193E-005
 -1.832130777700267E-006  2.803965277145763E-007
         174  4.307277977661036E-006 -1.144190236478876E-004
  2.893569568756326E-005  1.031307712804949E-005
 -1.776815549320400E-006  4.100780320769527E-007
         175 -1.084529746247394E-004 -1.197466334364140E-005
  1.698606415995145E-005 -2.820931587264337E-005
 -1.719074507438105E-006  4.620651538462116E-007
         176 -1.783497331866893E-005  1.014515223663401E-004
 -2.381350934129142E-005 -2.131066412988584E-005
 -1.763106079656224E-006  5.053718651264077E-007
         177  9.459346058075425E-005  2.092429924111943E-005
 -2.398787946912625E-005  2.004879661813239E-005
 -1.837141403366057E-006  6.621887134742258E-007
         178  2.178430923421192E-005 -8.999236216069843E-005
  1.460154806710638E-005  2.809502459435456E-005
 -1.820829902121389E-006  8.739852701822468E-007
         179 -8.885258409708082E-005 -2.290317972050193E-005
  2.897039299715243E-005 -3.940994032761756E-006
 -1.743950834514155E-006  1.032608504499750E-006
         180 -2.710419269947450E-005  9.004928287994727E-005
  5.680055280704158E-006 -2.040981667897549E-005
 -1.710383719047653E-006  1.151379212628759E-006
         181  9.022885914775838E-005  3.523770524598598E-005
 -7.829223295322536E-006 -4.699365761530727E-006
 -1.707893449302591E-006  1.349974051157499E-006
         182  4.519920139496056E-005 -8.611948853102774E-005
  4.311780718787745E-006  3.589010590813660E-006
 -1.601891235499990E-006  1.587593102857703E-006
         183 -7.735090248206539E-005 -5.300727564036581E-005
  8.940900419893296E-006 -9.003048365483624E-006
 -1.441819182666505E-006  1.757399928544284E-006
         184 -5.554615907920306E-005  6.719899579450288E-005
 -4.953337813770404E-006 -1.309863981339402E-005
 -1.313613307265396E-006  1.888242711250050E-006
         185  6.041452506782175E-005  5.326324367167823E-005
 -1.042021304347343E-005  4.596521202913668E-007
 -1.208882354920476E-006  2.049421724429957E-006
         186  5.066759144378913E-005 -6.004034726334694E-005
  1.301417153422854E-006  6.928450815887608E-006
 -1.059734094028935E-006  2.254249375983048E-006
         187 -6.514100341987139E-005 -5.320769125935501E-005
  7.354110558389919E-006 -3.372925355660657E-006
 -8.642234596828469E-007  2.461652705429293E-006
         188 -6.375245428950816E-005  7.066976696865593E-005
 -3.401001689426072E-006 -7.897502340310849E-006
 -6.066369924324963E-007  2.695516565290198E-006
         189  7.073942521938806E-005  8.112776768902988E-005
 -7.275127338029453E-006  6.031603350106878E-006
 -2.117042990688379E-007  2.887124539040141E-006
         190  1.010499808332563E-004 -6.238527101161263E-005
  1.191780356661621E-005  1.214048250437131E-005
  2.712714423574646E-007  2.959322746842687E-006
         191 -4.654798389237004E-005 -1.188772948451221E-004
  2.490544905280547E-005 -1.082304447303902E-005
  7.626662495961230E-007  2.829150398581788E-006
         192 -1.324606227955589E-004  2.580158936087308E-005
  3.328599483557262E-006 -3.388123653747687E-005
  1.106837015622698E-006  2.572718961036613E-006
         193  1.790062650317454E-006  1.423857847444337E-004
 -2.808472899211865E-005 -1.975095373886663E-005
  1.329246635468279E-006  2.323872789689592E-006
         194  1.489656468175134E-004  2.628774490440353E-005
 -2.355191745728462E-005  1.431723571524226E-005
  1.474464153220365E-006  2.125434758473588E-006
         195  6.041233242820623E-005 -1.499340186650735E-004
  8.774981306425547E-006  1.649971985456938E-005
  1.645394871407490E-006  1.992302305722483E-006
         196 -1.406194279973919E-004 -1.000513702093240E-004
  1.270696603078643E-005 -1.477309215323599E-005
  1.884042802825256E-006  1.794894035262748E-006
         197 -1.396058945075037E-004  1.166381880378401E-004
 -2.150122290615289E-005 -1.919196203721818E-005
  2.036713677776398E-006  1.496811212478869E-006
         198  7.768852152610300E-005  1.702566652068920E-004
 -3.038394990377075E-005  2.149732144310181E-005
  2.059758831854205E-006  1.236621786176457E-006
         199  1.844907375819956E-004 -2.985064704588652E-005
  1.590536862072941E-005  4.156593867688879E-005
  2.085654213383219E-006  1.101369988130511E-006
         200  1.687391604792111E-005 -1.803282312839988E-004
  5.275732159013490E-005 -4.755309195919234E-006
  2.235190924858818E-006  9.664654202666690E-007
         201 -1.627937316521373E-004 -5.399286957977454E-005
  1.475982385453407E-005 -5.904078528483055E-005
  2.406519635579218E-006  6.664887359016611E-007
         202 -7.877042428360840E-005  1.407762283867557E-004
 -5.113150981837677E-005 -3.648707808174710E-005
  2.375161664057150E-006  2.734809106292165E-007
         203  1.213011357645334E-004  9.468339216523460E-005
 -4.581873946297324E-005  3.129136323241942E-005
  2.184726322136871E-006  6.424461533587277E-008
         204  1.077779586103694E-004 -1.055697747999997E-004
  1.675634291615593E-005  3.804699705715632E-005
  2.127186983793982E-006  3.173576960948807E-008
         205 -8.974991034831890E-005 -1.215085367546194E-004
  2.745733147281000E-005 -1.944525551970367E-005
  2.240810387323280E-006 -1.165618470093967E-007
         206 -1.339969548518694E-004  6.952977512293755E-005
 -3.148229619832283E-005 -3.025424535569016E-005
  2.226331793889502E-006 -4.555742306385094E-007
         207  4.501307829930773E-005  1.399682961514514E-004
 -4.622631970984865E-005  3.709418163785684E-005
  1.966288634208907E-006 -6.702918048142379E-007
         208  1.358446993563925E-004 -2.195939139549064E-005
  3.079666875819492E-005  6.441379982247323E-005
  1.799435415138365E-006 -5.670603293122344E-007
         209 -8.189850165255704E-006 -1.241163532804374E-004
  7.820960686022757E-005 -1.617335263272638E-005
  2.026468096855561E-006 -5.000339013546510E-007
         210 -1.134673776369853E-004  7.725935709997462E-006
  4.489790083198408E-006 -8.526896024787659E-005
  2.331131440225539E-006 -8.927304103451666E-007
         211  1.683468064797834E-005  1.139220591732004E-004
 -8.053694589217779E-005 -2.789883601061982E-005
  2.177133212197717E-006 -1.526841681198761E-006
         212  1.304530056874124E-004 -2.483847398818346E-005
 -4.311517635174557E-005  6.258242919717001E-005
  1.646102938137454E-006 -1.822381683191105E-006
         213 -1.978584112415221E-005 -1.594885912155929E-004
  4.381715417067956E-005  4.063794205461973E-005
  1.264854408740964E-006 -1.718898174715660E-006
         214 -1.902980966790624E-004 -4.642440852401157E-006
  2.773168668772063E-005 -4.075132051646392E-005
  1.210888863275719E-006 -1.627207676294943E-006
         215 -4.587881934269988E-005  2.105819102032447E-004
 -5.415298027108984E-005 -2.336455155412918E-005
  1.167145824322669E-006 -1.782525489542426E-006
         216  2.129878172252908E-004  9.446758711537891E-005
 -3.624980192339748E-005  6.836658513880154E-005
  9.146110255209945E-007 -1.907085582492936E-006
         217  1.394396544566422E-004 -1.982472969736042E-004
  7.081654108013388E-005  5.821465234312699E-005
  7.462004600512398E-007 -1.829933393096608E-006
         218 -1.730160268058221E-004 -1.740540256381965E-004
  7.891383812802984E-005 -6.209879294507585E-005
  7.859092479803494E-007 -1.885683665452588E-006
         219 -1.984520408367573E-004  1.451157878243853E-004
 -4.629165253860669E-005 -9.593362430872384E-005
  6.727552991709513E-007 -2.210501388418683E-006
         220  1.190213377668636E-004  2.175551761062399E-004
 -1.070461123243396E-004  2.378797934631452E-005
  1.765571231985619E-007 -2.426127254465324E-006
         221  2.365226003277534E-004 -9.406269521963022E-005
 -1.718463805618785E-006  1.064146714248205E-004
 -3.208108214757844E-007 -2.177893256947074E-006
         222 -6.602963074573522E-005 -2.571708750927730E-004
  9.477409530656547E-005  1.938171730302300E-005
 -3.802050327865442E-007 -1.815542321929167E-006
         223 -2.771995812679581E-004  3.089021901370978E-005
  2.422215959169978E-005 -8.399539646788607E-005
 -2.724628432469562E-007 -1.804126716160952E-006
         224 -1.239653609101615E-005  2.918366990794945E-004
 -8.348175308264457E-005 -2.571374096828011E-005
 -4.648294150446115E-007 -1.944797410342315E-006
         225  2.968487824295039E-004  6.175385346991118E-005
 -3.565754806090691E-005  8.802102595321636E-005
 -7.838575067758120E-007 -1.775595823983880E-006
         226  1.133883626324604E-004 -2.907026602959397E-004
  8.686649495278964E-005  5.314230402656825E-005
 -7.465943480124755E-007 -1.470650092527254E-006
         227 -2.741893113636996E-004 -1.637918197429830E-004
  6.994210862574557E-005 -7.806417050624624E-005
 -5.272892975197981E-007 -1.567156697685630E-006
         228 -2.110434932016191E-004  2.486483533757936E-004
 -6.614905052240075E-005 -8.409613098384289E-005
 -7.246965945128832E-007 -1.943938599152924E-006
         229  2.145550873498971E-004  2.545453283016054E-004
 -9.766130776996250E-005  5.058629349381251E-005
 -1.349785210194193E-006 -1.947857947735103E-006
         230  2.932760768310359E-004 -1.713212033719963E-004
  2.819050275597778E-005  1.066102134114784E-004
 -1.721330184148031E-006 -1.380928618545520E-006
         231 -1.181371953230992E-004 -3.245119230307906E-004
  1.042285000225353E-004 -4.033738239820005E-006
 -1.461082092313568E-006 -8.998038867630616E-007
         232 -3.440629961362620E-004  5.577146807790314E-005
  1.186022805934603E-005 -9.360214676697087E-005
 -1.118140536778505E-006 -1.015699157943082E-006
         233 -1.200893175460386E-005  3.476105783692102E-004
 -8.526724367229535E-005 -1.889435412071702E-005
 -1.277140978848032E-006 -1.336850498685630E-006
         234  3.326203036487608E-004  7.866264642601235E-005
 -2.643050585760542E-005  8.247404917818978E-005
 -1.706191552005432E-006 -1.290313892898740E-006
         235  1.367475166797940E-004 -3.000850949503096E-004
  7.834577174484538E-005  3.854703284213596E-005
 -1.903184104457232E-006 -9.800583896614596E-007
         236 -2.551186607108089E-004 -1.801705168266785E-004
  4.962027892042450E-005 -6.905315718040464E-005
 -1.916536490542639E-006 -8.245974062797807E-007
         237 -2.062331768042746E-004  2.054633326261279E-004
 -5.939410107285901E-005 -5.656807471812647E-005
 -2.106792548214672E-006 -7.674650220897981E-007
         238  1.590117098604035E-004  2.167177766820548E-004
 -6.439232914298978E-005  5.141997341767075E-005
 -2.394158197980722E-006 -4.593678188987760E-007
         239  2.171147064229395E-004 -1.211904609417785E-004
  3.871173177771580E-005  7.462158535020440E-005
 -2.397146622836835E-006  2.815377612238915E-008
         240 -9.307600278586174E-005 -2.143111051320667E-004
  7.893563283631740E-005 -1.829741444538501E-005
 -2.151350626477397E-006  2.710787686383027E-007
         241 -2.137622939967283E-004  7.132547827767181E-005
  6.526251870415880E-007 -7.152652290101861E-005
 -2.089140737399563E-006  2.431058790580493E-007
         242  5.008786925732639E-005  2.171850691309374E-004
 -5.968579237699531E-005 -8.867208691254829E-006
 -2.335073743267778E-006  3.586321358086827E-007
         243  2.218870046433225E-004 -2.426763336736369E-005
 -1.027029699477047E-005  5.390228182984802E-005
 -2.513901343976796E-006  8.589738507821724E-007
         244  7.485737249301936E-006 -2.222092537525686E-004
  5.327076918634157E-005  1.429599030453520E-005
 -2.273674171498716E-006  1.455429295814468E-006
         245 -2.126944238501029E-004 -4.158283915044611E-005
  2.140248301893977E-005 -5.010730729740911E-005
 -1.776048953702400E-006  1.728425908086429E-006
         246 -7.094668409952386E-005  1.917114833932136E-004
 -4.401651761149131E-005 -2.582312453715090E-005
 -1.424926914013873E-006  1.714138387936445E-006
         247  1.633909187342728E-004  8.846623163518642E-005
 -2.819505035856339E-005  4.015767526837746E-005
 -1.256238009825977E-006  1.732184473589287E-006
         248  9.113580301483986E-005 -1.364403568874524E-004
  3.693168180516515E-005  3.393911877546059E-005
 -1.055506652358159E-006  1.821894250457412E-006
         249 -1.203143677789542E-004 -8.280715097110414E-005
  4.068002940394388E-005 -2.738997190286860E-005
 -8.163397496012331E-007  1.844692893131718E-006
         250 -7.326825101611643E-005  1.205193916240322E-004
 -1.341609502007854E-005 -3.910971387048843E-005
 -6.372129312491305E-007  1.820582500115343E-006
         251  1.349232069067897E-004  7.404031224654709E-005
 -2.795254284677485E-005  6.460891635143872E-006
 -4.900796297130109E-007  1.855042217681878E-006
         252  9.311924622139414E-005 -1.537485833245576E-004
  1.205669302321789E-005  1.845193965934873E-005
 -2.310561801084793E-007  1.889603177513846E-006
         253 -1.638093076503113E-004 -1.309284552815167E-004
  1.996496605762823E-005 -2.248845569058220E-005
  4.869808596847415E-008  1.734010343138229E-006
         254 -1.794654509410560E-004  1.544586502211154E-004
 -2.799571234749290E-005 -3.064111150180306E-005
  1.096613064925355E-007  1.481988125004503E-006
         255  1.221394134954900E-004  2.258694521798330E-004
 -4.470369499771385E-005  2.639372649973191E-005
 -1.338780845083621E-008  1.402981033302956E-006
         256  2.584476903904010E-004 -7.169759952216832E-005
  1.749860439622499E-005  6.008729130543570E-005
 -4.165618694757402E-008  1.566562155236996E-006
