   409.600000000000     
         256           1           3
  1.124309127438499E-002   38.9566848538222        112.853018017460     
   39.0000000000000        116.000000000000        6351.00000000000     
           0  0.000000000000000E+000  0.000000000000000E+000
  0.000000000000000E+000  0.000000000000000E+000
  0.000000000000000E+000  0.000000000000000E+000
           1 -4.297885745502607E-007  1.539086689064498E-007
 -4.284499616494745E-006  1.369379049461173E-008
  1.999740808234504E-006 -1.046136939125104E-007
           2 -4.333916993017491E-007  4.673813403483837E-007
 -4.567073009909013E-006 -4.061401207918293E-008
  2.081163016099507E-006 -2.817427951782446E-007
           3 -1.433282114074710E-007  9.581962698485397E-007
 -5.329854690425872E-006  9.490772225833548E-008
  2.123495715560313E-006 -5.599710232558387E-007
           4  8.192302868107069E-007  1.290996586275178E-006
 -6.430241388101312E-006  1.085097755240354E-006
  2.039180987553265E-006 -8.864984682152372E-007
           5  2.336043208646471E-006  4.872561424406226E-007
 -6.807078821217433E-006  3.288205281234696E-006
  1.819544330401341E-006 -1.158321452955116E-006
           6  2.851147957481208E-006 -2.197403262319247E-006
 -5.228612764797113E-006  5.659242782534166E-006
  1.530914841893516E-006 -1.262469111563084E-006
           7  8.370521103253060E-008 -5.187387362378125E-006
 -2.201223747350075E-006  5.983888170950440E-006
  1.352612431773857E-006 -1.231291957148363E-006
           8 -5.605329692760753E-006 -4.471555164498974E-006
 -5.597730312490166E-007  3.723150760743208E-006
  1.304130972497825E-006 -1.238460123008099E-006
           9 -9.319030001768966E-006  2.418270689537359E-006
 -2.261001868722767E-006  1.762030005368281E-006
  1.263780760315854E-006 -1.305553383237072E-006
          10 -4.560582459665599E-006  1.162323299288269E-005
 -5.169789513081882E-006  3.809104687195368E-006
  1.168688568232140E-006 -1.421613672683769E-006
          11  8.623473571958890E-006  1.317335869267502E-005
 -3.523505293412542E-006  9.369156009031532E-006
  1.006372762696354E-006 -1.421752270451924E-006
          12  1.929297160240824E-005  3.451491590167020E-007
  5.383346933365886E-006  1.088567197756890E-005
  1.105571747744357E-006 -1.268125941215801E-006
          13  1.279141544914467E-005 -1.892057463452937E-005
  1.352757368663952E-005  6.552040740836023E-007
  1.438723320643017E-006 -1.412635626390156E-006
          14 -1.060411247396433E-005 -2.383539144328065E-005
  6.541561425713098E-006 -1.650855509590731E-005
  1.770858873488252E-006 -2.062344429545816E-006
          15 -2.866341333093338E-005 -3.277194259267699E-006
 -1.834642214638563E-005 -1.980364045167311E-005
  1.454633264863196E-006 -3.113942769334964E-006
          16 -1.782516338518899E-005  2.535215890109563E-005
 -3.876189414702375E-005  5.914775999687219E-006
  2.877770903164935E-007 -3.834661745631236E-006
          17  1.605717312278297E-005  2.832982286531599E-005
 -2.455683491220083E-005  4.483250342753360E-005
 -1.358407267784261E-006 -3.611833168253452E-006
          18  3.322976230611483E-005 -5.018202632542477E-006
  2.436033298059516E-005  5.376499752295756E-005
 -2.254264888401349E-006 -2.045908281413285E-006
          19  4.524236707167486E-006 -3.491163792539032E-005
  6.061084288669972E-005  1.067735900998905E-005
 -1.501877628242606E-006 -5.426035376638797E-007
          20 -3.711740886317799E-005 -1.284329525309628E-005
  3.752691442739638E-005 -4.597423884332591E-005
  3.830127426568458E-009 -5.581764663903389E-007
          21 -2.354964800354327E-005  4.118512877368551E-005
 -2.640642117365733E-005 -4.863782537980764E-005
  5.260673555676444E-007 -2.062186822230156E-006
          22  4.417863543006043E-005  4.056702255182748E-005
 -5.087584471979517E-005  1.031060549186541E-005
 -8.094629522018337E-007 -3.037946693887894E-006
          23  6.379526709658408E-005 -4.051930061093517E-005
 -2.679046629902144E-006  4.822426334831236E-005
 -2.134535859752336E-006 -2.305297450147309E-006
          24 -2.570750873020509E-005 -8.780825884252842E-005
  4.061699412188811E-005  8.794562586381436E-006
 -2.102788676801544E-006 -1.207437070165100E-006
          25 -1.048158366878561E-004  6.580840140461690E-007
  2.974662841123344E-006 -3.690960448311211E-005
 -1.511414023216094E-006 -1.154206143041248E-006
          26 -2.763752077689655E-005  1.094608964286428E-004
 -4.860008730446821E-005  5.526109804116101E-006
 -2.010042923215393E-006 -1.574065406670311E-006
          27  1.027637841800116E-004  4.989143933051964E-005
 -1.047692958273242E-006  7.092130901197095E-005
 -2.905610244069010E-006 -7.351120005392961E-007
          28  6.023118075365160E-005 -9.186250139832743E-005
  8.353818403702206E-005  2.452580131467214E-005
 -2.272598315713468E-006  7.217454443029043E-007
          29 -8.558740980236651E-005 -5.963193661604983E-005
  4.677342647305899E-005 -7.670089639674975E-005
 -6.551143349586565E-007  5.276006453747054E-007
          30 -5.485606441324419E-005  8.857895375861042E-005
 -6.210336948381568E-005 -5.294852736136287E-005
 -6.325483723243586E-007 -1.035658865063782E-006
          31  9.865051205160580E-005  5.358884580672005E-005
 -4.743768439514042E-005  5.417258347831449E-005
 -2.155086639834858E-006 -1.177952122172426E-006
          32  5.894627908775753E-005 -1.088580130545534E-004
  5.376068642392301E-005  4.042367990650068E-005
 -2.460645209078344E-006  2.176954394763392E-007
          33 -1.126483028555873E-004 -6.767156628849511E-005
  3.350803923103898E-005 -5.650089167059933E-005
 -1.380127442384883E-006  5.057581727110047E-007
          34 -7.301434081319790E-005  1.084456104405948E-004
 -6.408815129426950E-005 -2.645053790659883E-005
 -1.425891639821326E-006 -4.084883502484018E-007
          35  1.003986774074950E-004  6.991001463293702E-005
 -2.591476003598085E-005  7.627244049372025E-005
 -2.561691719842951E-006 -7.183249415936756E-008
          36  5.859135298196319E-005 -9.504866785632879E-005
  8.278436985074531E-005  3.516759830897897E-005
 -2.328490633803291E-006  1.325655094070896E-006
          37 -9.664312800854711E-005 -4.411366152319174E-005
  4.337433660343495E-005 -7.596921341179035E-005
 -1.016807769336131E-006  1.367911333462913E-006
          38 -3.261775113363666E-005  1.044986384949944E-004
 -6.433867999029079E-005 -3.856647451049182E-005
 -1.012418839456800E-006  3.147564485554381E-007
          39  1.142483866104898E-004  2.742211316804254E-005
 -2.580766328807833E-005  6.207213591314392E-005
 -2.010335668556193E-006  5.230694506034471E-007
          40  2.772728645880366E-005 -1.215224633258934E-004
  6.873812796705159E-005  1.897064608004642E-005
 -1.789547482210309E-006  1.651647349374763E-006
          41 -1.248696160088445E-004 -3.040138684459906E-005
  2.055573900666746E-005 -7.256384311627847E-005
 -7.810335507088308E-007  1.609452878087486E-006
          42 -3.326451056710666E-005  1.254377268332593E-004
 -7.029712200699061E-005 -2.100653886845488E-005
 -8.219120810039599E-007  8.537321247930753E-007
          43  1.248392046497673E-004  3.701484787364392E-005
 -1.754274799539792E-005  6.930750983576359E-005
 -1.520497363170547E-006  1.130231516677747E-006
          44  4.341656640607297E-005 -1.226645021643885E-004
  7.223429271999680E-005  1.683745740427190E-005
 -1.202021573731115E-006  2.052838816527816E-006
          45 -1.159316635373168E-004 -5.238880765796265E-005
  2.087439140177812E-005 -7.183538124989546E-005
 -2.416519245294777E-007  1.887079936710597E-006
          46 -6.027718119411165E-005  1.017524065844581E-004
 -6.672407265191390E-005 -2.264282331710998E-005
 -2.981961747898391E-007  1.175843248554669E-006
          47  8.109620623143288E-005  6.115699536371141E-005
 -1.969014046970492E-005  6.386447022278996E-005
 -9.039982484760092E-007  1.417522995754725E-006
          48  5.021604050851880E-005 -6.022074963644897E-005
  6.558035539867730E-005  2.023240312172381E-005
 -6.087170774966831E-007  2.176662476328082E-006
          49 -4.785547690526408E-005 -2.815549806263866E-005
  2.675162523505644E-005 -6.310692328391513E-005
  3.045259041255706E-007  2.120437720089943E-006
          50 -2.599314651300809E-006  5.078806565005056E-005
 -5.245433213105978E-005 -2.982277315928484E-005
  4.664496406479250E-007  1.434911286733339E-006
          51  6.936424686303907E-005 -1.539432412793053E-005
 -2.175190148604474E-005  4.406272998420245E-005
  3.592449506169756E-008  1.366653886014702E-006
          52 -1.707835415466033E-005 -9.620522111274953E-005
  4.759528424612555E-005  1.161329102644115E-005
  1.996315557521600E-007  1.767366979514873E-006
          53 -1.196057107107070E-004  6.831138129020238E-007
  1.176071446040425E-005 -5.832816792768084E-005
  7.446208222937239E-007  1.638780099900950E-006
          54 -2.767899018547559E-005  1.299973395586618E-004
 -6.392011731406044E-005 -2.162988436443856E-005
  7.016350187685125E-007  1.069683483645744E-006
          55  1.246470351517360E-004  5.731207376496912E-005
 -3.263563302905705E-005  6.213566925735521E-005
  1.744835776432070E-007  1.144244151590580E-006
          56  7.953811569278807E-005 -1.078683489814420E-004
  5.645834894252623E-005  4.193866099699438E-005
  3.107433119972500E-007  1.802151130165643E-006
          57 -8.746856394675283E-005 -9.228446870463171E-005
  5.084539503039727E-005 -4.608594162859232E-005
  1.055248897186835E-006  1.884373667650220E-006
          58 -9.944507582495353E-005  6.879374754836123E-005
 -2.923384723303175E-005 -5.311463732730896E-005
  1.442533625351420E-006  1.318919969936511E-006
          59  5.093362862073105E-005  1.060351986373697E-004
 -4.301337016393828E-005  1.500568651833466E-005
  1.223953583088945E-006  9.333997295062067E-007
          60  1.127139468393163E-004 -2.834610798837574E-005
  1.589659574382773E-005  2.832013019480153E-005
  1.066948489497580E-006  1.094785768119520E-006
          61  2.699645837007507E-006 -1.134661036964106E-004
  2.582824476640128E-005 -2.791871701815307E-005
  1.410160190416188E-006  1.145254172452611E-006
          62 -9.881339407389509E-005 -3.844546502118938E-005
 -3.343214236747386E-005 -3.859759158080475E-005
  1.598499261759880E-006  7.612510057467037E-007
          63 -6.696851573114503E-005  6.382503698613549E-005
 -5.205078401119439E-005  2.275548067498577E-005
  1.351155686726411E-006  5.250811135606932E-007
          64  1.445901073441042E-005  7.366951760740667E-005
  4.811995393238052E-006  5.340621255815508E-005
  1.192573461619132E-006  7.642489290605215E-007
          65  5.068145002222978E-005  3.284967096209138E-005
  4.386307441666678E-005  9.023730048668318E-006
  1.575626990175754E-006  1.004050233899328E-006
          66  5.896443390665942E-005 -3.679732267567103E-006
  1.557109946249325E-005 -2.975037818360745E-005
  2.080800628771351E-006  7.519779867459444E-007
          67  4.936334500430205E-005 -5.277741312370808E-005
 -1.329455951109158E-005 -1.325478098464610E-005
  2.263150806610466E-006  2.551102259219982E-007
          68 -1.810890662905990E-005 -8.753065806554576E-005
  2.045643660365693E-006  1.094991674125069E-006
  2.239624250678310E-006 -1.206652196847201E-007
          69 -9.841078803879959E-005 -2.839467411233918E-005
  6.371124115410494E-006 -2.534766268390551E-005
  2.242499248614479E-006 -4.873761598286757E-007
          70 -6.746397491639748E-005  8.435156708179746E-005
 -3.730677528348270E-005 -3.208668983033986E-005
  2.072214577535570E-006 -9.894530519660619E-007
          71  5.921534393720122E-005  8.857827827227777E-005
 -5.992186820498489E-005  2.369600317430919E-005
  1.551405819613602E-006 -1.293222708844501E-006
          72  9.501538635538860E-005 -3.788178341304526E-005
 -5.624584781794434E-006  6.784334109377145E-005
  1.078497876513923E-006 -1.111896956471174E-006
          73 -2.613444938420195E-005 -9.911370799545207E-005
  5.482569307764382E-005  2.807178384272936E-005
  1.099747301521667E-006 -8.062032636270114E-007
          74 -1.114097582196366E-004  1.743936237180762E-005
  3.363804496530447E-005 -3.725482019276441E-005
  1.351088329435081E-006 -8.842589049505852E-007
          75 -1.062531322248476E-006  1.320482625729364E-004
 -2.748415676295701E-005 -2.990043176406071E-005
  1.349412272538013E-006 -1.269386817950546E-006
          76  1.500319862416016E-004  3.782644102234388E-005
 -2.504248298971252E-005  2.574494353089874E-005
  9.765005329476428E-007 -1.514556525030297E-006
          77  8.960275493732431E-005 -1.503727519588728E-004
  2.983321168564599E-005  2.290372951260495E-005
  7.132189005152076E-007 -1.377253505911534E-006
          78 -1.241012461695750E-004 -1.428190910698945E-004
  2.864321900698443E-005 -3.867306925936761E-005
  7.514473342472150E-007 -1.369641620483637E-006
          79 -1.813123979891604E-004  7.430976836098741E-005
 -4.325534981742272E-005 -4.747906123592564E-005
  6.296281174071648E-007 -1.640717105087250E-006
          80  1.345062327720297E-005  1.949259699678160E-004
 -7.216853008728630E-005  3.100247890931678E-005
  1.386719921140347E-007 -1.750632832242010E-006
          81  1.839776288648040E-004  4.424767795893131E-005
  1.209265107149452E-006  8.524006479633944E-005
 -2.911849264350415E-007 -1.333852698923608E-006
          82  8.948648964810126E-005 -1.564680157187951E-004
  7.818963003593302E-005  3.023707884938292E-005
 -9.768130224705950E-008 -8.106782474011368E-007
          83 -1.215574150779835E-004 -1.201185625836886E-004
  5.006656344318765E-005 -5.913272861058200E-005
  3.942013269832614E-007 -8.621836528926744E-007
          84 -1.388092645404713E-004  8.488967252030311E-005
 -3.967022039385914E-005 -5.910183096999437E-005
  4.611240648895917E-007 -1.371445362203836E-006
          85  4.860174014021838E-005  1.485732451987906E-004
 -6.286382692947015E-005  2.091686886506335E-005
 -2.373553202859925E-008 -1.653671768902955E-006
          86  1.502642089519650E-004 -1.336752572031907E-005
  1.842675378817243E-006  6.049967206284512E-005
 -4.625893433838987E-007 -1.358333535439875E-006
          87  1.969629761731910E-005 -1.440440891732380E-004
  5.038067618829287E-005  1.235070242688178E-005
 -3.882026119609688E-007 -9.688053174759570E-007
          88 -1.314755977957097E-004 -4.869088356133908E-005
  1.649096536690288E-005 -3.951864541859137E-005
 -1.212081925073514E-007 -9.855685530475161E-007
          89 -7.253865994182406E-005  1.153143090942728E-004
 -3.531191930994878E-005 -1.558932294640536E-005
 -1.424549749561992E-007 -1.235111580635502E-006
          90  9.760467053372372E-005  9.248902183053330E-005
 -1.820091033536434E-005  3.640483904228335E-005
 -4.143797274330087E-007 -1.277131858678617E-006
          91  1.107977252369593E-004 -7.830596745146213E-005
  3.673081103517186E-005  2.473306142636388E-005
 -4.887981052460587E-007 -1.085311395460134E-006
          92 -5.528362802454716E-005 -1.276975795267154E-004
  3.238257688582352E-005 -3.608435304845662E-005
 -3.279466654696339E-007 -1.119905118110500E-006
          93 -1.405490458012399E-004  2.645763456456727E-005
 -3.523377757400903E-005 -4.373390822791511E-005
 -4.380226796707512E-007 -1.432321369155274E-006
          94 -7.176839654616646E-006  1.456531130571953E-004
 -6.189342591894451E-005  2.685262602672798E-005
 -9.111516029813861E-007 -1.520785805307156E-006
          95  1.410622481973625E-004  4.124548488379654E-005
  3.059732057385845E-006  7.757405771417414E-005
 -1.281862944608107E-006 -1.135514220240137E-006
          96  7.118760988783097E-005 -1.284954231210433E-004
  7.651555937233866E-005  3.025732429034185E-005
 -1.130708387111905E-006 -6.896008164050964E-007
          97 -1.123991415971194E-004 -9.570886606075977E-005
  5.625922985513681E-005 -5.729316272118295E-005
 -7.653070431713916E-007 -7.564986256911700E-007
          98 -1.174011175941913E-004  9.607788455132525E-005
 -3.250963020742919E-005 -6.727973198107095E-005
 -8.038562558203557E-007 -1.181995107319269E-006
          99  7.817923312093835E-005  1.402832575148358E-004
 -6.901176452337257E-005  1.137693033981328E-005
 -1.355398073667648E-006 -1.372528055203288E-006
         100  1.658142258953833E-004 -5.336150813298140E-005
 -7.669860196195261E-006  6.680022554456027E-005
 -1.891899953562004E-006 -9.893664898554837E-007
         101 -1.630595596566574E-005 -1.898951054868431E-004
  5.803811548160514E-005  2.503046370672293E-005
 -1.914999636531862E-006 -4.286659074525422E-007
         102 -2.043084332734860E-004 -3.405879381279596E-005
  3.479732136013716E-005 -4.359954522834903E-005
 -1.663606329812783E-006 -2.158585065652391E-007
         103 -9.267435311422810E-005  2.012900490976380E-004
 -3.255949091176843E-005 -3.527653891758925E-005
 -1.644661896216036E-006 -3.097785678194153E-007
         104  1.776155675197310E-004  1.504443653929257E-004
 -3.544739460118169E-005  2.910486227020043E-005
 -1.934666632131607E-006 -2.074307520562413E-007
         105  1.986477553646174E-004 -1.357097391667184E-004
  2.557289993220933E-005  4.156333886934342E-005
 -2.079742371434168E-006  2.295794760530799E-007
         106 -8.147091540709101E-005 -2.321065084110294E-004
  4.699404773285388E-005 -1.576214984579994E-005
 -1.874043899868972E-006  6.219993004329804E-007
         107 -2.494241552322060E-004  2.081010373042585E-005
 -6.288165048427500E-006 -4.508320079674733E-005
 -1.628440091045470E-006  7.146816845283327E-007
         108 -4.202361900409060E-005  2.509199858744464E-004
 -4.283481369924114E-005  5.273868675529948E-006
 -1.611722666900934E-006  7.570098814075921E-007
         109  2.364584864088863E-004  1.037532519276168E-004
  6.373648084854443E-006  5.084549390686188E-005
 -1.614738627830744E-006  1.016310059312104E-006
         110  1.605798577539080E-004 -2.053652676247424E-004
  6.512806718783713E-005  3.324423966815081E-006
 -1.322467301176331E-006  1.307122176149349E-006
         111 -1.585671843853293E-004 -2.072973772368350E-004
  2.505767603383488E-005 -7.189927388249510E-005
 -9.487171955620667E-007  1.231977108473461E-006
         112 -2.382045908849172E-004  9.992777982321912E-005
 -6.621379890614667E-005 -4.805294486243445E-005
 -9.585146334757566E-007  9.878434248499059E-007
         113  3.602058388865032E-005  2.497808055366046E-004
 -6.678204170981472E-005  5.344809371876789E-005
 -1.203809517677340E-006  1.101065070759979E-006
         114  2.423031739216865E-004  2.556446653935237E-005
  3.581840264302534E-005  8.309538114255173E-005
 -1.174995587830408E-006  1.571709143458541E-006
         115  7.851525990612955E-005 -2.193762203502580E-004
  9.393145046763859E-005 -9.241143373935020E-006
 -6.424518759048461E-007  1.856335065941220E-006
         116 -1.859796269946565E-004 -1.196141189574966E-004
  2.245729364519393E-005 -9.019797905817308E-005
 -1.510807368153300E-007  1.553996896970667E-006
         117 -1.485398831953759E-004  1.472501591598900E-004
 -7.123566032644374E-005 -4.632899085144311E-005
 -2.228591694740285E-007  1.135619341974715E-006
         118  1.069746944906013E-004  1.663309532812272E-004
 -5.534712573524653E-005  4.908164129153536E-005
 -5.905626781535775E-007  1.161362588584303E-006
         119  1.749144539017527E-004 -6.718450500354824E-005
  3.224265625923179E-005  5.637434492725101E-005
 -6.351902683960960E-007  1.609650878952083E-006
         120 -2.875586933866656E-005 -1.763203427519040E-004
  5.629304112439897E-005 -1.829851158355106E-005
 -2.076390725892239E-007  1.901259326238622E-006
         121 -1.716047123093113E-004 -8.223868253220059E-006
 -4.208449417186348E-006 -5.216838979499114E-005
  1.985495915180313E-007  1.743927368984809E-006
         122 -4.429913076396792E-005  1.601108243136640E-004
 -4.249323419421905E-005 -4.015771862058871E-006
  2.612430587577994E-007  1.499440959554518E-006
         123  1.403434261420949E-004  7.915993086360924E-005
 -3.169733743806705E-006  3.531713953044187E-005
  1.889345371022013E-007  1.537760727072083E-006
         124  1.095774430479590E-004 -1.106483112168494E-004
  3.746503022902998E-005  2.574248310676041E-006
  3.762814584873361E-007  1.720144122927849E-006
         125 -7.095207806640834E-005 -1.303320098853847E-004
  1.207838733020751E-005 -4.077337950593719E-005
  7.216500021875186E-007  1.633815718144068E-006
         126 -1.364644481396390E-004  2.507259417431926E-005
 -3.352582718228536E-005 -2.654514892915754E-005
  8.599090623857484E-007  1.385850887349705E-006
         127 -1.954568251944816E-005  1.259335952529711E-004
 -3.248121259891375E-005  1.686307225308012E-005
  8.043631814476644E-007  1.259997960066577E-006
         128  1.012831298573849E-004  5.530374024578879E-005
  1.985272948243793E-006  2.754109832807395E-005
  8.084532363085919E-007  1.328416986547771E-006
         129  7.804271495165082E-005 -6.923725539824262E-005
  1.905556774243815E-005  6.378922186088785E-006
  1.014407426536383E-006  1.391642797305221E-006
         130 -3.659732975448254E-005 -8.822548349062661E-005
  1.147596584927835E-005 -1.042594819564627E-005
  1.255229379776658E-006  1.288312089530903E-006
         131 -8.995431544386585E-005  6.446481841172956E-006
  8.347639262743394E-007 -1.259143106345002E-005
  1.402374068273799E-006  1.112437410401522E-006
         132 -2.216077864030407E-005  8.688881450116810E-005
 -6.108329701569739E-006 -1.071460723947781E-005
  1.504201768453091E-006  9.508944314696034E-007
         133  7.879258604346075E-005  5.164459340257493E-005
 -1.124354105902629E-005 -3.265929105838731E-006
  1.593904237679156E-006  7.932780168700526E-007
         134  8.215402658263192E-005 -6.191614841069393E-005
 -3.989970902817175E-006  5.670270129364690E-006
  1.667169039196353E-006  6.112921129197557E-007
         135 -3.294692626150098E-005 -1.093161323152122E-004
  8.078769822608249E-006 -3.612535423130365E-006
  1.708843396886349E-006  4.121687707491894E-007
         136 -1.257402963588003E-004 -7.284725592915083E-006
 -4.402834217192300E-006 -2.322372050420331E-005
  1.698649199367905E-006  1.944575061029889E-007
         137 -5.287202777791488E-005  1.258928016661644E-004
 -3.754852203325307E-005 -1.170208773766451E-005
  1.586620744961312E-006  6.098753460843808E-009
         138  1.096479980412812E-004  9.547753880369156E-005
 -3.639214246679288E-005  3.691464024830178E-005
  1.426231720319899E-006 -3.178592126668045E-008
         139  1.291490271599902E-004 -8.195573783458249E-005
  2.229372464871507E-005  5.600124338393243E-005
  1.409028576736634E-006  8.158631048397311E-008
         140 -4.892763703498486E-005 -1.531592115966273E-004
  6.675873659565500E-005 -2.097106830245207E-006
  1.640364498086458E-006  1.128112010649305E-007
         141 -1.705333165191164E-004  1.320608382936249E-005
  2.073179889230709E-005 -6.981953934834983E-005
  1.897397291282507E-006 -1.679616662787056E-007
         142 -2.748197205424692E-005  1.835658754725095E-004
 -6.221429963036324E-005 -4.412054903436337E-005
  1.841277211415510E-006 -6.030362324188416E-007
         143  1.896388385213780E-004  7.718900886924782E-005
 -5.916972173793613E-005  4.417741997000186E-005
  1.534977366034368E-006 -7.866390524107255E-007
         144  1.365716393818524E-004 -1.809269455314303E-004
  2.710385102587019E-005  6.040046075747569E-005
  1.405749241266391E-006 -6.808244340746951E-007
         145 -1.488881055888694E-004 -1.992110122917261E-004
  5.801499105091988E-005 -2.160235929416498E-005
  1.567439778656277E-006 -6.976994950718824E-007
         146 -2.522850069101543E-004  9.018938810547427E-005
 -2.087888208322930E-005 -6.610364867008017E-005
  1.657633597217325E-006 -1.021319906190414E-006
         147  1.010499188661467E-005  2.816445642822109E-004
 -8.245196590975348E-005  9.155024914855799E-006
  1.418861414775049E-006 -1.330581849403065E-006
         148  2.783963199136615E-004  7.851109406590964E-005
 -1.637473051054595E-005  9.147849916238857E-005
  1.131265596818248E-006 -1.301086421390290E-006
         149  1.597933429833292E-004 -2.424289371342696E-004
  8.638399790930302E-005  4.420802650360424E-005
  1.183107336503321E-006 -1.170309401220993E-006
         150 -1.814267124148166E-004 -2.208709162847240E-004
  6.684687892970138E-005 -7.314754086638644E-005
  1.428178098986681E-006 -1.359394124590331E-006
         151 -2.555147574837302E-004  1.072027538884610E-004
 -5.517274403281110E-005 -8.680684734406036E-005
  1.418290122577132E-006 -1.888626965188765E-006
         152  3.122812847322802E-005  2.638272877857361E-004
 -1.017302817896389E-004  2.831369683151772E-005
  9.435026105884853E-007 -2.298514296268562E-006
         153  2.495976782338177E-004  3.827721639264298E-005
 -4.586323697403342E-006  1.021679282160178E-004
  4.532602234371507E-007 -2.251602679871209E-006
         154  9.658554841718547E-005 -2.178649289404789E-004
  8.734174091968645E-005  2.929172532387581E-005
  3.013553633053958E-007 -2.104231449931835E-006
         155 -1.734241449355549E-004 -1.405896955784056E-004
  3.943995992619552E-005 -7.181982998865290E-005
  2.820134781480242E-007 -2.241661980359392E-006
         156 -1.678894496039860E-004  1.207331599597927E-004
 -6.541186755281297E-005 -4.614334940364821E-005
 -6.488052082630701E-008 -2.561086632133097E-006
         157  6.538346869249479E-005  1.769675130379086E-004
 -6.118127725348460E-005  5.969264914793196E-005
 -7.038047677103714E-007 -2.528372791084776E-006
         158  1.678852793588271E-004 -1.436923950766433E-005
  4.279190864249504E-005  7.809688561308834E-005
 -1.097035843390762E-006 -2.106881621317798E-006
         159  2.543510007832884E-005 -1.436680473175886E-004
  8.462022402881667E-005 -1.823423023980388E-005
 -1.087015488857637E-006 -1.770344420154305E-006
         160 -1.110340117241669E-004 -4.941863121001407E-005
  2.491397198886210E-006 -8.085483073027908E-005
 -1.074837738088171E-006 -1.789929374676488E-006
         161 -5.677777732868157E-005  7.861708043943152E-005
 -7.547916998812606E-005 -1.908619307491256E-005
 -1.395622347599188E-006 -1.817779227961685E-006
         162  5.371440454343816E-005  5.154288940138484E-005
 -3.750651608912910E-005  6.773946558125624E-005
 -1.763994844710504E-006 -1.524989811672161E-006
         163  4.119380319307672E-005 -3.985337662455632E-005
  5.056472238061780E-005  5.391747878582952E-005
 -1.864509005797046E-006 -1.060727832679310E-006
         164 -3.562744911230951E-005 -3.307311776165829E-005
  5.723336101428795E-005 -2.767195860408695E-005
 -1.698829356384410E-006 -7.625391029246329E-007
         165 -3.114009442374321E-005  3.567249730691901E-005
 -1.248403518470115E-005 -4.884871325807853E-005
 -1.596407920104131E-006 -7.125003460220347E-007
         166  3.383278599208041E-005  3.470128369645856E-005
 -4.239896857244620E-005  8.575505310693120E-006
 -1.667406068885044E-006 -6.500400088297728E-007
         167  3.949183701260977E-005 -2.667004181666979E-005
  4.849292527374389E-006  4.402630281758458E-005
 -1.737307726205542E-006 -4.582963778985086E-007
         168 -1.482298851918462E-005 -4.045056109723623E-005
  4.517279885729020E-005  5.548070945568489E-006
 -1.685222075417402E-006 -2.534949925351944E-007
         169 -3.474154201093389E-005  1.987930853418313E-006
  1.624595775507958E-005 -3.926591232502917E-005
 -1.592663558437686E-006 -1.553702571637313E-007
         170 -7.450328799273620E-006  2.279747835823426E-005
 -3.186721114303339E-005 -2.135326034248567E-005
 -1.579142704054898E-006 -1.171722621799376E-007
         171  7.198107149077660E-006  1.058367564249131E-005
 -2.594359014782843E-005  2.802904011354564E-005
 -1.629950444915530E-006 -1.823845786533200E-008
         172  6.537822530250809E-006  9.068257895809902E-006
  2.205424037660048E-005  3.467101833741830E-005
 -1.625172326093796E-006  1.538552715081136E-007
         173  2.348594041074146E-005  4.484074188373033E-006
  4.144961293135935E-005 -8.293595261086027E-006
 -1.530733474057564E-006  2.791262807948888E-007
         174  2.206504910795121E-005 -3.366222073643106E-005
  7.709770906955527E-006 -3.950165479257163E-005
 -1.456111370512738E-006  2.993805045874547E-007
         175 -3.651380078194440E-005 -4.505839112279392E-005
 -3.248845550249882E-005 -1.882235342345837E-005
 -1.499237218136128E-006  2.960162523297006E-007
         176 -7.030300634296346E-005  2.871752152730051E-005
 -2.799977056288898E-005  2.563783432720945E-005
 -1.620937084122587E-006  4.101693323171620E-007
         177  8.821878853254866E-006  9.207374808980848E-005
  1.415470698536135E-005  3.918543638107114E-005
 -1.656444626806298E-006  6.580980512128705E-007
         178  1.037225966195400E-004  2.051953820569370E-005
  4.428871815348342E-005  7.505455227346747E-006
 -1.532743592846273E-006  8.857984315888147E-007
         179  5.239778326342690E-005 -1.012718398322156E-004
  3.040757182477321E-005 -3.284973130790162E-005
 -1.354489851963629E-006  9.682815750977557E-007
         180 -8.628669776421759E-005 -7.841180301094999E-005
 -1.022779415902753E-005 -3.920820481233669E-005
 -1.281829293942951E-006  9.402772567300405E-007
         181 -9.326201445970767E-005  6.536690429797408E-005
 -3.261990207089403E-005 -7.140704553374444E-006
 -1.362604162343972E-006  9.712597371535940E-007
         182  4.650363718952570E-005  9.800271361845361E-005
 -1.303137836058051E-005  2.330270611707924E-005
 -1.449296256685853E-006  1.169301866627086E-006
         183  9.889495981403299E-005 -3.427701734918726E-005
  1.868910336391375E-005  1.452154599412248E-005
 -1.398854766228811E-006  1.462182044866770E-006
         184 -2.713340826476473E-005 -1.027835452029275E-004
  1.625536396570173E-005 -1.526906840667317E-005
 -1.209281201090329E-006  1.685324029307974E-006
         185 -1.125692418887591E-004  1.884926407260000E-005
 -1.247136280551853E-005 -1.545726250677036E-005
 -1.042029384737195E-006  1.798513167853324E-006
         186  3.511872391761676E-006  1.257166308832355E-004
 -1.443078290667621E-005  1.546641708924659E-005
 -9.339464948231320E-007  1.953049391577131E-006
         187  1.361408682588095E-004  2.057956263812030E-005
  2.131642695235072E-005  2.232793038068022E-005
 -7.573886870133322E-007  2.194916400838805E-006
         188  5.103928135967284E-005 -1.387228342563203E-004
  3.826483705265933E-005 -1.672892845120446E-005
 -4.111678418958124E-007  2.408149490443250E-006
         189 -1.320478647327691E-004 -8.373009813962091E-005
  1.699345125567040E-006 -4.679113184448081E-005
  1.643446672797096E-008  2.414749559943408E-006
         190 -1.157675154863716E-004  1.169674511572169E-004
 -3.850644974127096E-005 -1.916329565893274E-005
  2.871569473160532E-007  2.299044844392088E-006
         191  9.333008518823870E-005  1.461764451950914E-004
 -2.307109349212878E-005  2.521084834268893E-005
  4.824111282775134E-007  2.263067458831331E-006
         192  1.735673223766470E-004 -5.888871136685227E-005
  2.141531352997757E-005  2.100417514265950E-005
  7.664949592544881E-007  2.266587428493980E-006
         193 -1.135410537456295E-005 -1.927113439238618E-004
  2.753188379112198E-005 -2.283409749979140E-005
  1.144704941028866E-006  2.134004040884405E-006
         194 -1.951698462704408E-004 -4.777821188664843E-005
 -1.484722410537357E-005 -4.076732714548075E-005
  1.395055301553646E-006  1.813294731699767E-006
         195 -1.100263215022284E-004  1.737564017654370E-004
 -4.664569966004461E-005 -4.175658080341413E-006
  1.419442421296951E-006  1.526916858941591E-006
         196  1.273927741971133E-004  1.618507715657555E-004
 -2.317982050678791E-005  3.948765150762177E-005
  1.399431637460677E-006  1.449214945191757E-006
         197  1.911179595037569E-004 -6.325371589094194E-005
  2.533434475081787E-005  3.577628384672048E-005
  1.552274763243079E-006  1.458207900471236E-006
         198  5.715758010481035E-006 -1.930463257315328E-004
  4.267811155576595E-005 -6.824416349618847E-006
  1.839104351795442E-006  1.318473419444847E-006
         199 -1.710091195186596E-004 -6.723906143759081E-005
  1.660973700148792E-005 -4.002791551530604E-005
  2.058752858709445E-006  9.957542920492902E-007
         200 -1.149723246622291E-004  1.328692298366222E-004
 -2.125029974650254E-005 -3.574050082048870E-005
  2.092433869813905E-006  6.018967065369333E-007
         201  8.530719554337883E-005  1.482004604965718E-004
 -3.549364100277878E-005 -5.688090805366168E-006
  1.950032791962315E-006  3.116435472256606E-007
         202  1.673682827643979E-004 -3.087050273531244E-005
 -2.009263303519040E-005  1.719784304296080E-005
  1.796681223367295E-006  1.946618354719370E-007
         203  2.957066562275937E-005 -1.699141559392457E-004
  2.183683770139668E-006  1.371653840052229E-005
  1.743650512141048E-006  1.714769041300334E-007
         204 -1.504855066466214E-004 -9.151877714689317E-005
  2.701868546292292E-006 -5.959441049519273E-006
  1.811541891133903E-006  1.145569868071204E-007
         205 -1.441188180701321E-004  1.060787742185790E-004
 -2.008179324722444E-005 -6.167248969265639E-006
  1.890588684894791E-006 -6.218979196822613E-008
         206  4.207904810313376E-005  1.735546784286127E-004
 -2.411648773840424E-005  2.618985376562103E-005
  1.863803449470238E-006 -2.786516983052828E-007
         207  1.709854767323851E-004  2.661822441735745E-005
  1.761641951792920E-005  4.400624234171639E-005
  1.793478213147940E-006 -4.138292239600086E-007
         208  8.151623733214174E-005 -1.394429919683577E-004
  5.746501384696878E-005  1.732612107767578E-006
  1.795023126921810E-006 -5.241663676242424E-007
         209 -9.375342710058164E-005 -1.102901149269790E-004
  2.829255887957849E-005 -6.024866526416099E-005
  1.814992154206118E-006 -7.281572187169314E-007
         210 -1.137650272756851E-004  5.264265177503370E-005
 -4.636845576253335E-005 -5.553496866550613E-005
  1.727448908656222E-006 -9.886185704238959E-007
         211  2.814120245038158E-005  1.047709915971022E-004
 -6.844192523403409E-005  1.709233883185110E-005
  1.528820266973164E-006 -1.167139140128851E-006
         212  9.910854729876748E-005 -1.911705036973874E-005
 -9.559028154480999E-006  5.754488000088864E-005
  1.371989451800880E-006 -1.217209192100138E-006
         213 -1.353533925427678E-005 -1.052407497622258E-004
  3.622661254549112E-005  1.426093434236848E-005
  1.328223152486094E-006 -1.307315470812963E-006
         214 -1.194826027536935E-004 -1.899393670827476E-006
  4.416756896730679E-007 -2.945605327304269E-005
  1.229151075130068E-006 -1.510548403715028E-006
         215 -3.190742400263058E-005  1.294840297374528E-004
 -4.468565303267860E-005  8.458418080638375E-006
  9.719838611243097E-007 -1.679710529477927E-006
         216  1.236660479237579E-004  6.961599690751165E-005
 -3.310207867766654E-006  6.609502482559260E-005
  6.866794819309920E-007 -1.655460468161616E-006
         217  1.016315454089471E-004 -9.981088561576082E-005
  7.599878899276400E-005  3.053892429987322E-005
  5.948892079811021E-007 -1.534382824260365E-006
         218 -6.643185514819184E-005 -1.171744199181248E-004
  6.076642227038884E-005 -6.982552126199237E-005
  6.462486851073054E-007 -1.591281015679814E-006
         219 -1.153277633143399E-004  3.650249422120684E-005
 -4.896366575082994E-005 -8.628521609411617E-005
  5.371160971300779E-007 -1.848312311770115E-006
         220  1.892958750722642E-005  1.050554447526708E-004
 -9.944578959121490E-005  1.569590498702487E-005
  1.562645639906166E-007 -1.993870541059346E-006
         221  9.825248700319173E-005 -1.326539263087378E-005
 -1.953018734250423E-005  9.139386990181833E-005
 -2.082270988079204E-007 -1.819717782476946E-006
         222 -1.089810162993563E-005 -1.014686538120687E-004
  6.648623674902793E-005  3.877157620659932E-005
 -2.834164138615422E-007 -1.571571207564835E-006
         223 -1.122755452182430E-004  1.808020929649272E-006
  3.554345653074555E-005 -4.534491111985289E-005
 -2.303500952919553E-007 -1.534766644329517E-006
         224 -1.801391517340573E-005  1.218723423493487E-004
 -4.380583819310052E-005 -2.575841090052390E-005
 -3.348555769707072E-007 -1.642150561249290E-006
         225  1.216013979739878E-004  4.424916207657721E-005
 -2.949447988915683E-005  5.477059306372594E-005
 -5.997242155278546E-007 -1.611810468746265E-006
         226  6.800886398726784E-005 -1.094192637058408E-004
  5.964263672697045E-005  4.884457328066467E-005
 -7.383810020473360E-007 -1.395353391980898E-006
         227 -9.123046327799552E-005 -8.216509376370349E-005
  7.133828947110208E-005 -5.007550687138146E-005
 -6.704177090861039E-007 -1.277978070478308E-006
         228 -8.640939870793568E-005  7.640323133106088E-005
 -2.935939204916257E-005 -8.803411135704478E-005
 -6.640263248472284E-007 -1.379134954055696E-006
         229  7.091285185941587E-005  8.771216895300468E-005
 -9.563203179239148E-005  1.201285848338707E-006
 -8.860773277865069E-007 -1.475959923478417E-006
         230  9.576136996639807E-005 -7.307287515448384E-005
 -3.012057025357641E-005  8.845017900732385E-005
 -1.173319461275754E-006 -1.342046056245800E-006
         231 -7.400410004512124E-005 -1.161546871807873E-004
  6.405099291846164E-005  5.191335357195447E-005
 -1.266114092026372E-006 -1.089658440382969E-006
         232 -1.462620524006538E-004  6.255544326575795E-005
  5.177572201841438E-005 -3.528320181084558E-005
 -1.221655942584464E-006 -9.715574887203116E-007
         233  3.213105722607042E-005  1.760266619389340E-004
 -2.223314798962387E-005 -3.531863419441977E-005
 -1.267588482772039E-006 -9.802523810522650E-007
         234  1.928347278635179E-004  1.497694842776466E-005
 -2.346167436262177E-005  2.925919574681626E-005
 -1.423275462752776E-006 -9.154984339147776E-007
         235  6.838977893317038E-005 -1.879301659144033E-004
  4.135728027362265E-005  2.899994702023077E-005
 -1.511717836938976E-006 -7.618872468498254E-007
         236 -1.610828935628401E-004 -1.147696170543413E-004
  4.612380254005827E-005 -4.376527372054327E-005
 -1.533722635479833E-006 -6.835103511685604E-007
         237 -1.440116377440875E-004  1.205260575043441E-004
 -3.439129537621982E-005 -6.464649857189493E-005
 -1.660809224229070E-006 -6.748754071088295E-007
         238  7.833940964239293E-005  1.537398349035976E-004
 -8.028369226250729E-005  1.490171897490233E-005
 -1.919947053367430E-006 -5.541170775290348E-007
         239  1.495838050273446E-004 -4.432560995649018E-005
 -1.555814949292097E-005  8.687066034109890E-005
 -2.132522012799833E-006 -2.148836870680563E-007
         240 -2.156063742573283E-005 -1.410277206513784E-004
  7.312908011993641E-005  4.991908105551351E-005
 -2.111022984562375E-006  1.912742293340900E-007
         241 -1.355283539922967E-004  5.916302682956701E-006
  6.904069532966814E-005 -3.851884478018185E-005
 -1.949341503549391E-006  4.422672995908844E-007
         242 -1.018900423745139E-005  1.342102125717452E-004
 -2.463167093994328E-006 -6.035959317321272E-005
 -1.860185547337799E-006  5.651154660134231E-007
         243  1.317297860885049E-004  3.194789183691385E-005
 -3.466964838582049E-005 -1.371320066291655E-005
 -1.860108290622991E-006  7.433690394564226E-007
         244  5.778145258675122E-005 -1.203157262153467E-004
 -8.653967465502674E-006  1.359160752146803E-005
 -1.800421656823971E-006  1.022514954893332E-006
         245 -9.579141529405519E-005 -7.920580879049817E-005
  6.192417140129240E-006 -3.646787658866058E-006
 -1.602892258433441E-006  1.283236475226430E-006
         246 -8.559882670594627E-005  6.203556466277667E-005
 -1.365331676437366E-005 -8.058070299753799E-006
 -1.366019937366019E-006  1.428060377311906E-006
         247  3.098630931702657E-005  7.119553376226452E-005
 -1.579546054933361E-005  1.978285197265611E-005
 -1.162786021893658E-006  1.539994229056107E-006
         248  4.022981631432486E-005 -1.735527765594863E-005
  1.776240482862385E-005  2.835483375718476E-005
 -9.182626243695933E-007  1.640068515059114E-006
         249 -3.032103978018146E-005 -7.133323553626491E-006
  3.669242474502501E-005 -3.073410892605690E-006
 -6.485575353240221E-007  1.645018225508619E-006
         250  9.097905877535663E-006  6.741788891894409E-005
  1.574126522962414E-005 -2.858879724417350E-005
 -4.439754504974057E-007  1.565584728646172E-006
         251  1.139813512701317E-004  5.601873529834699E-006
 -6.763559834984425E-006 -2.026385219370317E-005
 -3.335804105805524E-007  1.490111262703630E-006
         252  5.260387466989056E-005 -1.487948095557068E-004
 -4.290366202713141E-006 -9.473198435460206E-006
 -2.372494109401389E-007  1.472721821484137E-006
         253 -1.538560220074022E-004 -1.193073615904391E-004
 -5.614586449480485E-006 -1.830160338303062E-005
 -1.059647371694938E-007  1.448139985059260E-006
         254 -1.847993223454924E-004  1.230769655137921E-004
 -3.036398022470626E-005 -1.382587609261872E-005
  5.847454300623014E-009  1.378605343409497E-006
         255  6.456813154593691E-005  2.296575920826606E-004
 -3.607813925701783E-005  2.717741077828715E-005
  5.469657503615472E-008  1.318577005576589E-006
         256  2.448078562289975E-004  4.713338331851833E-006
  1.185116291132102E-005  5.337470620092811E-005
  1.086257639723936E-007  1.326622206465125E-006
