   5120.00000000000     
         256           1           3
  8.994473019507991E-004   38.6007452116634        113.830878743556     
   18.8300000000000        145.590000000000        6160.02000000000     
           0  0.000000000000000E+000  0.000000000000000E+000
  0.000000000000000E+000  0.000000000000000E+000
  0.000000000000000E+000  0.000000000000000E+000
           1  0.000000000000000E+000  0.000000000000000E+000
  4.455013440454984E-009 -8.095553245637611E-011
 -2.032740351045751E-008  7.523044414857188E-012
           2  0.000000000000000E+000  0.000000000000000E+000
  4.414573252929325E-009 -6.863678736617222E-011
 -2.255554264150757E-008 -1.021298640657512E-009
           3  0.000000000000000E+000  0.000000000000000E+000
  4.416452884610160E-009  9.331211554593344E-011
 -2.752703067872151E-008  3.747671478885763E-010
           4  0.000000000000000E+000  0.000000000000000E+000
  4.669725442667160E-009  4.885527029693166E-010
 -3.398142479189099E-008  7.733905973642169E-009
           5  0.000000000000000E+000  0.000000000000000E+000
  5.656402215023530E-009  8.890784631863740E-010
 -3.492583461937834E-008  2.355465700829010E-008
           6  0.000000000000000E+000  0.000000000000000E+000
  7.453578327923012E-009 -4.617648733425669E-011
 -2.027497094379315E-008  4.096785720504897E-008
           7  0.000000000000000E+000  0.000000000000000E+000
  7.388751105325527E-009 -1.927041540447449E-009
  9.418822785908377E-009  4.433736013288656E-008
           8  0.000000000000000E+000  0.000000000000000E+000
  7.251503559439008E-009 -3.064700379531626E-009
  4.022086601316585E-008  1.659461879522867E-008
           9  0.000000000000000E+000  0.000000000000000E+000
  6.636588130081092E-009 -4.465233274301841E-009
  3.412248515795118E-008 -3.768836305450337E-008
          10  0.000000000000000E+000  0.000000000000000E+000
  5.685377859658274E-009 -5.327360979173788E-009
 -2.764644169243889E-008 -7.019735828342370E-008
          11  0.000000000000000E+000  0.000000000000000E+000
  4.501110313295646E-009 -7.751738173171642E-009
 -1.065918629862313E-007 -2.929254347185155E-008
          12  0.000000000000000E+000  0.000000000000000E+000
 -2.082213556454083E-009 -5.390248544632910E-009
 -1.179768764536898E-007  8.984370485109937E-008
          13  0.000000000000000E+000  0.000000000000000E+000
  2.209359714807861E-010  1.559980965727991E-009
  4.081454474342410E-009  1.695234452730400E-007
          14  0.000000000000000E+000  0.000000000000000E+000
  6.928698759883874E-009  1.842678947498729E-009
  1.509763244809541E-007  9.596173838128718E-008
          15  0.000000000000000E+000  0.000000000000000E+000
  1.098504858989403E-008 -3.580075414354015E-009
  1.674946502764093E-007 -8.685158085515720E-008
          16  0.000000000000000E+000  0.000000000000000E+000
  9.722386810452435E-009 -1.230107061701066E-008
  1.529621548737782E-009 -2.113786586542819E-007
          17  0.000000000000000E+000  0.000000000000000E+000
 -4.166012289384089E-009 -1.500289779024618E-008
 -2.149353311032077E-007 -1.146709071930651E-007
          18  0.000000000000000E+000  0.000000000000000E+000
 -8.568759062912393E-009 -2.570695882136192E-009
 -2.317299423142649E-007  1.320505142667216E-007
          19  0.000000000000000E+000  0.000000000000000E+000
 -1.389235386898234E-009  4.821212300637870E-009
 -2.651105014722322E-008  2.809348570732703E-007
          20  0.000000000000000E+000  0.000000000000000E+000
  7.562096404671318E-009  3.448461387537911E-009
  2.227105512093818E-007  1.843761939805900E-007
          21  0.000000000000000E+000  0.000000000000000E+000
  1.277241313912601E-008 -4.428024950819193E-009
  2.767345565131429E-007 -9.367475834571157E-008
          22  0.000000000000000E+000  0.000000000000000E+000
  7.583532745240427E-009 -1.780420943020301E-008
  4.976671202795740E-008 -2.941348929620362E-007
          23  0.000000000000000E+000  0.000000000000000E+000
 -8.912296584109830E-009 -1.202318887002979E-008
 -2.280548664131605E-007 -1.853521405128403E-007
          24  0.000000000000000E+000  0.000000000000000E+000
 -6.441527707957698E-009 -4.663422900882327E-011
 -2.898603756114775E-007  8.359173578868805E-008
          25  0.000000000000000E+000  0.000000000000000E+000
  1.778176343140220E-009  2.192556560768909E-009
 -1.078873920108787E-007  2.952775932877740E-007
          26  0.000000000000000E+000  0.000000000000000E+000
  7.881493645496407E-009 -2.397325670286508E-009
  1.768842080064579E-007  2.630778471732716E-007
          27  0.000000000000000E+000  0.000000000000000E+000
  8.327995459120867E-009 -1.348282040690591E-008
  3.006079016752065E-007  2.625968039048206E-009
          28  0.000000000000000E+000  0.000000000000000E+000
 -9.949778905818611E-009 -1.458136435787968E-008
  1.628594088524204E-007 -2.158019568290696E-007
          29  0.000000000000000E+000  0.000000000000000E+000
 -8.109502493582690E-009  6.846715975341823E-010
 -8.257471839461917E-008 -2.691669520377369E-007
          30  0.000000000000000E+000  0.000000000000000E+000
  1.340760078921212E-009  1.417236157133582E-009
 -2.972070033380895E-007 -7.580971815424114E-008
          31  0.000000000000000E+000  0.000000000000000E+000
  5.169841525814509E-009 -4.005765662768248E-009
 -2.366893407363811E-007  2.263229546916335E-007
          32  0.000000000000000E+000  0.000000000000000E+000
  4.668524330540437E-009 -1.102119447800146E-008
  5.407157668291874E-008  3.277449324170332E-007
          33  0.000000000000000E+000  0.000000000000000E+000
 -8.558809819382580E-009 -1.681244978800766E-008
  2.882285549091709E-007  1.537845070682804E-007
          34  0.000000000000000E+000  0.000000000000000E+000
 -1.339383731189810E-008 -5.186819775844459E-010
  2.972623879233475E-007 -1.606079236904213E-007
          35  0.000000000000000E+000  0.000000000000000E+000
 -3.465372910864494E-009  4.229544830339849E-009
 -4.231090935119588E-009 -3.302564866774129E-007
          36  0.000000000000000E+000  0.000000000000000E+000
  2.513707678739397E-009  7.628445724992607E-010
 -2.825741286232072E-007 -1.393440926754221E-007
          37  0.000000000000000E+000  0.000000000000000E+000
  4.723021976976198E-009 -4.582191214170774E-009
 -2.493214701305245E-007  1.736650514429065E-007
          38  0.000000000000000E+000  0.000000000000000E+000
  2.465966247126114E-009 -1.309682942798899E-008
  1.377968456520101E-008  2.939975131090515E-007
          39  0.000000000000000E+000  0.000000000000000E+000
 -1.217106278764623E-008 -1.106341170946664E-008
  2.571617940097454E-007  1.516093846628840E-007
          40  0.000000000000000E+000  0.000000000000000E+000
 -9.756072189392487E-009 -5.359398250777270E-010
  2.351605688047516E-007 -1.549620651458371E-007
          41  0.000000000000000E+000  0.000000000000000E+000
 -5.479442210708630E-009  8.365368561062973E-010
 -4.180203737803067E-008 -2.359046835573156E-007
          42  0.000000000000000E+000  0.000000000000000E+000
 -2.202547757654223E-009  1.287218578594022E-009
 -2.027557284390561E-007 -4.087735658906842E-008
          43  0.000000000000000E+000  0.000000000000000E+000
  2.378768729129318E-009 -2.154650175259552E-009
 -1.110640176819008E-007  1.595118527363287E-007
          44  0.000000000000000E+000  0.000000000000000E+000
 -2.838907995046381E-009 -9.359130356957933E-009
  9.474202559379035E-008  1.760933485307694E-007
          45  0.000000000000000E+000  0.000000000000000E+000
 -5.453626859822783E-009 -5.183804448351834E-009
  1.919986918638059E-007 -2.614457252547516E-008
          46  0.000000000000000E+000  0.000000000000000E+000
 -7.225874229453021E-009 -6.267993387609422E-009
  2.936384186638661E-008 -1.569623493239378E-007
          47  0.000000000000000E+000  0.000000000000000E+000
 -1.080324948249260E-008 -2.280445507590222E-009
 -1.223761037170544E-007 -6.219973108019205E-008
          48  0.000000000000000E+000  0.000000000000000E+000
 -7.873135750109897E-009  3.151700564902176E-009
 -1.027973984110015E-007  9.810538678167840E-008
          49  0.000000000000000E+000  0.000000000000000E+000
 -3.086616109802464E-009  1.859753730876738E-009
  4.749309219432112E-008  1.588300487229137E-007
          50  0.000000000000000E+000  0.000000000000000E+000
 -1.267119622241429E-009  2.380156363234697E-010
  1.843834724158264E-007  3.999199943801141E-008
          51  0.000000000000000E+000  0.000000000000000E+000
 -1.706229236859366E-009 -4.741417620126010E-009
  1.298964320892911E-007 -1.394660173874035E-007
          52  0.000000000000000E+000  0.000000000000000E+000
 -7.332164957753192E-009 -5.881129541869814E-009
 -5.282551119825605E-008 -1.809497642636228E-007
          53  0.000000000000000E+000  0.000000000000000E+000
 -1.087956879112898E-008 -1.428411470197358E-009
 -1.918340098103777E-007 -3.970542224062343E-008
          54  0.000000000000000E+000  0.000000000000000E+000
 -9.146171837712037E-009  3.675052647771409E-009
 -1.372925545655756E-007  1.693046365798644E-007
          55  0.000000000000000E+000  0.000000000000000E+000
 -4.261690637952475E-009  4.677270676820005E-009
  8.830913511773345E-008  2.322583197634890E-007
          56  0.000000000000000E+000  0.000000000000000E+000
 -1.860070894518878E-009  1.611742485334201E-009
  2.704392346305694E-007  6.167135045398782E-008
          57  0.000000000000000E+000  0.000000000000000E+000
 -2.740304332854727E-009 -1.632658244241735E-009
  2.176365973139921E-007 -2.066089257886421E-007
          58  0.000000000000000E+000  0.000000000000000E+000
 -6.358547871550426E-009 -2.847329831522892E-009
 -6.689973620043346E-008 -3.040249673719495E-007
          59  0.000000000000000E+000  0.000000000000000E+000
 -9.953972478426993E-009  6.078906900876406E-012
 -3.058678031852410E-007 -8.715632880752663E-008
          60  0.000000000000000E+000  0.000000000000000E+000
 -9.169580424950160E-009  5.996463177501184E-009
 -2.248382664662943E-007  2.398711291676832E-007
          61  0.000000000000000E+000  0.000000000000000E+000
 -2.599845664229733E-009  5.322646911761884E-009
  9.776974063293925E-008  3.382661459557393E-007
          62  0.000000000000000E+000  0.000000000000000E+000
 -2.387170422769287E-009  2.954992268982428E-009
  3.915436716436060E-007  9.952595282127249E-008
          63  0.000000000000000E+000  0.000000000000000E+000
 -2.425505058457242E-009 -4.281072869031270E-010
  2.904322214643849E-007 -3.182314064402064E-007
          64  0.000000000000000E+000  0.000000000000000E+000
 -8.194596357380858E-009 -1.876246296699490E-009
 -1.418424792898284E-007 -3.982350430940946E-007
          65  0.000000000000000E+000  0.000000000000000E+000
 -1.274193014885641E-008  5.785071235119399E-009
 -3.950860782470553E-007 -5.672758970679914E-008
          66  0.000000000000000E+000  0.000000000000000E+000
 -2.821094397680806E-009  1.167254371233267E-008
 -2.411944867480530E-007  3.123667232262879E-007
          67  0.000000000000000E+000  0.000000000000000E+000
  8.822297994166390E-011  7.479869033871431E-009
  1.980352520623083E-007  3.899227839725121E-007
          68  0.000000000000000E+000  0.000000000000000E+000
  3.545397860700819E-009  2.036674147072653E-009
  4.376174167934313E-007 -2.214873801090949E-008
          69  0.000000000000000E+000  0.000000000000000E+000
 -3.375976326913463E-009 -4.836172691774290E-009
  1.807961132745599E-007 -3.601597945154483E-007
          70  0.000000000000000E+000  0.000000000000000E+000
 -1.349248240047163E-008  9.212850407871702E-010
 -1.786993809098605E-007 -3.171214090188562E-007
          71  0.000000000000000E+000  0.000000000000000E+000
 -8.871623091403225E-009  1.487183986625070E-008
 -3.431933253559755E-007 -3.880656623992098E-008
          72  0.000000000000000E+000  0.000000000000000E+000
  2.953400704474808E-010  1.077927444012877E-008
 -2.144299370965032E-007  3.057291177779659E-007
          73  0.000000000000000E+000  0.000000000000000E+000
  5.297693047259346E-009  8.010211314466077E-009
  1.842518595197903E-007  3.008849098090708E-007
          74  0.000000000000000E+000  0.000000000000000E+000
  3.717398523134381E-009 -2.144702635772840E-009
  3.190519451156813E-007  1.623570282072818E-008
          75  0.000000000000000E+000  0.000000000000000E+000
 -7.507746332081476E-009 -2.922248970461442E-009
  2.292722314175246E-007 -2.289251908915709E-007
          76  0.000000000000000E+000  0.000000000000000E+000
 -1.238774486791711E-008  8.929477147460540E-009
 -2.535397787215417E-008 -3.584953023616221E-007
          77  0.000000000000000E+000  0.000000000000000E+000
  8.575414118613645E-010  1.357969750349699E-008
 -3.579971134701963E-007 -1.980967683826294E-007
          78  0.000000000000000E+000  0.000000000000000E+000
  2.452176381866828E-009  9.845065036328782E-009
 -3.126848537592944E-007  2.108332378467642E-007
          79  0.000000000000000E+000  0.000000000000000E+000
  5.481515248081808E-009  3.469298725173019E-009
 -3.217695003013416E-008  3.617980722078340E-007
          80  0.000000000000000E+000  0.000000000000000E+000
 -2.470183578825843E-009  1.587968243410697E-010
  3.333364128620083E-007  2.880245774559072E-007
          81  0.000000000000000E+000  0.000000000000000E+000
 -6.841448547136160E-009  8.255563348172280E-009
  5.040053804535084E-007 -1.774851951131251E-007
          82  0.000000000000000E+000  0.000000000000000E+000
  4.375321216613631E-009  1.444078120084507E-008
  8.112042179650506E-008 -5.920563916918890E-007
          83  0.000000000000000E+000  0.000000000000000E+000
  5.411140246620361E-009  5.387431064316237E-009
 -4.486459179444125E-007 -3.417861140797696E-007
          84  0.000000000000000E+000  0.000000000000000E+000
  4.831482563400143E-009  2.220412137299095E-009
 -5.481204804695322E-007  1.679582816939128E-007
          85  0.000000000000000E+000  0.000000000000000E+000
 -1.466852911775829E-009  1.567213940006465E-009
 -1.170753441406487E-007  5.995962385293459E-007
          86  0.000000000000000E+000  0.000000000000000E+000
 -2.611928900047422E-009  8.038618411979361E-009
  4.991427081485459E-007  3.573202354530739E-007
          87  0.000000000000000E+000  0.000000000000000E+000
  3.614497172639869E-009  1.253045106985626E-008
  5.163832119724301E-007 -2.886978504750966E-007
          88  0.000000000000000E+000  0.000000000000000E+000
  9.175068076318916E-009  3.875968128266975E-009
 -1.006858228269713E-008 -5.223410483138972E-007
          89  0.000000000000000E+000  0.000000000000000E+000
  5.474864581338111E-009  1.932399313585489E-009
 -3.827962924125834E-007 -2.793172096293233E-007
          90  0.000000000000000E+000  0.000000000000000E+000
  2.158922487829995E-009  5.119809357775037E-010
 -4.202181090234497E-007  1.719413372506595E-007
          91  0.000000000000000E+000  0.000000000000000E+000
 -1.194745508803623E-010  4.143303858233880E-009
 -2.694317278030774E-008  3.894699936375516E-007
          92  0.000000000000000E+000  0.000000000000000E+000
  1.965808025895942E-009  6.501484139996531E-009
  2.699217830935791E-007  1.486827594877070E-007
          93  0.000000000000000E+000  0.000000000000000E+000
  5.979356940952320E-009  7.018899352942087E-009
  1.861445057466182E-007 -1.347036065824304E-007
          94  0.000000000000000E+000  0.000000000000000E+000
  4.606102631878444E-009  2.389059703457965E-009
  8.849585289436086E-009 -1.426284078814136E-007
          95  0.000000000000000E+000  0.000000000000000E+000
  4.232793239259806E-009  3.406909193113279E-009
 -7.230046550838246E-008 -9.283285081342429E-008
          96  0.000000000000000E+000  0.000000000000000E+000
  3.451219454308976E-009  3.977504636142186E-009
 -4.857668087131630E-008  3.047096673879755E-009
          97  0.000000000000000E+000  0.000000000000000E+000
  5.479854715531291E-009  4.929782421396965E-009
  4.306513912232611E-009 -6.166929495210868E-008
          98  0.000000000000000E+000  0.000000000000000E+000
  6.658215890612342E-009  3.249263758530549E-009
 -1.308172650176286E-007 -9.512736717979699E-008
          99  0.000000000000000E+000  0.000000000000000E+000
  6.152426987207172E-009 -4.242325463500839E-010
 -2.090005197141319E-007  1.105573648161386E-007
         100  0.000000000000000E+000  0.000000000000000E+000
  2.235192750290790E-009  1.644554691587216E-009
  1.458293128738818E-009  2.534551446950088E-007
         101  0.000000000000000E+000  0.000000000000000E+000
  2.454681699208675E-009  5.021105524760631E-009
  2.455214478344906E-007  1.599554217102574E-007
         102  0.000000000000000E+000  0.000000000000000E+000
  7.143699326373999E-009  7.207316809758842E-009
  3.123871732423154E-007 -1.712476871726270E-007
         103  0.000000000000000E+000  0.000000000000000E+000
  1.132841172935503E-008  3.115206030281253E-009
  3.025083687995381E-009 -4.049173060402782E-007
         104  0.000000000000000E+000  0.000000000000000E+000
  1.049956400226499E-008 -2.577828717595220E-009
 -3.610221799911284E-007 -2.368008588232664E-007
         105  0.000000000000000E+000  0.000000000000000E+000
  4.874386446122278E-009 -4.037875843164689E-009
 -4.092633288533019E-007  1.519185271202176E-007
         106  0.000000000000000E+000  0.000000000000000E+000
  1.754692598740499E-009 -8.300298032895242E-010
 -1.227041005408417E-007  4.323565464147034E-007
         107  0.000000000000000E+000  0.000000000000000E+000
  2.975017408322604E-009  3.497516603830412E-009
  3.008061550181908E-007  3.469989803147344E-007
         108  0.000000000000000E+000  0.000000000000000E+000
  7.634683075501906E-009  4.400923395092347E-009
  4.701655195402879E-007 -7.260898428625180E-008
         109  0.000000000000000E+000  0.000000000000000E+000
  1.078722460970840E-008  6.409283746363959E-010
  2.016421242408672E-007 -4.674698513909827E-007
         110  0.000000000000000E+000  0.000000000000000E+000
  9.706062094191386E-009 -3.514399264337129E-009
 -3.136809386971832E-007 -4.578975937690301E-007
         111  0.000000000000000E+000  0.000000000000000E+000
  5.917404651937386E-009 -4.898336722745578E-009
 -5.822164452828329E-007  2.912828630638455E-008
         112  0.000000000000000E+000  0.000000000000000E+000
  3.691906646438198E-009 -3.105127527519261E-009
 -2.910877429259922E-007  5.083490971324973E-007
         113  0.000000000000000E+000  0.000000000000000E+000
  3.745366688941883E-009 -3.026041245381106E-010
  2.827528069460783E-007  5.168284907966912E-007
         114  0.000000000000000E+000  0.000000000000000E+000
  7.487907414801063E-009  6.732325497582427E-010
  5.957880507219119E-007 -4.378616549054576E-009
         115  0.000000000000000E+000  0.000000000000000E+000
  8.573462517701177E-009 -3.390557589308424E-009
  2.650996122299408E-007 -5.492158122574291E-007
         116  0.000000000000000E+000  0.000000000000000E+000
  6.774395702443481E-009 -5.281007926580558E-009
 -4.012422590444656E-007 -4.803034040194787E-007
         117  0.000000000000000E+000  0.000000000000000E+000
  5.092328973554841E-009 -4.051936017559335E-009
 -5.841102368840733E-007  1.269791756167578E-007
         118  0.000000000000000E+000  0.000000000000000E+000
  5.165642955842812E-009 -3.952362430196172E-009
 -1.797761039296713E-007  5.647782141118171E-007
         119  0.000000000000000E+000  0.000000000000000E+000
  6.668276673193309E-009 -2.831910145133866E-009
  4.395181750739966E-007  3.959295752516192E-007
         120  0.000000000000000E+000  0.000000000000000E+000
  8.310913648217782E-009 -8.042941793143493E-009
  5.029717820061611E-007 -2.745292295409974E-007
         121  0.000000000000000E+000  0.000000000000000E+000
  2.738460886926259E-009 -9.215526637837346E-009
 -1.223751533791161E-007 -5.475364440748660E-007
         122  0.000000000000000E+000  0.000000000000000E+000
 -2.242211303387412E-010 -4.485756499190385E-009
 -5.063689039541725E-007 -6.330748780231484E-008
         123  0.000000000000000E+000  0.000000000000000E+000
  3.059696872635239E-009 -2.567032683518420E-009
 -2.892119739948414E-007  4.237156467151026E-007
         124  0.000000000000000E+000  0.000000000000000E+000
  5.951204647704158E-009 -1.978423476078868E-009
  3.015914777467347E-007  4.430045673405883E-007
         125  0.000000000000000E+000  0.000000000000000E+000
  1.060987975380603E-008 -8.275303097125902E-009
  4.975357511210426E-007 -1.600084801448174E-007
         126  0.000000000000000E+000  0.000000000000000E+000
  1.424416158528318E-009 -1.409486157273276E-008
 -1.711361859940094E-008 -5.118221329771615E-007
         127  0.000000000000000E+000  0.000000000000000E+000
 -5.180904815615449E-009 -7.580959732699954E-009
 -4.665183975344581E-007 -1.235725601395706E-007
         128  0.000000000000000E+000  0.000000000000000E+000
  1.120180080055315E-010 -1.222880164261716E-009
 -3.301120985426207E-007  3.175152838817252E-007
         129  0.000000000000000E+000  0.000000000000000E+000
  4.083120590382714E-009 -2.578859672797339E-009
  1.237180603470943E-007  4.934420930128283E-007
         130  0.000000000000000E+000  0.000000000000000E+000
  8.734409641569506E-009 -6.234519137227026E-009
  5.213639984881956E-007  6.834697981667603E-008
         131  0.000000000000000E+000  0.000000000000000E+000
  3.842659279977547E-009 -1.731547899318980E-008
  2.267613434912879E-007 -4.432014601046868E-007
         132  0.000000000000000E+000  0.000000000000000E+000
 -8.250267504671695E-009 -1.173576289379442E-008
 -3.241500695023935E-007 -3.440353368775495E-007
         133  0.000000000000000E+000  0.000000000000000E+000
 -5.035465367758360E-009 -4.269331161991850E-011
 -4.014844697300232E-007  9.607402929318958E-008
         134  0.000000000000000E+000  0.000000000000000E+000
  3.526645173154255E-009 -2.245337365487117E-009
 -1.833524418670599E-007  4.313157950731318E-007
         135  0.000000000000000E+000  0.000000000000000E+000
  6.735624590195813E-009 -7.309264913032081E-009
  3.414851626097083E-007  3.788252000191800E-007
         136  0.000000000000000E+000  0.000000000000000E+000
  3.334172743329416E-009 -1.887013724830496E-008
  4.418678895057082E-007 -1.390085570643445E-007
         137  0.000000000000000E+000  0.000000000000000E+000
 -1.343267427315088E-008 -1.535635324391050E-008
  7.662591006909097E-008 -3.973301178415276E-007
         138  0.000000000000000E+000  0.000000000000000E+000
 -1.281546768354962E-008  7.004578331590720E-010
 -2.519492524392858E-007 -2.923700558598135E-007
         139  0.000000000000000E+000  0.000000000000000E+000
 -9.836577839081818E-010  1.869901209564705E-009
 -5.042441921526018E-007  8.822688070385460E-008
         140  0.000000000000000E+000  0.000000000000000E+000
  3.755631146466798E-009 -3.465860507178924E-009
 -1.407982798181885E-007  5.759045721621427E-007
         141  0.000000000000000E+000  0.000000000000000E+000
  3.268256624041635E-009 -1.300778559117238E-008
  4.519966808062617E-007  4.203960848119905E-007
         142  0.000000000000000E+000  0.000000000000000E+000
 -1.040125453996374E-008 -1.553422091150525E-008
  6.343444753104211E-007 -1.790294345829431E-007
         143  0.000000000000000E+000  0.000000000000000E+000
 -1.485075618005204E-008 -3.309477742173395E-009
  1.680114972146700E-007 -6.961945115130861E-007
         144  0.000000000000000E+000  0.000000000000000E+000
 -6.427822057579837E-009  2.089758481953361E-009
 -6.522663961694029E-007 -5.260253014586952E-007
         145  0.000000000000000E+000  0.000000000000000E+000
 -2.672087891584503E-009 -5.468557372501870E-010
 -8.073563861624234E-007  4.524147338456700E-007
         146  0.000000000000000E+000  0.000000000000000E+000
 -4.053137459779680E-010 -3.298319237445071E-009
  6.533939217098057E-008  9.552049465098913E-007
         147  0.000000000000000E+000  0.000000000000000E+000
 -2.293933796297823E-009 -8.976957707097729E-009
  8.860554710275869E-007  4.128839252152259E-007
         148  0.000000000000000E+000  0.000000000000000E+000
 -9.683680114220624E-009 -7.303352692288607E-009
  8.103743915937862E-007 -5.879092934092331E-007
         149  0.000000000000000E+000  0.000000000000000E+000
 -9.227854903531793E-009 -1.255593942656503E-009
 -1.313461888166658E-007 -1.012242297146765E-006
         150  0.000000000000000E+000  0.000000000000000E+000
 -5.806619495464152E-009 -1.420237312827438E-009
 -1.000170326282932E-006 -3.321690407793711E-007
         151  0.000000000000000E+000  0.000000000000000E+000
 -5.660833247886645E-009 -1.602530334379512E-009
 -7.196569074838286E-007  7.474762780785114E-007
         152  0.000000000000000E+000  0.000000000000000E+000
 -4.302641482936142E-009 -2.799487846063779E-009
  2.953207162634364E-007  9.580628305653213E-007
         153  0.000000000000000E+000  0.000000000000000E+000
 -7.053166094925354E-009 -4.955137276613738E-009
  9.457852485316922E-007  2.328424740472999E-007
         154  0.000000000000000E+000  0.000000000000000E+000
 -9.079639138350912E-009 -1.676177350423376E-009
  6.493931954741709E-007 -6.634164510205573E-007
         155  0.000000000000000E+000  0.000000000000000E+000
 -6.917020156246296E-009 -3.366085090453767E-010
 -2.508756409047920E-007 -8.237034227164644E-007
         156  0.000000000000000E+000  0.000000000000000E+000
 -6.917549045181825E-009 -1.040109017293858E-009
 -7.421488877353505E-007 -1.425956395979250E-007
         157  0.000000000000000E+000  0.000000000000000E+000
 -6.955926298661178E-009 -8.236738194786434E-010
 -4.320875801251373E-007  4.960695162116802E-007
         158  0.000000000000000E+000  0.000000000000000E+000
 -7.434999665356649E-009 -1.111268269402316E-009
  1.620253794655508E-007  5.518219054775174E-007
         159  0.000000000000000E+000  0.000000000000000E+000
 -8.596484907269072E-009 -4.561010356593053E-010
  4.567569682366202E-007  1.640027144048857E-007
         160  0.000000000000000E+000  0.000000000000000E+000
 -9.027772147592515E-009  1.330315675797563E-009
  3.507771857104059E-007 -1.843343340410292E-007
         161  0.000000000000000E+000  0.000000000000000E+000
 -7.876005783129128E-009  2.546007113567577E-009
  1.120504200630065E-007 -3.226889858595735E-007
         162  0.000000000000000E+000  0.000000000000000E+000
 -7.115542580057672E-009  2.758412887476198E-009
 -1.277253023431004E-007 -2.802899502077974E-007
         163  0.000000000000000E+000  0.000000000000000E+000
 -6.299866299610398E-009  3.052977291027013E-009
 -2.842831429332134E-007 -1.072505153114140E-007
         164  0.000000000000000E+000  0.000000000000000E+000
 -5.124925625303050E-009  1.565602924266285E-009
 -2.928399976734993E-007  1.726347463372621E-007
         165  0.000000000000000E+000  0.000000000000000E+000
 -7.739226216123439E-009  2.337169375035075E-010
 -2.224858621847173E-008  3.930925105261792E-007
         166  0.000000000000000E+000  0.000000000000000E+000
 -9.135837922470265E-009  3.099741254653792E-009
  3.737286253496495E-007  2.324568345352550E-007
         167  0.000000000000000E+000  0.000000000000000E+000
 -8.763106727040724E-009  3.778408431961622E-009
  3.659039443589739E-007 -1.897017864398362E-007
         168  0.000000000000000E+000  0.000000000000000E+000
 -9.655082416979653E-009  6.502741227916528E-009
  6.095586747255330E-008 -3.643202755926601E-007
         169  0.000000000000000E+000  0.000000000000000E+000
 -5.691437137665067E-009  1.012608367077644E-008
 -2.568146545263310E-007 -2.318745618802658E-007
         170  0.000000000000000E+000  0.000000000000000E+000
 -1.264627215672277E-009  5.993066275970631E-009
 -2.765733683721503E-007  1.375934750794747E-007
         171  0.000000000000000E+000  0.000000000000000E+000
 -3.846105897396662E-009  3.270018169893854E-009
  7.910523240931147E-008  2.678519419277731E-007
         172  0.000000000000000E+000  0.000000000000000E+000
 -4.994642492631398E-009  1.834263864844021E-009
  2.005671335967634E-007 -6.424401102677073E-008
         173  0.000000000000000E+000  0.000000000000000E+000
 -1.162628324740357E-008  3.521629752847103E-009
 -3.088898393735517E-008 -1.205790354984787E-007
         174  0.000000000000000E+000  0.000000000000000E+000
 -1.098211537809108E-008  1.390469365268982E-008
 -1.057076809691840E-007  1.993780335098037E-008
         175  0.000000000000000E+000  0.000000000000000E+000
 -7.556275456022006E-011  1.524398788349425E-008
  2.667431749074161E-008  1.970102437512205E-007
         176  0.000000000000000E+000  0.000000000000000E+000
  3.399441880961355E-009  9.511860643281788E-009
  3.494173824180252E-007  5.305650624646419E-008
         177  0.000000000000000E+000  0.000000000000000E+000
  4.818294175691362E-009  2.886784340326894E-009
  2.009825740668605E-007 -4.664006648815724E-007
         178  0.000000000000000E+000  0.000000000000000E+000
 -5.174172796319686E-009 -2.152796524148238E-009
 -3.857117825739449E-007 -3.376417265744597E-007
         179  0.000000000000000E+000  0.000000000000000E+000
 -1.223325937555899E-008  7.921016405895889E-009
 -4.372450828599676E-007  1.590213736585406E-007
         180  0.000000000000000E+000  0.000000000000000E+000
 -3.721241349312552E-009  1.736931726386521E-008
 -1.009685040838833E-007  4.778576415506564E-007
         181  0.000000000000000E+000  0.000000000000000E+000
  4.921333162651743E-009  1.297936691530708E-008
  4.193132958653049E-007  3.440665885249011E-007
         182  0.000000000000000E+000  0.000000000000000E+000
  7.121111700302757E-009  6.854550984792403E-009
  5.438351111676796E-007 -2.606609972680954E-007
         183  0.000000000000000E+000  0.000000000000000E+000
  1.396223123512271E-009 -1.074922944904338E-009
 -2.169200318237938E-008 -5.367150493022071E-007
         184  0.000000000000000E+000  0.000000000000000E+000
 -8.264059794902256E-009  4.889892874770306E-009
 -3.249184284416295E-007 -2.399854987802193E-007
         185  0.000000000000000E+000  0.000000000000000E+000
 -4.710275505325298E-009  1.589407459770019E-008
 -3.798482139315431E-007  4.200292124358638E-008
         186  0.000000000000000E+000  0.000000000000000E+000
  6.829192135287650E-009  1.468024975578297E-008
 -1.819057853156079E-007  3.523405513440659E-007
         187  0.000000000000000E+000  0.000000000000000E+000
  8.271205854560619E-009  7.061293496841247E-009
  2.210537172958369E-007  3.132903841559679E-007
         188  0.000000000000000E+000  0.000000000000000E+000
  5.039303717031428E-009  1.220645521507283E-009
  2.936557036982831E-007 -2.592550221618120E-008
         189  0.000000000000000E+000  0.000000000000000E+000
 -4.405696642306066E-009  4.301999791331379E-009
  2.486046648297331E-007 -1.545719166056580E-007
         190  0.000000000000000E+000  0.000000000000000E+000
 -1.946931039094902E-009  1.523008103649848E-008
  6.717769797249778E-008 -4.308701136415296E-007
         191  0.000000000000000E+000  0.000000000000000E+000
  1.022947651185557E-008  1.535699485923783E-008
 -3.808869248942448E-007 -3.156239523843581E-007
         192  0.000000000000000E+000  0.000000000000000E+000
  1.303568892286611E-008  6.018163637934066E-009
 -4.778270488098905E-007  1.426542903112348E-007
         193  0.000000000000000E+000  0.000000000000000E+000
  9.248042593639724E-009 -2.502620253353319E-010
 -1.840259207313381E-007  4.888497437561555E-007
         194  0.000000000000000E+000  0.000000000000000E+000
  7.385798747663047E-010  1.219635458225515E-009
  4.325427886875753E-007  4.889999021998042E-007
         195  0.000000000000000E+000  0.000000000000000E+000
  1.482550620548246E-009  8.951462332037466E-009
  6.953015001112669E-007 -2.757782160373046E-007
         196  0.000000000000000E+000  0.000000000000000E+000
  8.527715788248547E-009  1.060490187139073E-008
  1.960680731731413E-008 -7.724368732576522E-007
         197  0.000000000000000E+000  0.000000000000000E+000
  1.186565142881292E-008  4.589687222450548E-009
 -6.741546653993930E-007 -3.765190623436248E-007
         198  0.000000000000000E+000  0.000000000000000E+000
  9.190496739581859E-009  1.229766544398876E-009
 -6.430960439127326E-007  3.988301702410814E-007
         199  0.000000000000000E+000  0.000000000000000E+000
  6.024306264476396E-009  9.324092964173822E-010
  4.944378142231227E-008  7.675141110585885E-007
         200  0.000000000000000E+000  0.000000000000000E+000
  5.794012430782877E-009  3.916699582302647E-009
  7.360455766471364E-007  2.600264060497117E-007
         201  0.000000000000000E+000  0.000000000000000E+000
  8.137916289737779E-009  3.645870464913225E-009
  5.200276296559314E-007 -5.579218367865764E-007
         202  0.000000000000000E+000  0.000000000000000E+000
  8.928899196612387E-009  1.943810112670268E-009
 -2.425354955911621E-007 -7.009146031915966E-007
         203  0.000000000000000E+000  0.000000000000000E+000
  7.546910562450125E-009  4.760544793400535E-010
 -7.141127439859160E-007 -1.515245045797124E-007
         204  0.000000000000000E+000  0.000000000000000E+000
  6.717977043947179E-009  1.528030049325199E-009
 -4.925196689873389E-007  5.143636109732738E-007
         205  0.000000000000000E+000  0.000000000000000E+000
  7.524532934287650E-009  2.460468871998229E-009
  1.977138271600200E-007  6.664554750024719E-007
         206  0.000000000000000E+000  0.000000000000000E+000
  9.838766983962323E-009  1.930044546810453E-009
  6.484284968579654E-007  1.300446560764947E-007
         207  0.000000000000000E+000  0.000000000000000E+000
  1.038902877506997E-008 -9.956156678191440E-010
  4.163722624073144E-007 -4.785976078015035E-007
         208  0.000000000000000E+000  0.000000000000000E+000
  8.533103294569707E-009 -2.656658411873053E-009
 -1.800539133326605E-007 -6.007763830311805E-007
         209  0.000000000000000E+000  0.000000000000000E+000
  6.820440498215374E-009 -2.175892637943839E-009
 -5.904386159762469E-007 -1.868525684839083E-007
         210  0.000000000000000E+000  0.000000000000000E+000
  7.061206313936083E-009 -9.869296849558860E-010
 -4.826645501243006E-007  3.471246769779954E-007
         211  0.000000000000000E+000  0.000000000000000E+000
  8.199121000877602E-009 -1.024606830901066E-009
 -1.726077111855838E-008  5.847067164889645E-007
         212  0.000000000000000E+000  0.000000000000000E+000
  9.131333447878271E-009 -2.777836550766641E-009
  4.728663634770458E-007  3.359298631820108E-007
         213  0.000000000000000E+000  0.000000000000000E+000
  7.693216276992025E-009 -3.727024381599451E-009
  5.237570818231064E-007 -2.176536485248051E-007
         214  0.000000000000000E+000  0.000000000000000E+000
  7.552837328530392E-009 -3.785115196461933E-009
  9.848735128948354E-008 -5.593970723633269E-007
         215  0.000000000000000E+000  0.000000000000000E+000
  7.745710473469959E-009 -4.084242458593032E-009
 -4.211698343218083E-007 -4.197417141458579E-007
         216  0.000000000000000E+000  0.000000000000000E+000
  7.008014147085806E-009 -5.162546384869873E-009
 -6.138615114651001E-007  1.541875136090380E-007
         217  0.000000000000000E+000  0.000000000000000E+000
  7.515955980156998E-009 -4.991991860111146E-009
 -1.450573158602196E-007  5.566999513186237E-007
         218  0.000000000000000E+000  0.000000000000000E+000
  5.977945404678489E-009 -7.579205324144620E-009
  3.056754994091333E-007  3.374250688790500E-007
         219  0.000000000000000E+000  0.000000000000000E+000
  4.031808595861957E-009 -5.636878321372817E-009
  3.590428867398561E-007 -3.059003147589733E-008
         220  0.000000000000000E+000  0.000000000000000E+000
  4.705092408117781E-009 -4.156632300297672E-009
  1.686045275081904E-007 -2.482729830258745E-007
         221  0.000000000000000E+000  0.000000000000000E+000
  7.067409650160700E-009 -4.748516024379570E-009
 -1.161257054492534E-007 -2.511707292584685E-007
         222  0.000000000000000E+000  0.000000000000000E+000
  8.047143653528385E-009 -6.140253785373888E-009
 -1.631491889482401E-007 -2.499463106328626E-008
         223  0.000000000000000E+000  0.000000000000000E+000
  8.665703307089328E-009 -1.185654120401413E-008
 -1.284978709737878E-007 -5.257161204175660E-008
         224  0.000000000000000E+000  0.000000000000000E+000
  6.861288337416568E-010 -1.322531608327890E-008
 -2.730329255553312E-007  8.056291659923734E-008
         225  0.000000000000000E+000  0.000000000000000E+000
 -2.219102992139971E-009 -8.229143520801231E-009
 -1.316237036882307E-007  3.550744835298638E-007
         226  0.000000000000000E+000  0.000000000000000E+000
  3.334980215169303E-010 -4.104274895063488E-009
  2.087977206729404E-007  3.392523858250448E-007
         227  0.000000000000000E+000  0.000000000000000E+000
  3.646589982139701E-009 -3.729971188318700E-009
  4.694507910981196E-007  1.099423954278232E-007
         228  0.000000000000000E+000  0.000000000000000E+000
  8.667792052443774E-009 -8.641229187233316E-009
  4.046885308173647E-007 -4.821254272610068E-007
         229  0.000000000000000E+000  0.000000000000000E+000
  1.700498964691673E-009 -1.565992339846352E-008
 -3.327610253269818E-007 -6.017250162519809E-007
         230  0.000000000000000E+000  0.000000000000000E+000
 -4.769393043467125E-009 -1.199096323461125E-008
 -6.847117454843333E-007  3.359576247879414E-008
         231  0.000000000000000E+000  0.000000000000000E+000
 -5.354231777461392E-009 -6.038893072143440E-009
 -3.106074922200064E-007  5.661561124803251E-007
         232  0.000000000000000E+000  0.000000000000000E+000
 -2.388904730108438E-009 -3.162657786212729E-009
  2.761385423118537E-007  5.877449539871098E-007
         233  0.000000000000000E+000  0.000000000000000E+000
  4.041973675215675E-009 -3.718265343881749E-009
  6.313894984901627E-007  8.509235279208331E-009
         234  0.000000000000000E+000  0.000000000000000E+000
  2.658942304339252E-009 -1.351524516395869E-008
  1.825147468370777E-007 -4.444020599931418E-007
         235  0.000000000000000E+000  0.000000000000000E+000
 -6.364116814782346E-009 -1.110445936201842E-008
 -1.769796807293047E-007 -2.268824587538658E-007
         236  0.000000000000000E+000  0.000000000000000E+000
 -6.199475432431355E-009 -4.943523761517393E-009
 -1.533061408624218E-007 -3.755561444079142E-008
         237  0.000000000000000E+000  0.000000000000000E+000
 -1.582163680669841E-009 -3.694933953478135E-009
 -1.744345576710348E-007 -1.227668844399930E-008
         238  0.000000000000000E+000  0.000000000000000E+000
  6.333238323045362E-010 -5.806780287335875E-009
 -1.640310787619272E-007  1.408587324629031E-007
         239  0.000000000000000E+000  0.000000000000000E+000
  1.085469585156265E-009 -1.202373518206526E-008
 -1.069303284253919E-007  2.284182538957400E-007
         240  0.000000000000000E+000  0.000000000000000E+000
 -9.348764699939284E-009 -1.330788198387323E-008
  1.313424264236108E-007  4.129114723513323E-007
         241  0.000000000000000E+000  0.000000000000000E+000
 -1.105455918394430E-008 -3.708570440185891E-009
  5.688864720216395E-007  1.191976460523899E-007
         242  0.000000000000000E+000  0.000000000000000E+000
 -4.455139735768037E-009 -2.582773635019450E-010
  4.079479095199838E-007 -5.182735087055489E-007
         243  0.000000000000000E+000  0.000000000000000E+000
 -4.559947255578422E-010 -4.087955241859432E-009
 -2.754541746778245E-007 -6.051115420938021E-007
         244  0.000000000000000E+000  0.000000000000000E+000
 -2.482846922645625E-010 -9.955285812790800E-009
 -7.150757014221877E-007 -1.040806375179236E-007
         245  0.000000000000000E+000  0.000000000000000E+000
 -9.431910862982218E-009 -1.361560718485901E-008
 -5.032439402670574E-007  6.807442803073210E-007
         246  0.000000000000000E+000  0.000000000000000E+000
 -1.466866854593540E-008 -4.855646354041318E-009
  4.246865513626631E-007  7.980101544208312E-007
         247  0.000000000000000E+000  0.000000000000000E+000
 -1.003497413916562E-008  1.304386113367483E-009
  8.810836471734397E-007 -2.130250970104180E-008
         248  0.000000000000000E+000  0.000000000000000E+000
 -4.970324781128090E-009  2.252811283150182E-010
  3.605596526790861E-007 -7.126297767463800E-007
         249  0.000000000000000E+000  0.000000000000000E+000
 -3.238218987308689E-009 -3.221722324697638E-009
 -4.182012776019708E-007 -6.125454515370539E-007
         250  0.000000000000000E+000  0.000000000000000E+000
 -6.563342800740921E-009 -7.060993879708147E-009
 -6.920649991289427E-007  1.196014061385243E-007
         251  0.000000000000000E+000  0.000000000000000E+000
 -1.126886010375659E-008 -3.807849452083602E-009
 -1.500042206850325E-007  6.134257476393880E-007
         252  0.000000000000000E+000  0.000000000000000E+000
 -9.768106413941096E-009  6.841868940373363E-011
  4.011452143992203E-007  3.561617400511365E-007
         253  0.000000000000000E+000  0.000000000000000E+000
 -7.463851763168705E-009  1.199786321057877E-010
  4.181679837826308E-007 -1.193817402646168E-007
         254  0.000000000000000E+000  0.000000000000000E+000
 -7.548723262469940E-009 -7.375924272160226E-010
  1.209873309178897E-007 -3.208368813982959E-007
         255  0.000000000000000E+000  0.000000000000000E+000
 -8.138446803242492E-009 -4.234109288127854E-010
 -1.547762549837022E-007 -2.279470937842793E-007
         256  0.000000000000000E+000  0.000000000000000E+000
 -8.455929203313195E-009  4.073137302673224E-010
 -2.238355428320131E-007  7.049254541184321E-009
