   409.600000000000     
         256           1           3
  1.124309127438499E-002   37.0880017324888        117.986786829464     
   39.0000000000000        116.000000000000        6351.00000000000     
           0  0.000000000000000E+000  0.000000000000000E+000
  0.000000000000000E+000  0.000000000000000E+000
  0.000000000000000E+000  0.000000000000000E+000
           1  1.985837679657422E-007 -5.409198747289732E-008
  1.002755305131818E-006  8.691255959263681E-008
 -1.620894089209565E-006 -1.443479270326985E-007
           2  2.517981146304872E-007 -2.379630864385767E-007
  1.121089237277058E-006  2.682353310302016E-007
 -1.674298259450210E-006 -4.788037170251891E-007
           3  3.035038605799283E-008 -5.825745841177925E-007
  1.524503041909491E-006  3.472857323149381E-007
 -2.145559398725003E-006 -8.050912897636660E-007
           4 -6.334687077910726E-007 -6.211588167796732E-007
  2.026010626424843E-006  3.330218604205807E-008
 -2.846195127177906E-006 -6.254342223985600E-007
           5 -1.248373730473434E-006  9.636119052217883E-008
  2.243531517331159E-006 -6.125592999825975E-007
 -3.126371838608868E-006  2.770294025390177E-008
           6 -1.025500578108316E-006  1.341908209706487E-006
  2.074079071071934E-006 -1.261644331913624E-006
 -2.795040818776780E-006  3.800343163916988E-007
           7  3.886293733264160E-007  2.173054348918222E-006
  1.707236130080158E-006 -1.678316973127888E-006
 -2.598420755738468E-006 -2.537056212661634E-008
           8  2.371756920947511E-006  1.536193443758634E-006
  1.417285072617289E-006 -1.962813915890313E-006
 -3.386380803240662E-006 -6.380987138705498E-007
           9  3.477012817988922E-006 -8.582266853515355E-007
  1.130703713828937E-006 -2.452777842282131E-006
 -5.070211756904900E-006 -3.006508485672442E-007
          10  2.173142808648019E-006 -3.926270382295057E-006
  3.566653072360291E-007 -3.164338711134008E-006
 -6.317777659675635E-006  1.690148797633490E-006
          11 -1.805150214529408E-006 -5.285472696666254E-006
 -1.352525239685904E-006 -3.545004600369772E-006
 -5.747583959350947E-006  4.216726464193929E-006
          12 -6.374297706421894E-006 -2.570916858802500E-006
 -3.890988672613310E-006 -2.338901625695723E-006
 -3.952746703888764E-006  5.541260574871246E-006
          13 -7.261125643992077E-006  3.994106628966163E-006
 -5.405830635949289E-006  1.582692342874122E-006
 -2.172451894662416E-006  5.554660625581493E-006
          14 -1.484546688407842E-006  9.605811433228313E-006
 -2.777838631929645E-006  7.168826847723028E-006
 -1.424693775539808E-006  5.097856669265491E-006
          15  7.837938230296729E-006  7.750752266421699E-006
  5.685172215203740E-006  9.510811135149318E-006
 -9.770844732183340E-007  5.110569281156610E-006
          16  1.182721799763147E-005 -2.374558489669566E-006
  1.553977697783039E-005  2.413052521470591E-006
 -1.252254589365379E-007  5.193787575097813E-006
          17  4.269851186201440E-006 -1.186826595364394E-005
  1.572127707077072E-005 -1.380287842868827E-005
  1.171420951515341E-006  4.681836151531096E-006
          18 -8.442179652523160E-006 -9.138128104508629E-006
 -9.174820706483431E-007 -2.546097751813373E-005
  1.241348842960742E-006  2.824152184181114E-006
          19 -1.079183275685444E-005  4.161485113118863E-006
 -2.343689561091775E-005 -1.661775296613231E-005
 -8.005814742437810E-007  2.166135110225610E-006
          20  1.722765927712816E-006  1.036081908142592E-005
 -2.829238750354754E-005  1.048576733232715E-005
 -2.383501267474353E-006  4.530228396398892E-006
          21  1.076453100187710E-005 -1.815234724154087E-006
 -5.247755496351797E-006  2.943538222416243E-005
 -4.938192204120761E-007  8.065671916231845E-006
          22 -2.473442027013663E-006 -1.450806023558755E-005
  2.268746558739567E-005  1.695844667604084E-005
  4.405098599602210E-006  7.874180948580817E-006
          23 -2.151830113275691E-005  3.469616402946320E-007
  2.213805901362840E-005 -1.255985069135830E-005
  6.373421066235146E-006  3.591285743297748E-006
          24 -6.916478901444822E-006  2.891983527888387E-005
 -3.230426486747020E-006 -2.032336044798407E-005
  3.909208683722090E-006  9.238604025249409E-007
          25  3.285092419519936E-005  1.864870523055057E-005
 -1.305527197971972E-005 -2.730813535421539E-007
  1.782772027572540E-006  2.420011530852621E-006
          26  3.129130599669085E-005 -3.106230094549601E-005
  5.126447174766056E-006  6.568545064730019E-006
  3.738935896661319E-006  4.026274627212799E-006
          27 -2.463875374805931E-005 -4.056443435605531E-005
  8.095805929620252E-006 -1.577184516465325E-005
  5.709715228470801E-006  1.708678432837205E-006
          28 -4.415430209713347E-005  1.747799582436194E-005
 -2.299241440075909E-005 -1.813525484506195E-005
  3.651201430952050E-006 -6.873103112978815E-007
          29  1.381051206585156E-005  4.306749625668182E-005
 -2.959556064736931E-005  2.208268686043734E-005
  1.412119657976809E-006  1.037524982748591E-006
          30  4.089116145203537E-005 -1.555074960688265E-005
  1.619607539853155E-005  3.594364231388867E-005
  3.370770396792126E-006  3.156419374531302E-006
          31 -2.134779164507939E-005 -4.129236492931813E-005
  3.682730374260592E-005 -1.093348644315910E-005
  5.683229522541096E-006  1.011721167182551E-006
          32 -4.566944586492179E-005  2.757614808783863E-005
 -8.230424633741681E-006 -3.484420227719527E-005
  3.808653340237856E-006 -1.332243067889271E-006
          33  3.077809280731749E-005  5.257564327703562E-005
 -3.130144468183855E-005  7.933929317775650E-006
  2.010465669301333E-006  4.327284298902280E-007
          34  5.886023884743330E-005 -2.971147067746325E-005
  1.077432815721037E-005  2.731602034627390E-005
  4.210523592647350E-006  1.813413353224311E-006
          35 -2.566249935577872E-005 -6.163119729553655E-005
  2.571265125248422E-005 -1.645069070040139E-005
  5.818785947501765E-006 -7.712768298074890E-007
          36 -5.983786397646006E-005  2.115732790840015E-005
 -2.131158380095719E-005 -2.788600969293245E-005
  3.523725522475649E-006 -2.556005667397198E-006
          37  1.844486110232851E-005  5.441025637266178E-005
 -3.098327872215928E-005  2.223901043435116E-005
  2.216139947488931E-006 -6.753947063114205E-007
          38  4.718372748976518E-005 -1.848968121191036E-005
  2.083739273708658E-005  3.121753706947541E-005
  4.397232053695633E-006  4.289170323031313E-008
          39 -2.107787628837288E-005 -3.981622927180530E-005
  2.920350211258877E-005 -2.065044230512726E-005
  5.220598515248130E-006 -2.599973582499685E-006
          40 -3.338955612353130E-005  2.557393276336200E-005
 -2.171888195177960E-005 -2.800623866634381E-005
  2.782153550449712E-006 -3.887469377032460E-006
          41  3.154189473285949E-005  2.861770532195661E-005
 -2.783987435951729E-005  2.143232332366647E-005
  1.774759838289540E-006 -2.132890877306577E-006
          42  2.624569719037028E-005 -3.845912028312276E-005
  1.982995073955469E-005  2.595480261666052E-005
  3.380751834289489E-006 -1.835667261085393E-006
          43 -4.530214575442130E-005 -2.720832162934995E-005
  2.214444641918085E-005 -1.963946910334224E-005
  3.435450718973847E-006 -3.942167923849101E-006
          44 -3.183547233082513E-005  5.034649439267698E-005
 -2.186533284647303E-005 -1.932912119929315E-005
  1.188550983035671E-006 -4.513724028870233E-006
          45  5.146036260802625E-005  3.910737204641728E-005
 -1.895279694172058E-005  2.410707811498503E-005
  3.940271883108552E-007 -2.627423786918993E-006
          46  4.653856725486104E-005 -4.718512944936066E-005
  2.510983550023561E-005  1.940108183027210E-005
  1.887297448772366E-006 -2.210312894012104E-006
          47 -3.795035924740921E-005 -5.091783395332384E-005
  1.978492419576497E-005 -2.589276420541404E-005
  2.079478370442871E-006 -3.848214942744747E-006
          48 -4.956833383656724E-005  2.644820641169699E-005
 -2.657397670965593E-005 -2.181339622012017E-005
  5.119864493234727E-007 -4.177552090983264E-006
          49  1.669383504293766E-005  4.193941559907143E-005
 -2.529387670378830E-005  2.455190306844825E-005
  1.024835048304472E-007 -3.014023700293440E-006
          50  3.035515588953671E-005 -1.246211813613663E-005
  1.901229636261920E-005  2.668243022295803E-005
  1.178647599813731E-006 -3.107833148717128E-006
          51 -1.539785806320843E-005 -1.919030111168315E-005
  2.321507364689600E-005 -1.373695081466275E-005
  9.090920913152187E-007 -4.726141575347650E-006
          52 -1.294362192186128E-005  2.389970060071797E-005
 -1.274221263702050E-005 -1.755750296424131E-005
 -1.146426752194938E-006 -4.941470549124405E-006
          53  3.366365726213611E-005  1.404046234304932E-005
 -1.417279171812580E-005  1.572975274075373E-005
 -2.000055452892155E-006 -3.418368697505670E-006
          54  2.149626445656863E-005 -3.991121782088954E-005
  1.925396927637686E-005  1.454497128769795E-005
 -1.148395330153413E-006 -2.647033049282171E-006
          55 -3.988787878542227E-005 -3.131899257570551E-005
  1.750241165687099E-005 -2.145690047653588E-005
 -9.032219352567275E-007 -3.430769146247840E-006
          56 -3.898302879154736E-005  3.424549166601608E-005
 -2.137814122670619E-005 -2.227035053840803E-005
 -2.148696719781140E-006 -3.612956737032435E-006
          57  2.648918923443593E-005  4.218372707233983E-005
 -2.768756748242479E-005  1.742902151006224E-005
 -2.590906937659276E-006 -2.286058628075687E-006
          58  4.204059246618204E-005 -2.031515733202858E-005
  9.294885472367058E-006  2.979128414844889E-005
 -1.556792937240030E-006 -1.680903349141793E-006
          59 -1.672248071152487E-005 -4.188853662028619E-005
  2.550876766713993E-005 -1.519659857782533E-006
 -9.822927606091282E-007 -2.568581267791687E-006
          60 -4.431643260533316E-005  1.320157317835994E-005
 -5.408685500453166E-008 -1.759528244764900E-005
 -1.720386366196426E-006 -3.425358150297494E-006
          61  5.921098964948652E-006  4.835427007561121E-005
 -1.332867382779486E-005  5.056021444444314E-006
 -2.741399334373807E-006 -3.143004288142787E-006
          62  4.929840409179920E-005  6.717372583703947E-006
  1.031642330725096E-005  1.626305936082168E-005
 -2.963459013541899E-006 -2.705813464929486E-006
          63  2.154755125579763E-005 -4.199833690656263E-005
  2.313069153092899E-005 -1.005067884866523E-005
 -3.354514259218563E-006 -2.834091049137645E-006
          64 -2.521828270067356E-005 -3.142923842088353E-005
 -3.978435321250171E-006 -2.815580773958390E-005
 -4.370464745877215E-006 -2.499892626877811E-006
          65 -2.957233024311273E-005  3.929266150574716E-006
 -2.807522967643287E-005 -4.988794770268572E-006
 -5.027827037019852E-006 -1.243027220771936E-006
          66 -1.255979693356640E-005  1.458860303217171E-005
 -1.310543059799779E-005  2.201071344461902E-005
 -4.550161418727898E-006 -6.340223183635275E-008
          67 -7.567206952728464E-006  1.592352078213142E-005
  1.111961544822361E-005  1.583552664064975E-005
 -3.874700700584343E-006  1.357996497071630E-007
          68  4.318402995705404E-006  2.642675352836602E-005
  9.409865083200100E-006 -6.390312966602705E-007
 -3.943166928380426E-006  7.371233345399706E-008
          69  3.307736683416596E-005  1.613653630203983E-005
  1.387908496975059E-006  3.565353480416306E-006
 -4.176926185204617E-006  6.099255067779319E-007
          70  3.496398405504501E-005 -2.561826172734567E-005
  1.361178786825577E-005  8.199857232354749E-006
 -3.799093556611560E-006  1.248528347623749E-006
          71 -1.000240492991299E-005 -4.377581907513680E-005
  2.267440862973047E-005 -1.222374169197154E-005
 -3.330311057564311E-006  1.179168315196563E-006
          72 -4.129566116269829E-005 -4.282586946484749E-006
 -3.875582781523810E-007 -3.132742266581387E-005
 -3.717222842559757E-006  9.985679055989345E-007
          73 -1.053499696734044E-005  3.352545836254776E-005
 -2.939266538816968E-005 -1.357068775511493E-005
 -4.375975827017610E-006  1.878851798244242E-006
          74  2.889297335977480E-005  8.997860295688063E-006
 -2.216784052975511E-005  2.016649040314572E-005
 -3.855210724057922E-006  3.342717579640301E-006
          75  6.155943266796673E-006 -3.226944793599787E-005
  9.502946850599128E-006  2.345402519729266E-005
 -2.391801691526436E-006  3.842654759732181E-006
          76 -4.177850429460991E-005 -9.720725793628426E-006
  1.876868215427408E-005 -2.055336197441986E-006
 -1.404934384171730E-006  3.213174665419480E-006
          77 -2.320129657257419E-005  5.026790461221928E-005
 -8.073430217587276E-007 -1.164556218503653E-005
 -1.529703178365542E-006  2.626964535183130E-006
          78  5.009847688321444E-005  4.380267524624033E-005
 -7.673671400261506E-006  6.058594547393769E-006
 -1.699635548309424E-006  3.014453210174484E-006
          79  6.441830668724874E-005 -3.792021854466807E-005
  1.283569795063651E-005  1.154613760927572E-005
 -1.009910353451937E-006  3.396304344349563E-006
          80 -1.596254597716527E-005 -7.782220469199540E-005
  2.170289425907210E-005 -1.398622361296305E-005
 -2.915624779984905E-007  2.902330585150003E-006
          81 -8.037597839750963E-005 -1.003204233744071E-005
 -6.499755429853683E-006 -3.095149525549358E-005
 -4.776679879405664E-007  2.179156510069843E-006
          82 -3.412701087027247E-005  7.275232065497912E-005
 -3.367379138044993E-005 -5.733191339084739E-006
 -1.184662431070462E-006  2.368405030998229E-006
          83  5.803698918822604E-005  5.258642101751637E-005
 -1.723220103394604E-005  2.979308449184595E-005
 -1.069112053354847E-006  3.321847625204207E-006
          84  6.434302997040294E-005 -3.948784324242616E-005
  2.194973629176851E-005  2.546692960530777E-005
  1.773827757438831E-008  3.689962863679747E-006
          85 -1.959469370875313E-005 -6.970209614709295E-005
  2.984023836023218E-005 -1.152256034798659E-005
  8.867005788197400E-007  2.985509189113859E-006
          86 -6.913139858553254E-005  1.202830053624443E-007
 -2.745273797697630E-007 -2.920519894315844E-005
  7.070194063535978E-007  2.046528844866983E-006
          87 -1.737659421557649E-005  6.325772663011741E-005
 -2.337591986899016E-005 -8.352338700723070E-006
 -4.510236216569013E-008  1.995842637268266E-006
          88  5.333847147193747E-005  3.136522892169446E-005
 -1.164442879435262E-005  1.556002568244864E-005
 -1.888050602285874E-007  2.691071045740908E-006
          89  4.089859514919792E-005 -4.120192737140460E-005
  9.660251497346588E-006  1.063317587639874E-005
  3.972624963368284E-007  3.048998065461041E-006
          90 -2.861461140194672E-005 -4.622776149582416E-005
  8.228407777322400E-006 -6.975210084890775E-006
  8.789160457216667E-007  2.773828257204574E-006
          91 -4.848426331432268E-005  1.664689498072257E-005
 -6.760201364107046E-006 -6.019697996032040E-006
  7.602844706538746E-007  2.532581380179122E-006
          92  5.466610552819375E-006  4.856614198001745E-005
 -5.060223613656667E-006  9.038208232070374E-006
  6.715527721851069E-007  2.935764293871319E-006
          93  4.658093337581787E-005  5.150680092957150E-006
  1.298246711092841E-005  7.532527124525366E-006
  1.374129733658473E-006  3.338825073049029E-006
          94  1.480191315636671E-005 -4.220552753942795E-005
  1.491127499879286E-005 -1.470739620222946E-005
  2.198836047547468E-006  2.904764852676845E-006
          95 -3.554124083036443E-005 -2.221935347489456E-005
 -1.006173690825345E-005 -2.405411678428795E-005
  2.217616607218552E-006  2.105041767251945E-006
          96 -2.620765152606448E-005  2.785464969395796E-005
 -2.931051614329781E-005 -4.498321928851811E-007
  1.649911414190361E-006  2.031410098304105E-006
          97  2.140577587204265E-005  2.683107813911921E-005
 -1.217239096867315E-005  2.805938556381029E-005
  1.723530824594970E-006  2.776720828854271E-006
          98  2.582530704354701E-005 -1.813133022939588E-005
  2.227280188359312E-005  2.174178841256262E-005
  2.746147757907924E-006  3.043704976481512E-006
          99 -1.822707841119295E-005 -2.600005821355739E-005
  2.854255480695014E-005 -1.400212761643563E-005
  3.649120413021241E-006  2.305108864793966E-006
         100 -2.979360943823758E-005  1.984020919449942E-005
 -3.469529880610159E-006 -3.196303167051612E-005
  3.612487956308698E-006  1.338468916622537E-006
         101  1.988160746120365E-005  3.784435979706113E-005
 -3.010761682200334E-005 -7.789190078642860E-006
  3.099087050619639E-006  1.190529202782013E-006
         102  4.866452027609200E-005 -1.541695957633919E-005
 -1.591226082805320E-005  2.337508173819424E-005
  3.319293490761362E-006  1.628137485523625E-006
         103 -4.911078598666669E-006 -5.932832916433333E-005
  1.542318329482955E-005  1.882330912038173E-005
  4.300590500568177E-006  1.481956266669376E-006
         104 -6.656678259576867E-005 -1.128220696523534E-005
  1.873339436260362E-005 -9.373124432994964E-006
  4.943619340413671E-006  3.538527560342331E-007
         105 -3.121823020779227E-005  6.777223420687830E-005
 -4.680562645446404E-006 -1.811895096809123E-005
  4.565820751049012E-006 -7.874294050066586E-007
         106  6.166358544935838E-005  5.194797321419396E-005
 -1.642070025430172E-005  2.560165062382542E-007
  3.917746008150903E-006 -1.055467282366345E-006
         107  7.024994602182481E-005 -4.846174024419656E-005
 -2.309396234636860E-006  1.272364166404873E-005
  3.987823520432478E-006 -1.042726950024911E-006
         108 -2.979024895255487E-005 -8.349820616877467E-005
  9.354437709358071E-006  1.081936921695956E-006
  4.291782353130280E-006 -1.775493527462102E-006
         109 -9.032196800778758E-005  8.182693007924230E-006
 -2.146136116724077E-006 -9.355307169253718E-006
  3.729196477722768E-006 -2.844336815661962E-006
         110 -1.385729648691079E-005  9.073987951377659E-005
 -1.247917980641799E-005  3.960954019741403E-006
  2.510709041885899E-006 -3.066597718186241E-006
         111  8.573685547234008E-005  3.473093672924541E-005
  3.725977906535632E-006  1.638174118209378E-005
  1.957715948949577E-006 -2.378945197704486E-006
         112  5.376560004444296E-005 -7.627477771619171E-005
  2.098138447206491E-005 -2.549725845443904E-006
  2.379976784207861E-006 -2.056446139015976E-006
         113 -6.250681489275809E-005 -7.050363027432475E-005
  1.265558822248343E-006 -2.745492864683391E-005
  2.631932674859297E-006 -2.613522894923546E-006
         114 -8.375582539398500E-005  4.416488661593135E-005
 -3.354924556442172E-005 -1.110130517897555E-005
  2.199471191072184E-006 -3.209145210788183E-006
         115  2.185493318650175E-005  9.132565471407382E-005
 -2.615781863202437E-005  3.329403236610985E-005
  1.560014612148895E-006 -3.209603820199456E-006
         116  9.106446277822424E-005  1.940267217699304E-006
  2.343974344786724E-005  4.024555718083734E-005
  1.452475042464369E-006 -2.930503276187139E-006
         117  2.322488073763489E-005 -8.282441276859889E-005
  4.710966642972734E-005 -6.931518042456899E-006
  1.633781470278005E-006 -3.195722216245308E-006
         118 -6.933631256898655E-005 -3.836067597149293E-005
  1.035416507458263E-005 -4.493221253125100E-005
  1.350167836334232E-006 -3.766528118431879E-006
         119 -4.651713171400693E-005  5.504040219554174E-005
 -3.512703693383168E-005 -2.379662985571413E-005
  6.224012739368429E-007 -4.007439280809123E-006
         120  4.343287624549363E-005  5.035521249967046E-005
 -3.007032000148646E-005  2.095204163606598E-005
  3.885087411937397E-008 -3.792807861230283E-006
         121  5.402728040200310E-005 -3.465135458537951E-005
  7.792719477676293E-006  2.756824320622739E-005
 -1.465080702507363E-007 -3.572115030735138E-006
         122 -2.533893964821614E-005 -5.972565151992460E-005
  1.975048598296984E-005 -1.705218193540715E-006
 -3.657732850138555E-007 -3.595164805290417E-006
         123 -6.565124735280999E-005  1.147561604454957E-005
 -3.441184432278684E-006 -1.431832920289924E-005
 -7.405830873580041E-007 -3.554768532817266E-006
         124 -7.694156039692853E-006  6.679277606272200E-005
 -1.607633647856816E-005  6.327433211396548E-006
 -1.036892037923216E-006 -3.333852516832995E-006
         125  5.852129881437876E-005  2.820695942667551E-005
  3.137474025298105E-006  2.116831301479711E-005
 -1.073549528429700E-006 -3.106475808447270E-006
         126  4.336564187109945E-005 -4.059202169744978E-005
  2.186615798940440E-005  5.799806328422370E-006
 -1.075805603865795E-006 -3.251329049697572E-006
         127 -1.808490413908080E-005 -4.794693619593025E-005
  1.356712482948983E-005 -1.508187837653354E-005
 -1.403285138347911E-006 -3.498039677560531E-006
         128 -4.166428434666998E-005 -1.690069174492760E-006
 -4.722020123890847E-006 -1.471934314841855E-005
 -1.945355203298155E-006 -3.552016204061998E-006
         129 -1.374179779629648E-005  2.934532530735834E-005
 -9.020954920509750E-006 -3.366863301165775E-006
 -2.566696221661208E-006 -3.381168909587471E-006
         130  1.716880666578193E-005  1.801824309116932E-005
 -5.327450988543533E-006 -9.082098739870194E-008
 -3.090911850677093E-006 -2.947615414361924E-006
         131  1.854231872719143E-005 -8.342479982831168E-006
 -7.710431416510071E-006 -3.146770340415435E-008
 -3.350844334041753E-006 -2.355607593877163E-006
         132 -1.675950467084293E-006 -1.934409528294882E-005
 -9.777208329888102E-006  8.238393509103566E-006
 -3.318098390503668E-006 -1.878598244378231E-006
         133 -2.081488638604483E-005 -6.283350124587136E-006
 -2.845064913460823E-007  1.631649642992230E-005
 -3.260244629683547E-006 -1.740562209399721E-006
         134 -1.733215589665443E-005  1.966192346625245E-005
  1.245358411113753E-005  1.184809113421498E-005
 -3.548263579185708E-006 -1.663678561919695E-006
         135  1.233633283690519E-005  2.905143597844398E-005
  1.583253297229693E-005  4.056736895536039E-007
 -3.991048408562737E-006 -1.171123539369279E-006
         136  3.615700670676612E-005  1.248770338048486E-006
  1.229437315850836E-005 -7.402525631003403E-006
 -3.961399685836821E-006 -3.389605187862831E-007
         137  1.659298949349237E-005 -3.481197759264900E-005
  7.641549187678458E-006 -1.391732291671749E-005
 -3.352700396963684E-006  8.909304574936786E-008
         138 -2.607547824794480E-005 -2.732269192527121E-005
 -4.617893631488368E-006 -1.944341718601697E-005
 -2.968101616543225E-006 -2.193519697568408E-007
         139 -2.990801038495523E-005  1.570716683296711E-005
 -2.252870082268924E-005 -9.661836893565842E-006
 -3.368613613904096E-006 -5.391014847223073E-007
         140  1.029831774687525E-005  2.660196703533021E-005
 -2.258108689651178E-005  1.705743059685346E-005
 -3.989651198564387E-006 -1.283048500151653E-007
         141  2.413341658392438E-005 -1.249538191248124E-005
  5.845518284799523E-006  2.997067787077264E-005
 -4.024437275270789E-006  6.476379842294411E-007
         142 -1.877803747073630E-005 -2.909537200809905E-005
  2.978712887022946E-005  6.408765127783642E-006
 -3.651454759316262E-006  9.874961012752019E-007
         143 -4.335219628979066E-005  2.150489955755640E-005
  1.425256431593070E-005 -2.393669125053181E-005
 -3.675747865185062E-006  9.420276173000796E-007
         144  1.371717357235956E-005  6.252078207869237E-005
 -1.840749372680600E-005 -1.595023490595882E-005
 -4.126744016338580E-006  1.385118825486259E-006
         145  7.845430139521309E-005  6.741440717915645E-006
 -1.613932390782834E-005  1.759818403339711E-005
 -3.998273025407321E-006  2.429467667900052E-006
         146  3.621775588637072E-005 -8.374039251695692E-005
  1.889982680949464E-005  2.053078620507914E-005
 -3.029473102827262E-006  2.964305219595970E-006
         147 -7.509845219420468E-005 -6.757947644345271E-005
  2.885283791577408E-005 -1.611096011271203E-005
 -2.351048165117623E-006  2.453401691780148E-006
         148 -9.391886124421972E-005  5.390435766821508E-005
 -7.438279243968654E-006 -3.558213384401061E-005
 -2.835375182804444E-006  1.945270020096449E-006
         149  2.432506389290909E-005  1.109919492011981E-004
 -3.720356278752259E-005 -3.457007906796118E-006
 -3.631778019392685E-006  2.633094221320621E-006
         150  1.173474732832511E-004  9.238194662774331E-006
 -1.319518197303414E-005  3.482124312543475E-005
 -3.373138810324677E-006  3.918337325802579E-006
         151  4.346444346195739E-005 -1.130668518024034E-004
  3.017110926426254E-005  2.138574996343380E-005
 -2.337417644050626E-006  4.479248732218373E-006
         152 -9.844904931679223E-005 -7.572294254304836E-005
  2.732125948291787E-005 -2.325834369802488E-005
 -1.690492214239485E-006  4.245074162571473E-006
         153 -1.030968607751210E-004  7.382385402387621E-005
 -1.536339578233061E-005 -2.934947550869972E-005
 -1.827236227554681E-006  4.284922532681186E-006
         154  4.042160929750368E-005  1.220072664747078E-004
 -2.842280741913560E-005  9.999851914985713E-006
 -1.659312883550276E-006  5.158726740406637E-006
         155  1.288514049325299E-004 -1.412828979002512E-006
  7.785913436348919E-006  2.891465453985565E-005
 -5.704054567300182E-007  5.915355352097995E-006
         156  3.810180142405682E-005 -1.213788836753234E-004
  3.292232852791853E-005 -4.276712731814939E-006
  8.205814846946987E-007  5.797789991390266E-006
         157 -1.000993632477198E-004 -7.209332741959833E-005
  4.395793344404151E-006 -3.686351862600921E-005
  1.601788277490302E-006  5.035633462741834E-006
         158 -9.518953471289903E-005  6.864745408105105E-005
 -3.582914460474636E-005 -1.599319220203050E-005
  1.727417469196992E-006  4.611141813045438E-006
         159  3.291858769762224E-005  1.043380606311203E-004
 -2.591023149672544E-005  2.949975561361154E-005
  2.097158065398883E-006  4.710506755198609E-006
         160  9.987579010326033E-005  6.010995689125349E-007
  2.069424533122546E-005  3.257949156282316E-005
  3.028502527020750E-006  4.537402606015159E-006
         161  2.666473893905520E-005 -8.528858219700617E-005
  3.670846315732671E-005 -1.018967429474381E-005
  3.760051768244626E-006  3.580848291936792E-006
         162 -6.580421470491679E-005 -4.291411764675175E-005
  2.309047749057825E-006 -3.695804752405791E-005
  3.584261059203346E-006  2.651903215781362E-006
         163 -5.029655643147388E-005  4.650979465632341E-005
 -3.133159697022154E-005 -1.393952479068262E-005
  3.286103331539100E-006  2.503458004127450E-006
         164  3.056126296140327E-005  5.199584060167362E-005
 -2.010027296025568E-005  2.170184700254877E-005
  3.610691007667133E-006  2.551666840797141E-006
         165  5.155825813034012E-005 -1.834767853871746E-005
  1.318697022695457E-005  2.056542303831839E-005
  4.195745832518329E-006  1.986553850859247E-006
         166 -8.205346192590867E-006 -5.120411348984196E-005
  1.938686743298963E-005 -8.059026481377086E-006
  4.134333254826166E-006  1.030520984673546E-006
         167 -5.109554453797225E-005 -1.975815866130756E-006
 -3.970766550697500E-006 -1.891896209583105E-005
  3.533064222850227E-006  6.338963763421652E-007
         168 -1.341151451670867E-005  4.994695313519916E-005
 -1.746316764938365E-005 -7.976012531840962E-007
  3.304651110173974E-006  8.476601079857444E-007
         169  4.626652443660026E-005  2.599362925229413E-005
 -4.283711463026551E-006  1.389684991483588E-005
  3.670274619349458E-006  8.495793532326383E-007
         170  3.883757851626525E-005 -3.910093495236951E-005
  1.053162654184172E-005  4.664788686180795E-006
  3.928692006326680E-006  2.985611573052113E-007
         171 -2.794665510788836E-005 -5.092373931319941E-005
  3.785824307259244E-006 -9.767861425259998E-006
  3.667608202914215E-006 -2.414298487676226E-007
         172 -6.098976477267617E-005  1.230779648934624E-005
 -1.082455083927117E-005 -4.380544447283606E-006
  3.313031308367581E-006 -3.095099942496740E-007
         173 -8.207120527089538E-006  6.686867448022605E-005
 -6.812883572418118E-006  1.182954905715087E-005
  3.367723404871207E-006 -1.842690311688942E-007
         174  6.530994064801313E-005  3.274751334583270E-005
  1.222796384049928E-005  1.070822343466541E-005
  3.696601949265733E-006 -4.001586509041849E-007
         175  5.790050397985065E-005 -5.315458167998714E-005
  1.681962724837848E-005 -1.084897568182207E-005
  3.792924512986276E-006 -9.499600590041839E-007
         176 -2.958249566878531E-005 -7.771721976606410E-005
 -4.523296609722869E-006 -2.396123334337907E-005
  3.541323276560975E-006 -1.420185803056522E-006
         177 -8.586239775121265E-005 -2.009233469975989E-006
 -2.686014647974114E-005 -7.699269663586554E-006
  3.217599284171231E-006 -1.604370981210264E-006
         178 -3.429701809430075E-005  7.887983940007168E-005
 -2.057265000326459E-005  2.101827865065664E-005
  3.077088766299176E-006 -1.632441611185478E-006
         179  5.845994889117778E-005  5.898264149724054E-005
  8.837803524271636E-006  2.691300840619636E-005
  3.089049930554332E-006 -1.723002448390574E-006
         180  7.066998972097364E-005 -3.106088119069537E-005
  2.518394865932213E-005  2.662420944483485E-006
  3.148866310969231E-006 -1.894907793472976E-006
         181 -4.739835817261709E-006 -6.902591711760462E-005
  9.411640502431050E-006 -1.987840150208851E-005
  3.265451680981051E-006 -2.177349986730747E-006
         182 -5.811438541749171E-005 -1.474882582908479E-005
 -1.497736860472525E-005 -1.262358750501008E-005
  3.337267001536224E-006 -2.622610615513920E-006
         183 -2.565328795842358E-005  4.347318953847839E-005
 -1.455072244364669E-005  1.095832152920956E-005
  3.260314953017053E-006 -3.214098867952021E-006
         184  2.912913009841910E-005  2.917403468210134E-005
  7.362928055449886E-006  1.577934603830130E-005
  2.941017906263651E-006 -3.811028498453630E-006
         185  2.714507999903055E-005 -1.685374544807919E-005
  1.695019095692869E-005 -4.140905238551126E-006
  2.478280624580714E-006 -4.278380376058955E-006
         186 -7.834145400280640E-006 -2.061005312356017E-005
  1.808641950436308E-007 -1.848817763292263E-005
  1.926723024919442E-006 -4.642295439856899E-006
         187 -1.045101437293212E-005  4.243420448293014E-006
 -1.791396992355808E-005 -7.126983764715905E-006
  1.348295210885929E-006 -4.862726300737323E-006
         188  8.697997655795883E-006 -4.442378224797111E-007
 -1.358863629963315E-005  1.152145920239999E-005
  8.020956303046892E-007 -5.002116112025956E-006
         189 -6.346142930591801E-006 -2.183136144612533E-005
  1.397910843036638E-006  1.286723084174952E-005
  2.654452083143886E-007 -5.079134580791810E-006
         190 -3.967873567673355E-005  9.935355762698668E-007
  3.364294613491429E-006  3.622919405960797E-006
 -2.354801149836995E-007 -5.220066876447803E-006
         191 -1.817275428698762E-005  5.370270115035690E-005
 -2.837114467995228E-006  6.432308125478500E-006
 -9.682476198223444E-007 -5.351175203381236E-006
         192  5.449321748247502E-005  4.700168701927462E-005
  5.832948737720289E-006  1.639345159605059E-005
 -1.846978055750588E-006 -5.181843534468261E-006
         193  7.532683663292806E-005 -3.726210808472310E-005
  2.557323544077264E-005  7.270693983648830E-006
 -2.603467826915568E-006 -4.650596981905139E-006
         194 -5.023762041008665E-006 -9.169071174624390E-005
  2.531102980150409E-005 -2.226055737027426E-005
 -2.939125354658321E-006 -3.959887790191461E-006
         195 -8.935747608972871E-005 -3.259469000451182E-005
 -6.363979690798757E-006 -3.838292256939359E-005
 -2.952574231012376E-006 -3.525625945469313E-006
         196 -6.429824931194827E-005  6.941352465826694E-005
 -3.908998142729562E-005 -1.640079227583025E-005
 -3.058136044188531E-006 -3.458472423054589E-006
         197  3.905288136405310E-005  8.267684793232833E-005
 -3.681987964899151E-005  2.418939382010743E-005
 -3.533538805256574E-006 -3.422593621392668E-006
         198  8.675276894138191E-005 -6.809993163319569E-006
 -2.536419883518566E-006  4.377669716768709E-005
 -4.205835573881598E-006 -3.007924796970107E-006
         199  2.180094045563483E-005 -8.001154990980957E-005
  3.101984231969661E-005  2.861961328006638E-005
 -4.659426865109045E-006 -2.215173077909599E-006
         200 -6.627103606454891E-005 -4.557907326327775E-005
  3.964074707655254E-005 -4.367071981531743E-006
 -4.671548568533506E-006 -1.322117494358417E-006
         201 -6.522589464662832E-005  4.687256281262066E-005
  2.110046566390205E-005 -3.078888517495446E-005
 -4.332425459744979E-006 -7.075254516001579E-007
         202  2.098597720824817E-005  7.987733463295566E-005
 -9.990378394557198E-006 -3.335386005720838E-005
 -4.012277344748845E-006 -4.341113457178933E-007
         203  8.577692356135538E-005  1.151585141300705E-005
 -3.086455614565816E-005 -1.071373515265549E-005
 -3.832646345838047E-006 -3.200727533667026E-007
         204  4.717579520925591E-005 -7.811482045073837E-005
 -2.416913344656002E-005  1.892350612165693E-005
 -3.815417391343890E-006 -2.689030729821055E-007
         205 -5.457580474493771E-005 -7.878414713811809E-005
  3.341621044702791E-006  2.821829790369188E-005
 -3.991255997627308E-006 -1.857750121096732E-007
         206 -9.813735324519682E-005  1.798142408200614E-005
  2.276737104763632E-005  1.037627609502553E-005
 -4.345356913286257E-006  1.036538157775693E-007
         207 -2.401995221967212E-005  9.984038047992883E-005
  1.665604185024040E-005 -1.072352490729684E-005
 -4.648200934300076E-006  7.983308413568860E-007
         208  8.375713024389597E-005  6.204407570183844E-005
  1.046397495452217E-006 -1.335437951943020E-005
 -4.444729204081039E-006  1.755569456567114E-006
         209  8.865853801364392E-005 -5.474011884574319E-005
 -4.296240689996365E-006 -6.479091793251117E-006
 -3.638552434783102E-006  2.330211661332814E-006
         210 -2.007479480207674E-005 -1.006596181889096E-004
 -5.097084027177111E-006 -4.732052842568372E-006
 -2.933206062826076E-006  2.106402511220132E-006
         211 -9.906534310347331E-005 -1.352988466115226E-005
 -1.134849024042702E-005 -4.018099949044495E-007
 -3.037757701622073E-006  1.663530132122965E-006
         212 -4.171995454748999E-005  8.742473698412791E-005
 -9.324477506172917E-006  1.533328701292811E-005
 -3.667782811556545E-006  1.913092164635492E-006
         213  6.969821539616507E-005  6.269551374132576E-005
  1.425060454459728E-005  2.176008299425309E-005
 -3.834477551805756E-006  2.965682629650625E-006
         214  7.643160326577284E-005 -4.898172343092693E-005
  3.391990635205412E-005 -4.688189725909456E-006
 -3.091689515739196E-006  3.891697758651733E-006
         215 -2.731441771879183E-005 -8.362112266133784E-005
  1.200702499013211E-005 -3.919411719522892E-005
 -2.128058651525520E-006  4.085734600543593E-006
         216 -8.500453996864345E-005  5.985246348778736E-006
 -3.451922684771743E-005 -2.953040499892196E-005
 -1.538478288905663E-006  3.933668837543597E-006
         217 -1.402666850316633E-005  8.129828914028586E-005
 -4.246078584780415E-005  2.239252857646662E-005
 -1.142715203877843E-006  3.879770823248054E-006
         218  7.329164909523856E-005  3.171997516464477E-005
  6.489069323345459E-006  4.930444271225841E-005
 -6.439192322603991E-007  3.755272598651634E-006
         219  4.623802174505816E-005 -6.184759781571680E-005
  4.935188307062104E-005  1.092049050948855E-005
 -3.722331338048891E-007  3.315933861652409E-006
         220 -4.803087160732614E-005 -5.712756065867324E-005
  2.657264944265270E-005 -4.147358344582062E-005
 -6.735125906188267E-007  3.065900568597054E-006
         221 -6.433955997327347E-005  3.281554141542162E-005
 -2.770899575281171E-005 -3.540993749121233E-005
 -1.004090197263487E-006  3.568531940478076E-006
         222  1.665621414866609E-005  6.808145787285217E-005
 -3.557826964786703E-005  1.443948455389796E-005
 -5.193747534673421E-007  4.461263183879988E-006
         223  6.839638111894975E-005  5.489476020880330E-007
  6.863749093154915E-006  3.131886849093448E-005
  7.062413192620748E-007  4.678162103979018E-006
         224  1.880855351309037E-005 -6.446317510373404E-005
  2.859369360547730E-005 -4.094232519249575E-006
  1.610264314045223E-006  3.979145735965414E-006
         225 -5.446432277000265E-005 -3.710266959488835E-005
 -1.882587336082408E-006 -2.920527088591635E-005
  1.699055172767820E-006  3.223073312707263E-006
         226 -5.247294929057602E-005  3.671691766903619E-005
 -3.136798182049469E-005 -2.436940427834285E-006
  1.538679579656226E-006  3.027274461477959E-006
         227  1.158462857852539E-005  6.001967414915013E-005
 -9.588935666495147E-006  3.316762214609273E-005
  1.760064915617252E-006  3.030665925660879E-006
         228  5.465268299373624E-005  1.698934217128746E-005
  3.230822384251653E-005  2.016892503410239E-005
  2.039942125366003E-006  2.626106422959531E-006
         229  4.146785234297969E-005 -3.414566587137423E-005
  3.243037196880282E-005 -2.492574830240851E-005
  1.726045203564205E-006  2.222881336446315E-006
         230 -1.617946034605500E-006 -5.289386169729514E-005
 -9.280061959919448E-006 -3.999478601199886E-005
  1.267604201294390E-006  2.618209769115144E-006
         231 -4.491515513042518E-005 -3.428403799564318E-005
 -3.620233375668572E-005 -9.226289370758540E-006
  1.710731584902439E-006  3.521067052483142E-006
         232 -6.184004794980181E-005  1.740216910274659E-005
 -2.089677701794202E-005  2.155877028303391E-005
  3.102885909460537E-006  3.657865508479390E-006
         233 -2.260883823299337E-005  7.077813305350321E-005
  4.196496753609305E-006  2.018102599209205E-005
  4.139983634743364E-006  2.542868010622195E-006
         234  5.668538318929981E-005  6.306959564292982E-005
  9.389436194034056E-006  7.247173727419265E-006
  3.927148740207096E-006  1.254429751824006E-006
         235  9.129081665876094E-005 -2.284829670477638E-005
  8.663402346652060E-006  5.308033021608824E-006
  3.138689721760989E-006  9.425991404030886E-007
         236  2.113119658431068E-005 -9.860498895992679E-005
  1.758710101734169E-005  2.504105438214267E-007
  2.949804210039074E-006  1.364285796723320E-006
         237 -8.322248536586491E-005 -6.290058250044069E-005
  1.686452884930890E-005 -2.105811764477279E-005
  3.440900602375754E-006  1.521548177522645E-006
         238 -9.150217448940362E-005  5.014876952784202E-005
 -1.125426114802180E-005 -3.378854644079769E-005
  3.903013005219700E-006  1.214199027247718E-006
         239  8.961092169396787E-006  1.006401496098846E-004
 -4.083342466897032E-005 -9.290649705782752E-006
  4.194210151447480E-006  8.766603614464852E-007
         240  9.002735478901053E-005  2.944310601718683E-005
 -3.043448812022033E-005  3.269645122297026E-005
  4.648929675578066E-006  5.208033171800874E-007
         241  5.611002357479257E-005 -6.479716846703337E-005
  1.364074275028737E-005  4.199086187844881E-005
  5.195071430931070E-006 -3.080263215334790E-007
         242 -3.353662811844938E-005 -6.653048803867370E-005
  4.076233256546336E-005  7.304900316062359E-006
  5.176377241143475E-006 -1.605809035091405E-006
         243 -6.162275929183752E-005  5.359835653512913E-006
  2.343167336713758E-005 -2.947052680052189E-005
  4.355431698166927E-006 -2.619850816420636E-006
         244 -1.323710837273929E-005  4.696478552509363E-005
 -1.204257076731652E-005 -3.111911546409344E-005
  3.388664827551301E-006 -2.843965285679707E-006
         245  3.028098911443917E-005  2.051167245406125E-005
 -2.766173710570535E-005 -6.586278817880343E-006
  2.913086257957482E-006 -2.672461920631617E-006
         246  1.966229900074840E-005 -1.792149899693088E-005
 -1.888026759117937E-005  1.348201616785928E-005
  2.827407154310387E-006 -2.709060029825077E-006
         247 -1.208415893418550E-005 -1.671819213151042E-005
 -4.456597447002628E-006  1.847877421532144E-005
  2.635018865909934E-006 -3.042335288102086E-006
         248 -1.692842062479455E-005  1.018454400994303E-005
  6.661388233140660E-006  1.592449972929620E-005
  2.212401364277170E-006 -3.276217760595682E-006
         249  6.773552861724496E-006  2.164106640821724E-005
  1.544619104868706E-005  8.210304949593297E-006
  1.894650499237748E-006 -3.350335592625540E-006
         250  2.754119293814089E-005  2.820604185444212E-006
  1.783538794920187E-005 -5.292909497156937E-006
  1.643405995260153E-006 -3.593111141735215E-006
         251  1.924416344711408E-005 -2.846928252503227E-005
  8.740865792857332E-006 -1.850055189838122E-005
  1.090786226376514E-006 -3.919360676814613E-006
         252 -1.895477425606489E-005 -3.822639718698043E-005
 -9.646358171903937E-006 -2.102401198602672E-005
  2.559886267518359E-007 -3.861211974134750E-006
         253 -5.233259585872192E-005 -2.495761463937142E-006
 -2.576684661436263E-005 -6.889839049358289E-006
 -3.069959170962422E-007 -3.283167037704266E-006
         254 -3.217407344615846E-005  5.423863353819898E-005
 -2.495410023829021E-005  1.805777295648560E-005
 -2.738408220657578E-007 -2.718085816643562E-006
         255  3.996660049038849E-005  6.242653498130626E-005
 -1.309944500162649E-006  3.511529044927905E-005
 -2.959588010838035E-008 -2.623578291249352E-006
         256  8.439925861980796E-005 -1.059293922069837E-005
  3.108026611018391E-005  2.434019699400370E-005
 -7.030010663106776E-008 -2.803946225004360E-006
