   5120.00000000000     
         256           1           3
  8.994473019507991E-004   40.6860249737618        118.050611253789     
   18.8300000000000        145.590000000000        6160.02000000000     
           0  0.000000000000000E+000  0.000000000000000E+000
  0.000000000000000E+000  0.000000000000000E+000
  0.000000000000000E+000  0.000000000000000E+000
           1  0.000000000000000E+000  0.000000000000000E+000
  1.576824760743440E-010  3.730762686410175E-010
 -2.277198540999552E-008  5.168549612797083E-011
           2  0.000000000000000E+000  0.000000000000000E+000
 -1.749176681216207E-011  1.248622857982225E-009
 -2.492551400520571E-008 -9.916329090259119E-010
           3  0.000000000000000E+000  0.000000000000000E+000
  7.681218607459566E-011  2.573396078032169E-009
 -2.987480036606755E-008  6.864331628335075E-011
           4  0.000000000000000E+000  0.000000000000000E+000
  1.101576822081153E-009  4.302545067808727E-009
 -3.686818612281435E-008  6.661318458770478E-009
           5  0.000000000000000E+000  0.000000000000000E+000
  3.723984995177519E-009  5.643765136343504E-009
 -3.983421901410373E-008  2.196096446949634E-008
           6  0.000000000000000E+000  0.000000000000000E+000
  7.667946439787985E-009  4.714200095224551E-009
 -2.873441575518945E-008  4.124317183133950E-008
           7  0.000000000000000E+000  0.000000000000000E+000
  9.932965954326894E-009  1.237052560568592E-009
 -1.144650606669652E-009  5.142768031170830E-008
           8  0.000000000000000E+000  0.000000000000000E+000
  1.016340487112379E-008 -3.216824436989853E-009
  3.590769683494969E-008  3.350115721639523E-008
           9  0.000000000000000E+000  0.000000000000000E+000
  7.009061303272700E-009 -7.229403022746171E-009
  4.751143944204493E-008 -1.927448162820071E-008
          10  0.000000000000000E+000  0.000000000000000E+000
  1.990782911240717E-009 -7.717108775841274E-009
  2.199935063153955E-009 -7.116760676512902E-008
          11  0.000000000000000E+000  0.000000000000000E+000
 -1.681372462857440E-009 -5.692391479171022E-009
 -8.578358125474917E-008 -6.457678911383996E-008
          12  0.000000000000000E+000  0.000000000000000E+000
 -4.938380572183767E-009  9.416032910366396E-010
 -1.435441865787959E-007  3.967640091124334E-008
          13  0.000000000000000E+000  0.000000000000000E+000
  1.913876140278771E-009  7.753694698867538E-009
 -6.935035625701173E-008  1.601467884908831E-007
          14  0.000000000000000E+000  0.000000000000000E+000
  1.152217858869027E-008  4.759537549506676E-009
  8.826134164501051E-008  1.650807373172497E-007
          15  0.000000000000000E+000  0.000000000000000E+000
  1.487735148898520E-008 -5.028515512365112E-009
  1.934399666537149E-007  2.307511441031600E-008
          16  0.000000000000000E+000  0.000000000000000E+000
  9.538951648072860E-009 -1.532376144177877E-008
  1.270182104075055E-007 -1.649868384632500E-007
          17  0.000000000000000E+000  0.000000000000000E+000
 -6.388186414758928E-009 -1.620117546751199E-008
 -9.127290042404952E-008 -2.085602215945784E-007
          18  0.000000000000000E+000  0.000000000000000E+000
 -1.217668218540687E-008 -1.771916935521936E-009
 -2.454908860251296E-007 -4.633607299493164E-008
          19  0.000000000000000E+000  0.000000000000000E+000
 -4.039122620879914E-009  8.812912980883505E-009
 -2.070854848361815E-007  1.821434647404851E-007
          20  0.000000000000000E+000  0.000000000000000E+000
  8.423112481196413E-009  8.415118315223567E-009
  1.483649432841104E-008  2.928918126847126E-007
          21  0.000000000000000E+000  0.000000000000000E+000
  1.613933456220423E-008 -1.821558512335246E-009
  2.479833080161764E-007  1.677280980906773E-007
          22  0.000000000000000E+000  0.000000000000000E+000
  1.100875623883934E-008 -1.749682803313121E-008
  2.710744892430826E-007 -1.091328963822814E-007
          23  0.000000000000000E+000  0.000000000000000E+000
 -6.999521866661352E-009 -1.549978725635786E-008
  7.033102939377938E-008 -2.734979239328560E-007
          24  0.000000000000000E+000  0.000000000000000E+000
 -1.007741220075110E-008 -2.700380691704615E-009
 -1.895765861386737E-007 -2.369806551352357E-007
          25  0.000000000000000E+000  0.000000000000000E+000
 -3.058022195266395E-009  4.975623512461962E-009
 -3.363180176066392E-007  1.261952041038740E-008
          26  0.000000000000000E+000  0.000000000000000E+000
  7.041134376598379E-009  3.797009553349870E-009
 -2.115512084910266E-007  2.978487936627893E-007
          27  0.000000000000000E+000  0.000000000000000E+000
  1.226478107217854E-008 -8.218025830525810E-009
  9.968552182689019E-008  3.657982201527149E-007
          28  0.000000000000000E+000  0.000000000000000E+000
 -2.559564374933627E-009 -1.567315642110296E-008
  3.575173621226144E-007  1.761505751200809E-007
          29  0.000000000000000E+000  0.000000000000000E+000
 -7.756873252592498E-009 -5.722257501420616E-009
  3.766435086974934E-007 -2.047737263551920E-007
          30  0.000000000000000E+000  0.000000000000000E+000
 -4.752771947738131E-009 -3.954952443306780E-010
  2.469747563443527E-008 -4.394273345734186E-007
          31  0.000000000000000E+000  0.000000000000000E+000
  8.342631749386854E-011  1.397256297195386E-009
 -3.687676292643108E-007 -2.595761280549033E-007
          32  0.000000000000000E+000  0.000000000000000E+000
  6.002396433131145E-009 -2.434187707646826E-009
 -4.392536583648586E-007  1.674236691285334E-007
          33  0.000000000000000E+000  0.000000000000000E+000
  7.653266537971500E-010 -1.213173093461308E-008
 -1.305486149506327E-007  4.865343210935305E-007
          34  0.000000000000000E+000  0.000000000000000E+000
 -5.716330367775608E-009 -6.350728729228033E-009
  3.489055690832162E-007  3.874516547515425E-007
          35  0.000000000000000E+000  0.000000000000000E+000
 -4.668601868879012E-009 -3.940028620464424E-009
  4.892411068465106E-007 -7.421551345786984E-008
          36  0.000000000000000E+000  0.000000000000000E+000
 -5.187511467739366E-009 -2.100398689248728E-009
  1.972686540504777E-007 -4.160347024954424E-007
          37  0.000000000000000E+000  0.000000000000000E+000
 -2.818100082071888E-009  1.140367418735954E-009
 -2.256092935187095E-007 -3.731428780065300E-007
          38  0.000000000000000E+000  0.000000000000000E+000
  2.547994298914501E-009 -1.601809706654017E-009
 -4.303114879450295E-007 -1.480242560990026E-008
          39  0.000000000000000E+000  0.000000000000000E+000
 -1.713403713145081E-009 -4.397783782243722E-009
 -2.352280294951290E-007  3.628133041434679E-007
          40  0.000000000000000E+000  0.000000000000000E+000
  9.319066756723559E-010 -3.794343978295717E-009
  1.617558659080654E-007  3.628206485488994E-007
          41  0.000000000000000E+000  0.000000000000000E+000
 -1.135849387081203E-009 -8.945695299358109E-009
  3.453374015564312E-007  8.335126047065238E-008
          42  0.000000000000000E+000  0.000000000000000E+000
 -7.927901329761785E-009 -7.948183219068659E-009
  2.500734448574539E-007 -1.968558970851534E-007
          43  0.000000000000000E+000  0.000000000000000E+000
 -9.434634114002737E-009 -1.805447763690784E-009
 -1.617888031297481E-008 -2.853121660991541E-007
          44  0.000000000000000E+000  0.000000000000000E+000
 -8.947507344025702E-009  1.807417703750617E-009
 -2.270999468622145E-007 -1.138982649500028E-007
          45  0.000000000000000E+000  0.000000000000000E+000
 -6.624472914960774E-010  7.744682860947978E-009
 -1.939111171267468E-007  1.067804145849169E-007
          46  0.000000000000000E+000  0.000000000000000E+000
  7.509202904876929E-009 -1.255720430320025E-009
 -4.242230600753777E-008  2.234814230514161E-007
          47  0.000000000000000E+000  0.000000000000000E+000
  2.287506664872276E-009 -1.147763808849837E-008
  1.625582936546351E-007  1.792734574408518E-007
          48  0.000000000000000E+000  0.000000000000000E+000
 -8.239409368209995E-009 -1.212193610347103E-008
  2.371531948520777E-007 -2.991851618452501E-008
          49  0.000000000000000E+000  0.000000000000000E+000
 -1.547162029435136E-008 -5.279830373349612E-009
  9.254821698957810E-008 -1.951763580117408E-007
          50  0.000000000000000E+000  0.000000000000000E+000
 -1.402907011417926E-008  7.285924727254383E-009
 -1.071213267367249E-007 -1.600480544051650E-007
          51  0.000000000000000E+000  0.000000000000000E+000
 -2.120471456357844E-009  1.078894353503290E-008
 -1.872554767937471E-007  3.097504611704189E-008
          52  0.000000000000000E+000  0.000000000000000E+000
  5.655535059972087E-009  3.412409935045511E-009
 -4.665995071824411E-008  1.934513195431553E-007
          53  0.000000000000000E+000  0.000000000000000E+000
  3.965040155498833E-009 -6.080326050757055E-009
  1.592245301323979E-007  1.365749346829579E-007
          54  0.000000000000000E+000  0.000000000000000E+000
 -4.324699689721941E-009 -9.840111287328703E-009
  1.993378845691479E-007 -6.900830490512250E-008
          55  0.000000000000000E+000  0.000000000000000E+000
 -1.197359306358106E-008 -5.630763146857786E-009
  3.617608302673035E-008 -1.986481287117978E-007
          56  0.000000000000000E+000  0.000000000000000E+000
 -1.334415273413169E-008  3.323834680751471E-009
 -1.547657903008066E-007 -1.072854069748349E-007
          57  0.000000000000000E+000  0.000000000000000E+000
 -6.460544526968853E-009  8.980580323754094E-009
 -1.540956159794407E-007  1.013973734410163E-007
          58  0.000000000000000E+000  0.000000000000000E+000
  9.546074169324542E-010  6.158769523981061E-009
  2.587393183571029E-008  1.951600042195897E-007
          59  0.000000000000000E+000  0.000000000000000E+000
  1.834598313548476E-009 -7.008458026949551E-010
  1.956353626231863E-007  8.793409452538146E-008
          60  0.000000000000000E+000  0.000000000000000E+000
 -3.019295321261754E-009 -3.609479070614628E-009
  1.928287418928411E-007 -1.188360148655655E-007
          61  0.000000000000000E+000  0.000000000000000E+000
 -6.855313235248061E-009 -3.342959708038535E-009
 -6.791768527290686E-009 -2.212012579641933E-007
          62  0.000000000000000E+000  0.000000000000000E+000
 -1.043160283472486E-008  2.573317256797776E-009
 -1.599601648226346E-007 -8.611325346896312E-008
          63  0.000000000000000E+000  0.000000000000000E+000
 -5.582314069911313E-009  6.935862600160255E-009
 -1.448835630110270E-007  7.064148633748725E-008
          64  0.000000000000000E+000  0.000000000000000E+000
 -1.763622453041094E-009  4.707652559716686E-009
 -2.730171064266180E-008  1.743457431666156E-007
          65  0.000000000000000E+000  0.000000000000000E+000
 -2.584707755966669E-009  2.955180077387552E-009
  1.570111942580172E-007  1.414708154588237E-007
          66  0.000000000000000E+000  0.000000000000000E+000
 -2.577002716389921E-010  1.731097431013786E-009
  2.177243455473010E-007 -6.369551234011219E-008
          67  0.000000000000000E+000  0.000000000000000E+000
 -6.040517817764462E-009  1.303612179105022E-010
  1.081533188145700E-007 -1.884401782269889E-007
          68  0.000000000000000E+000  0.000000000000000E+000
 -5.426557577634432E-009  4.676544044208597E-009
 -8.750105542134786E-008 -2.490823099370121E-007
          69  0.000000000000000E+000  0.000000000000000E+000
 -3.719395779596681E-009  4.759618912735442E-009
 -2.981728972111854E-007 -3.943605985262697E-008
          70  0.000000000000000E+000  0.000000000000000E+000
 -3.825910653822184E-009  5.745391356806332E-009
 -1.607798029540783E-007  2.820729275345215E-007
          71  0.000000000000000E+000  0.000000000000000E+000
  8.811120168141395E-010  8.518537200731327E-009
  2.055221707404917E-007  2.698504523264690E-007
          72  0.000000000000000E+000  0.000000000000000E+000
  1.955439161507268E-009 -6.801855035024752E-010
  3.470868133998989E-007 -1.603998891804513E-008
          73  0.000000000000000E+000  0.000000000000000E+000
 -3.379706668889515E-009  1.094417497025953E-010
  2.189157334512523E-007 -3.627466675174145E-007
          74  0.000000000000000E+000  0.000000000000000E+000
 -5.965528614674755E-009  1.111528329010100E-009
 -2.569308310034427E-007 -3.954956664931681E-007
          75  0.000000000000000E+000  0.000000000000000E+000
 -9.003615092638919E-009  6.032956105175697E-009
 -4.706001888249459E-007  7.529751030989169E-008
          76  0.000000000000000E+000  0.000000000000000E+000
 -5.273967731234085E-009  1.463754359646560E-008
 -1.183796932900117E-007  4.515576166674319E-007
          77  0.000000000000000E+000  0.000000000000000E+000
  1.001134726821294E-008  1.177734204112936E-008
  3.264846803768795E-007  3.099282934952284E-007
          78  0.000000000000000E+000  0.000000000000000E+000
  7.547902072853766E-009  2.745857780234722E-010
  5.136230687255029E-007 -1.130743225835299E-007
          79  0.000000000000000E+000  0.000000000000000E+000
  2.210073550699945E-009 -5.680367136934985E-009
  1.395405447531992E-007 -5.806376006645955E-007
          80  0.000000000000000E+000  0.000000000000000E+000
 -1.014883815064003E-008 -4.414910154998171E-009
 -4.460890223377045E-007 -3.742574153494154E-007
          81  0.000000000000000E+000  0.000000000000000E+000
 -1.526391173882032E-008  1.070418327227705E-008
 -4.866522005456217E-007  1.821880951679956E-007
          82  0.000000000000000E+000  0.000000000000000E+000
  1.388286787828433E-009  2.296533119834154E-008
 -1.117444906509972E-007  4.458249218817375E-007
          83  0.000000000000000E+000  0.000000000000000E+000
  1.254991509371537E-008  1.178536032411194E-008
  3.287441565089976E-007  3.774156786881423E-007
          84  0.000000000000000E+000  0.000000000000000E+000
  1.498490411412579E-008 -1.072715608754598E-010
  4.911171571930428E-007 -1.227193485037572E-007
          85  0.000000000000000E+000  0.000000000000000E+000
  3.552078727883720E-009 -1.012844888762287E-008
  1.679477403990552E-007 -4.208684802986468E-007
          86  0.000000000000000E+000  0.000000000000000E+000
 -1.001864603371137E-008 -3.451391050306887E-009
 -1.670146027630313E-007 -3.942560674857765E-007
          87  0.000000000000000E+000  0.000000000000000E+000
 -9.109906126588339E-009  1.214828361240241E-008
 -4.203278353650060E-007 -1.782785894522714E-007
          88  0.000000000000000E+000  0.000000000000000E+000
  3.717391576209626E-009  1.315591578989140E-008
 -4.600414064559861E-007  2.604027500137370E-007
          89  0.000000000000000E+000  0.000000000000000E+000
  9.751668717759672E-009  9.575589182424763E-009
 -1.790533364191683E-008  5.263602691929992E-007
          90  0.000000000000000E+000  0.000000000000000E+000
  1.113938304085901E-008 -1.909997234061054E-010
  4.015816665229865E-007  3.380683951103348E-007
          91  0.000000000000000E+000  0.000000000000000E+000
  3.039834814019456E-009 -4.703408296855433E-009
  5.728903575420425E-007 -1.192230770210091E-007
          92  0.000000000000000E+000  0.000000000000000E+000
 -3.612908276989641E-009 -7.888375855680511E-011
  2.665928195090518E-007 -6.094304947163245E-007
          93  0.000000000000000E+000  0.000000000000000E+000
 -9.219030605035627E-010  7.766107277918527E-009
 -3.931222372495818E-007 -6.190326339549880E-007
          94  0.000000000000000E+000  0.000000000000000E+000
  2.999426359468286E-009  6.398480362437090E-009
 -7.403949185674041E-007  7.600578897216206E-009
          95  0.000000000000000E+000  0.000000000000000E+000
  6.694639638004982E-009  5.476873536022287E-009
 -4.114196265292792E-007  5.711238208400058E-007
          96  0.000000000000000E+000  0.000000000000000E+000
  6.124915863926467E-009  6.136641523259195E-010
  2.321134439132717E-007  6.817181792351560E-007
          97  0.000000000000000E+000  0.000000000000000E+000
  2.305429511494443E-009  3.712678462559752E-010
  7.262371002954166E-007  1.624665430267847E-007
          98  0.000000000000000E+000  0.000000000000000E+000
  1.320721062544852E-009  3.896537402970370E-009
  5.125147789186952E-007 -5.464969254304136E-007
          99  0.000000000000000E+000  0.000000000000000E+000
  4.810044956062474E-009  3.603795843747630E-009
 -1.900685102657596E-007 -6.880024099241855E-007
         100  0.000000000000000E+000  0.000000000000000E+000
  4.795845828303939E-009  3.745699643569022E-009
 -6.094033461628617E-007 -2.367487558277769E-007
         101  0.000000000000000E+000  0.000000000000000E+000
  6.100746619706854E-009  2.196901320714852E-009
 -5.139074085256504E-007  3.375608398071476E-007
         102  0.000000000000000E+000  0.000000000000000E+000
  5.656410981699117E-009  1.271189773393050E-009
  3.035683734473833E-009  5.339339778587702E-007
         103  0.000000000000000E+000  0.000000000000000E+000
  5.514381277312451E-009  5.570334891365834E-010
  3.595909224820344E-007  2.419717532816596E-007
         104  0.000000000000000E+000  0.000000000000000E+000
  5.134746854184025E-009 -7.385788316601267E-010
  3.303123941508635E-007 -1.103390161431257E-007
         105  0.000000000000000E+000  0.000000000000000E+000
  2.164271642422078E-009  1.275046836746462E-010
  1.247649880440511E-007 -2.783172433749369E-007
         106  0.000000000000000E+000  0.000000000000000E+000
  3.145195350384398E-009  3.205202651445578E-009
 -1.065999948280116E-007 -2.594388142871234E-007
         107  0.000000000000000E+000  0.000000000000000E+000
  6.473589532804543E-009  3.900874325700161E-009
 -2.332364755529424E-007 -1.145117169231843E-007
         108  0.000000000000000E+000  0.000000000000000E+000
  9.658441668616807E-009  1.149989439950749E-009
 -2.446887140831771E-007  5.822948192369596E-008
         109  0.000000000000000E+000  0.000000000000000E+000
  9.061329386621747E-009 -3.871930367175754E-009
 -1.390690132530177E-007  1.997944696086821E-007
         110  0.000000000000000E+000  0.000000000000000E+000
  4.382856822308694E-009 -6.008576136472381E-009
  3.431128983963884E-008  2.211791167642414E-007
         111  0.000000000000000E+000  0.000000000000000E+000
 -1.099202391873694E-010 -2.972077596583251E-009
  1.734394886579106E-007  1.354114842699464E-007
         112  0.000000000000000E+000  0.000000000000000E+000
  8.822957674642008E-010  2.102299500792743E-009
  2.270110596741214E-007 -5.218360234796045E-008
         113  0.000000000000000E+000  0.000000000000000E+000
  5.308699761569380E-009  4.022772775342208E-009
  1.028214131111160E-007 -2.181028688439853E-007
         114  0.000000000000000E+000  0.000000000000000E+000
  1.037980072332567E-008  1.465597946881025E-009
 -9.224447405430072E-008 -2.389049003158925E-007
         115  0.000000000000000E+000  0.000000000000000E+000
  1.027273703170828E-008 -5.092809543564250E-009
 -2.569643997230778E-007 -1.286031580769875E-007
         116  0.000000000000000E+000  0.000000000000000E+000
  6.097535721547086E-009 -8.300081952447404E-009
 -3.453812709749586E-007  1.061315678910462E-007
         117  0.000000000000000E+000  0.000000000000000E+000
  1.107352318108426E-009 -6.232211016245506E-009
 -1.307396398915957E-007  3.819420014609397E-007
         118  0.000000000000000E+000  0.000000000000000E+000
  4.044860007904357E-010 -2.836448633791948E-009
  2.072587240344190E-007  3.486109321229525E-007
         119  0.000000000000000E+000  0.000000000000000E+000
  2.618739745647692E-009  5.050012015301085E-010
  4.513813513759458E-007  6.845514677925263E-008
         120  0.000000000000000E+000  0.000000000000000E+000
  6.922424782134625E-009 -1.692586046109372E-009
  3.583404235782156E-007 -4.126879410361080E-007
         121  0.000000000000000E+000  0.000000000000000E+000
  7.080738235362289E-009 -4.551845772139595E-009
 -2.459339256315483E-007 -6.167034765029137E-007
         122  0.000000000000000E+000  0.000000000000000E+000
  4.285265295472574E-009 -6.502393469212887E-009
 -6.994726376447446E-007 -6.104556818562752E-008
         123  0.000000000000000E+000  0.000000000000000E+000
  2.966833963625844E-009 -6.693365954848683E-009
 -4.667504603957082E-007  5.714972948831834E-007
         124  0.000000000000000E+000  0.000000000000000E+000
  1.022562428910051E-009 -4.856420890962332E-009
  2.726265665038708E-007  7.660251676021926E-007
         125  0.000000000000000E+000  0.000000000000000E+000
  3.960562125573764E-009 -4.438806374992602E-009
  8.462953877738020E-007  1.000287315624075E-007
         126  0.000000000000000E+000  0.000000000000000E+000
  1.706055255696431E-009 -6.705438898562175E-009
  4.435448491197785E-007 -7.447213221303828E-007
         127  0.000000000000000E+000  0.000000000000000E+000
 -6.997111607878228E-010 -5.954720136879575E-009
 -4.885606590521543E-007 -6.619597708837996E-007
         128  0.000000000000000E+000  0.000000000000000E+000
  7.289528941368611E-010 -2.408097902627841E-009
 -7.877865093738333E-007  6.865693903369663E-008
         129  0.000000000000000E+000  0.000000000000000E+000
  2.729947564000754E-009 -3.024758254782616E-009
 -3.699860428311811E-007  7.570417615849020E-007
         130  0.000000000000000E+000  0.000000000000000E+000
  5.823646601117146E-009 -3.911501201469927E-009
  5.169964384403964E-007  6.834436549969313E-007
         131  0.000000000000000E+000  0.000000000000000E+000
  5.160429389382627E-009 -1.188527960185333E-008
  7.927251005349674E-007 -1.604832676201318E-007
         132  0.000000000000000E+000  0.000000000000000E+000
 -2.865433735537007E-009 -1.192805650743222E-008
  1.537433865176581E-007 -7.138548765831335E-007
         133  0.000000000000000E+000  0.000000000000000E+000
 -6.451606667152587E-009 -4.804290377606790E-009
 -4.584436274854803E-007 -4.351245004845396E-007
         134  0.000000000000000E+000  0.000000000000000E+000
 -1.874027146265392E-009 -1.492390748631196E-009
 -6.553363440110376E-007  1.535593490925719E-007
         135  0.000000000000000E+000  0.000000000000000E+000
  2.519158400703973E-009 -1.435111127742760E-009
 -1.658474361104412E-007  6.626379324442829E-007
         136  0.000000000000000E+000  0.000000000000000E+000
  6.104652308054557E-009 -9.332121400910441E-009
  4.311416307085410E-007  4.128205602945879E-007
         137  0.000000000000000E+000  0.000000000000000E+000
 -3.092435717837409E-009 -1.365775374374135E-008
  4.628199822538174E-007 -9.329480375878236E-008
         138  0.000000000000000E+000  0.000000000000000E+000
 -9.818820847283532E-009 -7.082448017273736E-009
  2.506440785062737E-007 -3.341777005271752E-007
         139  0.000000000000000E+000  0.000000000000000E+000
 -6.119330221829862E-009 -9.947170151384263E-010
 -1.639047167763124E-007 -4.453570742179004E-007
         140  0.000000000000000E+000  0.000000000000000E+000
 -1.343241011972833E-009  2.549825109654879E-010
 -4.594257214465158E-007 -6.955567065676277E-008
         141  0.000000000000000E+000  0.000000000000000E+000
  4.074438166372165E-009 -5.138524008763407E-009
 -3.348141174348585E-007  3.250266380070615E-007
         142  0.000000000000000E+000  0.000000000000000E+000
 -2.868389051880388E-009 -1.267854208492929E-008
  5.810462072346643E-008  5.158070460036518E-007
         143  0.000000000000000E+000  0.000000000000000E+000
 -1.118951814300582E-008 -8.203361121036522E-009
  5.178540201142003E-007  2.866572788475738E-007
         144  0.000000000000000E+000  0.000000000000000E+000
 -9.846071857204836E-009  5.365496196472490E-010
  5.149472392860884E-007 -3.738313312324958E-007
         145  0.000000000000000E+000  0.000000000000000E+000
 -4.358310585369057E-009  2.845538742501963E-009
 -1.334468360017877E-007 -5.675372926818980E-007
         146  0.000000000000000E+000  0.000000000000000E+000
  1.536360605767175E-009  1.155330746649626E-009
 -5.229033080305605E-007 -1.133717029280987E-007
         147  0.000000000000000E+000  0.000000000000000E+000
  3.319737467050072E-009 -7.178525413329345E-009
 -3.349822488031859E-007  4.201516697438086E-007
         148  0.000000000000000E+000  0.000000000000000E+000
 -5.213830228859825E-009 -1.115813462112726E-008
  2.411090401607059E-007  4.958818687901898E-007
         149  0.000000000000000E+000  0.000000000000000E+000
 -1.160247556001996E-008 -5.934517593982300E-009
  5.700506432028313E-007 -1.219439616547225E-008
         150  0.000000000000000E+000  0.000000000000000E+000
 -1.028660506721872E-008  4.840488014564687E-010
  1.595146815428861E-007 -5.341253640819883E-007
         151  0.000000000000000E+000  0.000000000000000E+000
 -6.394380370564601E-009  3.733820757770715E-009
 -4.346175513785315E-007 -2.918946305609632E-007
         152  0.000000000000000E+000  0.000000000000000E+000
 -2.138487805765536E-010  2.591193403741791E-009
 -4.406121378154113E-007  3.114458850650362E-007
         153  0.000000000000000E+000  0.000000000000000E+000
  5.874617662216941E-010 -4.351914622801023E-009
  1.202818327945633E-007  5.950014766572270E-007
         154  0.000000000000000E+000  0.000000000000000E+000
 -4.509140680503754E-009 -6.962505361171864E-009
  6.621058031008609E-007  1.664223598114734E-007
         155  0.000000000000000E+000  0.000000000000000E+000
 -8.416408046528152E-009 -4.853673838846652E-009
  4.656242210826300E-007 -5.815331914779592E-007
         156  0.000000000000000E+000  0.000000000000000E+000
 -1.027160315187544E-008 -1.712396198921794E-009
 -3.437795318772288E-007 -6.827533152299286E-007
         157  0.000000000000000E+000  0.000000000000000E+000
 -9.198681811811330E-009  2.489186855913938E-009
 -7.903488197651662E-007  8.430003573858548E-009
         158  0.000000000000000E+000  0.000000000000000E+000
 -5.443106100984933E-009  3.605759801361817E-009
 -3.741872708860980E-007  7.479643975428042E-007
         159  0.000000000000000E+000  0.000000000000000E+000
 -3.232088380186878E-009  1.699040891451781E-009
  4.918718483814255E-007  7.222934991873905E-007
         160  0.000000000000000E+000  0.000000000000000E+000
 -3.580729393966462E-009 -3.910429404697720E-010
  8.816079842990327E-007 -3.411868413737400E-008
         161  0.000000000000000E+000  0.000000000000000E+000
 -4.992690532995250E-009 -1.724471582964195E-009
  4.523186068884387E-007 -7.454128611373556E-007
         162  0.000000000000000E+000  0.000000000000000E+000
 -7.959252737927444E-009 -1.243152829996342E-009
 -3.625577755352159E-007 -7.554029619123648E-007
         163  0.000000000000000E+000  0.000000000000000E+000
 -9.014539410235082E-009  2.359016354837524E-009
 -7.858865271654696E-007 -1.105584931040183E-007
         164  0.000000000000000E+000  0.000000000000000E+000
 -6.115195741290730E-009  4.093777752893511E-009
 -5.272547977899938E-007  5.666652912862167E-007
         165  0.000000000000000E+000  0.000000000000000E+000
 -5.189067427410628E-009  2.815576410330515E-009
  1.409333722703822E-007  7.693768775287833E-007
         166  0.000000000000000E+000  0.000000000000000E+000
 -5.472646282677993E-009  3.352598058448746E-009
  7.519497204149669E-007  3.638379589712594E-007
         167  0.000000000000000E+000  0.000000000000000E+000
 -4.812385560040815E-009  2.486557999118744E-009
  7.266002484022735E-007 -4.153985592010015E-007
         168  0.000000000000000E+000  0.000000000000000E+000
 -6.912816983495183E-009  2.893696708176992E-009
  1.071654641908991E-007 -7.820417616383783E-007
         169  0.000000000000000E+000  0.000000000000000E+000
 -5.642933350210580E-009  6.304962265441148E-009
 -5.273164426193718E-007 -5.602110115010120E-007
         170  0.000000000000000E+000  0.000000000000000E+000
 -2.836830637420172E-009  3.971022102376617E-009
 -7.687263222043651E-007  1.053194255213217E-007
         171  0.000000000000000E+000  0.000000000000000E+000
 -5.789461990552352E-009  3.046835928023935E-009
 -3.162914459180506E-007  7.453209462077126E-007
         172  0.000000000000000E+000  0.000000000000000E+000
 -4.991638474656321E-009  5.468524199207715E-009
  4.798880686268360E-007  5.926735367275953E-007
         173  0.000000000000000E+000  0.000000000000000E+000
 -5.660617808356568E-009  4.873854558165416E-009
  6.896311126919758E-007 -3.015651098253133E-008
         174  0.000000000000000E+000  0.000000000000000E+000
 -5.536638857400912E-009  9.043577435372681E-009
  3.969273089367151E-007 -5.558461755213068E-007
         175  0.000000000000000E+000  0.000000000000000E+000
 -5.336790039600814E-011  7.768206646485861E-009
 -2.400729465937148E-007 -5.908679505959929E-007
         176  0.000000000000000E+000  0.000000000000000E+000
 -2.287901541166538E-009  4.926693505220146E-009
 -5.145992786372260E-007 -4.681282742478192E-008
         177  0.000000000000000E+000  0.000000000000000E+000
 -9.826916861044720E-010  7.653468422584454E-009
 -1.796742166528155E-007  2.253095468097047E-007
         178  0.000000000000000E+000  0.000000000000000E+000
  6.513142327074477E-011  3.860477918927210E-009
 -5.864835188693681E-008  2.050651927181949E-007
         179  0.000000000000000E+000  0.000000000000000E+000
 -3.873049995322713E-009  4.608547961358559E-009
  1.196997612753539E-007  2.172153844622992E-007
         180  0.000000000000000E+000  0.000000000000000E+000
 -1.732629845575540E-009  7.746362031410968E-009
  2.295060843210006E-007  6.747161336471880E-008
         181  0.000000000000000E+000  0.000000000000000E+000
 -1.598026405677696E-009  6.196749754677115E-009
  2.612967598281819E-007 -8.653509897408735E-008
         182  0.000000000000000E+000  0.000000000000000E+000
 -1.450364062161342E-009  9.579135246102863E-009
  2.246705443346895E-007 -3.378211418894855E-007
         183  0.000000000000000E+000  0.000000000000000E+000
  3.550908094542297E-009  7.221759639254420E-009
 -2.739122815711209E-007 -4.861838764699686E-007
         184  0.000000000000000E+000  0.000000000000000E+000
  2.874436476040520E-010  3.934653756283935E-009
 -5.434856242754065E-007  7.733294403444129E-008
         185  0.000000000000000E+000  0.000000000000000E+000
 -1.053886884761432E-009  7.834342432602125E-009
 -1.489950268643679E-007  4.476867179961995E-007
         186  0.000000000000000E+000  0.000000000000000E+000
  2.749214682083369E-009  6.955092500103313E-009
  2.974757140869256E-007  3.450287370996557E-007
         187  0.000000000000000E+000  0.000000000000000E+000
  7.248026217983246E-010  5.865944360876716E-009
  4.938036764059072E-007 -8.527197800745211E-008
         188  0.000000000000000E+000  0.000000000000000E+000
  2.925444658561704E-009  7.226425007623080E-009
  1.287063571001694E-007 -5.866865715962232E-007
         189  0.000000000000000E+000  0.000000000000000E+000
  1.237672286569765E-009  4.608313621634256E-009
 -4.978367065168744E-007 -2.659256466844885E-007
         190  0.000000000000000E+000  0.000000000000000E+000
 -2.979311528686405E-010  9.359385311007886E-009
 -3.324708209456672E-007  2.962055847426281E-007
         191  0.000000000000000E+000  0.000000000000000E+000
  6.321428423105481E-009  1.053899402032002E-008
  1.287490987909390E-007  3.682400023043941E-007
         192  0.000000000000000E+000  0.000000000000000E+000
  7.851490668011744E-009  6.349746891806460E-009
  4.162226894624819E-007 -4.588653226263128E-009
         193  0.000000000000000E+000  0.000000000000000E+000
  9.104766721489889E-009  3.979146825896204E-009
  1.192176856343487E-007 -5.007831572091871E-007
         194  0.000000000000000E+000  0.000000000000000E+000
  5.629913289942549E-009 -1.182884759030501E-009
 -4.887425878989124E-007 -2.174742066167825E-007
         195  0.000000000000000E+000  0.000000000000000E+000
 -3.437697554495304E-010  2.039731963809740E-009
 -2.919574092776201E-007  3.584441984355560E-007
         196  0.000000000000000E+000  0.000000000000000E+000
  1.870915641597727E-009  8.188281461300162E-009
  2.105703530873922E-007  3.382504118345289E-007
         197  0.000000000000000E+000  0.000000000000000E+000
  6.928254572805925E-009  7.938317192004897E-009
  3.804463345031311E-007 -9.099307962481806E-008
         198  0.000000000000000E+000  0.000000000000000E+000
  9.746651026334508E-009  5.472804246764231E-009
  6.213359153539917E-008 -4.149626673900076E-007
         199  0.000000000000000E+000  0.000000000000000E+000
  1.038992000045251E-008  3.121498556071420E-010
 -3.971049730422869E-007 -2.145162605031166E-007
         200  0.000000000000000E+000  0.000000000000000E+000
  5.633891796798004E-009 -1.935669015991472E-009
 -2.887837761406543E-007  2.816638960599292E-007
         201  0.000000000000000E+000  0.000000000000000E+000
  2.991891636055543E-009  8.908535542805654E-010
  1.448396828971721E-007  2.852281646600790E-007
         202  0.000000000000000E+000  0.000000000000000E+000
  4.557440019232368E-009  3.200185685377926E-009
  2.694731444497045E-007 -4.183392832064971E-008
         203  0.000000000000000E+000  0.000000000000000E+000
  6.058040558104600E-009  2.852598681406746E-009
  5.921856062024831E-008 -2.673578026324350E-007
         204  0.000000000000000E+000  0.000000000000000E+000
  7.144611370966318E-009  2.423576070976263E-009
 -2.232008339055944E-007 -1.895331302318552E-007
         205  0.000000000000000E+000  0.000000000000000E+000
  7.602757698844393E-009  6.950106347117921E-010
 -2.786674504120087E-007  1.156683125638783E-007
         206  0.000000000000000E+000  0.000000000000000E+000
  6.797070719500318E-009  2.411343345895474E-010
 -1.813330705446615E-008  2.674549276433781E-007
         207  0.000000000000000E+000  0.000000000000000E+000
  7.174371653255696E-009  1.850282837356211E-010
  1.941315358539210E-007  1.209086258530878E-007
         208  0.000000000000000E+000  0.000000000000000E+000
  7.481561214974690E-009 -7.946882291562974E-010
  1.890610374392678E-007 -1.025740315788322E-007
         209  0.000000000000000E+000  0.000000000000000E+000
  6.956244147458701E-009 -1.738273959260774E-009
  2.195904157278315E-008 -2.202439188142733E-007
         210  0.000000000000000E+000  0.000000000000000E+000
  6.558856563944559E-009 -2.109390512579079E-009
 -1.514001761157048E-007 -1.866990903872608E-007
         211  0.000000000000000E+000  0.000000000000000E+000
  5.684639625098148E-009 -2.645835189410451E-009
 -2.972733995592475E-007 -4.221377726702301E-008
         212  0.000000000000000E+000  0.000000000000000E+000
  4.831728492622615E-009 -2.099230145142419E-009
 -2.711894204663657E-007  2.349116874650681E-007
         213  0.000000000000000E+000  0.000000000000000E+000
  5.087450943968982E-009 -5.288203840837118E-010
  1.127251250938427E-008  4.030786871298658E-007
         214  0.000000000000000E+000  0.000000000000000E+000
  7.557585006806557E-009 -7.096983300405563E-010
  3.778386141893820E-007  2.597543732322913E-007
         215  0.000000000000000E+000  0.000000000000000E+000
  8.981884673569388E-009 -2.803672541249159E-009
  5.146143132253620E-007 -2.307230177885666E-007
         216  0.000000000000000E+000  0.000000000000000E+000
  8.242454008846167E-009 -6.706363065750440E-009
  6.486365648710532E-009 -6.633611742603206E-007
         217  0.000000000000000E+000  0.000000000000000E+000
  4.240186815967004E-009 -7.828557120361790E-009
 -6.070990929452751E-007 -3.272724190304102E-007
         218  0.000000000000000E+000  0.000000000000000E+000
  8.352957188284443E-010 -5.591842463774140E-009
 -6.054661967164552E-007  3.133552606593238E-007
         219  0.000000000000000E+000  0.000000000000000E+000
  2.114698673223193E-009 -1.121094463658614E-009
 -1.033962666403153E-007  6.661865078202471E-007
         220  0.000000000000000E+000  0.000000000000000E+000
  5.880258190528738E-009 -1.000647565133293E-009
  4.794096330509456E-007  4.615276026806339E-007
         221  0.000000000000000E+000  0.000000000000000E+000
  9.155171210136997E-009 -4.069953131917394E-009
  5.841804518190455E-007 -1.999488704016952E-007
         222  0.000000000000000E+000  0.000000000000000E+000
  7.231053522624481E-009 -9.165890824299358E-009
  8.676456717157761E-008 -4.596689700301741E-007
         223  0.000000000000000E+000  0.000000000000000E+000
  2.772955730947313E-009 -1.057239944775433E-008
 -1.908288029448546E-007 -3.056298423731999E-007
         224  0.000000000000000E+000  0.000000000000000E+000
 -9.436299196181817E-010 -7.012163372978428E-009
 -3.501718087865368E-007 -1.306576638044661E-007
         225  0.000000000000000E+000  0.000000000000000E+000
  1.065248381498013E-009 -4.205936304970600E-009
 -3.790204449498978E-007  1.560001544932424E-007
         226  0.000000000000000E+000  0.000000000000000E+000
  3.914440139832564E-009 -4.335614915994334E-009
 -1.777041768303744E-007  3.367534429532954E-007
         227  0.000000000000000E+000  0.000000000000000E+000
  3.914021694401845E-009 -8.531602400287247E-009
 -1.030110628803819E-008  4.930701449158582E-007
         228  0.000000000000000E+000  0.000000000000000E+000
  4.240569840914650E-010 -9.388731392054637E-009
  5.640413763362396E-007  4.392274819121339E-007
         229  0.000000000000000E+000  0.000000000000000E+000
 -2.569883348769109E-009 -6.783647579717057E-009
  7.582621805415106E-007 -3.280835160225528E-007
         230  0.000000000000000E+000  0.000000000000000E+000
 -1.471127800614138E-010 -4.043479718431889E-009
  1.033674884707412E-007 -8.789405192098008E-007
         231  0.000000000000000E+000  0.000000000000000E+000
  1.925847335285082E-009 -5.199896447266889E-009
 -7.218602550042359E-007 -6.064200980584018E-007
         232  0.000000000000000E+000  0.000000000000000E+000
  1.462313029685300E-009 -8.805202875295614E-009
 -1.046488894283920E-006  3.354085363525026E-007
         233  0.000000000000000E+000  0.000000000000000E+000
 -2.176845711233214E-009 -8.329908425600469E-009
 -1.755119372560356E-007  1.168099668902453E-006
         234  0.000000000000000E+000  0.000000000000000E+000
 -3.210796440560389E-009 -7.332890170409041E-009
  8.878465221481172E-007  6.402084508227812E-007
         235  0.000000000000000E+000  0.000000000000000E+000
 -3.827902162002262E-009 -4.610286544177124E-009
  8.668436260841445E-007 -3.697462031719101E-007
         236  0.000000000000000E+000  0.000000000000000E+000
 -2.071652307531991E-009 -3.824807272221815E-009
  1.324009761568965E-007 -7.880510393222288E-007
         237  0.000000000000000E+000  0.000000000000000E+000
 -2.254729828869945E-010 -4.218678231754447E-009
 -5.320614348120597E-007 -4.998732660248990E-007
         238  0.000000000000000E+000  0.000000000000000E+000
 -5.273244337905455E-010 -6.172500638894527E-009
 -6.232010966980905E-007  2.366146349209027E-007
         239  0.000000000000000E+000  0.000000000000000E+000
 -3.662102260799964E-010 -7.356656372675438E-009
 -4.953981435491038E-008  4.828565386135016E-007
         240  0.000000000000000E+000  0.000000000000000E+000
 -3.704346948151941E-009 -9.503662853509507E-009
  1.782190146051989E-007  2.087312056355797E-007
         241  0.000000000000000E+000  0.000000000000000E+000
 -6.602495626638648E-009 -7.361164286224993E-009
  1.433236799405312E-007  9.772871405012535E-008
         242  0.000000000000000E+000  0.000000000000000E+000
 -7.229754795900800E-009 -4.068659876537857E-009
  1.883806696665869E-007  5.151329350957103E-008
         243  0.000000000000000E+000  0.000000000000000E+000
 -5.573446029351609E-009 -2.464516884004081E-009
  1.886610258613192E-007 -2.603661034815323E-008
         244  0.000000000000000E+000  0.000000000000000E+000
 -3.052525357131002E-009 -1.751840368487912E-009
  2.428012160010120E-007 -2.166635561944039E-007
         245  0.000000000000000E+000  0.000000000000000E+000
 -1.797165143662097E-009 -5.032234439050594E-009
 -1.282347354240303E-007 -4.480324004743060E-007
         246  0.000000000000000E+000  0.000000000000000E+000
 -4.015786084578069E-009 -7.107341334048365E-009
 -5.393778341010682E-007 -7.017450684179621E-008
         247  0.000000000000000E+000  0.000000000000000E+000
 -7.612320649656633E-009 -6.811452794360977E-009
 -3.305376493176936E-007  4.857353229500810E-007
         248  0.000000000000000E+000  0.000000000000000E+000
 -9.828095120826144E-009 -3.971384340699921E-009
  2.408185431286810E-007  5.699737561131407E-007
         249  0.000000000000000E+000  0.000000000000000E+000
 -9.132385152933037E-009  4.368937743665164E-010
  6.533268622025432E-007  9.197301843274593E-008
         250  0.000000000000000E+000  0.000000000000000E+000
 -4.907957359256675E-009  1.017148480051444E-009
  3.495091521695887E-007 -5.157215399054713E-007
         251  0.000000000000000E+000  0.000000000000000E+000
 -3.917806469327509E-009 -1.396762585843895E-009
 -2.662133025168373E-007 -4.443686488372218E-007
         252  0.000000000000000E+000  0.000000000000000E+000
 -5.120498009815717E-009 -2.874226970429350E-009
 -4.135289529245166E-007  4.121409790437134E-008
         253  0.000000000000000E+000  0.000000000000000E+000
 -6.862956250082100E-009 -2.448240760897017E-009
 -1.245262941310104E-007  3.122992039354141E-007
         254  0.000000000000000E+000  0.000000000000000E+000
 -7.799769147403538E-009 -1.096589084655461E-009
  1.668120060190866E-007  2.287266162809797E-007
         255  0.000000000000000E+000  0.000000000000000E+000
 -7.326842012471454E-009  7.028362181459975E-010
  2.225792705093033E-007 -8.263255239979002E-009
         256  0.000000000000000E+000  0.000000000000000E+000
 -5.939153112998163E-009  7.986930471151614E-010
  8.566249861884981E-008 -1.119902622807200E-007
