   409.600000000000     
         256           1           3
  1.124309127438499E-002   40.5970400632221        118.295076435313     
   39.0000000000000        116.000000000000        6351.00000000000     
           0  0.000000000000000E+000  0.000000000000000E+000
  0.000000000000000E+000  0.000000000000000E+000
  0.000000000000000E+000  0.000000000000000E+000
           1 -6.394588978900567E-008  1.012232870356920E-007
  2.847708333650953E-006  5.513968047571117E-008
 -9.212324671627681E-007  2.308177768817943E-007
           2  4.581820896973056E-008  3.309142479953827E-007
  2.882972027749922E-006  2.313041211538005E-007
 -9.812966205546690E-007  6.952687629888052E-007
           3  5.942162136113123E-007  4.325969761653946E-007
  3.215177485765813E-006  6.522176431331897E-007
 -6.722993942564134E-007  1.290109046910906E-006
           4  1.276563337424605E-006 -3.466918701316863E-007
  4.424134879254134E-006  9.263469333636738E-007
 -2.644175461992010E-009  1.563130696848393E-006
           5  6.998433604166591E-007 -1.943260281555734E-006
  6.315709469266844E-006 -2.378945850766796E-007
  5.417470102346911E-007  1.358377916118661E-006
           6 -1.810542106040940E-006 -2.303955536128688E-006
  6.908898754638019E-006 -3.512119977140481E-006
  6.509434306633802E-007  1.110120238999224E-006
           7 -3.899770352843663E-006  5.988047051320007E-007
  4.075576471777766E-006 -6.784324102490635E-006
  6.080688016153160E-007  1.295765399680060E-006
           8 -1.688342890088213E-006  4.969180027646877E-006
 -1.079350586462337E-006 -6.282376237868887E-006
  1.099761989004729E-006  1.852198344618407E-006
           9  4.959155160951008E-006  5.002127074987167E-006
 -3.671681677510523E-006 -9.220558679982717E-007
  2.429846127750826E-006  1.952217077352244E-006
          10  9.110673420595111E-006 -2.836344893369250E-006
  4.068302469361370E-007  4.551757662802540E-006
  3.825189574016210E-006  7.857684743286796E-007
          11  2.644402884879642E-006 -1.274129374037802E-005
  8.101582521734326E-006  2.982427093397082E-006
  4.068908220183388E-006 -1.303949887649319E-006
          12 -1.295806328160577E-005 -1.170541265152911E-005
  9.839513272694365E-006 -5.675865556641341E-006
  2.833449698897179E-006 -3.046104638231163E-006
          13 -2.183695619931366E-005  6.407465184979741E-006
  1.366601423852169E-006 -1.094440375652788E-005
  8.338961666336725E-007 -3.482699511841586E-006
          14 -7.913135509686031E-006  2.760842672374308E-005
 -7.494443848321744E-006 -2.764453965080235E-006
 -6.644989039966919E-007 -2.600993002543024E-006
          15  2.323041128928696E-005  2.619775545095930E-005
 -3.481808336826655E-007  1.181766923510470E-005
 -1.075614424680403E-006 -1.236808936505346E-006
          16  4.066882478810532E-005 -6.889791769463500E-006
  2.317867654040507E-005  1.011283474089165E-005
 -5.495259371443095E-007 -2.424914848038557E-007
          17  1.661438879476988E-005 -4.360710068318023E-005
  3.599040461886925E-005 -2.123014455218301E-005
  1.904895923591833E-007 -1.485373515784654E-009
          18 -3.275658155142169E-005 -3.821327254731763E-005
  7.479119506763163E-006 -5.620430232392228E-005
  8.943338609428011E-007 -4.109105595137479E-008
          19 -5.013177358454806E-005  1.341719516807440E-005
 -4.842912969452149E-005 -4.743960598452590E-005
  1.704936134538442E-006 -5.536034373427585E-007
          20 -5.471601355378608E-006  5.123942385409067E-005
 -7.204640094503437E-005  1.564102734176328E-005
  2.119591919951690E-006 -1.913523693539282E-006
          21  4.752630161017276E-005  1.821929076832757E-005
 -2.126333473541077E-005  7.223900517991213E-005
  1.175881782295717E-006 -3.697213962797591E-006
          22  2.663121253529529E-005 -4.681991427726472E-005
  5.623761079887283E-005  4.908387300516241E-005
 -1.323677600643757E-006 -4.047077162927116E-006
          23 -5.135175746289606E-005 -3.794932241248419E-005
  6.482258287287529E-005 -3.229489012528441E-005
 -3.063304458013517E-006 -2.087713840644688E-006
          24 -5.832898734890554E-005  5.535088123954860E-005
 -6.797887063476274E-006 -6.533789758228140E-005
 -2.344383557032902E-006  1.541540582923326E-007
          25  4.985517194778449E-005  8.624133191337297E-005
 -5.122651719322666E-005 -6.995816647159334E-006
 -3.941342896623736E-007  3.492626311398322E-007
          26  1.124938317252583E-004 -3.039473645567317E-005
  2.616494916785180E-007  3.895113242237476E-005
  3.775784078853915E-009 -1.101431071318107E-006
          27 -1.761249552991478E-006 -1.270422678956331E-004
  4.824574797127275E-005 -1.674195270381198E-005
 -1.166057881068416E-006 -1.485912045446082E-006
          28 -1.268886793613227E-004 -2.480699851459009E-005
 -1.749659135374677E-005 -7.562660466819716E-005
 -1.514047020464247E-006 -4.898602728263809E-007
          29 -3.982258436906045E-005  1.183490969969863E-004
 -9.639965472704631E-005 -4.451515872540455E-006
 -6.710034178473833E-007 -2.825452818830491E-007
          30  1.120023665923558E-004  4.251168204242621E-005
 -3.055023811211828E-005  9.530801246204035E-005
 -7.660824443015816E-007 -1.244475290992920E-006
          31  4.033285095163176E-005 -1.144196046695101E-004
  8.223809844642149E-005  4.260316519311046E-005
 -2.070283555344024E-006 -1.007583852997226E-006
          32 -1.234114391275691E-004 -4.227533905133302E-005
  4.227197224768624E-005 -7.255561642987761E-005
 -2.009902789510138E-006  5.646285893889492E-007
          33 -5.150677792712825E-005  1.309831619594901E-004
 -6.845818737301030E-005 -3.906033447841308E-005
 -4.738035991250622E-007  7.092607830072874E-007
          34  1.305753842514864E-004  6.342966372783947E-005
 -3.418744168666200E-005  6.652885169742210E-005
 -2.868093544980088E-007 -7.087355865237050E-007
          35  7.048032995847840E-005 -1.223004546329921E-004
  6.964558947090971E-005  2.707401190501481E-005
 -1.708367148825235E-006 -8.635426625953925E-007
          36 -1.122101594265309E-004 -6.880548927094384E-005
  2.507935097903670E-005 -7.930438596592659E-005
 -1.907515413990420E-006  5.231639141048918E-007
          37 -6.081851491211649E-005  1.067108637729087E-004
 -8.628342923747743E-005 -3.306811673058419E-005
 -6.670925411223021E-007  6.985762640901552E-007
          38  1.076355763810202E-004  5.241886826612095E-005
 -4.246784091438879E-005  8.212751019085748E-005
 -6.959511011348428E-007 -4.854807928577795E-007
          39  4.793976752837305E-005 -1.122451145670647E-004
  7.371665599761938E-005  4.280334454909245E-005
 -2.088030615835900E-006 -3.662627829492662E-007
          40 -1.171166901058926E-004 -4.777111765384149E-005
  3.850425625327317E-005 -7.214852738607269E-005
 -2.186061609007093E-006  1.221544493512212E-006
          41 -5.024103009447667E-005  1.211703362894277E-004
 -7.479061061104735E-005 -4.059310944812012E-005
 -7.895195104027081E-007  1.627666269452929E-006
          42  1.250375476386470E-004  5.549388424845861E-005
 -4.682576896014229E-005  7.036323682309910E-005
 -3.981120288882952E-007  5.818816416065610E-007
          43  6.573282308113469E-005 -1.281841208539414E-004
  6.055553506299072E-005  4.605405617267127E-005
 -1.345345216014602E-006  4.627540186803823E-007
          44 -1.264485635585018E-004 -8.184918996310537E-005
  3.810428073432991E-005 -5.790850016017968E-005
 -1.386819306639098E-006  1.645005436668346E-006
          45 -1.002573072900216E-004  1.144686782768129E-004
 -6.464980743919268E-005 -3.651286780491099E-005
 -9.571882312109876E-008  1.887191591871721E-006
          46  9.096765429166532E-005  1.131426492823388E-004
 -4.580219854060748E-005  6.816323411330362E-005
  3.877541516669402E-007  7.964638107716949E-007
          47  1.129931954440842E-004 -6.183049754488947E-005
  6.040920493339126E-005  5.575820005846824E-005
 -4.437990137217698E-007  3.326181458487372E-007
          48 -3.711564043768669E-005 -9.815371014690963E-005
  5.759448224998719E-005 -4.955095338831298E-005
 -8.092633381496743E-007  1.031801530599029E-006
          49 -7.499041477756798E-005  2.519144494357079E-005
 -4.322801521293958E-005 -5.603592161010282E-005
 -1.022214227731339E-007  1.310476472523801E-006
          50  2.816688303009729E-005  5.348226476422418E-005
 -5.683085444091981E-005  3.866796223773954E-005
  7.142269338512690E-008  5.792158830259817E-007
          51  4.126778616941755E-005 -4.152301043697311E-005
  3.131398649821785E-005  5.603552356282532E-005
 -8.538566709419901E-007  4.521758238708794E-007
          52 -5.824753685525871E-005 -4.090969341864937E-005
  5.122593518281279E-005 -2.674596781173151E-005
 -1.198797456350307E-006  1.582852952570073E-006
          53 -5.150034990771862E-005  7.295042849375086E-005
 -2.876100348737581E-005 -4.894494250536328E-005
 -1.536166134689321E-007  2.435991784133532E-006
          54  8.225487034669610E-005  7.134455793949274E-005
 -5.535319742765080E-005  2.968020981043683E-005
  9.460836870961348E-007  1.894333732559135E-006
          55  9.873031742972199E-005 -8.200724419653807E-005
  2.192440219612302E-005  6.281422639957027E-005
  9.165766313711815E-007  1.069138692743531E-006
          56 -6.697596173348091E-005 -1.298495423380296E-004
  6.303006447644469E-005 -1.087620952825862E-005
  6.195220625916762E-007  1.084254560497052E-006
          57 -1.560478362110846E-004  3.423352774795856E-005
 -5.838790501514835E-006 -6.073841285370681E-005
  9.702153152201219E-007  1.194542301513273E-006
          58 -1.249965698138778E-005  1.660427000740130E-004
 -6.528337162775806E-005  1.488803828046008E-006
  1.340920170101055E-006  5.717197858910933E-007
          59  1.527117699907289E-004  6.180194133774437E-005
 -1.273420389294849E-005  7.144847412980331E-005
  8.038922496402285E-007 -1.687955854118945E-007
          60  9.942224564259220E-005 -1.188104321619157E-004
  6.470514880450950E-005  3.368133378938723E-005
 -1.751242652328906E-007  7.126119717708388E-008
          61 -7.563069943742461E-005 -1.166605543070684E-004
  4.510215783444539E-005 -4.486980927209793E-005
 -3.485070724178269E-007  1.018595856273204E-006
          62 -1.154376548737435E-004  3.564185333965623E-005
 -2.700272307468749E-005 -4.106880226871888E-005
  2.788268676494748E-007  1.594115754445691E-006
          63  4.635609991267313E-006  1.043689729319415E-004
 -3.238760755483539E-005  2.130719736739753E-005
  9.088645821755491E-007  1.555429601597915E-006
          64  8.991316339671503E-005  2.014110100774426E-005
  2.190816975643546E-005  2.930189427436912E-005
  1.260952097703409E-006  1.397549425117328E-006
          65  4.331905629685481E-005 -7.070045828161258E-005
  3.107892430377508E-005 -2.166448786876793E-005
  1.750388206489952E-006  1.291476110419803E-006
          66 -4.052831784254557E-005 -6.262062793695576E-005
 -2.019126021569354E-005 -3.458581317758750E-005
  2.349847317336999E-006  7.284439335521345E-007
          67 -6.706268482024797E-005 -2.143991985267396E-006
 -4.111533037899542E-005  1.562528965718397E-005
  2.387562037474752E-006 -2.994083646255652E-007
          68 -4.670769985691030E-005  4.521106214479084E-005
  2.082349029146166E-006  4.581157946428673E-005
  1.644178841984714E-006 -1.005489300733954E-006
          69 -3.099438191014561E-006  7.330343618962936E-005
  3.638574071602464E-005  1.599277139923145E-005
  8.023242037610667E-007 -8.474016254526891E-007
          70  6.546686099013487E-005  6.167454876625515E-005
  1.997379063937249E-005 -1.226340425405669E-005
  6.199136647934913E-007 -2.952277976223731E-007
          71  1.054877810644581E-004 -2.273386109669105E-005
  5.311275129968841E-006  2.298902809311448E-007
  8.806189413099262E-007 -1.022718843844351E-007
          72  3.714796479022227E-005 -1.161286949574051E-004
  2.764311726968443E-005  4.355280059754231E-006
  9.906536480128983E-007 -1.860732128088363E-007
          73 -9.308098972223143E-005 -8.912274636674249E-005
  3.482566757471814E-005 -3.562073821193448E-005
  1.032417910410152E-006 -1.342739605043651E-007
          74 -1.170428986640362E-004  5.250152505979559E-005
 -1.731236559331594E-005 -6.088066297620832E-005
  1.385822909112726E-006 -1.159855406009907E-007
          75  1.449660552511112E-005  1.220847411108823E-004
 -6.724789809667857E-005 -1.122858417678827E-005
  1.805788948210898E-006 -6.595985651848846E-007
          76  1.179304625924743E-004  1.132730665345542E-005
 -3.491014273819160E-005  5.744500610819435E-005
  1.522901085326762E-006 -1.552130518555484E-006
          77  3.054005769259066E-005 -1.176166868335073E-004
  4.032371526698501E-005  4.906518840994602E-005
  5.807708764656693E-007 -1.858135682139758E-006
          78 -1.227064882917195E-004 -5.587893307607827E-005
  5.252990335542810E-005 -2.094977387103983E-005
 -1.264849684057907E-007 -1.334649178783598E-006
          79 -9.474957580200468E-005  1.223285021971336E-004
 -7.434088436322624E-006 -4.515431988849987E-005
 -5.449448278632602E-008 -6.769672271727444E-007
          80  1.028369235854861E-004  1.425166640961875E-004
 -3.619942133584415E-005  6.800972140182935E-006
  3.573293878899994E-007 -5.876190236856940E-007
          81  1.847643534923041E-004 -5.856677154264379E-005
  1.380538922510388E-005  4.014586201732636E-005
  4.182597645953192E-007 -8.432730542406873E-007
          82  4.757288769361796E-006 -2.064406989912377E-004
  5.753349989803308E-005 -1.128002043660795E-005
  2.187777478417569E-007 -8.757397754443396E-007
          83 -2.000970920202226E-004 -7.424945984849481E-005
  8.955487352392207E-006 -7.283805021985200E-005
  2.367769445026141E-007 -6.901138149540625E-007
          84 -1.364061041827650E-004  1.674696720528167E-004
 -7.258428925090333E-005 -3.751482865299697E-005
  5.258459205083532E-007 -7.810373135266969E-007
          85  1.152979543820215E-004  1.816541061335324E-004
 -6.242155613502165E-005  5.943107061783942E-005
  5.044063548967966E-007 -1.291705424329554E-006
          86  2.051476629306179E-004 -5.191809152221765E-005
  3.939616319587520E-005  8.145957486966354E-005
 -1.129943750076757E-007 -1.562446841839088E-006
          87  1.346898781197871E-005 -2.051336189129227E-004
  9.486810010921507E-005 -1.128078549812499E-005
 -7.001272538199160E-007 -1.114285222825485E-006
          88 -1.829134411693528E-004 -7.116011240680223E-005
  2.477548218542738E-005 -9.429699241037699E-005
 -5.660399456758298E-007 -4.092236045030323E-007
          89 -1.128718315586057E-004  1.446657656148171E-004
 -7.401205759940770E-005 -5.678125667284931E-005
  9.519178602186786E-008 -2.891672337305553E-007
          90  1.011271090882149E-004  1.349659448265639E-004
 -7.062578101116986E-005  4.260720091960363E-005
  3.996405581771663E-007 -8.517614849831962E-007
          91  1.408811379859640E-004 -6.276891323094115E-005
  1.597700161535030E-005  6.684371948557966E-005
  1.303828058326255E-008 -1.323605087173912E-006
          92 -3.410699633717552E-005 -1.398671682194045E-004
  5.597402069703957E-005 -4.563544989375023E-007
 -5.002240794366565E-007 -1.201254202807223E-006
          93 -1.406724930349093E-004  1.195737784888839E-005
  6.723901989319271E-006 -4.567275418140355E-005
 -5.638342303713802E-007 -8.276548651259714E-007
          94 -1.138283599129250E-005  1.453325875695305E-004
 -3.858377569847024E-005 -6.826184940946863E-006
 -3.313715497743968E-007 -7.852270947114391E-007
          95  1.488263931398838E-004  4.173203314438315E-005
 -2.693941734318665E-006  4.044580708069698E-005
 -3.391730173302254E-007 -1.044031863158594E-006
          96  7.833897182975898E-005 -1.441111478372168E-004
  5.391535109423347E-005  5.452611982456546E-006
 -6.531732399604834E-007 -1.148695876978107E-006
          97 -1.276430960626010E-004 -1.152548029833897E-004
  2.634029482014707E-005 -6.745466122491275E-005
 -9.032570295627902E-007 -9.609440918746438E-007
          98 -1.471101380437630E-004  1.010602451215043E-004
 -6.371958835645500E-005 -5.856038410328890E-005
 -8.749081352675719E-007 -7.766409932590232E-007
          99  6.805633640433840E-005  1.728693814754580E-004
 -8.324734585675767E-005  4.036210043480524E-005
 -8.523899866829660E-007 -8.852030591937891E-007
         100  1.940162028203517E-004 -2.952920470843871E-005
  1.189938995971569E-005  9.200820425268009E-005
 -1.191769162625448E-006 -1.001432509283280E-006
         101  1.746892727399321E-005 -2.099948630100959E-004
  9.308976238633091E-005  1.297026087109709E-005
 -1.640685579088713E-006 -6.637238154372508E-007
         102 -2.152573369762899E-004 -7.525019950708957E-005
  3.974381111941103E-005 -9.174016053785167E-005
 -1.616964377179081E-006 -2.317262121749614E-008
         103 -1.404187358476216E-004  2.014686542902896E-004
 -7.939529406321788E-005 -7.180840281763972E-005
 -1.087317720130854E-006  2.322479819930146E-007
         104  1.635520340373220E-004  2.031795202694451E-004
 -9.758210787345647E-005  4.965885100464804E-005
 -7.735030398351952E-007 -1.539255620148211E-007
         105  2.519569336674143E-004 -1.038940929390832E-004
  1.199426493726021E-005  1.046737437116460E-004
 -1.166089612583822E-006 -5.132906193959065E-007
         106 -3.081821078662343E-005 -2.793696711330623E-004
  9.572397132613361E-005  1.922621599155228E-005
 -1.711778947027926E-006 -1.988204026980796E-007
         107 -2.843046723252402E-004 -4.675752157219656E-005
  4.062671274339158E-005 -8.064426156765249E-005
 -1.703289925253984E-006  4.426455611864401E-007
         108 -1.233269209546247E-004  2.686271252349659E-004
 -6.264735270537509E-005 -5.536011829169174E-005
 -1.266613293590106E-006  6.968038843444061E-007
         109  2.328068856231554E-004  1.958230781371248E-004
 -6.143087542758916E-005  4.268039659711580E-005
 -1.072015596259512E-006  4.929807236791094E-007
         110  2.591340241894235E-004 -1.755827650698485E-004
  2.861233442634742E-005  5.815038881699206E-005
 -1.328936549855866E-006  4.437157601000085E-007
         111 -9.791852654508502E-005 -3.039255092226686E-004
  5.610356352464082E-005 -2.628907670959744E-005
 -1.549988071761252E-006  8.889533553467773E-007
         112 -3.205538732216644E-004  7.564516043816423E-006
 -2.557183367911059E-005 -6.666274713799024E-005
 -1.223980104143099E-006  1.488775760373289E-006
         113 -8.144450220358171E-005  3.055455419631640E-004
 -8.294616993766824E-005  1.122332880510236E-005
 -4.784187366270396E-007  1.589926160767269E-006
         114  2.648678630516636E-004  1.556859358463891E-004
 -1.551966858642210E-005  8.725204757032974E-005
 -5.641972722677896E-008  1.099129029793838E-006
         115  2.096545512016688E-004 -2.102428155012173E-004
  7.649752928560065E-005  3.771449307031179E-005
 -2.236872209552999E-007  6.593381930029969E-007
         116 -1.512010780476121E-004 -2.465150444055775E-004
  4.837134533223206E-005 -6.481643025753083E-005
 -5.438594644134120E-007  6.685829316097883E-007
         117 -2.716033779067302E-004  8.922681058933440E-005
 -6.060355216292707E-005 -5.879913382591001E-005
 -5.920136411564016E-007  9.007211897051783E-007
         118  2.060061920737744E-005  2.852660178316608E-004
 -7.884106969004497E-005  5.350939537992108E-005
 -5.060092083372781E-007  9.636251212636669E-007
         119  2.807407600704469E-004  5.493498290340019E-005
  3.171636024901713E-005  1.010597248695991E-004
 -5.612263882814214E-007  1.022968691801149E-006
         120  1.289188521112855E-004 -2.504718139049512E-004
  1.111918328570648E-004  3.028243754650046E-006
 -5.658407205381271E-007  1.301006926405081E-006
         121 -1.952066895369565E-004 -1.872812071319936E-004
  4.029207930958920E-005 -1.041088987411172E-004
 -2.758208189464432E-007  1.580220306779197E-006
         122 -2.194622604127258E-004  1.268315406695896E-004
 -8.057363655871819E-005 -7.185985412212740E-005
  1.524659290891345E-007  1.542753104906295E-006
         123  6.069358998780047E-005  2.256657279393058E-004
 -8.930260250616876E-005  4.369323391191206E-005
  3.130136471329581E-007  1.298330472664600E-006
         124  2.161849826950002E-004 -5.210131272218716E-006
  4.744160967245741E-006  8.331930875210341E-005
  2.795426774428276E-007  1.249923094903787E-006
         125  4.172815687761638E-005 -2.011100169139216E-004
  5.841168877008991E-005  1.619304242213119E-005
  4.162908868913020E-007  1.339758976585580E-006
         126 -1.809603772363887E-004 -8.725685940660711E-005
  1.195596290088098E-005 -3.730666814465779E-005
  7.173762406268958E-007  1.278327398350085E-006
         127 -1.329181267943483E-004  1.475801438470388E-004
 -3.888604804972356E-005 -1.660855357179183E-006
  8.777694065569027E-007  9.557839332804849E-007
         128  9.452267699609437E-005  1.689398761935523E-004
 -9.845137054940616E-006  5.262327020603077E-005
  7.081582331241953E-007  6.983065500357391E-007
         129  1.801053968341228E-004 -2.676400131912577E-005
  5.196906172287471E-005  3.595731999558896E-005
  4.948250186733747E-007  7.766381406947598E-007
         130  3.853717847133576E-005 -1.593278767596627E-004
  5.578029528331816E-005 -2.733685549634787E-005
  5.343470735521307E-007  1.024249561283085E-006
         131 -1.149219071114400E-004 -8.237163182197473E-005
  4.494156725336894E-006 -5.267170591387265E-005
  8.247747428405719E-007  1.129347989537747E-006
         132 -9.791923336235160E-005  6.575237623873199E-005
 -3.179909719105676E-005 -2.353309943766146E-005
  1.112478394638710E-006  1.006369207502433E-006
         133  2.783652835733661E-005  9.460828767130840E-005
 -2.443172717373341E-005  8.133042614474295E-006
  1.285284450572544E-006  7.930449494562996E-007
         134  8.839977520749840E-005 -3.087348237539443E-006
 -7.743886588268856E-006  1.177901863084089E-005
  1.358708447330288E-006  5.373505051912290E-007
         135  1.989871894832718E-005 -8.712687183594338E-005
 -5.670591555112186E-006  8.872597682288446E-006
  1.308541710097165E-006  3.015951844879028E-007
         136 -8.386463374888931E-005 -5.284363915406430E-005
 -4.808697153328913E-006  1.408661678978559E-005
  1.154574584386764E-006  1.869745056317844E-007
         137 -9.430039723356877E-005  6.346078837515564E-005
  2.356997360446333E-006  1.793675187694498E-005
  1.061307973623966E-006  2.784249296481065E-007
         138  1.724502021620726E-005  1.282023698013766E-004
  8.899201441152608E-006  1.921908569991624E-005
  1.250956893441095E-006  3.940540536646200E-007
         139  1.354284865062971E-004  4.690105332045239E-005
  2.223748826485229E-005  2.272917362255166E-005
  1.590997621972183E-006  1.981169554107589E-007
         140  1.083406244124364E-004 -1.085800915946703E-004
  4.828799759940562E-005  7.932002577776982E-006
  1.652841477291843E-006 -3.163715688136228E-007
         141 -5.751230016652781E-005 -1.479358133956853E-004
  5.184197501531814E-005 -4.021202496755691E-005
  1.266436840254098E-006 -6.742293907226029E-007
         142 -1.605360041123121E-004  1.046661714758743E-006
 -1.917080448974061E-006 -7.715017723433131E-005
  8.511567356651988E-007 -5.582821232167681E-007
         143 -4.767531057201147E-005  1.553952838683926E-004
 -7.166338396904477E-005 -4.099492438194877E-005
  8.198838005227592E-007 -2.413702650787512E-007
         144  1.447093391574207E-004  8.932452418360153E-005
 -6.961162131432504E-005  4.608052949614174E-005
  1.078888976321702E-006 -1.594160094725849E-007
         145  1.336017091502798E-004 -1.307251306772935E-004
  1.411829198451065E-005  8.061571345168502E-005
  1.238944176562013E-006 -3.348219180082624E-007
         146 -1.028919933729445E-004 -1.861401546414408E-004
  7.583331678348958E-005  1.498204736277796E-005
  1.260897533720948E-006 -4.764530988266626E-007
         147 -2.384968893016560E-004  4.736660978588617E-005
  3.251482680267308E-005 -6.057771513178394E-005
  1.364479981642771E-006 -5.850408812790288E-007
         148 -3.948709418539267E-005  2.699898155886980E-004
 -4.874100632017300E-005 -3.589540244277117E-005
  1.509276973413226E-006 -8.895590832413515E-007
         149  2.601804089646269E-004  1.443169848267302E-004
 -3.874049369725002E-005  5.077988423656758E-005
  1.388740817503465E-006 -1.380492815869749E-006
         150  2.415310653335298E-004 -2.016354527178267E-004
  5.635751428301617E-005  5.814235085652675E-005
  9.155237321667685E-007 -1.660022641461953E-006
         151 -1.041263493611578E-004 -3.061285158134558E-004
  9.003560600772789E-005 -4.275022110614279E-005
  4.962001729830994E-007 -1.516435397950093E-006
         152 -3.245266315620164E-004 -1.097219084314902E-005
 -5.514852555133083E-006 -1.109540591152322E-004
  4.608710106284163E-007 -1.261477611747727E-006
         153 -1.208770861318402E-004  2.970748896180174E-004
 -1.068512236256170E-004 -3.621260831469504E-005
  6.786501503313833E-007 -1.328298347472442E-006
         154  2.333940769841648E-004  2.089980075908785E-004
 -6.583760882389301E-005  8.770378210150950E-005
  6.179824243720254E-007 -1.750180346058080E-006
         155  2.664217031342521E-004 -1.465311222188049E-004
  6.591124746814369E-005  8.622599731381382E-005
  1.328737368309342E-007 -1.992116449296417E-006
         156 -4.937382238738300E-005 -2.892271098387424E-004
  1.035305616970730E-004 -3.943934680432338E-005
 -3.237252692695957E-007 -1.794805476969620E-006
         157 -2.771841913729040E-004 -4.608835263476396E-005
 -3.849838223261371E-006 -1.107213505024052E-004
 -3.802187627885047E-007 -1.488068143993281E-006
         158 -1.282849196800484E-004  2.341665528642328E-004
 -1.004499142123026E-004 -3.030516111501160E-005
 -2.746471985423148E-007 -1.537142833712159E-006
         159  1.683254628451127E-004  1.873268157340387E-004
 -5.092107267721752E-005  8.087047387328068E-005
 -4.934263842723924E-007 -1.788558331319622E-006
         160  2.177130964470124E-004 -9.063111859472423E-005
  6.601631253675147E-005  6.233449690374821E-005
 -1.002778741058854E-006 -1.763698300903209E-006
         161 -1.258317513939433E-005 -2.193925855638008E-004
  7.660538702368798E-005 -5.360937952705472E-005
 -1.367214109050641E-006 -1.337523567457199E-006
         162 -1.960841299117571E-004 -5.630431346042820E-005
 -3.184973920864008E-005 -9.246387461379981E-005
 -1.298531512073113E-006 -9.035601150435793E-007
         163 -1.095602386334994E-004  1.536021376074049E-004
 -9.791599392719166E-005  5.823062104856591E-007
 -1.125797933006686E-006 -8.186846055730257E-007
         164  9.912325968286890E-005  1.430312136329689E-004
 -2.797093356772897E-005  9.046914733220537E-005
 -1.197706763927398E-006 -8.531665526115900E-007
         165  1.549051118247152E-004 -4.092785033799682E-005
  7.800368654650933E-005  4.971439472958524E-005
 -1.393307040830893E-006 -6.851999826898851E-007
         166  1.251607776451694E-005 -1.470368991019004E-004
  7.071457987741108E-005 -6.223199938484655E-005
 -1.373975060383217E-006 -3.542100646677762E-007
         167 -1.253134956990234E-004 -5.491124840766181E-005
 -3.572833556408487E-005 -8.930929709385646E-005
 -1.129599227015747E-006 -2.304201914589988E-007
         168 -8.490960369368721E-005  9.729833483396514E-005
 -9.330573441010982E-005  9.564350722231941E-008
 -1.048160538610753E-006 -3.862224978113908E-007
         169  6.812636331699622E-005  1.061669027975027E-004
 -3.010812906541227E-005  7.932065337551386E-005
 -1.287066915111479E-006 -4.461137491421190E-007
         170  1.233794993523118E-004 -3.767727732177677E-005
  5.994027441464567E-005  4.681704596440895E-005
 -1.511381892750091E-006 -1.475214373365727E-007
         171 -1.955079335410715E-006 -1.373446255591806E-004
  5.830993514189297E-005 -4.406326435778438E-005
 -1.365301469252353E-006  2.393112930131400E-007
         172 -1.432822174374316E-004 -4.177338968587884E-005
 -2.458692035805868E-005 -7.136632057689986E-005
 -1.021643458883619E-006  2.986981057908463E-007
         173 -9.053216810689212E-005  1.343599730081656E-004
 -7.669329210516535E-005 -5.371869690733712E-006
 -9.045000004359143E-007  7.827988062789437E-008
         174  1.075620845189281E-004  1.361629112410517E-004
 -3.569599860898848E-005  6.337189387684365E-005
 -1.101093181134377E-006 -3.656210209326333E-008
         175  1.705689817368227E-004 -6.648408417870434E-005
  3.771957228244150E-005  5.074769046425984E-005
 -1.299710061150723E-006  1.438005502667178E-007
         176 -1.825664248608309E-005 -1.908469202746660E-004
  4.937040796711474E-005 -1.568882820777656E-005
 -1.255134350387196E-006  4.017006414782471E-007
         177 -1.993147208343597E-004 -3.244857877491787E-005
 -4.123859862167885E-006 -4.217715915841048E-005
 -1.089418367753995E-006  4.771348645361443E-007
         178 -8.614568272736676E-005  1.979938161213002E-004
 -3.635521532014003E-005  3.374684555641976E-007
 -1.064386939387393E-006  3.999000079926549E-007
         179  1.832022939187791E-004  1.448504185753580E-004
  2.248547003212381E-006  3.541023282587009E-005
 -1.230196594290732E-006  4.250563015995382E-007
         180  2.050572828975995E-004 -1.467654327525456E-004
  4.557390077077929E-005 -4.766341383795346E-006
 -1.366892573700677E-006  6.822551422228817E-007
         181 -8.396297156510897E-005 -2.540962821320730E-004
  7.118139523050997E-006 -6.651916505018292E-005
 -1.274651777435839E-006  1.028287346885858E-006
         182 -2.755250211583989E-004  1.250256460127908E-006
 -7.873935620504657E-005 -4.342064947647066E-005
 -9.824618462531288E-007  1.209369900574130E-006
         183 -8.326797104875566E-005  2.605079987332542E-004
 -8.847016350899573E-005  5.927163003717162E-005
 -7.532937253859415E-007  1.153398525011485E-006
         184  2.153151682087047E-004  1.489230896659005E-004
  1.153955409063326E-005  1.109734693713579E-004
 -7.377735334926516E-007  1.065718654493469E-006
         185  1.852029765000816E-004 -1.581513898932690E-004
  9.920594420225674E-005  3.542168353986905E-005
 -8.227619316559243E-007  1.144221243237220E-006
         186 -1.074595294276960E-004 -1.978109930845315E-004
  6.019854687448400E-005 -7.118008893365264E-005
 -7.955959088137456E-007  1.367632480787505E-006
         187 -2.020853562683290E-004  7.040639340025338E-005
 -4.768837376054782E-005 -6.823740842491661E-005
 -6.332721071423932E-007  1.554974258253111E-006
         188  3.987673114510484E-005  2.103069097637145E-004
 -7.338280747064217E-005  3.011667362448842E-005
 -4.470722783817831E-007  1.676023194034152E-006
         189  2.232366723328501E-004 -3.225666086716950E-006
  1.135901716005692E-005  7.769659259423136E-005
 -2.429883940245918E-007  1.782022740896276E-006
         190  4.596928868577062E-005 -2.313936862995554E-004
  7.653070782602821E-005  7.923091852707769E-006
  2.494800604941048E-009  1.878091681819158E-006
         191 -2.242607155338129E-004 -1.034380310194173E-004
  2.505920651614494E-005 -7.119184740428794E-005
  3.320664704412543E-007  1.904545228344133E-006
         192 -1.597048494357733E-004  1.985498133610316E-004
 -6.237342019213802E-005 -4.258839353562417E-005
  6.628849766685627E-007  1.777455155785375E-006
         193  1.580607823691027E-004  2.081676149191268E-004
 -5.888345787976814E-005  4.379313134783728E-005
  8.695394754298640E-007  1.541069248608030E-006
         194  2.481131740671816E-004 -1.057455599065908E-004
  1.672630515113739E-005  6.076864006698099E-005
  9.115217826078751E-007  1.346693082813773E-006
         195 -3.878803846319540E-005 -2.794680858311422E-004
  4.323249579053405E-005 -6.541756703011335E-007
  9.444527918182647E-007  1.298933446522703E-006
         196 -2.943325587644498E-004 -4.739062179878831E-005
 -1.129555669998794E-005 -2.717545338268164E-005
  1.107511494993206E-006  1.289553284210056E-006
         197 -1.488960139265205E-004  2.759227179577914E-004
 -4.024995601860447E-005  3.206070490148361E-005
  1.352594223474358E-006  1.148233117562469E-006
         198  2.094270137146007E-004  2.462769191483564E-004
  2.710056209016149E-005  7.870783062568752E-005
  1.505217767064866E-006  8.584784402065088E-007
         199  3.088079250667688E-004 -9.677201496069143E-005
  1.062304275663035E-004  1.767110083409887E-005
  1.495731440062758E-006  5.726599387300940E-007
         200  3.744580172267761E-005 -3.106591970872836E-004
  7.839263542042390E-005 -9.253592135031887E-005
  1.410152749259807E-006  3.652716907064242E-007
         201 -2.477670239189078E-004 -1.547746976050760E-004
 -3.963981906727719E-005 -1.196247844576980E-004
  1.273886335620886E-006  2.331887675334625E-007
         202 -2.223336621224275E-004  1.420900391184224E-004
 -1.216088280559318E-004 -2.902845434722015E-005
  1.132788946775131E-006  2.396343357543074E-007
         203  2.996085504185018E-005  2.294803249017540E-004
 -8.784183526659299E-005  8.254381014873870E-005
  1.128457222771068E-006  3.688472308359988E-007
         204  1.901735416540365E-004  5.741568195217347E-005
  1.386286120906217E-005  1.128844422663560E-004
  1.350434915509713E-006  4.457624189031289E-007
         205  1.079228025602366E-004 -1.306513115654645E-004
  8.884077414072891E-005  5.631624191285071E-005
  1.668147483327744E-006  2.615386077088881E-007
         206 -7.262775350793940E-005 -1.283133486957163E-004
  9.172908562437245E-005 -2.659261729377574E-005
  1.796036813608010E-006 -1.688522333428442E-007
         207 -1.326150126955880E-004  2.373802904521856E-005
  3.632414250978408E-005 -7.699785133342912E-005
  1.616122763291323E-006 -5.785480307700121E-007
         208 -1.998799242593473E-005  1.296791361771115E-004
 -3.258929117384533E-005 -6.692892331327968E-005
  1.278360615230967E-006 -7.498418199262357E-007
         209  1.186357798055180E-004  6.425862823878119E-005
 -6.370335943977136E-005 -8.919660613537320E-006
  1.018973059693303E-006 -6.723677851589861E-007
         210  1.086062951643253E-004 -9.325886626274348E-005
 -3.372336963535180E-005  4.513884488973961E-005
  9.889325510962577E-007 -5.105494965517446E-007
         211 -4.962975938273774E-005 -1.455561611371614E-004
  2.272030956997221E-005  4.510593155197831E-005
  1.158800411751857E-006 -4.785433764733620E-007
         212 -1.651562593068909E-004 -9.428217420250488E-006
  4.322913661221786E-005  8.787454222174840E-007
  1.343458010461709E-006 -6.985244968072732E-007
         213 -7.536833415671346E-005  1.599796437578533E-004
  1.636601102188305E-005 -2.565199104353463E-005
  1.312671732017931E-006 -1.104395002072869E-006
         214  1.276120182686330E-004  1.369835998311065E-004
 -3.364467849180302E-006 -1.079832261504234E-005
  9.635273615587347E-007 -1.436652800964945E-006
         215  1.825090628814093E-004 -7.073487384057912E-005
  1.205113022100015E-005 -2.818937628603133E-006
  4.631652889690782E-007 -1.433981560876388E-006
         216  2.775944448491506E-006 -2.012474263701933E-004
  1.488161585106668E-005 -3.113053122577597E-005
  1.755462359032793E-007 -1.071160404478430E-006
         217 -1.864839857532734E-004 -7.908551781315186E-005
 -3.040477422219487E-005 -4.374712547291438E-005
  3.582387726279283E-007 -6.968187222149984E-007
         218 -1.401885276423523E-004  1.395691599308988E-004
 -6.794470954372034E-005  1.064810823240160E-005
  8.042599302901050E-007 -7.648170572301310E-007
         219  7.280396281394866E-005  1.706382929117464E-004
 -2.167393240662215E-005  7.941380551798874E-005
  9.718402965619708E-007 -1.313758798202471E-006
         220  1.656412883575177E-004 -6.967451294163250E-006
  7.149940187323120E-005  6.076785546903304E-005
  5.631949468351475E-007 -1.847909927156493E-006
         221  3.846136195530866E-005 -1.349963374811949E-004
  9.223068712996258E-005 -3.818135806597153E-005
 -1.014511801769108E-007 -1.889631948321648E-006
         222 -9.876551589848926E-005 -5.629738234384063E-005
  1.007257930754734E-005 -9.547487615007326E-005
 -5.137267544687866E-007 -1.542819396556291E-006
         223 -5.556888096491827E-005  7.557216877159010E-005
 -6.659462444383780E-005 -4.470856242040955E-005
 -6.004619956073494E-007 -1.196603099436350E-006
         224  7.056700977577622E-005  5.478027399720612E-005
 -4.619690796397973E-005  3.021268345088547E-005
 -5.904762044082973E-007 -9.828956966030273E-007
         225  6.887309049503685E-005 -7.251002790253969E-005
  1.526268970784149E-005  2.571276403397705E-005
 -5.526578054535668E-007 -7.751843939938821E-007
         226 -6.266390395317508E-005 -9.807902441998340E-005
  1.092957013136156E-005 -2.613025469098793E-005
 -3.375795300486363E-007 -6.015307908483449E-007
         227 -1.268253744301559E-004  2.872718960703305E-005
 -4.521606174117103E-005 -1.697816316869675E-005
  6.819812186392701E-010 -7.237394605378094E-007
         228 -2.554304252000093E-005  1.341372457513497E-004
 -4.118707432457857E-005  5.532702587992600E-005
  8.797985197983530E-008 -1.197923357262740E-006
         229  1.078972552790649E-004  8.119881081605680E-005
  4.735607607465502E-005  7.480780538820090E-005
 -3.301280907966982E-007 -1.642943950477771E-006
         230  1.147660048079754E-004 -5.309418481625585E-005
  1.054682988491991E-004 -1.495638823631789E-005
 -1.015443407784854E-006 -1.610460434883122E-006
         231  1.050298367863240E-005 -1.120787383779493E-004
  3.878349540325610E-005 -1.130668266716862E-004
 -1.447700595836634E-006 -1.106028087042390E-006
         232 -7.589686244149288E-005 -5.863029116761817E-005
 -8.283112761467476E-005 -9.128947987193273E-005
 -1.404211716921958E-006 -5.568580213295163E-007
         233 -7.511657558282116E-005  2.355686584005868E-005
 -1.131098342561314E-004  2.562192291624759E-005
 -1.114068889192346E-006 -3.024325000118308E-007
         234 -2.232812544458212E-005  5.942941698813933E-005
 -2.768463240826304E-005  9.601736977036168E-005
 -8.849633395731347E-007 -3.065174404508397E-007
         235  2.541348097870286E-005  4.501742795679033E-005
  5.794729159693956E-005  5.488868753065049E-005
 -7.668446244338738E-007 -4.020614170568834E-007
         236  4.129267855742515E-005  6.996260523994681E-006
  5.640695408974781E-005 -2.047457220854840E-005
 -7.326001304726554E-007 -5.820558687702135E-007
         237  2.220297985529318E-005 -2.203710760768622E-005
  6.300743773012872E-006 -4.115310939101609E-005
 -9.054631201428956E-007 -8.367079708637794E-007
         238 -5.143977320661252E-006 -1.692458180593317E-005
 -1.607634788823928E-005 -1.667209995569607E-005
 -1.369866865521031E-006 -9.378478392259424E-007
         239 -1.722361028986457E-006  4.874469695857090E-006
 -5.343125811744156E-006 -6.202118167771229E-006
 -1.912354085172341E-006 -6.232322452110354E-007
         240  2.297309016167104E-005 -5.608557989258140E-006
 -7.019069916449937E-006 -1.918788749670279E-005
 -2.132764078510010E-006  4.506112131176824E-008
         241  8.325774264000042E-006 -4.675851359793934E-005
 -3.174194059550628E-005 -1.736637060092688E-005
 -1.874300319357321E-006  6.680857996828503E-007
         242 -5.654090892304583E-005 -4.277239475418263E-005
 -4.446968206843481E-005  1.500354479220885E-005
 -1.386307040290095E-006  9.245525971390240E-007
         243 -8.152558580250621E-005  3.882830336199544E-005
 -1.910768439988367E-005  4.800483644488248E-005
 -1.013103206813060E-006  8.526261688569021E-007
         244 -3.140216427578751E-006  1.022962903823882E-004
  2.580949179801719E-005  4.375496343595386E-005
 -8.797933810096122E-007  6.851740516546354E-007
         245  9.180515973537084E-005  4.940629204156338E-005
  4.643475680813150E-005  3.788951184756271E-006
 -9.038582735538485E-007  5.886769684269321E-007
         246  7.530496012007964E-005 -5.627221968451142E-005
  2.575411274818958E-005 -3.324812801283571E-005
 -1.003263265538125E-006  5.796803540182327E-007
         247 -1.935977277716072E-005 -6.845730162720055E-005
 -1.280878525336954E-005 -3.626783401005654E-005
 -1.152260199658450E-006  7.083037660070374E-007
         248 -3.885223061264011E-005  7.511283262895986E-006
 -3.336046152358052E-005 -8.555930640925636E-006
 -1.224512287154029E-006  1.026932215735067E-006
         249  3.157865955000230E-005  1.428355206078945E-005
 -2.029864789400524E-005  1.788561260768008E-005
 -1.049208045479962E-006  1.447184908953320E-006
         250  2.364255730702456E-005 -7.749739685636879E-005
  3.137152912647919E-006  1.410664457237271E-005
 -5.753396180370868E-007  1.720978760423270E-006
         251 -1.129631241506362E-004 -7.798131786927772E-005
  1.583567024798793E-007 -6.789164023919291E-006
 -1.582224438677869E-008  1.638435140701694E-006
         252 -1.617995032409109E-004  1.055407879415575E-004
 -2.712479555508226E-005 -1.772476857358434E-006
  3.410607425045091E-007  1.258722455542063E-006
         253  4.107781350389763E-005  2.403314085140593E-004
 -2.862254689378790E-005  4.012024403083365E-005
  3.689093145369513E-007  8.142701746556109E-007
         254  2.775046370196439E-004  6.815052740480039E-005
  2.569727339347271E-005  6.393143734094392E-005
  1.391235096388859E-007  5.222704761529122E-007
         255  1.898321153962820E-004 -2.533017145057791E-004
  8.349133025164477E-005  1.287135560414000E-005
 -2.077587055914039E-007  4.852635783535592E-007
         256 -1.715869259026381E-004 -2.875980174367455E-004
  5.827107409237951E-005 -7.655964023865980E-005
 -4.844895393991338E-007  7.617307238842131E-007
