   409.600000000000     
         256           1           3
  1.124309127438499E-002   37.6562798753794        115.840367037028     
   39.0000000000000        116.000000000000        6351.00000000000     
           0  0.000000000000000E+000  0.000000000000000E+000
  0.000000000000000E+000  0.000000000000000E+000
  0.000000000000000E+000  0.000000000000000E+000
           1  1.254228034365756E-006 -2.456313570534363E-007
 -3.283139091206892E-006  1.729038182050095E-007
 -1.213365665368863E-005  3.026786592935060E-007
           2  1.630122000275589E-006 -7.963535197839786E-007
 -3.313338952360985E-006  5.315648488101360E-007
 -1.254817479367916E-005  7.107865107699314E-007
           3  1.831039980430271E-006 -2.131824437703812E-006
 -2.973736839212553E-006  9.710023419853609E-007
 -1.320779128009000E-005  1.360111398652302E-006
           4  9.031724843681448E-007 -4.128769018529211E-006
 -2.204299494896867E-006  9.488361586179872E-007
 -1.402978663480469E-005  2.393306582261714E-006
           5 -1.856703954341616E-006 -5.717367354843290E-006
 -1.605103534664525E-006 -3.122184954156881E-008
 -1.486239585554425E-005  3.977201647038468E-006
           6 -6.121774973447500E-006 -5.328240571112916E-006
 -2.185160044258957E-006 -1.730711463660111E-006
 -1.537475692052411E-005  6.126688386479564E-006
           7 -1.032600073144755E-005 -1.779669904809901E-006
 -4.659447273471401E-006 -3.025904473925431E-006
 -1.536028223137553E-005  8.764756691352160E-006
           8 -1.206885017112435E-005  4.803726221038901E-006
 -8.685787880556186E-006 -2.136351396097090E-006
 -1.446616089414344E-005  1.178320694629829E-005
           9 -9.286163248390950E-006  1.245876527478425E-005
 -1.227663194156237E-005  2.323443446579912E-006
 -1.235561522919608E-005  1.455535022986755E-005
          10 -1.499364340656795E-006  1.793536651122495E-005
 -1.253407494554702E-005  9.822548857382529E-006
 -9.294602286914872E-006  1.650559198358205E-005
          11  9.335187785757055E-006  1.793143814743393E-005
 -7.180604727362829E-006  1.772872371007606E-005
 -5.768083786485301E-006  1.710980039537486E-005
          12  1.920774534042636E-005  1.087114233045923E-005
  4.011708821755114E-006  2.181689157019672E-005
 -2.872765853882152E-006  1.631707528514870E-005
          13  2.327098198666985E-005 -1.883614076943920E-006
  1.791884825374471E-005  1.794086698673530E-005
 -7.097556066739499E-007  1.518207482915447E-005
          14  1.815236405969594E-005 -1.540587045505765E-005
  2.903188155114877E-005  4.331772878069228E-006
  6.518459133988059E-007  1.362123524695033E-005
          15  4.755175981058703E-006 -2.286463685332731E-005
  3.021767485357126E-005 -1.672974075082334E-005
  1.092803249175750E-006  1.199988219467193E-005
          16 -1.100833995877039E-005 -1.920664044273058E-005
  1.667321220805130E-005 -3.764523877466766E-005
  2.368767795369355E-007  1.095514979712733E-005
          17 -2.013775315814226E-005 -4.457749843908303E-006
 -1.072165362567425E-005 -4.799360143661863E-005
 -7.369439856945585E-007  1.226273608690348E-005
          18 -1.491369189793626E-005  1.382318308341672E-005
 -4.267563097108991E-005 -3.830509005185256E-005
  2.763189866954346E-007  1.414531537872606E-005
          19  5.004452351651604E-006  2.325692465046636E-005
 -6.445716368649381E-005 -8.277523121078723E-006
  2.576115168447413E-006  1.536537367434619E-005
          20  2.979232607584671E-005  1.242186056253269E-005
 -6.324581903345999E-005  3.240262688857122E-005
  5.716024519522856E-006  1.534532724472204E-005
          21  4.065622744048965E-005 -2.007441752340271E-005
 -3.458157555190765E-005  6.537309899572225E-005
  8.315922293966081E-006  1.388969321850475E-005
          22  1.991718865525369E-005 -5.886915802914839E-005
  1.071588015185168E-005  7.206413620205340E-005
  1.034547757102425E-005  1.127957814341861E-005
          23 -3.391623623214669E-005 -7.425964296466008E-005
  4.942629765266470E-005  4.490255436022873E-005
  1.006042007179435E-005  7.969075573866810E-006
          24 -9.462687136928587E-005 -3.984171598581284E-005
  5.601245402347094E-005 -2.494351632767288E-006
  7.712703205239696E-006  6.769289397490658E-006
          25 -1.167183222026781E-004  4.195077183506720E-005
  2.351395542415374E-005 -3.797650420909059E-005
  5.715374988723762E-006  8.364392330771394E-006
          26 -6.605062316561754E-005  1.287206348630077E-004
 -2.639558698423482E-005 -3.293773669851283E-005
  6.624898663749200E-006  1.209892093793960E-005
          27  4.714009428933615E-005  1.564545279678833E-004
 -5.334775371863940E-005  1.493792803998188E-005
  1.143781448388230E-005  1.469474796731673E-005
          28  1.578610943921705E-004  8.476924080120031E-005
 -2.719517409030110E-005  7.175767232190979E-005
  1.847413579391909E-005  1.333418429971525E-005
          29  1.824609843596916E-004 -5.921964425505258E-005
  4.309391031304373E-005  8.819180985520378E-005
  2.433874664333766E-005  6.707189590206664E-006
          30  8.356036392394517E-005 -1.836728786914398E-004
  1.085435635056636E-004  3.772330756182139E-005
  2.476280404695046E-005 -3.058408585527482E-006
          31 -8.674989112754708E-005 -1.913876330410390E-004
  1.122082511967903E-004 -5.420195114519370E-005
  1.887574581322769E-005 -1.100893900526458E-005
          32 -2.099555534877703E-004 -5.923481543574550E-005
  3.878004001641518E-005 -1.213341578426257E-004
  9.763215808433860E-006 -1.311715489283297E-005
          33 -1.868722694092269E-004  1.288104454210520E-004
 -6.529665259731190E-005 -1.073105885075689E-004
  2.538308250813334E-006 -8.889520835247641E-006
          34 -2.154422369537521E-005  2.360199751175010E-004
 -1.224293343585605E-004 -1.462005109306030E-005
  9.397406703440438E-007 -1.803295227678783E-006
          35  1.732039233801165E-004  1.767481210778224E-004
 -8.526604897489461E-005  9.077293372967223E-005
  4.892478351051893E-006  3.266875098209023E-006
          36  2.561379233012541E-004 -1.454246069317868E-005
  2.283522329678452E-005  1.288677048371966E-004
  1.085024942050570E-005  3.298305353362614E-006
          37  1.640764815541092E-004 -2.046464682803226E-004
  1.234759937869899E-004  6.705233888747762E-005
  1.458437540710508E-005 -1.213771140462394E-006
          38 -3.984417304613962E-005 -2.600147297720700E-004
  1.399692260915488E-004 -5.350989006394128E-005
  1.352137591430428E-005 -6.457541448949091E-006
          39 -2.134864822262467E-004 -1.446500138315264E-004
  5.662321232400345E-005 -1.459467792407533E-004
  9.767623094504827E-006 -8.606745471069044E-006
          40 -2.401933111359559E-004  5.630871399758218E-005
 -6.959618567483590E-005 -1.437194554767321E-004
  6.774729231738200E-006 -7.482703535268499E-006
          41 -1.114971101114391E-004  2.018483128736423E-004
 -1.519625430451329E-004 -4.770859604999187E-005
  6.824823337246651E-006 -4.915140995371625E-006
          42  7.268812091166191E-005  1.990922555862141E-004
 -1.360322126393162E-004  7.555443930433338E-005
  9.441739777749387E-006 -4.369202018570391E-006
          43  1.826140711428992E-004  6.426546466392777E-005
 -3.801789719141740E-005  1.443057712843132E-004
  1.227684880620124E-005 -6.770332402345938E-006
          44  1.501593302355267E-004 -9.669313891371300E-005
  7.250183057134063E-005  1.196960013826457E-004
  1.308784762924116E-005 -1.196845469206752E-005
          45  1.221809782125226E-005 -1.690921721610723E-004
  1.237220771048790E-004  2.795166747226461E-005
  9.391906855601270E-006 -1.712540146501201E-005
          46 -1.251949838648444E-004 -1.104408532209097E-004
  9.129333013623186E-005 -6.182987558343640E-005
  3.287083550794346E-006 -1.908762249271194E-005
          47 -1.664309195430742E-004  2.852637199267434E-005
  9.753022315492549E-006 -9.095691191330667E-005
 -2.575600131925449E-006 -1.694197824527189E-005
          48 -8.895815285531017E-005  1.468712911182039E-004
 -5.666220816369740E-005 -4.784654476555919E-005
 -5.160399137384332E-006 -1.231822365958502E-005
          49  4.705106481079217E-005  1.656295858993403E-004
 -6.034774681883519E-005  2.629898415725875E-005
 -4.819591300175760E-006 -8.601409221135308E-006
          50  1.477200060445100E-004  8.043487296540267E-005
 -3.349526020355001E-006  7.257985467902015E-005
 -2.500055988824729E-006 -6.298190954942369E-006
          51  1.522394285479233E-004 -4.422198962551132E-005
  7.088820404453852E-005  5.441128606817366E-005
  1.074316234236193E-007 -6.934065379178496E-006
          52  6.950558858537150E-005 -1.250981661842094E-004
  1.055732332769611E-004 -1.846484534783685E-005
  6.103154615377913E-007 -9.236504796088813E-006
          53 -3.551385709106533E-005 -1.175140737454295E-004
  7.286096472286640E-005 -9.616498730332758E-005
 -8.383945762012309E-007 -1.141402507561767E-005
          54 -9.064014126419495E-005 -4.107898241892804E-005
 -8.549121306394731E-006 -1.269740230196471E-004
 -3.860364165869082E-006 -1.149798602243959E-005
          55 -6.676972004639097E-005  3.973698306694199E-005
 -8.744217498885390E-005 -8.995806766571532E-005
 -5.498035428543140E-006 -9.705802230197634E-006
          56  6.762842044145602E-006  6.461327055835531E-005
 -1.157909087272018E-004 -1.045419202963454E-005
 -5.569116636252831E-006 -8.211983803975204E-006
          57  6.686451680053217E-005  1.821127117885776E-005
 -8.121004192454424E-005  6.195325293597270E-005
 -4.717792606593496E-006 -7.503466754967059E-006
          58  6.240060338593656E-005 -6.121303145356962E-005
 -9.497010476596333E-006  8.502042343971933E-005
 -4.310087958290551E-006 -8.383571550759279E-006
          59 -9.727000937415620E-006 -1.095975267353870E-004
  5.092944795065440E-005  5.004205611528425E-005
 -4.914094297459972E-006 -9.605493882517415E-006
          60 -1.016222527673095E-004 -8.324383461178989E-005
  6.321626591074545E-005 -1.466589921763024E-005
 -6.631759489772371E-006 -1.093257902881116E-005
          61 -1.481758938578773E-004  9.825964783715007E-006
  2.198714624296201E-005 -6.408788182427492E-005
 -9.929112497414603E-006 -1.103485262435013E-005
          62 -1.117036587799182E-004  1.145601243743849E-004
 -4.242099125383508E-005 -6.310177339591043E-005
 -1.297056719181629E-005 -9.236094129801333E-006
          63 -7.647025408115792E-006  1.652521257066334E-004
 -8.473654961481720E-005 -1.239871509352041E-005
 -1.488737810393526E-005 -6.034529247681244E-006
          64  1.044006600304092E-004  1.274444950085536E-004
 -7.545710816279955E-005  5.615163975248229E-005
 -1.484520402248351E-005 -2.530815766460669E-006
          65  1.574494981081667E-004  2.153704932557613E-005
 -1.664560111933906E-005  9.875096485728691E-005
 -1.362635778393385E-005 -3.308471944231659E-007
          66  1.200683634994289E-004 -8.959024576635456E-005
  5.751876756265290E-005  8.701977213689572E-005
 -1.234244847273810E-005  8.435737906905773E-007
          67  1.555663156411787E-005 -1.391265765864993E-004
  1.042925321537162E-004  2.546149899206253E-005
 -1.165139894020177E-005  1.297440133879853E-006
          68 -9.093420206844293E-005 -9.691700275137159E-005
  9.551840053295358E-005 -5.271628354121174E-005
 -1.161713188437681E-005  1.879964153804150E-006
          69 -1.318071749359865E-004  1.053127940065712E-005
  3.542377526716327E-005 -1.031194983937213E-004
 -1.170841178692653E-005  3.091950505654897E-006
          70 -7.879794762875957E-005  1.158735499321278E-004
 -4.131501451779524E-005 -9.888727714941227E-005
 -1.120347448332070E-005  4.588996310763716E-006
          71  4.001137106906444E-005  1.505774094859251E-004
 -9.290150911256496E-005 -4.441045419334602E-005
 -1.020937149897788E-005  5.943102973877053E-006
          72  1.546236665237651E-004  8.513656859272372E-005
 -9.213623519603231E-005  2.812272382440225E-005
 -8.575250191581364E-006  6.886521937817690E-006
          73  1.926260940781946E-004 -5.153753117365094E-005
 -4.262165739697520E-005  7.760293798428877E-005
 -6.968359240071914E-006  6.775421495529414E-006
          74  1.205371994343266E-004 -1.863001655438620E-004
  2.622909151018815E-005  7.736268482293532E-005
 -5.914883666345974E-006  5.694528622023406E-006
          75 -3.391445180951403E-005 -2.392558720526655E-004
  7.311229789914223E-005  2.787457685119815E-005
 -6.619205164188737E-006  4.570480816099250E-006
          76 -1.922244500426187E-004 -1.713947257614798E-004
  7.028880588086021E-005 -4.041061150274966E-005
 -8.172142904899327E-006  5.030051085415929E-006
          77 -2.689982225104098E-004 -8.850109031666213E-006
  1.882073702339500E-005 -8.805532204435371E-005
 -9.290010293194417E-006  6.619914701680382E-006
          78 -2.179673443831935E-004  1.698193677861145E-004
 -5.408204461037037E-005 -8.589188900863225E-005
 -9.350122250190018E-006  9.462486615202591E-006
          79 -5.815796246943569E-005  2.728864258397956E-004
 -1.072785286483271E-004 -3.346711958546003E-005
 -7.795508010172048E-006  1.218228382208995E-005
          80  1.320622670625860E-004  2.445149739407440E-004
 -1.131644201546862E-004  4.295727177666147E-005
 -5.068406519108192E-006  1.422106763927073E-005
          81  2.568508366078127E-004  9.691391241310834E-005
 -6.680388737747519E-005  1.064007063390590E-004
 -1.141296746579267E-006  1.475771937183476E-005
          82  2.520779596945022E-004 -9.691292293719807E-005
  9.415079883768382E-006  1.247199633834268E-004
  2.092834557465024E-006  1.330791302094598E-005
          83  1.187314653431636E-004 -2.376617701027094E-004
  7.903371982528098E-005  9.085446065774297E-005
  4.125899246720300E-006  1.085587689293811E-005
          84 -7.426402661973112E-005 -2.521434780085512E-004
  1.096846791569203E-004  2.164742653982440E-005
  4.558834594355710E-006  8.189562606345106E-006
          85 -2.270667527482302E-004 -1.329612824304111E-004
  8.841517446771562E-005 -4.757316769701020E-005
  3.878847405324950E-006  6.574927763762055E-006
          86 -2.602078084607614E-004  5.988715681356832E-005
  3.023139561405842E-005 -8.360761304540542E-005
  3.026969071256987E-006  5.587823888713079E-006
          87 -1.529370644752170E-004  2.270852432194255E-004
 -3.367448691413243E-005 -7.135064964811445E-005
  2.191839520699702E-006  5.495661655185366E-006
          88  4.242860413811526E-005  2.794152310558897E-004
 -6.898491445680435E-005 -2.111888946905056E-005
  2.014428199647539E-006  5.794535612082119E-006
          89  2.260765451739680E-004  1.851609967593463E-004
 -5.960668805080712E-005  3.641532086770096E-005
  2.082454695021427E-006  5.806396315264880E-006
          90  3.009452618574069E-004 -1.153622379214846E-005
 -1.312870418934008E-005  7.018114316521598E-005
  2.319976776401098E-006  5.511978241613287E-006
          91  2.245144646786937E-004 -2.113693477535445E-004
  4.343947897813943E-005  6.024727968941072E-005
  1.736263990468998E-006  4.963623897273169E-006
          92  3.241551455313780E-005 -3.114341556590296E-004
  7.666326906816805E-005  1.297465648898423E-005
  4.602050849669384E-007  5.383419641595554E-006
          93 -1.797894169254987E-004 -2.590075847865468E-004
  6.777271395524643E-005 -4.570352179942549E-005
 -3.835117486572982E-007  6.946982021426630E-006
          94 -3.049261135747037E-004 -7.825026447147547E-005
  1.906258050105064E-005 -8.339336164164159E-005
 -1.944892807292695E-007  9.561234750640915E-006
          95 -2.789489074164576E-004  1.405388152714755E-004
 -4.370989820935345E-005 -7.802748894899853E-005
  1.735832473646158E-006  1.212622632881773E-005
          96 -1.138307750562298E-004  2.872370012887006E-004
 -8.815084267415729E-005 -3.097989337856714E-005
  5.137420091383825E-006  1.383666062801001E-005
          97  1.078343546088761E-004  2.859341011199200E-004
 -8.974182129773936E-005  3.520015830244257E-005
  9.815339461734199E-006  1.389008345369949E-005
          98  2.716385980841948E-004  1.350686430882423E-004
 -4.642391330609073E-005  8.510067946120420E-005
  1.424198283697454E-005  1.124741556133523E-005
          99  2.905507567106287E-004 -8.833452193531072E-005
  1.850667973299075E-005  9.305539780496179E-005
  1.689993704802819E-005  6.638722657258371E-006
         100  1.515479336598710E-004 -2.678625813418459E-004
  7.019703448386691E-005  5.460993000390152E-005
  1.683615799439723E-005  1.503321643308194E-006
         101 -7.689005915269197E-005 -3.062791860395924E-004
  7.897050668891198E-005 -6.868108188801887E-006
  1.440870462458126E-005 -2.329294368367582E-006
         102 -2.755940319574182E-004 -1.762292382460099E-004
  4.243156256235660E-005 -5.419598918360259E-005
  1.094488724421003E-005 -4.128123216743772E-006
         103 -3.353497098618042E-004  6.053737523318263E-005
 -1.699409402794985E-005 -5.944165744008755E-005
  7.711648273396085E-006 -3.529087339310978E-006
         104 -2.161769288445291E-004  2.821626014897383E-004
 -6.162775033053985E-005 -1.719812554886540E-005
  6.228164318694987E-006 -1.273705826741851E-006
         105  2.845462966898695E-005  3.684147858957390E-004
 -6.001145591587989E-005  4.837738336460052E-005
  7.082500190685532E-006  1.002252866837018E-006
         106  2.740955737995228E-004  2.650035626276557E-004
 -6.558846018295712E-006  9.693094664150113E-005
  9.594622755028760E-006  1.888017887117446E-006
         107  3.890471150076710E-004  1.825697735719257E-005
  7.422356331982461E-005  9.299844749816109E-005
  1.253628871423136E-005  5.811532584626811E-007
         108  3.075335711658563E-004 -2.457681858284991E-004
  1.359169929561523E-004  2.809026510179139E-005
  1.426778803985272E-005 -2.644304986917650E-006
         109  6.743846950941405E-005 -3.877631381605204E-004
  1.382690552010281E-004 -6.965401031888943E-005
  1.396425283038832E-005 -6.324618777214862E-006
         110 -2.063006662052475E-004 -3.302282775193615E-004
  7.034841826703509E-005 -1.506365767474031E-004
  1.191323559030646E-005 -9.334641363743203E-006
         111 -3.679998596813601E-004 -1.027766568709794E-004
 -4.014825644013063E-005 -1.679320467604363E-004
  9.122654690001842E-006 -1.074759624211267E-005
         112 -3.305137840291769E-004  1.722744310911712E-004
 -1.397652217761627E-004 -1.066134992288262E-004
  6.648808778991486E-006 -1.085044367195916E-005
         113 -1.154108134946777E-004  3.438061771998491E-004
 -1.766921429171624E-004  9.373250059349986E-006
  4.822030804979222E-006 -1.006805834444332E-005
         114  1.555935847408450E-004  3.177399943637125E-004
 -1.263519540981432E-004  1.240949944659926E-004
  4.364499469635992E-006 -9.139816095800081E-006
         115  3.296042958539798E-004  1.112571993535399E-004
 -1.081685063066639E-005  1.780110490754047E-004
  4.644521736097903E-006 -9.112441173135306E-006
         116  3.080227471202300E-004 -1.569371621912108E-004
  1.136269003551896E-004  1.407453129959393E-004
  4.505596465748686E-006 -1.022191901218708E-005
         117  1.032897908353366E-004 -3.313312569112345E-004
  1.814770762813006E-004  2.844377655530748E-005
  3.067926346710207E-006 -1.157648419898862E-005
         118 -1.654523241825330E-004 -3.101418620617981E-004
  1.567724588024393E-004 -1.001988362442619E-004
  8.524082237713484E-007 -1.170450571167915E-005
         119 -3.421964799122022E-004 -1.044085014258792E-004
  5.241224469650796E-005 -1.799257039915012E-004
 -1.024750349783271E-006 -1.069006202733784E-005
         120 -3.232430493912468E-004  1.681491320565332E-004
 -7.806423014827381E-005 -1.689497594918134E-004
 -1.906988115730576E-006 -9.068588747679983E-006
         121 -1.172762540956419E-004  3.508274034452450E-004
 -1.664307561082971E-004 -7.456039483873550E-005
 -1.537479908199388E-006 -7.599567346565491E-006
         122  1.589241721977331E-004  3.377623533456486E-004
 -1.692736106221249E-004  5.287841559988712E-005
 -4.625345169794293E-007 -6.927702619731394E-006
         123  3.489137877413744E-004  1.366318121006208E-004
 -8.672625573796327E-005  1.471605457357215E-004
  1.013448297273401E-006 -7.642204374443210E-006
         124  3.475336922875340E-004 -1.401591618601475E-004
  3.394906123823975E-005  1.603051042098436E-004
  1.560660647593621E-006 -9.884670526528413E-006
         125  1.559218006492874E-004 -3.398677489634644E-004
  1.282410129275713E-004  9.079282078485924E-005
  1.668520837258113E-007 -1.239974351159266E-005
         126 -1.204270272654957E-004 -3.530517131345353E-004
  1.483666385552932E-004 -2.029039476725634E-005
 -2.817146171065920E-006 -1.392983625671788E-005
         127 -3.301451103497428E-004 -1.732407276740833E-004
  8.884309244078365E-005 -1.095260323456540E-004
 -6.204597407839813E-006 -1.367755033992434E-005
         128 -3.602882493038730E-004  1.010073015895115E-004
 -1.145589496010230E-005 -1.307855851906163E-004
 -9.012449956434330E-006 -1.197200378218557E-005
         129 -1.958361082638100E-004  3.223522288399367E-004
 -9.376594994812637E-005 -7.563373203696377E-005
 -1.069922168032248E-005 -9.443103037542807E-006
         130  7.487506009699368E-005  3.740606741088115E-004
 -1.087484876607757E-004  1.953412234695687E-005
 -1.090546712427999E-005 -6.958373382282942E-006
         131  3.094666881736096E-004  2.305401219435615E-004
 -4.950750695147181E-005  9.428368694594897E-005
 -1.027503605285111E-005 -5.360761384656884E-006
         132  3.882354387696661E-004 -3.079658000146384E-005
  4.790352877933689E-005  1.015932805539593E-004
 -9.737169748040726E-006 -4.807228552404188E-006
         133  2.768308689234878E-004 -2.768403516880766E-004
  1.236089308639373E-004  3.295706473208790E-005
 -9.908100650785904E-006 -4.715036420648299E-006
         134  3.552265915399841E-005 -3.890112766411907E-004
  1.296989224572166E-004 -7.504649650282273E-005
 -1.071652825720983E-005 -4.267814112030235E-006
         135 -2.150707972865853E-004 -3.204056968081647E-004
  5.613592381496334E-005 -1.645472965323582E-004
 -1.168400585572279E-005 -3.162375976595550E-006
         136 -3.596115604462328E-004 -1.147229566043341E-004
 -6.568023170784026E-005 -1.844509821851795E-004
 -1.223809376006988E-005 -1.414671166752747E-006
         137 -3.432283053869058E-004  1.265954391131296E-004
 -1.773770616688517E-004 -1.181950329847384E-004
 -1.192714350121172E-005  5.973098029957108E-007
         138 -1.867326237027387E-004  2.974172087538820E-004
 -2.239891302135209E-004  8.006553595899405E-006
 -1.069590824106882E-005  2.137029441562570E-006
         139  3.100748945247387E-005  3.325131583494184E-004
 -1.814601643209259E-004  1.375572781536662E-004
 -9.105043459595350E-006  2.644175142706118E-006
         140  2.140259186869224E-004  2.313931552818045E-004
 -6.972883160456521E-005  2.131284259900615E-004
 -7.919263379818221E-006  2.142085817914809E-006
         141  2.916264807829413E-004  4.913928857540404E-005
  6.081941910772592E-005  2.060962965332951E-004
 -7.710270768078307E-006  1.085244607353988E-006
         142  2.429174715692867E-004 -1.319317944746917E-004
  1.560878865728329E-004  1.263573305171629E-004
 -8.642482005928016E-006  2.489878826969392E-007
         143  1.004079813492136E-004 -2.383966921085275E-004
  1.827992084757069E-004  1.429773054568718E-005
 -1.038372717033434E-005  3.211799209303806E-007
         144 -6.976194066784421E-005 -2.335034347643474E-004
  1.425699975818102E-004 -8.201676352623919E-005
 -1.218674796147065E-005  1.661787302039844E-006
         145 -1.948332187919814E-004 -1.263744508325009E-004
  6.335096420537755E-005 -1.306288732829270E-004
 -1.319897492231081E-005  4.047983044379502E-006
         146 -2.225339332698153E-004  3.203312486552986E-005
 -1.733511261714202E-005 -1.247981340712041E-004
 -1.310555794631767E-005  6.732131889143801E-006
         147 -1.434964446794085E-004  1.694125857902505E-004
 -7.043715581057275E-005 -8.152645157077824E-005
 -1.206297028598823E-005  9.106360070536833E-006
         148  4.981357513652724E-006  2.236855625183471E-004
 -8.661897059140666E-005 -2.655977260519154E-005
 -1.040628959645694E-005  1.087586264709666E-005
         149  1.543210774234962E-004  1.688961716844311E-004
 -7.212511026557504E-005  1.811759225212246E-005
 -8.609924665094620E-006  1.196717918339495E-005
         150  2.338725207731493E-004  2.963419960469658E-005
 -4.256544071616508E-005  4.157049782303464E-005
 -6.967212674482678E-006  1.243981391753419E-005
         151  2.058825554356260E-004 -1.297307225340431E-004
 -1.152463118081750E-005  4.449542992858500E-005
 -5.780697394865193E-006  1.268103105071992E-005
         152  8.246056644445126E-005 -2.365363757150808E-004
  1.108213772511938E-005  3.127163711724230E-005
 -4.866396743385838E-006  1.322368707284293E-005
         153 -8.201294527267125E-005 -2.423843311985591E-004
  2.018620167331587E-005  1.001958816300450E-005
 -3.808927199496389E-006  1.399367603582492E-005
         154 -2.140282511512367E-004 -1.442268131327707E-004
  1.378492247839291E-005 -1.188917210187365E-005
 -2.298173003620673E-006  1.479372288932489E-005
         155 -2.567367110078952E-004  1.264577068314047E-005
 -6.879359151559798E-006 -2.404216833625529E-005
 -5.121652444777612E-007  1.537433560372477E-005
         156 -1.955977765484685E-004  1.602659720698947E-004
 -3.304582239798194E-005 -1.998036470440165E-005
  1.574299834253155E-006  1.574505177020883E-005
         157 -6.050568180953978E-005  2.378301693523438E-004
 -5.463125100157450E-005  3.007353576216693E-006
  4.089644470950033E-006  1.531763602316793E-005
         158  8.848610357115033E-005  2.178178747960057E-004
 -5.845424116579971E-005  4.024345447814745E-005
  6.119929661674896E-006  1.405308553902522E-005
         159  1.905984862191454E-004  1.162269219676911E-004
 -3.710864137115504E-005  7.856013425713981E-005
  7.424747036092956E-006  1.260508184419641E-005
         160  2.102338088548779E-004 -2.082740600432072E-005
  9.700359423178403E-006  1.002555272049604E-004
  8.238218691877063E-006  1.121222307009047E-005
         161  1.447675769067725E-004 -1.382148733257417E-004
  6.599638157086361E-005  8.884556516863397E-005
  8.799046792815848E-006  1.004789061556724E-005
         162  2.296124666078082E-005 -1.896370239286992E-004
  1.087494583925504E-004  4.340894497904596E-005
  9.079772797526415E-006  9.141177548396051E-006
         163 -1.041626082400245E-004 -1.530347489237975E-004
  1.170444316221565E-004 -2.341806907614848E-005
  9.428981755019901E-006  8.727942755891043E-006
         164 -1.793399888867140E-004 -4.104140615843868E-005
  8.185131313991606E-005 -8.413655004803834E-005
  1.037818437913294E-005  8.485316244266798E-006
         165 -1.613899473579477E-004  9.810058498793574E-005
  1.502202663063805E-005 -1.115401514879598E-004
  1.189753240722309E-005  7.832322521354159E-006
         166 -4.869584118071501E-005  1.945572734628729E-004
 -5.528435450458460E-005 -9.019758006872475E-005
  1.354542678970253E-005  6.265393677449663E-006
         167  1.105691707488243E-004  1.891167950177617E-004
 -9.484746107671359E-005 -2.850283976347728E-005
  1.462600256089577E-005  3.859252477727588E-006
         168  2.337042693348054E-004  6.701815357472297E-005
 -8.411783365462714E-005  4.371185355012412E-005
  1.476820313865678E-005  1.048422253632172E-006
         169  2.413889428630551E-004 -1.224390168040515E-004
 -2.719949889592309E-005  9.006462884869535E-005
  1.375333125666973E-005 -1.696456072098930E-006
         170  1.068437916069551E-004 -2.800465649478597E-004
  4.708335920995822E-005  8.446247967213643E-005
  1.168151226242572E-005 -3.675896930514494E-006
         171 -1.173661920984040E-004 -3.068246628183843E-004
  9.777098496647749E-005  2.734300506400153E-005
  9.095061774445843E-006 -4.334109638126550E-006
         172 -3.153603433871765E-004 -1.634710662923383E-004
  9.396927871128168E-005 -5.163623278622949E-005
  6.867369983055574E-006 -3.507525760585274E-006
         173 -3.669529534902117E-004  9.352179859921166E-005
  3.402025808426509E-005 -1.075903517527429E-004
  5.869068016114964E-006 -1.660530506408751E-006
         174 -2.219154467945602E-004  3.313537099909256E-004
 -5.084742191380678E-005 -1.069015074598163E-004
  6.489529800709443E-006  2.419428426906101E-007
         175  6.125739357532350E-005  4.116050261138149E-004
 -1.148006037479069E-004 -4.681464913242079E-005
  8.433563218937243E-006  1.209381741807731E-006
         176  3.364554973659131E-004  2.698775698848871E-004
 -1.217204664893990E-004  4.311864159338779E-005
  1.086600644815329E-005  6.259018343695231E-007
         177  4.440275992070652E-004 -3.556739200851641E-005
 -6.586379760031987E-005  1.153513902862045E-004
  1.267470580247698E-005 -1.463563241285792E-006
         178  3.061088616617212E-004 -3.438232487567135E-004
  2.355761322851690E-005  1.316693639686181E-004
  1.317612076538682E-005 -4.241049671671733E-006
         179 -1.956967187097204E-005 -4.771339340354654E-004
  9.894575597218028E-005  8.476499220953500E-005
  1.236007809590218E-005 -6.814562883437429E-006
         180 -3.608001399782830E-004 -3.431788090156484E-004
  1.206024767761838E-004  2.939210449584672E-006
  1.068538807452252E-005 -8.469604349567325E-006
         181 -5.217769799618790E-004  2.937546976249903E-006
  8.161260257429289E-005 -6.493344565869168E-005
  9.049222612277654E-006 -9.017493964521562E-006
         182 -3.959472304028655E-004  3.797456688929517E-004
  1.239276175913546E-005 -8.110324704084088E-005
  8.147135079584167E-006 -8.813113596512114E-006
         183 -3.244024757261034E-005  5.762561983738127E-004
 -3.909843244472513E-005 -4.176059048265261E-005
  8.420444425272720E-006 -8.796935716455732E-006
         184  3.826307568512883E-004  4.692785106127823E-004
 -3.739791618922612E-005  1.966934912346179E-005
  9.171578114332797E-006 -1.005397089895875E-005
         185  6.242817787417416E-004  9.796111111737955E-005
  1.590343994133660E-005  5.465448508818829E-005
  9.211426906528107E-006 -1.253448169534372E-005
         186  5.515497306833414E-004 -3.519614400926781E-004
  8.359508836745755E-005  3.039467003921110E-005
  7.641612087186366E-006 -1.547624673577917E-005
         187  1.889866010352591E-004 -6.435719412249872E-004
  1.139588263759701E-004 -4.757426237181755E-005
  4.613763534498665E-006 -1.760077122671235E-005
         188 -2.815269015647777E-004 -6.194610603623031E-004
  7.517573884177551E-005 -1.359956826334529E-004
  8.702398974902115E-007 -1.846158663339328E-005
         189 -6.192910085123317E-004 -2.881146772715717E-004
 -2.548685919367303E-005 -1.808607347796441E-004
 -3.093213121975173E-006 -1.756543379547743E-005
         190 -6.537975822518533E-004  1.825244031358876E-004
 -1.425468783916659E-004 -1.449149292277866E-004
 -5.804994266417932E-006 -1.508200793523395E-005
         191 -3.715420013600453E-004  5.548129044791863E-004
 -2.141289832681045E-004 -3.442736182417791E-005
 -6.690665549340505E-006 -1.229320986140510E-005
         192  7.799355048875337E-005  6.459914744645823E-004
 -1.991758132703288E-004  1.036434572085317E-004
 -6.049606607001863E-006 -1.041464569531543E-005
         193  4.658148230018356E-004  4.229283338454797E-004
 -9.725577058129948E-005  2.038430478154283E-004
 -5.232352761231960E-006 -1.015453944128732E-005
         194  6.044367503090209E-004  1.135484501131619E-005
  4.484409631739160E-005  2.174852645501952E-004
 -5.134558350641776E-006 -1.086446778469334E-005
         195  4.399096277169138E-004 -3.747559124841192E-004
  1.615155971227424E-004  1.410122650189266E-004
 -6.229301275245622E-006 -1.193429785652041E-005
         196  7.403529357866528E-005 -5.456253083762969E-004
  2.021415452841274E-004  1.431570748529763E-005
 -8.530784692704189E-006 -1.232583058480368E-005
         197 -2.966676979529048E-004 -4.320044622126289E-004
  1.580068644314929E-004 -1.006336101425525E-004
 -1.126281329484559E-005 -1.141385932840809E-005
         198 -4.861141298436032E-004 -1.122838991846946E-004
  6.166513070208383E-005 -1.562984657042330E-004
 -1.343240217241315E-005 -9.051650322131441E-006
         199 -4.134783934483500E-004  2.360538709921781E-004
 -3.386630825430031E-005 -1.397527835202271E-004
 -1.416243622515078E-005 -6.092301913512362E-006
         200 -1.365019266867983E-004  4.351995982091555E-004
 -8.484737333741247E-005 -7.763408039064349E-005
 -1.359281336023183E-005 -3.540957577999123E-006
         201  1.886418134416053E-004  3.962460532401156E-004
 -8.049222816549401E-005 -1.449275326519289E-005
 -1.220308027883113E-005 -2.065912761891874E-006
         202  3.940956688508036E-004  1.576152274536802E-004
 -4.303029986159547E-005  1.289477492726137E-005
 -1.104350447860237E-005 -1.949965574777757E-006
         203  3.861897848794267E-004 -1.461605921272053E-004
 -1.324738513934297E-005 -2.689078678194647E-006
 -1.098159669666529E-005 -2.530943548130208E-006
         204  1.832995257936431E-004 -3.599313014693285E-004
 -2.154654027770099E-005 -3.530796665500243E-005
 -1.218238162252829E-005 -2.781119482707693E-006
         205 -1.025086077788789E-004 -3.831770557132745E-004
 -6.790275157180035E-005 -4.494089091185712E-005
 -1.402349080316262E-005 -1.844119086896776E-006
         206 -3.258350192216372E-004 -2.156054118087595E-004
 -1.198508156214618E-004 -3.946875398389457E-006
 -1.551940398850861E-005  4.259707066862366E-007
         207 -3.826572430208699E-004  5.061670099471055E-005
 -1.324637364713667E-004  8.048699871755679E-005
 -1.589957462444259E-005  3.538951647424676E-006
         208 -2.554692269889295E-004  2.840087462969721E-004
 -7.874490357609900E-005  1.694284949684880E-004
 -1.486159261519773E-005  6.723532710949651E-006
         209 -1.392925421394424E-005  3.778408932985788E-004
  3.511959339878671E-005  2.130503985449015E-004
 -1.251646620386442E-005  9.121050963615799E-006
         210  2.251859814709613E-004  2.987755405453550E-004
  1.685347041662348E-004  1.746852040715833E-004
 -9.662179011110206E-006  1.006964656345275E-005
         211  3.581545814057360E-004  9.357227055950186E-005
  2.627344295289810E-004  5.228537356197598E-005
 -7.240988590539651E-006  9.701254122038565E-006
         212  3.368094964297619E-004 -1.428305314731822E-004
  2.674841385833622E-004 -1.163256427280261E-004
 -5.835367733702741E-006  8.591713628847150E-006
         213  1.810976905191903E-004 -3.118353695210134E-004
  1.662461649519301E-004 -2.660121693726083E-004
 -5.530219953434548E-006  7.561219422003484E-006
         214 -3.674419895400328E-005 -3.525816460842995E-004
 -1.162379631713493E-005 -3.335832864870656E-004
 -5.954239264664345E-006  7.075821412234821E-006
         215 -2.296502131408069E-004 -2.611105188768684E-004
 -2.035886906323774E-004 -2.863235110885391E-004
 -6.638899813680957E-006  7.509186524383411E-006
         216 -3.304053959987146E-004 -8.190754386746143E-005
 -3.392378203019744E-004 -1.360845844101145E-004
 -6.849326615870584E-006  8.673544236696926E-006
         217 -3.122817633018814E-004  1.156240893465669E-004
 -3.709006416266316E-004  6.690323103190038E-005
 -6.471534616029749E-006  1.008768251248931E-005
         218 -1.899702709648738E-004  2.645767227126609E-004
 -2.861888515827541E-004  2.570564075191789E-004
 -5.423087187863704E-006  1.143484161860292E-005
         219 -8.766039184870239E-006  3.177413961356132E-004
 -1.112570770222163E-004  3.717613069717201E-004
 -3.989036443184726E-006  1.242415648642374E-005
         220  1.669249629468642E-004  2.590097867907470E-004
  9.731774559429647E-005  3.747916945229872E-004
 -2.244043186763926E-006  1.307315296048498E-005
         221  2.739681593585421E-004  1.130116345017764E-004
  2.738746082027553E-004  2.665191414640441E-004
 -3.869348769853308E-007  1.307801110828324E-005
         222  2.749942922811685E-004 -6.422529522608356E-005
  3.635462729267950E-004  8.345201500029014E-005
  1.152299230455417E-006  1.268906684836442E-005
         223  1.712211106362949E-004 -2.028354597382575E-004
  3.419703333382265E-004 -1.145674364160121E-004
  2.436642842844800E-006  1.214950574638368E-005
         224  8.720955811779731E-006 -2.458577783439161E-004
  2.209646074324368E-004 -2.659369037138537E-004
  3.533202713147258E-006  1.158534886501534E-005
         225 -1.398504364469410E-004 -1.773068646909512E-004
  4.360913793396458E-005 -3.258737383092997E-004
  4.625366671863660E-006  1.090887085838200E-005
         226 -2.047465356243463E-004 -2.979545458296990E-005
 -1.309828480958210E-004 -2.811926179674906E-004
  5.459669170718926E-006  1.003742662713612E-005
         227 -1.498257127136969E-004  1.212478901292903E-004
 -2.458118769772004E-004 -1.527802091133307E-004
  6.051878359656055E-006  9.213572034978127E-006
         228 -1.805354771920174E-006  1.894802234695412E-004
 -2.661891824366779E-004  8.662622868003283E-006
  6.495911944240309E-006  8.473642087136920E-006
         229  1.572707927701996E-004  1.279522982657129E-004
 -1.936223576452078E-004  1.429511730790640E-004
  6.910717257132487E-006  7.829326142977526E-006
         230  2.292761893134134E-004 -4.216129113296276E-005
 -6.444205164353402E-005  2.010661141816096E-004
  7.230935087048469E-006  7.099526484613023E-006
         231  1.515391237616169E-004 -2.317791793094706E-004
  6.019521761443329E-005  1.670948368004343E-004
  7.282063623042850E-006  6.537287132730837E-006
         232 -5.928757397982641E-005 -3.240963386395780E-004
  1.235743218924321E-004  6.918005347319531E-005
  7.369610338364941E-006  6.315722261517478E-006
         233 -3.043188968314017E-004 -2.388101972806711E-004
  1.012771798740723E-004 -3.484324617633329E-005
  7.667816539076899E-006  6.295320007672894E-006
         234 -4.451171746023280E-004  1.643884100178715E-005
  1.402571778679484E-005 -8.428541710659983E-005
  8.316181610659736E-006  6.327821301823382E-006
         235 -3.755865779807222E-004  3.329302424529063E-004
 -8.046174780355285E-005 -4.898666021159618E-005
  9.239525634798087E-006  6.197928608534773E-006
         236 -9.141851020424207E-005  5.464043298160844E-004
 -1.184851533574310E-004  5.356907785857538E-005
  1.042719426090239E-005  5.876095582398444E-006
         237  2.928403377287098E-004  5.236574114475936E-004
 -6.341275857374597E-005  1.649784046938955E-004
  1.188245594308797E-005  5.111599608666124E-006
         238  5.913683553904374E-004  2.403002993740163E-004
  7.105334951195831E-005  2.140535427784582E-004
  1.332413588804073E-005  3.693114359305997E-006
         239  6.401006846142572E-004 -1.915761634190017E-004
  2.238533292262750E-004  1.543569115447644E-004
  1.433739463361333E-005  1.631078524187299E-006
         240  3.884098372300892E-004 -5.693543072648217E-004
  3.126140423143265E-004 -7.616707509228537E-006
  1.459470215403333E-005 -7.222438982227590E-007
         241 -6.310419452483515E-005 -6.985548161054669E-004
  2.767751199471566E-004 -2.074783183478715E-004
  1.411401230478822E-005 -2.907356030235596E-006
         242 -4.999743004962174E-004 -4.968845534142715E-004
  1.139009633513460E-004 -3.528832387023163E-004
  1.320914775266716E-005 -4.604116141098639E-006
         243 -6.991698165066332E-004 -5.064764055553250E-005
 -1.152916259845642E-004 -3.694375521279908E-004
  1.229888644026101E-005 -5.872093227985398E-006
         244 -5.500959191601329E-004  4.197289365282395E-004
 -3.133643142780886E-004 -2.404101133641171E-004
  1.150660033306904E-005 -7.002828409650295E-006
         245 -1.206470830621279E-004  6.693647811212004E-004
 -3.958753240131520E-004 -1.646261734159668E-005
  1.071402122906947E-005 -8.185125584231520E-006
         246  3.664455205491365E-004  5.592144368577231E-004
 -3.294989684739711E-004  2.116070702097018E-004
  9.820988320165959E-006 -9.455837592534131E-006
         247  6.455097306949437E-004  1.410575457521144E-004
 -1.450426142510498E-004  3.528090765882068E-004
  8.545127518481879E-006 -1.095467766242535E-005
         248  5.539950901989138E-004 -3.587344468172767E-004
  7.818365025682471E-005  3.580384839214540E-004
  6.455687436457257E-006 -1.222120056182318E-005
         249  1.314124840869415E-004 -6.560384092021501E-004
  2.519726096022022E-004  2.379077904610417E-004
  3.797888422535584E-006 -1.259176197930209E-005
         250 -3.904896390093141E-004 -5.679715797671994E-004
  3.170593862712512E-004  5.356684822311776E-005
  1.247694824462753E-006 -1.168755707559905E-005
         251 -7.093469151155102E-004 -1.246745358957719E-004
  2.680628106292937E-004 -1.167141433414017E-004
 -2.914729030661802E-007 -9.855594467151050E-006
         252 -6.230087161999413E-004  4.353932478495215E-004
  1.449007867748454E-004 -2.148756841072112E-004
 -5.577882227084209E-007 -7.916501671031133E-006
         253 -1.524335832069574E-004  7.914730706858985E-004
  9.012894928673474E-006 -2.221150816176974E-004
  2.978307615864042E-007 -6.583727110730189E-006
         254  4.590922520174510E-004  7.214773395186424E-004
 -8.674764828135681E-005 -1.608290505856445E-004
  1.691464732629319E-006 -6.483852239097353E-006
         255  8.739722697734625E-004  2.319142530740760E-004
 -1.187184950065354E-004 -7.633357025951122E-005
  2.697181301911582E-006 -7.735415379971892E-006
         256  8.450447689233994E-004 -4.341648360824751E-004
 -9.892374948149726E-005 -1.371177413178677E-005
  2.408584644635062E-006 -9.802452449141336E-006
