   5120.00000000000     
         256           1           3
  8.994473019507991E-004   37.4338175990302        116.451529990838     
   18.8300000000000        145.590000000000        6160.02000000000     
           0  0.000000000000000E+000  0.000000000000000E+000
  0.000000000000000E+000  0.000000000000000E+000
  0.000000000000000E+000  0.000000000000000E+000
           1  0.000000000000000E+000  0.000000000000000E+000
  5.281139076115726E-009 -1.237144230808202E-010
 -2.326829919951736E-008  8.311697619757013E-012
           2  0.000000000000000E+000  0.000000000000000E+000
  5.245497339717789E-009 -1.754602822600287E-010
 -2.543329105242646E-008 -1.166286969560756E-009
           3  0.000000000000000E+000  0.000000000000000E+000
  5.227329921282119E-009 -1.036373163407325E-010
 -3.052185221354980E-008 -3.736058926544517E-010
           4  0.000000000000000E+000  0.000000000000000E+000
  5.380840397758789E-009  2.034130700108406E-010
 -3.807607461605249E-008  5.877541287285521E-009
           5  0.000000000000000E+000  0.000000000000000E+000
  6.172291521020736E-009  6.239149008852090E-010
 -4.234962696565554E-008  2.127707799494769E-008
           6  0.000000000000000E+000  0.000000000000000E+000
  7.813028164167829E-009 -5.457185804421541E-011
 -3.295520556427353E-008  4.222561257683795E-008
           7  0.000000000000000E+000  0.000000000000000E+000
  7.890245065079027E-009 -1.494686335786999E-009
 -5.544468909182842E-009  5.626668606206367E-008
           8  0.000000000000000E+000  0.000000000000000E+000
  8.413326385206181E-009 -2.298746040253639E-009
  3.540811030114545E-008  4.289542304424864E-008
           9  0.000000000000000E+000  0.000000000000000E+000
  8.868864487890537E-009 -4.092658531170971E-009
  5.609528648663439E-008 -9.585013787391943E-009
          10  0.000000000000000E+000  0.000000000000000E+000
  8.507509981629196E-009 -6.424565811352120E-009
  1.927942097002763E-008 -7.104642280831132E-008
          11  0.000000000000000E+000  0.000000000000000E+000
  6.462505859182528E-009 -1.073030297558965E-008
 -7.146298261136089E-008 -8.155509703363471E-008
          12  0.000000000000000E+000  0.000000000000000E+000
 -2.811812333513593E-009 -9.110449328444813E-009
 -1.497582332354846E-007  1.153806749678762E-008
          13  0.000000000000000E+000  0.000000000000000E+000
 -3.071382184829305E-009  1.185338551043193E-010
 -1.025536842921689E-007  1.455546509662813E-007
          14  0.000000000000000E+000  0.000000000000000E+000
  4.198181741312471E-009  4.250589579969003E-009
  4.971194923146487E-008  1.875114472044928E-007
          15  0.000000000000000E+000  0.000000000000000E+000
  1.218553253481708E-008  7.250798258092541E-010
  1.877969629260453E-007  7.641696721969630E-008
          16  0.000000000000000E+000  0.000000000000000E+000
  1.524608678994493E-008 -1.044122254524512E-008
  1.741860940683426E-007 -1.223048144578519E-007
          17  0.000000000000000E+000  0.000000000000000E+000
  1.584412772364679E-009 -1.884537494897288E-008
 -1.925770771404315E-008 -2.243570754576278E-007
          18  0.000000000000000E+000  0.000000000000000E+000
 -7.814709592498727E-009 -9.607403727485792E-009
 -2.126292565548314E-007 -1.230695491651156E-007
          19  0.000000000000000E+000  0.000000000000000E+000
 -6.052729477382787E-009  1.743843748785850E-010
 -2.556227444033185E-007  1.021637155026503E-007
          20  0.000000000000000E+000  0.000000000000000E+000
  1.784206782003693E-009  4.639830941931259E-009
 -8.946819126687547E-008  2.849991103998386E-007
          21  0.000000000000000E+000  0.000000000000000E+000
  1.130766107529750E-008  1.038080113524856E-009
  1.736308928990213E-007  2.570033784468504E-007
          22  0.000000000000000E+000  0.000000000000000E+000
  1.226000013921292E-008 -1.394930260054712E-008
  3.037752459340839E-007  1.428704234621603E-008
          23  0.000000000000000E+000  0.000000000000000E+000
 -3.155804452070440E-009 -1.411811281510456E-008
  1.988830866723166E-007 -2.245757740339110E-007
          24  0.000000000000000E+000  0.000000000000000E+000
 -4.479966167398872E-009 -5.383176090934183E-009
 -6.506486099123304E-008 -3.175018454723959E-007
          25  0.000000000000000E+000  0.000000000000000E+000
 -3.611082209088509E-010 -2.121117085308364E-009
 -3.276848165022185E-007 -1.469215417622354E-007
          26  0.000000000000000E+000  0.000000000000000E+000
  4.579183903638789E-009 -3.204647571914053E-009
 -3.445433820309330E-007  1.901002625213500E-007
          27  0.000000000000000E+000  0.000000000000000E+000
  7.475070269836793E-009 -1.218842173407512E-008
 -7.587314346078707E-008  4.137318272244611E-007
          28  0.000000000000000E+000  0.000000000000000E+000
 -9.306160617312529E-009 -1.508185349441601E-008
  2.888403909973066E-007  3.561514667448140E-007
          29  0.000000000000000E+000  0.000000000000000E+000
 -8.479475742094441E-009 -1.479711598916599E-010
  4.898351118358389E-007 -3.252419021429562E-008
          30  0.000000000000000E+000  0.000000000000000E+000
  9.516167144629313E-010  1.143312915680031E-009
  2.432332405450314E-007 -4.319389787466317E-007
          31  0.000000000000000E+000  0.000000000000000E+000
  5.224024850451378E-009 -3.943336756614407E-009
 -2.302630146651400E-007 -4.428165352353910E-007
          32  0.000000000000000E+000  0.000000000000000E+000
  5.836636737022746E-009 -1.101333645863994E-008
 -5.120899685884663E-007 -6.016414926389769E-008
          33  0.000000000000000E+000  0.000000000000000E+000
 -6.750286447490575E-009 -1.898787100924446E-008
 -3.674787501487267E-007  4.122408706201783E-007
          34  0.000000000000000E+000  0.000000000000000E+000
 -1.388518329752962E-008 -3.641811435818444E-009
  1.454894968436599E-007  5.461730029874046E-007
          35  0.000000000000000E+000  0.000000000000000E+000
 -5.180382378153348E-009  1.874371553062689E-009
  5.061899173585605E-007  1.902738817012665E-007
          36  0.000000000000000E+000  0.000000000000000E+000
 -3.944248499617220E-010 -7.210260614200572E-010
  4.285334345665151E-007 -2.780550837347188E-007
          37  0.000000000000000E+000  0.000000000000000E+000
  1.250882193553403E-009 -3.583578611893313E-009
  2.233744466177302E-008 -4.865642640294179E-007
          38  0.000000000000000E+000  0.000000000000000E+000
  1.447886997962994E-009 -9.706579882590871E-009
 -3.828236824054412E-007 -2.863241134890417E-007
          39  0.000000000000000E+000  0.000000000000000E+000
 -1.015515261206264E-008 -8.526090644979936E-009
 -4.360088760818935E-007  1.688758052278956E-007
          40  0.000000000000000E+000  0.000000000000000E+000
 -5.251604156836199E-009 -1.710210434236256E-010
 -1.108604346955912E-007  4.218587346004640E-007
          41  0.000000000000000E+000  0.000000000000000E+000
 -1.006392297108288E-009 -4.193312370572352E-009
  2.421955988222512E-007  3.406777004804279E-007
          42  0.000000000000000E+000  0.000000000000000E+000
 -3.785238291455104E-009 -7.236689540070780E-009
  4.044655414907563E-007  3.148424714324076E-008
          43  0.000000000000000E+000  0.000000000000000E+000
 -6.077127399259168E-009 -6.868690808205396E-009
  2.592846578564662E-007 -2.857530378666378E-007
          44  0.000000000000000E+000  0.000000000000000E+000
 -1.237216182537629E-008 -6.060031864734802E-009
 -7.590041992025635E-008 -3.433246105933808E-007
          45  0.000000000000000E+000  0.000000000000000E+000
 -8.436213855430407E-009  5.313634665082880E-009
 -3.002418409079307E-007 -1.435218390958353E-007
          46  0.000000000000000E+000  0.000000000000000E+000
  9.475615758552188E-010  1.475843228565644E-009
 -3.088670462449265E-007  1.734688050306319E-007
          47  0.000000000000000E+000  0.000000000000000E+000
  3.217205914322958E-010 -6.025257217432882E-009
 -2.620812047259867E-008  3.758077287126299E-007
          48  0.000000000000000E+000  0.000000000000000E+000
 -4.863838827998646E-009 -8.980998022951482E-009
  3.017458908087061E-007  2.377234590991600E-007
          49  0.000000000000000E+000  0.000000000000000E+000
 -1.141215889302661E-008 -8.432747264171905E-009
  3.559746647185028E-007 -1.062184475382568E-007
          50  0.000000000000000E+000  0.000000000000000E+000
 -1.475927847395340E-008  6.288181853551319E-010
  1.104204996972516E-007 -3.378736470190872E-007
          51  0.000000000000000E+000  0.000000000000000E+000
 -8.878428661594571E-009  5.589938116540738E-009
 -2.240069055562383E-007 -2.517019376892458E-007
          52  0.000000000000000E+000  0.000000000000000E+000
 -3.454147226847289E-009  4.632068947790442E-009
 -3.110526432098585E-007  7.472308172349920E-008
          53  0.000000000000000E+000  0.000000000000000E+000
 -8.956064472841361E-010  6.799204033075197E-010
 -8.441666336615658E-008  3.026142007925356E-007
          54  0.000000000000000E+000  0.000000000000000E+000
 -2.363577310772878E-009 -3.584422897449534E-009
  2.136946176977104E-007  2.310366804435834E-007
          55  0.000000000000000E+000  0.000000000000000E+000
 -6.514841053698103E-009 -5.220088446913122E-009
  3.045663581066916E-007 -5.110593804194511E-008
          56  0.000000000000000E+000  0.000000000000000E+000
 -1.128911786761382E-008 -2.776370432011779E-009
  1.168293988416061E-007 -2.620505362665774E-007
          57  0.000000000000000E+000  0.000000000000000E+000
 -1.177201188399725E-008  2.866275537742626E-009
 -1.424125365131191E-007 -2.169456817131639E-007
          58  0.000000000000000E+000  0.000000000000000E+000
 -7.975429702806139E-009  5.971425700872452E-009
 -2.432740737232214E-007  1.290410665903699E-008
          59  0.000000000000000E+000  0.000000000000000E+000
 -4.514182250058254E-009  5.035819987576644E-009
 -1.080537838730201E-007  2.211414889453983E-007
          60  0.000000000000000E+000  0.000000000000000E+000
 -3.379301507372278E-009  3.835523111472857E-009
  1.418091997092129E-007  2.168197044969418E-007
          61  0.000000000000000E+000  0.000000000000000E+000
 -1.753647123709197E-009 -9.345894040405016E-010
  2.549563620478235E-007  5.264350399983054E-009
          62  0.000000000000000E+000  0.000000000000000E+000
 -8.582449336470226E-009 -1.174915867214458E-009
  1.759440189749789E-007 -1.845311123436982E-007
          63  0.000000000000000E+000  0.000000000000000E+000
 -8.994208911329266E-009  3.136031402670925E-009
 -4.074844923608299E-008 -2.704196395285288E-007
          64  0.000000000000000E+000  0.000000000000000E+000
 -8.355817396322590E-009  4.286537873504068E-009
 -2.626352613082332E-007 -1.075756585670380E-007
          65  0.000000000000000E+000  0.000000000000000E+000
 -8.938142647386743E-009  7.862963687204536E-009
 -2.186588188061237E-007  1.884565874476295E-007
          66  0.000000000000000E+000  0.000000000000000E+000
  1.718191313813327E-010  9.195320342095581E-009
  5.172065225782265E-008  2.871072432567473E-007
          67  0.000000000000000E+000  0.000000000000000E+000
 -3.020333904428730E-009  2.753241354871195E-009
  3.174085828225146E-007  1.496156062077804E-007
          68  0.000000000000000E+000  0.000000000000000E+000
 -2.725973820272031E-009  4.005587658005348E-009
  3.276974741551712E-007 -2.436596695884864E-007
          69  0.000000000000000E+000  0.000000000000000E+000
 -4.533104646031681E-009  7.947395817051227E-010
 -6.821683358466851E-008 -4.068080322516805E-007
          70  0.000000000000000E+000  0.000000000000000E+000
 -1.087297578164247E-008  3.993987054164312E-009
 -3.645587745718636E-007 -1.156764631167258E-007
          71  0.000000000000000E+000  0.000000000000000E+000
 -5.928488396911468E-009  1.533132641980590E-008
 -2.502530271506236E-007  2.411959931981242E-007
          72  0.000000000000000E+000  0.000000000000000E+000
  1.934485907664367E-009  7.257107927187057E-009
  8.027762309459883E-008  3.672094349760638E-007
          73  0.000000000000000E+000  0.000000000000000E+000
  1.669769354011430E-009  6.209126822041804E-009
  4.203766699770051E-007  8.063449412956340E-008
          74  0.000000000000000E+000  0.000000000000000E+000
  1.308104364464799E-009 -5.335421928140051E-010
  2.456765078010219E-007 -3.483677413162284E-007
          75  0.000000000000000E+000  0.000000000000000E+000
 -9.188199371376103E-009 -1.822010155596215E-009
 -1.724713502434234E-007 -3.471514537036496E-007
          76  0.000000000000000E+000  0.000000000000000E+000
 -1.520062994057465E-008  1.189141776271566E-008
 -3.367533296386584E-007 -2.875737678012996E-008
          77  0.000000000000000E+000  0.000000000000000E+000
  2.200745594027158E-009  1.896977869839988E-008
 -2.110260349933868E-007  2.476541833313803E-007
          78  0.000000000000000E+000  0.000000000000000E+000
  5.356371555221347E-009  1.210158161396943E-008
  1.666925297001164E-007  3.350035378715149E-007
          79  0.000000000000000E+000  0.000000000000000E+000
  1.057932331604001E-008  4.062715029774266E-009
  3.585004997511888E-007 -3.606464761343988E-008
          80  0.000000000000000E+000  0.000000000000000E+000
  5.378502514543206E-010 -6.124756893777506E-009
  1.427043187573128E-007 -2.775500228557985E-007
          81  0.000000000000000E+000  0.000000000000000E+000
 -1.360203236653699E-008  2.637517685053977E-009
 -8.114062150328767E-008 -2.706362517582791E-007
          82  0.000000000000000E+000  0.000000000000000E+000
 -4.002367643882615E-009  1.940435991097341E-008
 -2.705776218024935E-007 -1.616073073460805E-007
          83  0.000000000000000E+000  0.000000000000000E+000
  3.571175800769017E-009  1.411776272672232E-008
 -2.951826335735630E-007  1.669259327665991E-007
          84  0.000000000000000E+000  0.000000000000000E+000
  1.122681115249487E-008  1.069492793712744E-008
 -4.392185393516492E-008  2.961414811043204E-007
          85  0.000000000000000E+000  0.000000000000000E+000
  8.597546506615317E-009 -3.391322220434628E-010
  2.109889744532981E-007  2.805668039623583E-007
          86  0.000000000000000E+000  0.000000000000000E+000
 -1.233738590364363E-009  9.438327147962594E-011
  4.645886148732499E-007 -8.664910546771756E-009
          87  0.000000000000000E+000  0.000000000000000E+000
 -1.688132826775184E-009  1.009170889218267E-008
  2.976237949445806E-007 -4.993060604930758E-007
          88  0.000000000000000E+000  0.000000000000000E+000
  6.249857939807535E-009  5.807244112229339E-009
 -3.178942123667341E-007 -5.606751886069242E-007
          89  0.000000000000000E+000  0.000000000000000E+000
  3.995679423873142E-009  5.795079776206051E-009
 -6.454947680696449E-007 -7.199629481300203E-008
          90  0.000000000000000E+000  0.000000000000000E+000
  4.500323243261425E-009  3.408959963900233E-009
 -4.793839840751709E-007  5.233215064357038E-007
          91  0.000000000000000E+000  0.000000000000000E+000
  1.052943999194897E-009  4.222349095891443E-009
  2.138944471557199E-007  7.487521079749180E-007
          92  0.000000000000000E+000  0.000000000000000E+000
  1.688698831115763E-009  8.586981854310977E-009
  8.059932989517771E-007  2.037365226854606E-007
          93  0.000000000000000E+000  0.000000000000000E+000
  9.371869424576763E-009  1.050663100846344E-008
  6.096869044422548E-007 -6.160542432533905E-007
          94  0.000000000000000E+000  0.000000000000000E+000
  9.660800489958367E-009  3.794764002041030E-010
 -1.745559960015058E-007 -8.352149225174661E-007
          95  0.000000000000000E+000  0.000000000000000E+000
  5.455514339630587E-009 -7.481468901402785E-010
 -7.910658301487733E-007 -3.755699276999502E-007
          96  0.000000000000000E+000  0.000000000000000E+000
  1.920021594723274E-010 -1.348423678255404E-010
 -7.714350920845354E-007  4.612074777751721E-007
          97  0.000000000000000E+000  0.000000000000000E+000
 -1.572793180763117E-009  6.792910127957259E-009
 -1.490986525678147E-008  8.718289263527926E-007
          98  0.000000000000000E+000  0.000000000000000E+000
  4.683173378876649E-009  1.244451698842593E-008
  6.868957653755541E-007  4.467775958178009E-007
          99  0.000000000000000E+000  0.000000000000000E+000
  1.383154733151327E-008  6.201504604339148E-009
  7.010940781575480E-007 -2.901933051826788E-007
         100  0.000000000000000E+000  0.000000000000000E+000
  1.098258625756849E-008  5.478240318013982E-011
  1.909860989706928E-007 -7.244597007343934E-007
         101  0.000000000000000E+000  0.000000000000000E+000
  6.275864607025579E-009 -2.476562648649164E-009
 -4.643515255278329E-007 -5.558719077315653E-007
         102  0.000000000000000E+000  0.000000000000000E+000
  2.546852142196909E-009  1.374490127790054E-009
 -6.598174410979852E-007  2.003862503632215E-008
         103  0.000000000000000E+000  0.000000000000000E+000
  5.150335061143329E-009  5.268169914495510E-009
 -3.805525562098445E-007  4.679114614574919E-007
         104  0.000000000000000E+000  0.000000000000000E+000
  1.005952444361658E-008  3.521688264779901E-009
  1.004456491178328E-007  5.606693275060346E-007
         105  0.000000000000000E+000  0.000000000000000E+000
  8.923334758790379E-009 -2.228160395426218E-010
  4.940388333812014E-007  2.530275054613006E-007
         106  0.000000000000000E+000  0.000000000000000E+000
  6.963616140035071E-009 -9.226217127949974E-010
  4.760843093805405E-007 -2.428375576881695E-007
         107  0.000000000000000E+000  0.000000000000000E+000
  5.868507191340692E-009  4.713127820220801E-010
  8.846274630036809E-008 -5.177974483813944E-007
         108  0.000000000000000E+000  0.000000000000000E+000
  7.415933509453507E-009  1.701772173614613E-009
 -3.526696679397683E-007 -3.767459023570956E-007
         109  0.000000000000000E+000  0.000000000000000E+000
  9.386746029492508E-009  2.610534330751895E-010
 -4.844958201223141E-007  4.377742247812385E-008
         110  0.000000000000000E+000  0.000000000000000E+000
  9.696541418562544E-009 -1.860775023518458E-009
 -2.424337485086462E-007  3.544387502144926E-007
         111  0.000000000000000E+000  0.000000000000000E+000
  7.864580404972715E-009 -3.929583150539590E-009
  9.805553415489275E-008  3.612835303251698E-007
         112  0.000000000000000E+000  0.000000000000000E+000
  6.091570383857582E-009 -3.529515525227354E-009
  2.913080301919739E-007  1.177220852037355E-007
         113  0.000000000000000E+000  0.000000000000000E+000
  5.128287043712968E-009 -2.370727306899506E-009
  2.144676979846379E-007 -1.225962567947178E-007
         114  0.000000000000000E+000  0.000000000000000E+000
  6.347074993095313E-009 -6.867169121475720E-010
  5.798613107962609E-008 -1.884686039448428E-007
         115  0.000000000000000E+000  0.000000000000000E+000
  7.441122087910177E-009 -1.458137775779656E-009
 -4.568826746149282E-008 -1.843844245883391E-007
         116  0.000000000000000E+000  0.000000000000000E+000
  1.024378892857739E-008 -2.556953684747292E-009
 -1.972354281838992E-007 -1.581658460919097E-007
         117  0.000000000000000E+000  0.000000000000000E+000
  9.747813138092344E-009 -5.359314163069179E-009
 -2.775596270678072E-007  2.750221434268300E-008
         118  0.000000000000000E+000  0.000000000000000E+000
  8.403570040696701E-009 -8.671023322854135E-009
 -2.434694761084474E-007  2.299852064219214E-007
         119  0.000000000000000E+000  0.000000000000000E+000
  4.038987356276682E-009 -8.661681340930721E-009
  2.112569019039829E-008  4.303125678367310E-007
         120  0.000000000000000E+000  0.000000000000000E+000
  2.198448632279089E-009 -7.185002736430313E-009
  4.413271010776130E-007  2.423042182546820E-007
         121  0.000000000000000E+000  0.000000000000000E+000
  3.310702058903667E-009 -2.462419778680458E-009
  4.355190710671898E-007 -3.125609672031338E-007
         122  0.000000000000000E+000  0.000000000000000E+000
  5.849356478473988E-009 -3.074930604724224E-009
 -3.383845046403097E-008 -5.200887897859431E-007
         123  0.000000000000000E+000  0.000000000000000E+000
  8.797215592011737E-009 -6.348276883905352E-009
 -5.081468294021901E-007 -3.035233295478353E-007
         124  0.000000000000000E+000  0.000000000000000E+000
  5.550507614322606E-009 -9.399940832654621E-009
 -5.625410992197973E-007  3.222078021840408E-007
         125  0.000000000000000E+000  0.000000000000000E+000
  5.086477528045254E-009 -9.726191508265156E-009
  2.130042335345479E-009  6.298385583135408E-007
         126  0.000000000000000E+000  0.000000000000000E+000
  6.083169323214331E-010 -9.807397352872798E-009
  4.821978080185352E-007  2.822854430362020E-007
         127  0.000000000000000E+000  0.000000000000000E+000
 -7.697529411611476E-010 -8.448160560169676E-009
  4.270071660427907E-007 -1.608955366959856E-007
         128  0.000000000000000E+000  0.000000000000000E+000
  8.685307317167988E-010 -4.250883940374919E-009
  1.501184443057454E-007 -4.629693933512638E-007
         129  0.000000000000000E+000  0.000000000000000E+000
  2.951364726579412E-009 -5.546268065941674E-009
 -3.457091951504674E-007 -3.654019529928978E-007
         130  0.000000000000000E+000  0.000000000000000E+000
  5.583886229468243E-009 -5.450316537429446E-009
 -4.624628487904785E-007  8.188706864704084E-008
         131  0.000000000000000E+000  0.000000000000000E+000
  6.064214965380438E-009 -1.368810192856101E-008
 -2.375702177519966E-007  3.773095718619390E-007
         132  0.000000000000000E+000  0.000000000000000E+000
 -1.067126896400132E-009 -1.433342941069772E-008
  6.704544124277779E-008  4.563269816526844E-007
         133  0.000000000000000E+000  0.000000000000000E+000
 -5.981554588787967E-009 -8.601818897812011E-009
  5.088353004542301E-007  2.905990541647514E-007
         134  0.000000000000000E+000  0.000000000000000E+000
 -2.162193098508549E-009 -5.546529206530992E-009
  5.139701722905670E-007 -3.111056157178249E-007
         135  0.000000000000000E+000  0.000000000000000E+000
  6.436975490921930E-010 -4.548438205823434E-009
  4.802973523596482E-008 -6.013235182660015E-007
         136  0.000000000000000E+000  0.000000000000000E+000
  5.327672160427390E-009 -1.152184462846523E-008
 -5.369037490984560E-007 -4.564997401150696E-007
         137  0.000000000000000E+000  0.000000000000000E+000
 -3.619087905245081E-009 -1.625467012833423E-008
 -8.314222071570400E-007  2.569624064074149E-007
         138  0.000000000000000E+000  0.000000000000000E+000
 -1.158890541014983E-008 -1.049207330147617E-008
 -1.662600567779141E-007  1.013847305424103E-006
         139  0.000000000000000E+000  0.000000000000000E+000
 -8.429162941679225E-009 -3.464907828297763E-009
  8.185208021926844E-007  6.448745067454574E-007
         140  0.000000000000000E+000  0.000000000000000E+000
 -4.133523143005388E-009 -9.344936352732435E-010
  1.010066917419449E-006 -3.574699156145923E-007
         141  0.000000000000000E+000  0.000000000000000E+000
  3.387445849728766E-009 -5.275765559509612E-009
  1.888483978257885E-007 -1.112549283034457E-006
         142  0.000000000000000E+000  0.000000000000000E+000
 -2.922550934524814E-009 -1.472970503513977E-008
 -9.350381193658841E-007 -6.910334899975228E-007
         143  0.000000000000000E+000  0.000000000000000E+000
 -1.217067618926468E-008 -1.149050667859965E-008
 -1.042915827291349E-006  5.548882806267132E-007
         144  0.000000000000000E+000  0.000000000000000E+000
 -1.184017372358455E-008 -2.375109605711855E-009
  4.808806911771598E-009  1.110930363614273E-006
         145  0.000000000000000E+000  0.000000000000000E+000
 -7.409434414765132E-009 -2.627582411123420E-010
  8.896466428821613E-007  5.606557369885341E-007
         146  0.000000000000000E+000  0.000000000000000E+000
 -2.857886689547028E-009 -3.446813954431187E-010
  9.099691941136954E-007 -4.505173218693826E-007
         147  0.000000000000000E+000  0.000000000000000E+000
 -4.691571798448749E-010 -6.925826117094413E-009
  3.588346057609692E-008 -9.514579150495763E-007
         148  0.000000000000000E+000  0.000000000000000E+000
 -7.884333600752827E-009 -9.243484599218911E-009
 -7.623480092198718E-007 -4.261817100027109E-007
         149  0.000000000000000E+000  0.000000000000000E+000
 -1.114879078403137E-008 -3.913409011610495E-009
 -6.416288606224677E-007  4.557965096791725E-007
         150  0.000000000000000E+000  0.000000000000000E+000
 -7.224495188420144E-009 -1.009028030487586E-009
  6.879827467305036E-008  6.866315713913376E-007
         151  0.000000000000000E+000  0.000000000000000E+000
 -5.897360390576929E-009 -2.530414272924997E-009
  5.738893661487196E-007  2.762003778349711E-007
         152  0.000000000000000E+000  0.000000000000000E+000
 -5.412495245396760E-009 -4.051068307474827E-009
  4.601184529054986E-007 -3.460858725323656E-007
         153  0.000000000000000E+000  0.000000000000000E+000
 -8.989740907482004E-009 -6.459960607478520E-009
 -1.191299037340175E-007 -4.744155173031692E-007
         154  0.000000000000000E+000  0.000000000000000E+000
 -1.255078783078303E-008 -1.838912984952879E-009
 -4.164524681051190E-007 -3.222178824355660E-008
         155  0.000000000000000E+000  0.000000000000000E+000
 -9.081114310806268E-009  2.817893244353746E-009
 -1.532304868418180E-007  3.413522052509030E-007
         156  0.000000000000000E+000  0.000000000000000E+000
 -5.014702801905048E-009  9.219264616329323E-010
  2.504991292604879E-007  2.889551620189711E-007
         157  0.000000000000000E+000  0.000000000000000E+000
 -5.019771937888521E-009 -2.490694752216423E-009
  3.872326970172638E-007 -1.057712692171775E-007
         158  0.000000000000000E+000  0.000000000000000E+000
 -8.236320236171326E-009 -4.528932166420365E-009
  7.820918311761375E-008 -3.997924480678951E-007
         159  0.000000000000000E+000  0.000000000000000E+000
 -1.230341135307034E-008 -2.529156999861709E-009
 -3.344966613551806E-007 -2.590992171343075E-007
         160  0.000000000000000E+000  0.000000000000000E+000
 -1.329608546752279E-008  2.116513937422967E-009
 -4.269211508152418E-007  2.078048460413537E-007
         161  0.000000000000000E+000  0.000000000000000E+000
 -1.017832615554244E-008  5.520619740245686E-009
 -1.603037877826473E-008  5.470089265015586E-007
         162  0.000000000000000E+000  0.000000000000000E+000
 -7.023037014119640E-009  5.028218228346731E-009
  5.224885981287859E-007  3.392533575082101E-007
         163  0.000000000000000E+000  0.000000000000000E+000
 -5.725602961105304E-009  4.119112871209717E-009
  6.343392181319309E-007 -2.854419651180343E-007
         164  0.000000000000000E+000  0.000000000000000E+000
 -3.951487189193165E-009  1.346421420862130E-009
  9.518856630639990E-008 -7.396463411016141E-007
         165  0.000000000000000E+000  0.000000000000000E+000
 -7.655872487717519E-009 -2.252699690271964E-009
 -6.240902676099674E-007 -4.688419186016993E-007
         166  0.000000000000000E+000  0.000000000000000E+000
 -1.326214540612453E-008  1.125825974331627E-009
 -6.957529435298137E-007  3.394372260462146E-007
         167  0.000000000000000E+000  0.000000000000000E+000
 -1.247063689001286E-008  6.072578164428601E-009
 -6.249717616336479E-008  7.487385213899136E-007
         168  0.000000000000000E+000  0.000000000000000E+000
 -1.114964971576392E-008  9.252966943981375E-009
  6.030780865268341E-007  4.737352502210672E-007
         169  0.000000000000000E+000  0.000000000000000E+000
 -5.358508461886189E-009  1.307701824924206E-008
  7.328120212691068E-007 -2.618838840895873E-007
         170  0.000000000000000E+000  0.000000000000000E+000
  6.452604241820265E-010  5.968484773619687E-009
  1.500504765807101E-007 -7.172832961865735E-007
         171  0.000000000000000E+000  0.000000000000000E+000
 -5.923026619336357E-009  4.164415845427748E-010
 -4.614331977315758E-007 -3.963073141487900E-007
         172  0.000000000000000E+000  0.000000000000000E+000
 -9.566404504021068E-009  5.221855699166859E-009
 -4.218159784309111E-007  9.507886681435500E-008
         173  0.000000000000000E+000  0.000000000000000E+000
 -1.034532116045456E-008  7.761771436834935E-009
 -1.682394520563270E-007  3.159041451626086E-007
         174  0.000000000000000E+000  0.000000000000000E+000
 -8.212707916197485E-009  1.501756961894599E-008
  1.390977289008857E-007  2.491447914079318E-007
         175  0.000000000000000E+000  0.000000000000000E+000
  2.064717782003071E-009  1.186032489238820E-008
  1.573307485492875E-007  5.659739604731373E-008
         176  0.000000000000000E+000  0.000000000000000E+000
 -2.208566249641161E-009  4.330041255245467E-009
  1.465572930569521E-007  1.056355308609190E-007
         177  0.000000000000000E+000  0.000000000000000E+000
 -4.944062428075467E-009  9.792345801303804E-009
  4.186871639335169E-007 -8.660365592703292E-008
         178  0.000000000000000E+000  0.000000000000000E+000
 -1.878065441943879E-009  8.866311924147207E-009
  1.560003823773192E-007 -5.230065048510711E-007
         179  0.000000000000000E+000  0.000000000000000E+000
 -3.683140526879796E-009  1.008207364327580E-008
 -3.567779388639862E-007 -4.670083905247915E-007
         180  0.000000000000000E+000  0.000000000000000E+000
  1.918185216104956E-009  1.160090355565414E-008
 -6.692133491126456E-007  2.634717814828058E-008
         181  0.000000000000000E+000  0.000000000000000E+000
  5.931233038950459E-010  5.113493106460157E-009
 -3.442399229592736E-007  6.750766319623578E-007
         182  0.000000000000000E+000  0.000000000000000E+000
 -4.459876636115937E-009  9.540106235610271E-009
  5.512415724024446E-007  6.660448186679845E-007
         183  0.000000000000000E+000  0.000000000000000E+000
  1.484905957943084E-009  1.094860558777404E-008
  8.088052711751513E-007 -2.631813276972281E-007
         184  0.000000000000000E+000  0.000000000000000E+000
 -7.267242588405024E-010  7.626815578206451E-009
  1.598413370781899E-007 -7.481049077696440E-007
         185  0.000000000000000E+000  0.000000000000000E+000
 -1.364072990180802E-009  1.313171296757328E-008
 -4.995218246911000E-007 -5.286639614508133E-007
         186  0.000000000000000E+000  0.000000000000000E+000
  5.146067239253428E-009  1.111840970063220E-008
 -6.843428886045601E-007  1.754133664529324E-007
         187  0.000000000000000E+000  0.000000000000000E+000
  2.093347661117249E-009  8.553999261709422E-009
 -9.268988233872161E-008  6.741124110715378E-007
         188  0.000000000000000E+000  0.000000000000000E+000
  5.351739035523931E-009  1.134375833775190E-008
  5.565072521075907E-007  2.141085140584432E-007
         189  0.000000000000000E+000  0.000000000000000E+000
  5.007492889829616E-009  5.634445384013868E-009
  3.049993757206603E-007 -3.448886960376984E-007
         190  0.000000000000000E+000  0.000000000000000E+000
  4.703883815437234E-010  9.328924744099602E-009
 -1.177075176677531E-007 -3.749881856578945E-007
         191  0.000000000000000E+000  0.000000000000000E+000
  5.984590762035938E-009  1.161627858562045E-008
 -3.580184964702594E-007 -3.985570224998800E-008
         192  0.000000000000000E+000  0.000000000000000E+000
  5.917914950566528E-009  9.515461099439950E-009
 -8.878321084729640E-008  2.981192559033196E-007
         193  0.000000000000000E+000  0.000000000000000E+000
  1.003856690763032E-008  1.147049664643119E-008
  2.713719501005005E-007  2.835997581457229E-008
         194  0.000000000000000E+000  0.000000000000000E+000
  1.210252504130989E-008  3.950589319424260E-009
  3.942653922586999E-009 -2.339035786589531E-007
         195  0.000000000000000E+000  0.000000000000000E+000
  6.007172513474804E-009  2.491442048635617E-009
 -1.745338266895902E-007 -6.222761008629849E-008
         196  0.000000000000000E+000  0.000000000000000E+000
  5.939662105629993E-009  6.721017802911423E-009
 -1.172744423773314E-007  1.067314201049844E-007
         197  0.000000000000000E+000  0.000000000000000E+000
  8.154962263027580E-009  6.264632724419767E-009
  7.157520582368301E-008  1.274707638669312E-007
         198  0.000000000000000E+000  0.000000000000000E+000
  9.389611778373118E-009  6.286851128468597E-009
  1.633463758087883E-007 -7.033410769505585E-008
         199  0.000000000000000E+000  0.000000000000000E+000
  1.157994110564197E-008  2.729708275350471E-009
 -6.704261528128010E-008 -2.139993702632032E-007
         200  0.000000000000000E+000  0.000000000000000E+000
  7.525111652046214E-009  3.193665233341311E-010
 -2.065106846279937E-007  4.808207866922990E-009
         201  0.000000000000000E+000  0.000000000000000E+000
  5.539824247909599E-009  3.799845202840821E-009
 -6.481713206478286E-008  1.355903575039599E-007
         202  0.000000000000000E+000  0.000000000000000E+000
  9.165686266692833E-009  5.880616125659755E-009
  6.424482130608674E-008  9.431019014640418E-008
         203  0.000000000000000E+000  0.000000000000000E+000
  1.177068706042185E-008  3.294170456249920E-009
  1.104514091612286E-007 -2.324050443812998E-008
         204  0.000000000000000E+000  0.000000000000000E+000
  1.203189781391123E-008  5.743953422105418E-010
  3.418545058002076E-008 -1.386793491509087E-007
         205  0.000000000000000E+000  0.000000000000000E+000
  1.019059024667814E-008 -2.358502559750931E-009
 -1.177165699862687E-007 -1.060444895487077E-007
         206  0.000000000000000E+000  0.000000000000000E+000
  6.870378020599616E-009 -1.726307038088747E-009
 -1.338750970515961E-007  1.449583676853084E-008
         207  0.000000000000000E+000  0.000000000000000E+000
  6.536345017376276E-009  9.409762151457449E-010
 -8.635015764415139E-008  7.311279018283220E-008
         208  0.000000000000000E+000  0.000000000000000E+000
  8.729260696163876E-009  2.306949140655374E-009
 -2.858713493191532E-008  1.001648155861219E-007
         209  0.000000000000000E+000  0.000000000000000E+000
  1.131086964221027E-008  1.270188531521491E-009
  3.817773984007644E-008  9.804457101371258E-008
         210  0.000000000000000E+000  0.000000000000000E+000
  1.295000405387850E-008 -1.098884134189891E-009
  1.299747885164739E-007  4.104878782135010E-008
         211  0.000000000000000E+000  0.000000000000000E+000
  1.292426858117524E-008 -5.105668362245756E-009
  1.237479425536916E-007 -1.247166577989350E-007
         212  0.000000000000000E+000  0.000000000000000E+000
  9.126439657231878E-009 -8.318525230234304E-009
 -4.183880011462371E-008 -2.125675055977707E-007
         213  0.000000000000000E+000  0.000000000000000E+000
  4.374842165950779E-009 -6.071975375839403E-009
 -2.407702198833082E-007 -1.269021077248428E-007
         214  0.000000000000000E+000  0.000000000000000E+000
  4.629266950865297E-009 -2.225032466909335E-009
 -2.915963699035000E-007  1.344570046389249E-007
         215  0.000000000000000E+000  0.000000000000000E+000
  7.538977137082239E-009  5.585133346905023E-010
 -2.811727673044868E-008  3.193944696144979E-007
         216  0.000000000000000E+000  0.000000000000000E+000
  1.333587006146868E-008 -2.161591424774522E-009
  1.754622388519570E-007  1.395464444071782E-007
         217  0.000000000000000E+000  0.000000000000000E+000
  1.290576950499852E-008 -9.227668707532477E-009
  1.571164580137509E-007  1.719634192511714E-008
         218  0.000000000000000E+000  0.000000000000000E+000
  5.935758874262539E-009 -1.204484213628517E-008
  1.612785814400628E-007 -9.147804356242897E-008
         219  0.000000000000000E+000  0.000000000000000E+000
  2.658878901677628E-009 -7.131530130950749E-009
  5.266837988779324E-008 -2.211941549007010E-007
         220  0.000000000000000E+000  0.000000000000000E+000
  4.247641509327477E-009 -4.193793155580908E-009
 -1.442841788673315E-007 -2.210862829746708E-007
         221  0.000000000000000E+000  0.000000000000000E+000
  9.400085587006618E-009 -3.641758910403602E-009
 -3.292474414598940E-007 -1.469946060269747E-007
         222  0.000000000000000E+000  0.000000000000000E+000
  1.095210317338126E-008 -1.072890481480419E-008
 -5.075934525706111E-007  2.623025011998624E-007
         223  0.000000000000000E+000  0.000000000000000E+000
  4.512314538785713E-009 -1.520754239731048E-008
 -3.064570913102895E-008  7.034088547561211E-007
         224  0.000000000000000E+000  0.000000000000000E+000
 -1.927598297284798E-009 -9.678706240447995E-009
  6.125114872005008E-007  4.218858835753679E-007
         225  0.000000000000000E+000  0.000000000000000E+000
  1.502276326753241E-009 -4.615679847133345E-009
  7.178018188014568E-007 -2.782340299246740E-007
         226  0.000000000000000E+000  0.000000000000000E+000
  7.094808040286978E-009 -4.292879948888373E-009
  2.129250659315269E-007 -8.572075516367495E-007
         227  0.000000000000000E+000  0.000000000000000E+000
  1.004042674401292E-008 -1.302752616805128E-008
 -7.855792104374951E-007 -6.737980547442427E-007
         228  0.000000000000000E+000  0.000000000000000E+000
  1.623096804529616E-009 -1.911724525685701E-008
 -9.662140399542325E-007  4.132464118104422E-007
         229  0.000000000000000E+000  0.000000000000000E+000
 -8.349055116188410E-009 -1.332372467747762E-008
 -1.521589334518832E-007  9.720428850592588E-007
         230  0.000000000000000E+000  0.000000000000000E+000
 -5.633882101873346E-009 -3.916125825053674E-009
  6.591545491702500E-007  6.306884797284017E-007
         231  0.000000000000000E+000  0.000000000000000E+000
  1.076918896309753E-009 -2.023224777051365E-009
  8.466927123437938E-007 -1.896270811101221E-007
         232  0.000000000000000E+000  0.000000000000000E+000
  6.254022416995768E-009 -8.561275823937396E-009
  1.652107658622400E-007 -7.408503824404718E-007
         233  0.000000000000000E+000  0.000000000000000E+000
  1.154311883535913E-009 -1.400661413912049E-008
 -4.045362231593180E-007 -3.369788803973924E-007
         234  0.000000000000000E+000  0.000000000000000E+000
 -4.662876655917395E-009 -1.341762143967713E-008
 -3.232722137548346E-007  1.978864643810494E-008
         235  0.000000000000000E+000  0.000000000000000E+000
 -6.451247174379078E-009 -7.448799598432245E-009
 -2.460047136421599E-007  1.248428375167764E-007
         236  0.000000000000000E+000  0.000000000000000E+000
 -3.094702097549568E-009 -6.080407784826894E-009
 -1.832199312520809E-007  2.758410612008496E-007
         237  0.000000000000000E+000  0.000000000000000E+000
 -8.531884063751196E-010 -7.228028381384708E-009
  2.508483451592038E-008  3.578174568570268E-007
         238  0.000000000000000E+000  0.000000000000000E+000
 -2.736706157141626E-009 -1.052905518847272E-008
  2.750719525328924E-007  3.884866561277920E-007
         239  0.000000000000000E+000  0.000000000000000E+000
 -5.000619526883533E-009 -9.288427963126994E-009
  6.755459030917778E-007  2.241817271340352E-008
         240  0.000000000000000E+000  0.000000000000000E+000
 -6.519665713273361E-009 -7.714299314296637E-009
  3.956725805130085E-007 -6.763737034589586E-007
         241  0.000000000000000E+000  0.000000000000000E+000
 -4.449704493780074E-009 -6.089769932541933E-009
 -4.189231848192516E-007 -7.102087978747530E-007
         242  0.000000000000000E+000  0.000000000000000E+000
 -3.579333310371944E-009 -7.677450488249677E-009
 -8.440179963722802E-007 -2.583714694998507E-008
         243  0.000000000000000E+000  0.000000000000000E+000
 -5.205090244538823E-009 -1.076466031496233E-008
 -5.639183553233194E-007  7.539089974775821E-007
         244  0.000000000000000E+000  0.000000000000000E+000
 -9.644409924523695E-009 -9.377020000853852E-009
  4.163501427894104E-007  9.473306873035724E-007
         245  0.000000000000000E+000  0.000000000000000E+000
 -1.122042947103556E-008 -6.113034860334120E-009
  9.962916662612914E-007  8.174369393953765E-008
         246  0.000000000000000E+000  0.000000000000000E+000
 -9.355790844554225E-009 -2.810679593869304E-009
  5.157601222581135E-007 -7.329320687314082E-007
         247  0.000000000000000E+000  0.000000000000000E+000
 -7.315826693388390E-009 -3.148366203775168E-009
 -3.150540653915016E-007 -7.232747191106352E-007
         248  0.000000000000000E+000  0.000000000000000E+000
 -7.150309263670726E-009 -4.826544736278684E-009
 -7.247510252935069E-007 -7.505029721243521E-008
         249  0.000000000000000E+000  0.000000000000000E+000
 -9.065157154164760E-009 -4.130913885723680E-009
 -3.392827727803188E-007  5.491225341611331E-007
         250  0.000000000000000E+000  0.000000000000000E+000
 -8.319600810041112E-009 -3.521090797348686E-009
  2.439121395629600E-007  4.523071341406668E-007
         251  0.000000000000000E+000  0.000000000000000E+000
 -9.361555435185653E-009 -3.897764020375318E-009
  3.813377313984323E-007  7.324364457275389E-008
         252  0.000000000000000E+000  0.000000000000000E+000
 -1.075728009749495E-008 -3.027383774175437E-009
  2.498121107968670E-007 -1.621724092287992E-007
         253  0.000000000000000E+000  0.000000000000000E+000
 -1.142759864127589E-008 -7.231114425425367E-010
  6.326746009720080E-008 -2.357222193715142E-007
         254  0.000000000000000E+000  0.000000000000000E+000
 -1.043247313500947E-008  1.257622036467372E-009
 -1.069509039152462E-007 -1.709795475924038E-007
         255  0.000000000000000E+000  0.000000000000000E+000
 -8.326258206365015E-009  2.233430810976808E-009
 -1.779671017728246E-007 -3.142582000452234E-008
         256  0.000000000000000E+000  0.000000000000000E+000
 -6.518767144861859E-009  7.019069949816890E-010
 -1.456194474638058E-007  1.361500945063125E-007
