   409.600000000000     
         256           1           3
  1.124309127438499E-002   36.8999081357921        117.918321079982     
   39.0000000000000        116.000000000000        6351.00000000000     
           0  0.000000000000000E+000  0.000000000000000E+000
  0.000000000000000E+000  0.000000000000000E+000
  0.000000000000000E+000  0.000000000000000E+000
           1  2.208348006835088E-007 -7.689658521754912E-008
  8.481814886228275E-007  8.812902355080738E-008
 -1.634711451753927E-006 -1.263520693641366E-007
           2  2.492269098237823E-007 -3.211258792993658E-007
  9.943074108156056E-007  2.589020965707005E-007
 -1.704933076638594E-006 -4.203371884695767E-007
           3 -1.212923305907991E-007 -6.886279030159898E-007
  1.417217476092233E-006  2.482449776621670E-007
 -2.162905351559349E-006 -6.629999896289474E-007
           4 -9.495310090963803E-007 -4.995569862047410E-007
  1.779783802599862E-006 -1.904724885997736E-007
 -2.755831573355181E-006 -4.080120535508354E-007
           5 -1.363682201170829E-006  6.239277984441302E-007
  1.715370761275740E-006 -7.401195762784091E-007
 -2.875868662516637E-006  1.856722239538756E-007
           6 -4.779270277551627E-007  1.905907509754888E-006
  1.483113587649765E-006 -9.876217429473834E-007
 -2.526001971259705E-006  3.370029626251318E-007
           7  1.445082546058812E-006  1.979615396625935E-006
  1.545101028239237E-006 -1.117145138144797E-006
 -2.560491762594279E-006 -1.679825572363422E-007
           8  2.936808534073180E-006  2.531254249221589E-007
  1.806526713526722E-006 -1.777120199380568E-006
 -3.590088859361422E-006 -5.173071194389217E-007
           9  2.548849064068216E-006 -2.362911862889611E-006
  1.333262922109421E-006 -3.161911452686869E-006
 -5.085545605753982E-006  3.056278003510726E-007
          10  3.146648456557804E-010 -4.058558611132314E-006
 -6.895414578080268E-007 -4.198654243301383E-006
 -5.642511178463168E-006  2.421069899952728E-006
          11 -3.468083505291457E-006 -3.229340336280901E-006
 -3.676113394851358E-006 -3.310383445320552E-006
 -4.480244679605566E-006  4.337029585787679E-006
          12 -5.522457735255107E-006  4.937629129853835E-007
 -5.718063116581344E-006  2.855391343519873E-007
 -2.875478298172335E-006  4.769774312442637E-006
          13 -3.679218540409511E-006  5.270259190091359E-006
 -4.262127181627554E-006  5.466314665878785E-006
 -1.906713289507619E-006  4.496850255084878E-006
          14  2.165114055280106E-006  6.932835388468048E-006
  1.952558639249213E-006  8.812654786674423E-006
 -1.626505078424717E-006  4.547301892520953E-006
          15  7.490158818882620E-006  2.427551631153578E-006
  1.070039781220894E-005  5.624202456803291E-006
 -8.198943129898015E-007  4.933966484139761E-006
          16  6.262686472336826E-006 -5.137197304315705E-006
  1.474636324297102E-005 -5.846360948015512E-006
  3.905378280130192E-007  4.483635291868093E-006
          17 -1.449415317486687E-006 -7.626724786753325E-006
  6.052114252737549E-006 -1.877148603163307E-005
  8.925545442057863E-007  3.235664151782671E-006
          18 -6.591851961044324E-006 -1.277936721282295E-006
 -1.288407206211762E-005 -1.864925115674918E-005
 -4.693399148616267E-007  2.137073098743863E-006
          19 -1.597093857452355E-006  5.076876355924874E-006
 -2.425424707814055E-005 -6.098939053438011E-008
 -2.319583959816796E-006  3.621448216135699E-006
          20  5.553229243422363E-006  7.256007453942560E-008
 -1.261626201172818E-005  2.080359579933914E-005
 -1.357496867064194E-006  6.800255321519506E-006
          21 -8.719845858861189E-007 -9.303195079410070E-006
  1.215493525415435E-005  1.969942523830843E-005
  2.538392125868800E-006  7.898831800398982E-006
          22 -1.541268113143803E-005 -1.552553478229983E-006
  2.062821392265492E-005 -2.901246897076266E-006
  5.627354685363035E-006  4.714540913985641E-006
          23 -8.561005952043996E-006  2.111676165572849E-005
  3.692597620673717E-006 -1.644218351372159E-005
  4.108165415833589E-006  1.324494059149100E-006
          24  2.340554633716795E-005  1.890623274860296E-005
 -9.453312087236644E-006 -4.726181655764380E-006
  1.774848039814563E-006  2.133091299263859E-006
          25  2.943103088507921E-005 -2.101382606555147E-005
  1.196408858878430E-006  4.473739796019481E-006
  2.947550013618984E-006  3.814879504855882E-006
          26 -1.528091003462627E-005 -3.678377435963260E-005
  6.343772792100111E-006 -1.054397816625499E-005
  5.019678347141868E-006  2.096338567902762E-006
          27 -3.931442464484476E-005  9.459793863773840E-006
 -1.685350959988111E-005 -1.491228306908926E-005
  3.372058858536184E-006 -2.371492553549520E-007
          28  6.955605420344541E-006  3.792053077556531E-005
 -2.460354438794969E-005  1.695883829918784E-005
  1.251140521181209E-006  1.355011654852011E-006
          29  3.528385724710877E-005 -9.535464178710317E-006
  1.347127145285738E-005  3.037649594897436E-005
  3.223884734170217E-006  3.228669434151308E-006
          30 -1.644210865090910E-005 -3.419931882227165E-005
  3.163743906889552E-005 -1.036320136375372E-005
  5.269187605936912E-006  1.059599352514530E-006
          31 -3.606720018872385E-005  2.509454847707404E-005
 -9.179957779078236E-006 -3.012909581175482E-005
  3.288254726350414E-006 -9.032064166151992E-007
          32  3.258255794211103E-005  4.016470697299526E-005
 -2.656463575824550E-005  1.021193097239054E-005
  1.994165052840464E-006  1.038352468674748E-006
          33  4.432881809971150E-005 -3.701620907827445E-005
  1.418565720492412E-005  2.189535585273563E-005
  4.463687181521511E-006  1.756575048651226E-006
          34 -3.819835773881155E-005 -4.629998662251743E-005
  1.859290150168126E-005 -2.063746982989292E-005
  5.154015006930268E-006 -1.094929920132476E-006
          35 -4.476254917266344E-005  3.731708773852993E-005
 -2.652993299396491E-005 -1.814329393012080E-005
  2.607084250970692E-006 -1.763190167081077E-006
          36  3.586902281609904E-005  3.961257220283031E-005
 -1.843051760527048E-005  2.921707229270509E-005
  2.581353908311823E-006  4.223369007526218E-007
          37  3.171423150117278E-005 -3.484993179858641E-005
  2.950156337287414E-005  1.661960111125079E-005
  4.962597930622388E-006 -3.061449990807138E-007
          38 -3.463556453856421E-005 -2.213840328062454E-005
  1.293490797073268E-005 -2.995049491075237E-005
  4.199202006528750E-006 -2.994285269915577E-006
          39 -1.167057393909695E-005  3.527451911796015E-005
 -3.069324516089610E-005 -9.508301570181261E-006
  1.869026515050559E-006 -2.467220441449521E-006
          40  3.689113517644753E-005  8.731291454012158E-007
 -6.566104255255663E-006  3.006853678266774E-005
  2.665309926677374E-006 -8.995772943008387E-007
          41 -9.425860189457529E-006 -3.987778480276986E-005
  2.804611868902924E-005  2.499300571714278E-006
  4.073210584480787E-006 -2.395506741038540E-006
          42 -4.452939791780948E-005  1.798272303734867E-005
 -2.793950426596341E-006 -2.669467872073312E-005
  2.320114205898381E-006 -4.049137529708590E-006
          43  2.323076878428663E-005  5.027930624172666E-005
 -2.660962712649430E-005  7.653126932490307E-006
  7.376920752642792E-007 -2.606796267312017E-006
          44  5.552404677307940E-005 -2.398365024558212E-005
  1.125152764643393E-005  2.659667425329139E-005
  2.091853758198885E-006 -1.644011496064842E-006
          45 -2.045418591148586E-005 -5.796451824772556E-005
  2.644276185227755E-005 -1.452430966153685E-005
  2.771278692446212E-006 -3.188405740831736E-006
          46 -5.560434003220819E-005  1.466085974126045E-005
 -1.704861368937646E-005 -2.743388229990672E-005
  1.170859029132340E-006 -4.023592159677222E-006
          47  9.783326948808934E-006  4.800471957651655E-005
 -2.914823915222182E-005  1.689842448636152E-005
  4.956565964492755E-007 -2.835987125159439E-006
          48  3.704714925608887E-005 -8.782169197458819E-006
  1.375993163467575E-005  2.845248023137098E-005
  1.687512704658963E-006 -2.764827697380849E-006
          49 -1.291427762079588E-005 -2.622635253054397E-005
  2.371526112795131E-005 -1.096813455176142E-005
  1.349667919503643E-006 -4.506421397156327E-006
          50 -1.895091058440758E-005  2.079326904256313E-005
 -1.175340096702291E-005 -1.718749393693893E-005
 -7.152333513158339E-007 -4.604422469761503E-006
          51  2.908019372110979E-005  1.678180426034584E-005
 -1.267105977773501E-005  1.577247306883075E-005
 -1.240549579824496E-006 -3.002578083405632E-006
          52  1.856440375889854E-005 -3.446657599386174E-005
  2.043871877351272E-005  1.136916182396655E-005
 -2.843313543930908E-007 -2.635289066236601E-006
          53 -3.569911830960877E-005 -2.119265635401742E-005
  1.268364248522230E-005 -2.384599065282303E-005
 -4.567559615412965E-007 -3.652696429313952E-006
          54 -2.178728435845375E-005  3.424530023409273E-005
 -2.498648709488579E-005 -1.578960453243500E-005
 -1.767650889675916E-006 -3.350347687436319E-006
          55  3.321352166104483E-005  1.987600574515454E-005
 -1.911368997097940E-005  2.249109253586257E-005
 -1.689095896407520E-006 -2.033165080244331E-006
          56  1.773702516577944E-005 -3.490849360652969E-005
  1.689909796916972E-005  1.930638115561153E-005
 -6.386132632733970E-007 -2.080961280773013E-006
          57 -3.863511276119968E-005 -1.875769946077168E-005
  1.434520207079461E-005 -1.214786821420421E-005
 -6.698644032621115E-007 -3.146675309576966E-006
          58 -2.464260686503962E-005  4.070233435606279E-005
 -1.276619694437905E-005 -7.215574718396732E-006
 -1.770286439889381E-006 -3.336613802025800E-006
          59  3.684099549275333E-005  3.333011832627985E-005
 -3.662843482616420E-006  1.835497443712833E-005
 -2.122704640810066E-006 -2.640572782102479E-006
          60  3.938924179051703E-005 -2.550218478853642E-005
  2.383726077411264E-005  6.408523713793880E-006
 -1.862296072072951E-006 -2.817136235190827E-006
          61 -9.801640251159215E-006 -3.722718755899871E-005
  1.273326758952641E-005 -2.457012621749272E-005
 -2.730593197815465E-006 -3.280473038824481E-006
          62 -2.496647305724935E-005 -3.346848214588604E-006
 -1.986013346850465E-005 -1.815357512959387E-005
 -3.900536229513230E-006 -2.498339143617416E-006
          63 -7.045691554769637E-006  6.312060731448116E-006
 -1.937286459609285E-005  1.178667399470748E-005
 -3.839575495244884E-006 -1.175280693415695E-006
          64 -1.090568168280047E-005 -1.236259031368575E-006
  3.728931960550091E-006  1.484101432021073E-005
 -3.061938092766390E-006 -9.199707943604164E-007
          65 -1.778015262119424E-005  1.902474248908856E-005
  5.095804321796661E-006 -4.037849857714999E-007
 -3.228155441891137E-006 -1.308414312099914E-006
          66  1.511032320234327E-005  3.457237046334730E-005
 -5.441857584780869E-006  5.092095205175524E-006
 -3.837841432514059E-006 -8.517219974823325E-007
          67  4.389354558784624E-005 -2.709017163820415E-006
  8.574690003289721E-006  1.704948709296162E-005
 -3.585093637443408E-006 -8.784195443519706E-008
          68  1.051652497700627E-005 -4.288163245036766E-005
  2.755216624982226E-005 -2.032434507306688E-006
 -3.143840200073809E-006 -2.954678800148632E-007
          69 -3.498156676369821E-005 -1.753375629618513E-005
  9.946252958995138E-006 -2.995281987828045E-005
 -3.877553158755247E-006 -6.803561604901602E-007
          70 -1.626762632374518E-005  2.732279390623945E-005
 -2.368928926120444E-005 -1.937956476943758E-005
 -4.975795879581906E-006  3.162027377107897E-007
          71  2.597751333074028E-005  1.060105345587386E-005
 -2.179529264102055E-005  1.397889958976835E-005
 -4.718469943507392E-006  2.047315352039780E-006
          72  7.460981791598307E-006 -3.212962128542495E-005
  6.269750856224261E-006  1.794079286203696E-005
 -3.398877086997855E-006  2.798724173958779E-006
          73 -4.141538203202395E-005 -1.213866854403877E-005
  1.089796363128806E-005 -3.714040086445870E-006
 -2.602846408295044E-006  2.465056295244946E-006
          74 -2.507947900824837E-005  4.692833719043843E-005
 -7.063773484680354E-006 -4.609388414647901E-006
 -2.613536212245564E-006  2.359559367465652E-006
          75  4.361693475401503E-005  4.170491939254944E-005
 -3.443767538076422E-006  1.447235219247674E-005
 -2.440979523231694E-006  2.877020628901955E-006
          76  5.536289247282179E-005 -3.102471859386034E-005
  2.052229771441440E-005  9.442598306405574E-006
 -1.590309558858208E-006  3.147665585782655E-006
          77 -1.304795142186052E-005 -6.124739454162195E-005
  1.941222151930488E-005 -1.980545246388762E-005
 -9.764226262755045E-007  2.561137006273062E-006
          78 -5.865408141228603E-005 -4.664144199842544E-006
 -1.171419634923168E-005 -2.675556305929961E-005
 -1.256394669876441E-006  2.078806640153535E-006
          79 -1.795337172493504E-005  5.034596453682031E-005
 -2.749760709540276E-005  9.854800486777748E-007
 -1.691362417481569E-006  2.429975889675896E-006
          80  4.032242605724519E-005  2.588055973081205E-005
 -7.533208529879078E-006  2.264621853166374E-005
 -1.389265106248800E-006  3.180863492969895E-006
          81  3.003716863821263E-005 -3.136285218348535E-005
  1.551406586600521E-005  1.213769426688616E-005
 -4.311209163645094E-007  3.349385495132125E-006
          82 -2.391575231389608E-005 -3.271392614622421E-005
  1.295808303563743E-005 -8.218538165668035E-006
  1.386803783250692E-007  2.743896825719863E-006
          83 -3.533763589575256E-005  1.678256733315941E-005
 -2.387167039713346E-006 -1.031183910613213E-005
 -1.539723190574007E-009  2.229094289128235E-006
          84  8.695164138474736E-006  3.783982264560112E-005
 -5.611158878401028E-006 -1.718401821066830E-007
 -2.728820705188737E-007  2.253396071028820E-006
          85  3.909681426638767E-005  8.245652336456964E-007
  1.080080047850362E-006  1.893571005702946E-006
 -2.033839743004912E-007  2.535732922662483E-006
          86  1.134940357937787E-005 -3.798387596637526E-005
  1.191881822812062E-006 -3.937154086982384E-006
  1.015475252986256E-007  2.542240727423838E-006
          87 -3.389122766177242E-005 -2.184790792354077E-005
 -5.703455763284687E-006 -3.048834253859308E-006
  1.705403577914001E-007  2.422723240755706E-006
          88 -3.111346005095585E-005  2.665031108835891E-005
 -5.930962631915954E-006  5.677124698242856E-006
  1.530850303189955E-007  2.559443504493868E-006
          89  1.648986325503180E-005  3.799685186469455E-005
  3.959094926202771E-006  9.348971809628530E-006
  3.843482850824108E-007  2.833714015113657E-006
          90  4.134684413329479E-005 -4.267995654314477E-006
  1.259597183360485E-005  2.976960519543155E-007
  9.780191603087040E-007  2.885046848563212E-006
          91  8.361483382430200E-006 -4.015814670557238E-005
  7.514754413274192E-006 -1.334608838177527E-005
  1.393374137345280E-006  2.389872417126191E-006
          92 -3.426412043213535E-005 -1.915030286896544E-005
 -9.332633146178389E-006 -1.513495516315235E-005
  1.135953485446065E-006  1.922102101492756E-006
          93 -2.578758646913684E-005  2.497987944077326E-005
 -1.952759465768572E-005  1.332057814589715E-006
  7.218815722250434E-007  2.128284755822403E-006
          94  1.493825759384324E-005  2.690248068656137E-005
 -7.374067168178868E-006  1.929861821486615E-005
  9.035131342982880E-007  2.806828468739986E-006
          95  2.298943653555900E-005 -7.271949940493520E-006
  1.565456852769242E-005  1.447807100686155E-005
  1.796063984544755E-006  2.971938885121536E-006
          96 -4.418567298334764E-006 -1.640900802887359E-005
  1.932256664075724E-005 -9.763659844174268E-006
  2.329186474283097E-006  2.315745556481178E-006
          97 -1.044099225718924E-005  7.037938704548105E-006
 -2.433548136417634E-006 -2.114375602267192E-005
  2.076214754775878E-006  1.918414736266312E-006
          98  1.373293189495678E-005  8.068172637088081E-006
 -1.884413538217533E-005 -4.339543520493677E-006
  1.938675707662621E-006  2.290627707621177E-006
          99  1.091815952100177E-005 -2.180077922302752E-005
 -7.912389904526185E-006  1.378061585787817E-005
  2.697110509194277E-006  2.668437621617114E-006
         100 -2.830370226947574E-005 -1.879781970732910E-005
  9.299327174542099E-006  7.727258417679400E-006
  3.649426328163554E-006  2.105119308048226E-006
         101 -3.012778884788305E-005  3.099427382902591E-005
  5.995677259677502E-006 -7.217221485066988E-006
  3.763743231269667E-006  1.198085604389573E-006
         102  2.884943416733632E-005  4.273106499779656E-005
 -6.343407208383006E-006 -4.398309990416564E-006
  3.525261268054147E-006  8.797187437022214E-007
         103  5.452865379325774E-005 -2.202048793565689E-005
 -2.400300016107617E-006  5.817402513749450E-006
  3.803450764043464E-006  8.604106439966356E-007
         104 -1.136134459309977E-005 -6.397566229343095E-005
  6.979336970121058E-006 -7.004408721772408E-007
  4.361358055478632E-006  2.077338900416853E-007
         105 -7.018104723817496E-005 -2.023700144782915E-006
 -3.262678074155936E-006 -1.095407300892630E-005
  4.202819383672270E-006 -8.972258798079289E-007
         106 -1.706790808079953E-005  7.262792473445224E-005
 -1.639017646990193E-005  3.331648390596274E-006
  3.362815323761857E-006 -1.354743335344397E-006
         107  7.091302894569862E-005  3.282372004631086E-005
  9.792629615683975E-007  2.143943633485904E-005
  2.986082023017268E-006 -1.020243929325542E-006
         108  4.818982658480441E-005 -6.466352205649996E-005
  2.604828922032027E-005  2.948901159065333E-006
  3.415589983219753E-006 -1.014566704566900E-006
         109 -5.375674590611983E-005 -6.158691548085680E-005
  9.595182913399715E-006 -3.027518247914009E-005
  3.604814421762399E-006 -1.791864870738915E-006
         110 -7.104583804286380E-005  3.881733175002589E-005
 -3.165175901304419E-005 -2.009427671041338E-005
  3.005078814949501E-006 -2.444207380300337E-006
         111  2.177712697991809E-005  7.479483576769147E-005
 -3.210483838525415E-005  2.670864580589278E-005
  2.431046279734716E-006 -2.380827245569226E-006
         112  7.217825470040839E-005 -5.704307414829796E-006
  1.531431415081370E-005  4.054534479841774E-005
  2.498684741039704E-006 -2.295667658846258E-006
         113  6.268899320166871E-006 -6.455313890081426E-005
  4.218383322049957E-005 -1.324866497312715E-006
  2.517061942183262E-006 -2.816819570458476E-006
         114 -5.521960788663251E-005 -1.242420652019748E-005
  1.083447578422601E-005 -3.727594944344208E-005
  1.929863904706057E-006 -3.353082700493095E-006
         115 -1.358407866431943E-005  4.800418989505478E-005
 -2.784934400990627E-005 -1.858802146284247E-005
  1.183861978376627E-006 -3.237920021545982E-006
         116  4.518797325535362E-005  1.304129589398749E-005
 -2.024222160011148E-005  1.669413527997565E-005
  1.026220635231306E-006 -2.859903438370415E-006
         117  1.480475859766531E-005 -4.611483422704149E-005
  7.997616593817789E-006  1.553585827568840E-005
  1.095032375101335E-006 -2.997478505334281E-006
         118 -4.731712969912525E-005 -2.113105826898459E-005
  7.834820181728798E-006 -5.709504762849784E-006
  7.440364066197388E-007 -3.242148472175021E-006
         119 -3.103485513788295E-005  4.455121019522748E-005
 -9.452775769365286E-006 -3.248416303882840E-006
  3.272751455202147E-007 -3.079131376338853E-006
         120  3.553198658401449E-005  4.067478131240547E-005
 -4.884666691053649E-006  1.395585135251114E-005
  3.027114036828046E-007 -2.858341107532167E-006
         121  4.559456564825870E-005 -2.149245285239207E-005
  1.392605548818887E-005  9.840364305596394E-006
  4.578563672207094E-007 -3.010555977563424E-006
         122 -6.403021411001056E-006 -4.344898037292159E-005
  1.277423023565354E-005 -9.173190856629697E-006
  2.558138463649574E-007 -3.424795659652410E-006
         123 -3.539873162456107E-005 -5.427427149599125E-006
 -3.358268078754879E-006 -1.110591927330119E-005
 -2.208970056527326E-007 -3.648527346589052E-006
         124 -1.186845093449548E-005  2.490627209376357E-005
 -5.918383234669824E-006  2.005067413974577E-008
 -7.096374195121475E-007 -3.729363527390136E-006
         125  1.522921834389732E-005  1.396621460726576E-005
  7.716377930849942E-007 -2.465689341177086E-007
 -1.280527479584228E-006 -3.668162034900714E-006
         126  1.440873348438917E-005 -7.384916961032197E-006
 -4.145311812586896E-006 -5.654856155758151E-006
 -1.849905848772838E-006 -3.352149014033499E-006
         127  4.053070188042414E-008 -1.484073650951376E-005
 -1.204407750200487E-005  2.795146988465744E-006
 -2.079281158565380E-006 -2.817273885223434E-006
         128 -1.435793891915910E-005 -9.115363947891962E-006
 -3.764056890651444E-006  1.471626088217626E-005
 -1.943823288401119E-006 -2.577074965800614E-006
         129 -1.994253886335209E-005  1.030696659524453E-005
  1.021170048586684E-005  1.026078222466882E-005
 -2.107656984050400E-006 -2.733631888532897E-006
         130  5.582325922065419E-007  2.969146511448081E-005
  1.026856482112401E-005 -1.305088975908285E-006
 -2.650910493872390E-006 -2.596744230539993E-006
         131  3.423394000483793E-005  1.404151338449020E-005
  4.746314107536042E-006 -2.572879313006990E-006
 -2.950512557922777E-006 -2.031980494162948E-006
         132  2.929763490106861E-005 -3.093402862603631E-005
  7.661336743572419E-006 -3.209795809304482E-006
 -2.760233494434912E-006 -1.601310902591425E-006
         133 -2.080457310457089E-005 -3.996124158210245E-005
  4.829768406328533E-006 -1.429648722132293E-005
 -2.629693294286306E-006 -1.743319554495864E-006
         134 -4.300883339791205E-005  8.437978345420056E-006
 -1.466029557754724E-005 -1.504135389284355E-005
 -3.115438619274283E-006 -1.859177344196279E-006
         135 -6.402963253338245E-007  3.944802982659554E-005
 -2.353606302635456E-005  9.319436681950992E-006
 -3.670176471487690E-006 -1.336399310394291E-006
         136  3.374887440286043E-005  3.379193326365905E-006
  6.088336471363879E-007  2.735918162092664E-005
 -3.617764383317181E-006 -6.251691640179258E-007
         137  7.514048571511280E-007 -3.106139082727281E-005
  2.536034509190617E-005  7.619539626431884E-006
 -3.322312748398200E-006 -4.663842758167974E-007
         138 -3.406562568640684E-005  3.199939815686865E-006
  1.138869914536451E-005 -2.005143743642531E-005
 -3.593973792114587E-006 -5.055674217003794E-007
         139  4.068861942984979E-006  4.175879232535662E-005
 -1.657678310174529E-005 -1.045407332331241E-005
 -4.058131539295458E-006  1.457408081927846E-007
         140  5.075242307518075E-005  3.465624428737190E-007
 -9.162127577121125E-006  1.751694278977893E-005
 -3.681629968545982E-006  1.134928417573185E-006
         141  9.272701692622454E-006 -5.778662250851575E-005
  2.013697994389657E-005  1.172995355839310E-005
 -2.698206788592944E-006  1.238249359841625E-006
         142 -6.156894525633466E-005 -2.038039335799399E-005
  1.740234930390081E-005 -2.004378021112555E-005
 -2.498228207417569E-006  4.590462575366786E-007
         143 -3.200838654314573E-005  6.280838478316467E-005
 -1.621492185205617E-005 -2.227904061313998E-005
 -3.389375767067083E-006  2.469428344394936E-007
         144  6.260743330621386E-005  4.431772428831960E-005
 -2.414323371363151E-005  1.096791312407977E-005
 -3.982360486885736E-006  1.225890852173521E-006
         145  5.866563922841470E-005 -6.060654441406682E-005
  6.519376058669278E-006  2.354772274184468E-005
 -3.411274428312219E-006  2.157273140443451E-006
         146 -5.448229613021427E-005 -7.572571367468287E-005
  2.153460769222702E-005 -3.933925434192956E-006
 -2.747201572813264E-006  2.040603386663889E-006
         147 -9.380452131334775E-005  4.119772100512026E-005
 -4.073698030726654E-006 -1.953202121525708E-005
 -3.033137517083059E-006  1.782320491542028E-006
         148  1.913177400368270E-005  1.087306425514036E-004
 -2.040219163910822E-005  6.673634979601859E-006
 -3.523434867379608E-006  2.454181828326229E-006
         149  1.154521693989294E-004  1.022271956132266E-005
  8.176437854181465E-006  2.623170288229716E-005
 -3.117394186147019E-006  3.491214902988117E-006
         150  4.221894557452211E-005 -1.103091374592812E-004
  3.460007759009762E-005 -3.895940573869029E-006
 -2.189294936127007E-006  3.728396380156122E-006
         151 -9.283061218918841E-005 -7.072663505087299E-005
  6.830144414639887E-006 -3.972790310898147E-005
 -1.927907990246408E-006  3.430465912297799E-006
         152 -9.038048999078244E-005  6.606472368140247E-005
 -3.802718419836310E-005 -1.948587610503671E-005
 -2.185176491387436E-006  3.726124220027911E-006
         153  3.531837632630337E-005  9.837961851595556E-005
 -2.944812617850579E-005  3.053920635849953E-005
 -1.888120539669556E-006  4.652104172078692E-006
         154  9.510167430819330E-005 -6.140860782392752E-006
  2.009711379069817E-005  3.537849232470491E-005
 -7.513124528890160E-007  5.128628927909872E-006
         155  1.733657265021361E-005 -8.342290930592312E-005
  3.713599638462267E-005 -8.376566107252668E-006
  1.016482262615745E-007  4.732516466697782E-006
         156 -6.718748685853849E-005 -3.327030251130333E-005
  2.748202239792766E-006 -3.384573164388968E-005
  2.246601441770770E-007  4.504254953081510E-006
         157 -4.196693418123933E-005  4.985539091023379E-005
 -2.639581911186117E-005 -1.004902453922727E-005
  5.461743009778662E-007  4.904989405909375E-006
         158  3.373365329929561E-005  4.495319300501192E-005
 -1.162738351615867E-005  1.890471345713168E-005
  1.600657087475018E-006  5.161694245922890E-006
         159  4.393660225218982E-005 -1.989546907365367E-005
  1.499273374636252E-005  1.009508115964871E-005
  2.749202812410744E-006  4.507140605824478E-006
         160 -8.617229389663122E-006 -4.024727039717562E-005
  9.626948676339082E-006 -1.405934499988424E-005
  3.036612779763311E-006  3.453168417395073E-006
         161 -3.483291364573918E-005  3.004364737550287E-008
 -1.297584326564649E-005 -1.110211632447211E-005
  2.784184378012326E-006  3.013250071159102E-006
         162 -5.699124136776631E-006  2.850824157674338E-005
 -1.249043337276965E-005  1.065277523602848E-005
  2.938030122849789E-006  3.092580661989618E-006
         163  2.230568533190376E-005  8.651064145438243E-006
  8.347552182106800E-006  1.313439798203415E-005
  3.593910603124913E-006  2.780433751433086E-006
         164  9.515484455420273E-006 -1.737065155037557E-005
  1.417944659895553E-005 -6.446755593388785E-006
  3.882587553105572E-006  1.903537359102032E-006
         165 -1.433457388465326E-005 -9.639156437165656E-006
 -3.547682679610969E-006 -1.558509216571963E-005
  3.513637421457105E-006  1.248510536168199E-006
         166 -1.060110041237107E-005  1.273373871878459E-005
 -1.572405244563118E-005 -5.113665547961276E-007
  3.187107156022496E-006  1.235185526561698E-006
         167  1.106559862046467E-005  1.325477796275883E-005
 -4.081767456812378E-006  1.419047805416774E-005
  3.437426478395142E-006  1.289790307595905E-006
         168  1.698305955748367E-005 -7.514702708827235E-006
  1.236311885310461E-005  6.646702586550262E-006
  3.806066774075111E-006  7.876081911763635E-007
         169 -1.136399803449737E-006 -1.986529639018729E-005
  9.711661174346279E-006 -1.044607429892031E-005
  3.598496900144075E-006  8.618917812283021E-008
         170 -1.968316642779814E-005 -7.330320512865878E-006
 -6.567296598162213E-006 -1.334441986493469E-005
  3.091713809632249E-006 -6.975208237891277E-008
         171 -1.572253703819048E-005  1.526592914108150E-005
 -1.472571941084512E-005  6.673124638533494E-008
  3.027692456550620E-006  1.447208702053093E-007
         172  7.248756712423680E-006  2.161263098890887E-005
 -6.265759900486365E-006  1.179282447361090E-005
  3.352708893951350E-006  1.355622681988600E-008
         173  2.355915497365192E-005  2.376954300463505E-006
  6.326546254401311E-006  9.204208264468980E-006
  3.384926425916000E-006 -4.987157265917543E-007
         174  1.153597803901672E-005 -2.166900840947061E-005
  8.657897575308822E-006 -1.598499134165559E-006
  3.028870175965078E-006 -7.318525468869908E-007
         175 -1.700952900460428E-005 -1.909357048693452E-005
  1.261822445474410E-006 -6.742661324873782E-006
  2.960540118099501E-006 -5.406608949406735E-007
         176 -2.488427107122850E-005  1.044788844308633E-005
 -4.658312734546332E-006 -2.841011065943156E-006
  3.391319214054616E-006 -6.223678546528872E-007
         177  2.055727862016363E-006  2.884004073849550E-005
 -3.326490564666739E-006  2.662579525016894E-006
  3.625871636770696E-006 -1.289345831872478E-006
         178  3.001979684627129E-005  8.270902347628779E-006
  1.482116634480530E-006  2.967351162001234E-006
  3.258215738226494E-006 -1.905357063817239E-006
         179  1.954409271052947E-005 -2.660625351367252E-005
  3.271100839667191E-006 -1.178594991455212E-006
  2.796694113464556E-006 -1.985838408472188E-006
         180 -1.733275341310007E-005 -2.903833198877874E-005
  4.061846637142517E-007 -4.818268989573840E-006
  2.763502384155521E-006 -1.894558315656207E-006
         181 -3.297278521417845E-005  3.316003459616099E-006
 -4.839897628884173E-006 -4.941427808361419E-006
  2.925851877989868E-006 -2.146152251226410E-006
         182 -1.146761590462212E-005  2.861292708947094E-005
 -9.592635099724292E-006 -2.280891109031924E-007
  2.845280488725406E-006 -2.557596360801141E-006
         183  1.651873472208221E-005  2.159935608387629E-005
 -9.188258579968490E-006  8.815895921341963E-006
  2.688903490498125E-006 -2.844724035955139E-006
         184  2.295602069258813E-005 -9.404395941474649E-007
  5.823830229455936E-007  1.586212018408269E-005
  2.638763525644760E-006 -3.195793153946387E-006
         185  1.212817884275447E-005 -1.518814583601545E-005
  1.498188552259032E-005  1.103451706608226E-005
  2.454246638029538E-006 -3.761838017419348E-006
         186 -2.096798714311388E-006 -1.797839643495042E-005
  1.988999035465574E-005 -6.444571908748824E-006
  1.911359884141378E-006 -4.280069409441506E-006
         187 -1.551267627509221E-005 -1.072189297406749E-005
  6.167022333704850E-006 -2.193036252909115E-005
  1.290250997475977E-006 -4.450780656418657E-006
         188 -1.901659558216072E-005  7.447970164174793E-006
 -1.579067033439292E-005 -1.820405189168140E-005
  9.105681542469914E-007 -4.535707864007850E-006
         189 -2.011310412405732E-006  2.176322764640442E-005
 -2.429836739928642E-005  2.713536682916708E-006
  5.290408792970115E-007 -4.825641131060786E-006
         190  2.076452564095015E-005  1.012286324240151E-005
 -1.174730925017834E-005  2.029642874554938E-005
 -1.752925824330717E-007 -5.195371890825224E-006
         191  1.688732237313940E-005 -1.835954473755947E-005
  7.608401741146440E-006  1.931215302434605E-005
 -1.174524792584572E-006 -5.164747705831065E-006
         192 -1.499081152367291E-005 -2.392137361793086E-005
  1.574773287713411E-005  5.646675191329172E-006
 -1.965138888066954E-006 -4.685308680148391E-006
         193 -3.207077122113976E-005  8.727676190217060E-006
  1.125804520729716E-005 -5.288834696796934E-006
 -2.397116093297436E-006 -4.130103941838111E-006
         194 -2.844952041601368E-006  3.949035217097996E-005
  3.692362179014586E-006 -8.136226736309313E-006
 -2.627954997981948E-006 -3.723559211579292E-006
         195  4.197262757767402E-005  2.007634275759025E-005
 -1.670356697047304E-006 -6.560369979365184E-006
 -2.908456013181968E-006 -3.418456860355588E-006
         196  3.985924661253192E-005 -3.545137266910950E-005
 -4.360555918665676E-006 -2.968111241995790E-006
 -3.180618780900104E-006 -2.994141950766730E-006
         197 -1.883908256562898E-005 -5.655363932731328E-005
 -3.990166357079421E-006  2.639677526256971E-007
 -3.221525963588779E-006 -2.633808240086433E-006
         198 -6.478880903164932E-005 -4.999896796127375E-006
 -3.109677927669376E-006  1.377694077546457E-006
 -3.341718254166302E-006 -2.563350255205197E-006
         199 -3.053840475574350E-005  6.225937831168778E-005
 -3.813187263569733E-006  3.191328195518568E-006
 -3.871986891309177E-006 -2.423423615499913E-006
         200  5.039650843327623E-005  5.241042616257377E-005
 -1.452676173252644E-006  8.299504956815980E-006
 -4.446721872835522E-006 -1.714296834670331E-006
         201  6.788171275095832E-005 -3.284523033056074E-005
  8.379574132278634E-006  8.656532816350736E-006
 -4.396372433432156E-006 -6.961277858228167E-007
         202 -1.302551410775806E-005 -7.718561428788914E-005
  1.381047995977411E-005 -4.226878750591046E-006
 -3.760443572293721E-006 -1.600327874804411E-007
         203 -8.178382965759764E-005 -7.635009029494175E-006
  1.334274325928214E-007 -1.529879995717504E-005
 -3.360514258355343E-006 -3.397525316135427E-007
         204 -2.951703042567886E-005  8.224665306867672E-005
 -1.631112137331547E-005 -2.206161600634000E-006
 -3.637876830843328E-006 -5.113649645838075E-007
         205  7.727742510270241E-005  5.290019092507863E-005
 -4.456327324627693E-006  1.995489415644326E-005
 -4.077922775295736E-006 -1.246990542785521E-007
         206  7.611605514215056E-005 -6.456283874040292E-005
  2.466598590517575E-005  1.080277615117676E-005
 -4.137902850273336E-006  5.210517232842989E-007
         207 -4.297897050730679E-005 -9.521515985273214E-005
  2.176380954142071E-005 -2.612745272857463E-005
 -3.967266597598841E-006  1.004067146029512E-006
         208 -1.054554253664858E-004  1.442486876747854E-005
 -2.157871115116122E-005 -3.435593226575036E-005
 -3.818479155957363E-006  1.436484796902658E-006
         209 -1.611129522826369E-005  1.037606751153134E-004
 -4.496453005921782E-005  1.050197111399159E-005
 -3.479463481798167E-006  1.941282217399253E-006
         210  9.061485509330721E-005  4.235683555347423E-005
 -6.290614670213732E-006  4.988006040245716E-005
 -2.851007591463961E-006  2.107932494311992E-006
         211  5.942828056464711E-005 -7.007693539220535E-005
  4.523143818448917E-005  2.524098548860820E-005
 -2.547300104714355E-006  1.694181765558592E-006
         212 -4.797266215097481E-005 -6.586427251415192E-005
  3.915687416940752E-005 -3.009920547001998E-005
 -3.120398112365040E-006  1.456704650371293E-006
         213 -6.387455753331615E-005  2.932392362664457E-005
 -1.004669814619349E-005 -4.153100285926926E-005
 -3.805003577825632E-006  2.325619134835126E-006
         214  1.641218506993336E-005  5.766926655246721E-005
 -3.232640460242895E-005 -5.654800652887951E-006
 -3.361991572178150E-006  3.728209789524163E-006
         215  5.105073026330051E-005 -8.417850122950250E-006
 -1.113879166860482E-005  1.807902557302656E-005
 -1.963417813642733E-006  4.279292635413474E-006
         216 -2.829008598836838E-006 -4.561715035891845E-005
  6.192972086629544E-006  7.071036207377968E-006
 -9.647650871486049E-007  3.687294396083416E-006
         217 -4.044944533930546E-005 -2.322704421534076E-006
 -2.268206321359206E-006 -8.880492190413250E-007
 -1.006985548845471E-006  3.128416565515178E-006
         218 -6.956592646847153E-006  3.344590523414232E-005
 -3.325228449016748E-006  1.199855137769631E-005
 -1.127674079710517E-006  3.385746278865120E-006
         219  2.361369956397266E-005  8.828260351167058E-006
  1.699573334542719E-005  1.208381566899423E-005
 -5.873430321739581E-007  3.678562490282567E-006
         220  4.998508627154906E-006 -1.255500684490675E-005
  2.195852528893481E-005 -1.374291880824755E-005
 -4.004742839677305E-008  3.320171820735855E-006
         221 -4.352607241148012E-006  5.754021572216260E-006
 -4.079551859237044E-006 -2.585472483937698E-005
 -2.298944373865692E-007  2.911597400969868E-006
         222  2.124677833595198E-005  3.793889495779475E-006
 -2.079009422132214E-005 -4.527674926859744E-006
 -5.818515506731426E-007  3.357429164324511E-006
         223  1.362835000219633E-005 -3.614467539832603E-005
 -5.169326607456857E-006  1.126330222929555E-005
 -1.895671188699019E-008  4.176739001823732E-006
         224 -4.404222220154544E-005 -3.240449602699105E-005
  5.300831606763813E-006 -2.693551944320581E-006
  1.217933777289441E-006  4.167653318826780E-006
         225 -5.453535650610805E-005  4.045646903443733E-005
 -1.371397273947066E-005 -8.027104058379531E-006
  1.900974023664809E-006  3.249868911991072E-006
         226  2.535441317221772E-005  7.260342289968593E-005
 -1.968539395371510E-005  2.105989593561178E-005
  1.641852875661016E-006  2.530328186439232E-006
         227  8.071683236701509E-005 -3.468765796499395E-006
  1.904405428700310E-005  3.672731671498126E-005
  1.340359288821758E-006  2.582296548193381E-006
         228  1.791699973453718E-005 -7.729097879549532E-005
  5.222039671565804E-005 -4.515603373830010E-006
  1.570683808958768E-006  2.731586028269304E-006
         229 -6.585015908559549E-005 -3.254149458259495E-005
  2.014496355242061E-005 -5.700756460654640E-005
  1.818128894187648E-006  2.506585330918131E-006
         230 -3.803822529766100E-005  5.314455379781460E-005
 -4.517199894641434E-005 -4.552901375882994E-005
  1.690506256931426E-006  2.390705294496769E-006
         231  4.552201076768046E-005  3.699057964434823E-005
 -5.977042469466643E-005  1.960482294351450E-005
  1.765238718698198E-006  2.815880377107840E-006
         232  3.556523536620179E-005 -4.572089029048556E-005
 -9.189768030437282E-006  5.651909769610062E-005
  2.627913942567405E-006  3.088152235723976E-006
         233 -5.151181675835159E-005 -4.024175268515782E-005
  3.804000714127939E-005  3.005083365252208E-005
  3.581616989331520E-006  2.378591267115766E-006
         234 -5.446918419854496E-005  5.654464499443050E-005
  3.625345686834425E-005 -1.208809226488535E-005
  3.549767878391325E-006  1.244605518489052E-006
         235  5.317508805295515E-005  7.682139861224657E-005
  1.186439610581489E-005 -2.610247654420806E-005
  2.809998147403718E-006  9.055523223858656E-007
         236  1.011403296255669E-004 -3.596190397210334E-005
 -3.224627722964835E-006 -2.424723944778370E-005
  2.590608205029960E-006  1.435237175141769E-006
         237 -4.203918173490616E-006 -1.185206049370814E-004
 -1.860044549963598E-005 -2.265558796080285E-005
  3.280862789168623E-006  1.740222135820717E-006
         238 -1.205990226746563E-004 -3.726228420309825E-005
 -3.865890030959364E-005 -3.349623607036360E-006
  4.037749818616157E-006  1.232647508952874E-006
         239 -7.914835111826097E-005  1.027715317137375E-004
 -3.107302556765123E-005  3.630046981895891E-005
  4.223996931332785E-006  4.686383121017289E-007
         240  6.623661565710320E-005  1.105184342780670E-004
  1.651948100563387E-005  5.164126684707521E-005
  4.200974005296958E-006  6.927080065695954E-009
         241  1.224869840708406E-004 -1.819612661457895E-005
  5.673226021412122E-005  1.242192282233239E-005
  4.385976337012933E-006 -4.604543551280883E-007
         242  3.004345178921107E-005 -1.114105981370072E-004
  4.020727808141134E-005 -4.423918973060728E-005
  4.447714589901913E-006 -1.282775179687830E-006
         243 -8.039298172284524E-005 -6.673182693661560E-005
 -1.726939633984084E-005 -5.704945973998253E-005
  3.971403567367338E-006 -2.106964262681243E-006
         244 -8.373264960509119E-005  3.843692076071751E-005
 -5.541356677352014E-005 -1.563849057623986E-005
  3.256453810058151E-006 -2.400332207036847E-006
         245 -2.749903519653971E-006  7.929193294717215E-005
 -4.160723043784091E-005  3.429205394951837E-005
  2.927325975206582E-006 -2.334238341227198E-006
         246  5.839111834041440E-005  3.299643789992050E-005
  2.285849569607600E-006  4.963018244180483E-005
  2.944963155898860E-006 -2.566005847359680E-006
         247  4.715197127217774E-005 -3.035181339243792E-005
  3.759046021048063E-005  2.661177955392606E-005
  2.637297360721054E-006 -3.165515472176079E-006
         248 -4.823224891354391E-006 -4.636176747422831E-005
  4.158368952720687E-005 -1.280420139147133E-005
  1.854997676844294E-006 -3.438723335777909E-006
         249 -3.664711169098367E-005 -1.189664239310636E-005
  1.391821332213283E-005 -3.945980059375550E-005
  1.296152762956579E-006 -3.160130850260499E-006
         250 -1.874327882397556E-005  2.551864326213952E-005
 -2.317761773841653E-005 -3.330681219251999E-005
  1.254631238532744E-006 -2.980222407157248E-006
         251  1.857349573536786E-005  1.931563205576017E-005
 -3.912001000480024E-005 -5.513028357656568E-007
  1.162814655918909E-006 -3.295103318896543E-006
         252  1.930729043706468E-005 -1.745855168946576E-005
 -2.222590061326952E-005  2.949150238614364E-005
  5.034591989653283E-007 -3.571049688185348E-006
         253 -1.977791243682755E-005 -2.346093759093318E-005
  9.236783212010871E-006  3.260150230184448E-005
 -2.210157842036720E-007 -3.186994819965953E-006
         254 -3.353161442748264E-005  2.073257153333668E-005
  2.805134718758604E-005  1.167898935180624E-005
 -3.190750598703364E-007 -2.557699864356582E-006
         255  1.555987700571196E-005  4.772267235645845E-005
  2.417945639347033E-005 -1.269627423834960E-005
 -2.492180604680140E-008 -2.375026744386693E-006
         256  6.150388814357822E-005 -1.571288392787290E-006
  5.581719541224622E-006 -2.482614942001174E-005
  2.712400945667093E-008 -2.606931198743839E-006
