   409.600000000000     
         256           1           3
  1.124309127438499E-002   38.9859916456660        111.894691257903     
   39.0000000000000        116.000000000000        6351.00000000000     
           0  0.000000000000000E+000  0.000000000000000E+000
  0.000000000000000E+000  0.000000000000000E+000
  0.000000000000000E+000  0.000000000000000E+000
           1 -2.137385651162906E-007  1.299090619396111E-007
 -2.632298834511241E-006  3.429946324464516E-008
  1.270143618635152E-006 -9.343420618352461E-008
           2 -1.025781862546107E-007  4.019094524167220E-007
 -2.914871885229689E-006  1.068339011063250E-007
  1.299911804214605E-006 -2.566941108200866E-007
           3  4.599060214628678E-007  5.526007569514784E-007
 -3.403035154262840E-006  6.210036849759518E-007
  1.239701722339855E-006 -4.596492702848123E-007
           4  1.199838989632556E-006 -2.091130658432251E-007
 -3.355589644080121E-006  1.767945496725459E-006
  1.087174927479004E-006 -5.916773784524731E-007
           5  5.523065239749766E-007 -1.858561318376664E-006
 -2.201849282029304E-006  2.458909903849840E-006
  9.576731024709510E-007 -6.254525812024750E-007
           6 -2.193444130787041E-006 -1.897744313154714E-006
 -1.356522793941406E-006  1.642133103009130E-006
  8.903305360140156E-007 -6.338321886091869E-007
           7 -3.649063991408957E-006  1.811023452390210E-006
 -2.549416767432829E-006  1.183084606673481E-006
  8.320630723239877E-007 -6.861204874310719E-007
           8  4.700849698079645E-007  5.349383263196511E-006
 -3.102507947604928E-006  3.806198522114362E-006
  7.060210277264902E-007 -6.861841843916869E-007
           9  6.435424281727704E-006  1.774549815122717E-006
  1.367397005694663E-006  5.737539849968211E-006
  7.044795685472584E-007 -4.985649107533659E-007
          10  4.419463586531373E-006 -6.541385014944512E-006
  6.173225842142430E-006 -1.028567912690020E-007
  1.040255372727265E-006 -4.584674159357369E-007
          11 -5.632045869916634E-006 -6.734373076334644E-006
  1.886544031047335E-007 -9.236114000562416E-006
  1.363166948472517E-006 -9.036164500390933E-007
          12 -8.221906741884147E-006  4.245221171308679E-006
 -1.423839414619201E-005 -5.578266781108447E-006
  1.197603817548999E-006 -1.613870697544014E-006
          13  3.327389041798224E-006  8.885020578704904E-006
 -1.603138821563890E-005  1.353047655293864E-005
  3.607992607438489E-007 -1.950687179534440E-006
          14  9.373412599341820E-006 -3.770408849826642E-006
  4.683515360457006E-006  2.305673849104068E-005
 -2.909248935951960E-007 -1.442694686194555E-006
          15 -5.742647694562936E-006 -1.084589145611596E-005
  2.159293681788905E-005  4.302207934911094E-006
 -8.655064736842772E-008 -7.746835477040558E-007
          16 -1.460954445246783E-005  8.648309498231664E-006
  6.955456780124822E-006 -1.702043193431641E-005
  5.454192697715036E-007 -8.814312744821906E-007
          17  1.123652484375011E-005  2.108885655950340E-005
 -1.513067653331667E-005 -6.024577972713565E-006
  4.871260356439090E-007 -1.613534273485021E-006
          18  2.968193816092032E-005 -1.196253756689462E-005
 -5.729113058080381E-006  1.389589705807683E-005
 -1.277408719204045E-007 -1.820457892230809E-006
          19 -1.010582334387216E-005 -3.887960926789886E-005
  1.066965598994321E-005  2.159330005706105E-006
 -4.547396375219844E-007 -1.595822396305151E-006
          20 -4.665773345684892E-005  6.393648260935387E-006
 -8.309105025481375E-006 -1.049818387170967E-005
 -6.530930877768995E-007 -1.610073944137586E-006
          21  2.852881885383208E-006  5.120208829310825E-005
 -1.952588408489677E-005  2.022322558338352E-005
 -1.232376002023795E-006 -1.506091050167418E-006
          22  5.189083616354285E-005 -2.128609473897344E-006
  2.475303952136779E-005  3.300150331997619E-005
 -1.485871260956950E-006 -5.656233942847449E-007
          23 -6.819565527884905E-006 -4.904567449238774E-005
  4.077362218403029E-005 -2.289694856106729E-005
 -5.441852454035648E-007 -1.086891449246651E-007
          24 -4.312476712793164E-005  1.777282572348939E-005
 -2.285305243638428E-005 -3.975397571172735E-005
 -1.493622468833293E-007 -1.060119470337225E-006
          25  3.345847778729544E-005  3.441302796983111E-005
 -3.464342666924064E-005  2.724203270731659E-005
 -1.175324596162872E-006 -1.425379011160400E-006
          26  2.239491592194394E-005 -5.027201197903501E-005
  3.121013131697268E-005  2.607277427428340E-005
 -1.564385704342447E-006 -4.247794681224174E-007
          27 -6.325613942627420E-005 -6.009905438476086E-006
  1.013826820325341E-005 -3.251666644119822E-005
 -8.324949177218505E-007 -2.480154689684605E-007
          28  1.502655681936971E-005  6.720391461435162E-005
 -3.422559444778228E-005  1.202411709105823E-005
 -1.116500589395352E-006 -7.528982397745823E-007
          29  5.852122216889258E-005 -3.843748485053305E-005
  3.133039263652244E-005  3.466157385214404E-005
 -1.536236027223534E-006 -4.636199509170133E-008
          30 -5.909923516894295E-005 -3.684291275498550E-005
  2.607348770918486E-005 -4.138269635716260E-005
 -7.178025941615277E-007  1.972318634319229E-007
          31 -5.612698172827782E-006  7.012267976338991E-005
 -4.401461684210259E-005 -5.696813067401169E-006
 -8.673997380902331E-007 -5.603789937072404E-007
          32  6.553952882775219E-005 -2.828552520128373E-005
  1.785247835216968E-005  4.097875431741328E-005
 -1.534534217997625E-006 -3.092029620942204E-008
          33 -5.629036525718003E-005 -4.345075945929256E-005
  2.846017431738255E-005 -3.447679487431035E-005
 -8.822668487831949E-007  4.072648538072472E-007
          34 -7.952729653161236E-006  7.077146725415005E-005
 -4.176519697013037E-005 -5.025938873280632E-006
 -9.025073194047038E-007 -1.945601527401291E-007
          35  6.761956643982163E-005 -3.152061686415100E-005
  2.092750691485481E-005  4.064282998552958E-005
 -1.425180817150348E-006  2.714984331549275E-007
          36 -6.333608955535776E-005 -4.765658677449974E-005
  2.892597418288187E-005 -3.882696370773081E-005
 -8.018752272904252E-007  5.870699568478586E-007
          37 -1.639074301447854E-005  7.789556715731330E-005
 -4.609742856097795E-005 -6.356685213924856E-006
 -9.080720762743829E-007  2.476509663340981E-008
          38  7.106709508930061E-005 -1.768879929984310E-005
  1.833354733398850E-005  4.461182484344680E-005
 -1.422426750804926E-006  5.519711198365977E-007
          39 -4.550402560033270E-005 -4.540333608993614E-005
  3.288665519434666E-005 -3.354708135931744E-005
 -7.843536093816762E-007  9.572152438280042E-007
          40 -8.981791884678865E-006  5.969777932837513E-005
 -3.694032873009376E-005 -9.408228290876885E-006
 -6.930452596963549E-007  4.834008471505990E-007
          41  5.667122038061155E-005 -2.764181579250675E-005
  1.886709440314965E-005  3.340359987039809E-005
 -1.032044493503849E-006  8.162033540672978E-007
          42 -5.534824192036328E-005 -3.722676726981665E-005
  2.477470436110933E-005 -3.961434092134155E-005
 -4.764834876052466E-007  1.045658176998263E-006
          43 -5.994598999681261E-006  6.872872083402127E-005
 -4.716055172686306E-005 -8.838288741524928E-006
 -4.935518768865764E-007  5.395052669900246E-007
          44  6.692897935429270E-005 -2.938413184201272E-005
  1.112009095398734E-005  4.438890044926089E-005
 -9.153718692638291E-007  9.110119755278031E-007
          45 -6.012576354791772E-005 -5.316455567162659E-005
  3.413834213388539E-005 -2.663103981822165E-005
 -3.987613727607757E-007  1.281213384694057E-006
          46 -3.299299991361798E-005  7.870541852731331E-005
 -3.368186030206248E-005 -1.523743224788308E-005
 -1.936674786054869E-007  8.959825012359906E-007
          47  8.077677973062333E-005  1.187689590305829E-005
  8.593254982997516E-006  3.564487156463041E-005
 -4.337600741845269E-007  1.041017301650287E-006
          48 -6.026278368290877E-006 -6.570918379441857E-005
  3.458349154224114E-005 -2.741020336466872E-005
 -3.910695795732635E-008  1.271649537253319E-006
          49 -3.714370358015545E-005  1.795853672489213E-005
 -3.446663740998602E-005 -2.634489030195741E-005
  1.798698957359895E-007  8.812753502543909E-007
          50  2.290701716921175E-005  2.016935244526161E-006
 -9.125363791539986E-006  3.310517504768796E-005
 -1.180018059586138E-007  8.650938364131936E-007
          51 -3.180799516123468E-005 -2.100894033529724E-005
  2.828211616169535E-005 -1.112213229644971E-005
  9.201472280584400E-008  1.121541175051170E-006
          52 -1.259789777222438E-005  5.776110059287417E-005
 -2.652655926938430E-005 -1.961400947734082E-005
  2.652374854514966E-007  8.569082975054393E-007
          53  7.176550322716182E-005 -1.852978717109024E-006
 -6.356817981751862E-006  3.654323499996969E-005
  3.211898057778503E-008  9.353383646311488E-007
          54 -2.086526685675358E-005 -7.332251648544052E-005
  4.244736066997181E-005 -6.724431606777530E-006
  3.458227109410561E-007  1.220539110673862E-006
          55 -6.556581055518287E-005  4.204179531953459E-005
 -1.420237557072643E-005 -4.085391530535030E-005
  6.972275576652406E-007  8.752021296947054E-007
          56  6.206280996936769E-005  5.326117433049702E-005
 -2.793572177042012E-005  1.830025841941808E-005
  4.537447405119255E-007  6.514292264441241E-007
          57  4.100216336574110E-005 -7.657064650444756E-005
  2.413447448545019E-005  8.638694607786717E-006
  4.453643304318529E-007  8.637594172807997E-007
          58 -8.129835205457448E-005 -3.201056269737911E-005
 -7.550571791301861E-006 -3.104106336724522E-005
  7.013528080840570E-007  7.479274361905844E-007
          59 -2.726555142198634E-005  7.391413372898043E-005
 -3.302621774719350E-005  1.717392341017246E-005
  5.371651757455552E-007  5.649451589216183E-007
          60  5.494312044615197E-005  2.535258854868120E-005
  2.246859064057918E-005  2.891644901975646E-005
  4.771892537464235E-007  8.477191807103315E-007
          61  2.414181099288355E-005 -2.779376765269968E-005
  2.228441957095476E-005 -2.333293717992586E-005
  8.769271872016190E-007  9.116895616014431E-007
          62  1.559272785122453E-006 -2.241067875303695E-005
 -1.668816209442886E-005 -1.343392578697819E-005
  1.059852857586094E-006  6.249647490207311E-007
          63 -2.050345742888481E-005 -2.641094954638889E-005
  1.465420555051937E-006  5.233263847485096E-006
  1.039429349480940E-006  4.768038336685326E-007
          64 -4.176636474380544E-005  2.045562683195628E-005
 -2.922675338839415E-006 -2.055920897590964E-005
  1.104213370197458E-006  3.375206391224825E-007
          65  2.521662112023916E-005  4.588822298478021E-005
 -3.443818515556057E-005  4.044625864993555E-006
  1.011402408607506E-006  1.614760233676490E-007
          66  4.041339375637325E-005 -3.688611883327406E-005
  3.766908551929917E-006  3.725999417056802E-005
  9.027477272161005E-007  2.574042209348914E-007
          67 -5.514422826572915E-005 -2.954310192428810E-005
  3.226325580861511E-005 -7.466345115238697E-006
  1.161326786120725E-006  3.408249240347834E-007
          68 -1.809574964344257E-005  7.703669216181461E-005
 -1.313178873652049E-005 -2.428510526983518E-005
  1.383316272610994E-006  1.080862478253354E-008
          69  9.777056111149614E-005  9.406128514952994E-006
 -1.273144713759317E-005  1.771358561745550E-005
  1.247863770294340E-006 -2.576589998714397E-007
          70  4.208073519113982E-006 -1.124415167281770E-004
  2.401373383574136E-005 -2.656181292204756E-006
  1.230998361265625E-006 -3.254515002780785E-007
          71 -1.177980488400455E-004 -8.609458466804471E-007
 -1.569973777281604E-005 -3.462165012861661E-005
  1.249434301922940E-006 -6.393610124805068E-007
          72  3.161961049259091E-006  1.133954671112816E-004
 -4.398095475834370E-005  1.973000410868592E-005
  8.630780552877568E-007 -8.795404201136420E-007
          73  1.017377788785990E-004 -9.770245572206058E-006
  1.691012183305324E-005  4.470436961679929E-005
  6.026776169896298E-007 -6.565002507847915E-007
          74 -1.941797649760233E-005 -8.687178516104417E-005
  3.736858907605366E-005 -1.506903939501078E-005
  7.660241055560611E-007 -5.344487780136758E-007
          75 -7.255415713972396E-005  3.085444417381892E-005
 -1.586354459105572E-005 -2.838148821127260E-005
  8.373919176839749E-007 -8.022050212379021E-007
          76  4.172555588757546E-005  6.116449445273860E-005
 -2.041059070308244E-005  1.546642994662470E-005
  5.639020120703449E-007 -9.849269370755419E-007
          77  5.359134264782939E-005 -5.009249402151591E-005
  1.340632333808418E-005  1.079005107302805E-005
  3.688912036352903E-007 -8.701213593498725E-007
          78 -5.531888032909861E-005 -4.912069376579429E-005
  2.589080069332723E-007 -1.394118911468149E-005
  3.532671143117468E-007 -8.429317007814815E-007
          79 -4.658424468410464E-005  5.750862963075121E-005
 -1.758986033710903E-005  6.043879677010381E-006
  2.326078882490146E-007 -8.796541761798571E-007
          80  5.749953864899338E-005  4.546274077256498E-005
  5.919941082276125E-006  1.976028928425912E-005
  1.332035793900469E-007 -7.767259597265427E-007
          81  4.547528379639720E-005 -5.645570332382349E-005
  1.859092251832367E-005 -3.848779076727668E-006
  1.766023652298088E-007 -7.051632743789016E-007
          82 -5.506154932184975E-005 -4.597016525581041E-005
 -2.231309589789654E-006 -1.754639373983143E-005
  2.127452929279515E-007 -8.031089188697779E-007
          83 -4.611108475558235E-005  5.344513766436866E-005
 -1.911591432373361E-005 -1.821046665853082E-006
  6.833607659878758E-008 -9.104089618287663E-007
          84  5.229486780993430E-005  4.481349361517449E-005
 -9.850244412205663E-006  1.959002845535362E-005
 -1.281109645997852E-007 -8.261245565251705E-007
          85  4.059624696553878E-005 -5.275399935362235E-005
  1.624232734418890E-005  1.725174959112782E-005
 -1.493638666183949E-007 -6.459671992860950E-007
          86 -5.577506015301344E-005 -3.274445463747557E-005
  1.934013500187110E-005 -1.195374321053766E-005
 -9.649998889005211E-009 -6.019186948878733E-007
          87 -2.203029392336642E-005  6.196947488592777E-005
 -1.099006755069391E-005 -1.768578302345357E-005
  2.232192473910346E-008 -7.562344656797528E-007
          88  7.123617909942401E-005  9.963022862978703E-006
 -1.495269766778120E-005  1.226473278995537E-005
 -1.523225565517814E-007 -8.228696842688208E-007
          89 -2.099109119019969E-006 -8.187601295547227E-005
  1.332553296308429E-005  1.020042265153479E-005
 -2.235152989310109E-007 -7.178929010950841E-007
          90 -9.111976484377144E-005  1.313350532364869E-005
  1.668037508784710E-006 -1.606032877607968E-005
 -1.942808019089703E-007 -7.345539060156944E-007
          91  2.308667893688746E-005  9.667688880236452E-005
 -2.255196190386385E-005  7.110154884926228E-006
 -3.106442062502423E-007 -7.895246395964949E-007
          92  9.728961751238190E-005 -3.305251131626427E-005
  1.203390994793630E-005  2.926075962031649E-005
 -4.104753205132985E-007 -6.741739465307720E-007
          93 -4.389685093192083E-005 -9.274913135512829E-005
  3.033671715926789E-005 -1.495357958323279E-005
 -3.111262531865402E-007 -6.198160920954338E-007
          94 -8.412078217239795E-005  5.516579512886430E-005
 -2.097552044510206E-005 -2.664153750673468E-005
 -3.333871593160617E-007 -8.072664089318416E-007
          95  6.538267845101158E-005  7.291820623943220E-005
 -2.297782845954498E-005  3.010037795557031E-005
 -6.188452711405483E-007 -8.063550753747916E-007
          96  5.968652708425693E-005 -7.245460586239123E-005
  3.746782836640814E-005  2.029301501160543E-005
 -6.557300351093657E-007 -5.516123376360447E-007
          97 -7.413639194673079E-005 -4.395636328724906E-005
  1.525493905060171E-005 -4.175117171286935E-005
 -4.863190934575015E-007 -6.158931661544134E-007
          98 -2.512699171493958E-005  6.933591625864295E-005
 -4.531454661709809E-005 -8.254314827159338E-006
 -6.954301626823242E-007 -8.413357761118490E-007
          99  5.869266376840574E-005  2.965709576253401E-006
 -3.276583812593305E-006  4.722608452273533E-005
 -1.055735372431564E-006 -6.500216781017272E-007
         100 -2.172737129292499E-005 -4.368971596204365E-005
  4.198849219707008E-005  1.751784923244988E-007
 -1.011485606013125E-006 -3.307787015629359E-007
         101 -2.576704424787306E-005  4.656830252464475E-005
 -6.408106429980761E-006 -2.935366390331561E-005
 -9.078314309264359E-007 -3.629929902785942E-007
         102  6.832499349532189E-005  5.814754583395202E-006
 -1.617929953728285E-005  1.833914210609179E-005
 -1.096657814404255E-006 -3.509771090111508E-007
         103 -1.619942029992839E-005 -8.415566578819798E-005
  2.945037679477237E-005  6.902192118178711E-006
 -1.167907652276110E-006 -1.085142264652004E-007
         104 -9.230960048468955E-005  4.080815856847890E-005
 -1.956893434248315E-006 -3.438537127913053E-005
 -1.096467989839502E-006 -1.693970709019437E-008
         105  6.804096213532731E-005  9.245100219999096E-005
 -3.555657331919191E-005  1.425240615121747E-005
 -1.207994698883639E-006  5.583642016850138E-008
         106  8.530409590782835E-005 -9.677327723858933E-005
  2.722398587983255E-005  3.661731835279700E-005
 -1.222306887364380E-006  3.709720542262802E-007
         107 -1.245634125565689E-004 -7.187848241311456E-005
  3.497561524767735E-005 -3.670988489644737E-005
 -9.463679187963103E-007  5.066666176707833E-007
         108 -5.303868785529115E-005  1.482624175982067E-004
 -4.457270786088433E-005 -2.707606640150498E-005
 -9.107884427262459E-007  3.711699673236973E-007
         109  1.651565415049322E-004  2.913048667450950E-005
 -1.632509659162267E-005  5.455189872050783E-005
 -1.091711059497583E-006  5.419657293139124E-007
         110  2.182216570791419E-007 -1.733224930059131E-004
  6.347345511334497E-005  8.305589280158314E-006
 -8.679832341434548E-007  8.879260660771173E-007
         111 -1.719794001843439E-004  3.289816355403846E-005
  2.252597496893287E-006 -6.461309337532333E-005
 -5.221912073224125E-007  7.592210469829826E-007
         112  6.845393210561383E-005  1.616326502338381E-004
 -5.810620805424595E-005  7.428212426940601E-006
 -6.567002087877734E-007  5.706342999377718E-007
         113  1.434339665496632E-004 -1.040430145503007E-004
  2.101275288382181E-005  4.949256846357146E-005
 -7.629251259483679E-007  8.379566843370520E-007
         114 -1.367814971389871E-004 -1.184246299825939E-004
  4.044327432562397E-005 -3.304741062818742E-005
 -4.562768221518442E-007  9.963140503778902E-007
         115 -8.789843311030838E-005  1.635170953829547E-004
 -4.146173067709830E-005 -2.721508880912169E-005
 -3.297728411045712E-007  7.953539404934955E-007
         116  1.820093208924186E-004  5.360090605881388E-005
 -9.874309573781878E-006  4.978194119427213E-005
 -4.743921304351749E-007  8.438201672610364E-007
         117  1.716424905027614E-005 -1.909798322104898E-004
  5.862748382501166E-005 -6.136810277520080E-006
 -2.815130901639104E-007  1.074580069341487E-006
         118 -1.897224984988729E-004  1.964094311109888E-005
 -1.758113053973808E-005 -6.235878598420163E-005
 -2.743287651087876E-008  8.687833483969474E-007
         119  5.477145705233372E-005  1.783254904215596E-004
 -5.819156963103432E-005  2.771217591000156E-005
 -2.471831541205791E-007  7.306671802580294E-007
         120  1.581244640316247E-004 -8.636076345782999E-005
  3.876855728913045E-005  4.990303870976432E-005
 -2.941382567219212E-007  1.067358926955830E-006
         121 -1.132558346115688E-004 -1.311280736930119E-004
  4.100528426951013E-005 -4.684406115495895E-005
  9.147833095690968E-008  1.160970748628703E-006
         122 -9.968462271586871E-005  1.340817178194592E-004
 -4.894298292546434E-005 -2.878054545954807E-005
  2.057012380193405E-007  8.906520419545807E-007
         123  1.474442866502839E-004  6.692460670056672E-005
 -1.152552927882520E-005  4.879903631565859E-005
  6.217858205239572E-008  9.246246550548766E-007
         124  3.566162075236240E-005 -1.527021997841359E-004
  5.108778434214118E-005 -5.630095895898575E-006
  2.517926487924824E-007  1.106882998898961E-006
         125 -1.498105807157293E-004 -7.439873735772801E-006
 -1.637477078752572E-005 -5.269418318984431E-005
  4.969501084478115E-007  9.183280304241421E-007
         126  1.713502163971120E-005  1.393145222164946E-004
 -4.847296615947423E-005  2.154412153821288E-005
  3.816704171760846E-007  7.705380830413903E-007
         127  1.232259735009543E-004 -3.770091824066812E-005
  2.600181991233001E-005  3.946333999975390E-005
  3.716659294610085E-007  9.433766373738171E-007
         128 -5.450902064475491E-005 -1.047624924775175E-004
  3.066564044308446E-005 -2.954722010529816E-005
  6.469892794869597E-007  9.717336202369216E-007
         129 -8.674049677287631E-005  6.746365501748711E-005
 -2.899440386064979E-005 -2.206895141252695E-005
  7.758501664220636E-007  7.529870174172215E-007
         130  7.555364062747988E-005  7.134175710368731E-005
 -1.089376018038044E-005  2.584434814161534E-005
  7.214566654202563E-007  6.880662121114285E-007
         131  5.979645155642446E-005 -7.795934146767422E-005
  2.578530619465387E-005 -2.131042092697087E-007
  8.399032815352095E-007  7.144140565374887E-007
         132 -7.499462035426785E-005 -5.175749072810730E-005
 -4.546370428834052E-006 -2.831586416329401E-005
  9.906902053391249E-007  5.420083427954001E-007
         133 -4.584890678674386E-005  6.798962972430684E-005
 -2.704239261886377E-005  9.667149489999448E-007
  9.421136527719938E-007  3.592855500664310E-007
         134  5.947044215350415E-005  4.109353232349652E-005
 -4.025085682925039E-006  1.977130161899542E-005
  8.762817460639900E-007  3.353356152972613E-007
         135  3.700113550064731E-005 -5.267084002247874E-005
  1.206817897192327E-005  6.230385089055011E-006
  9.229449452720330E-007  3.413966308587215E-007
         136 -4.991184218273937E-005 -3.367595261145767E-005
  7.970748842773394E-006 -8.013674721226462E-006
  1.017758489033588E-006  2.690828152550696E-007
         137 -3.165569718786466E-005  5.187770030309158E-005
 -5.567559952097196E-006 -1.114276515425704E-005
  1.061920441598917E-006  1.269148762890896E-007
         138  5.771966406915167E-005  3.107797586541685E-005
 -1.212439292326443E-005  3.599061315699801E-006
  1.023437165695958E-006  6.426336474864519E-009
         139  3.095804256779645E-005 -6.559204035086930E-005
  6.306342567665631E-006  8.995371099152897E-006
  9.977130529708949E-007 -3.320588263727620E-008
         140 -7.361989745397417E-005 -2.934313547513225E-005
  6.635817999528890E-006 -1.602355817661608E-005
  1.048855204260595E-006 -1.112994161707455E-007
         141 -2.388566428801624E-005  8.083965660865841E-005
 -2.717142894644491E-005 -9.251026433439759E-006
  1.018211541269884E-006 -2.731003746999534E-007
         142  8.732073442659938E-005  1.272614909828186E-005
 -1.280115793298337E-005  3.323749247081435E-005
  8.895151390106659E-007 -3.142591492172875E-007
         143 -4.617345773832902E-006 -9.373644341554289E-005
  3.555028830453814E-005  1.107539674887267E-005
  9.154463725889208E-007 -2.500172095085586E-007
         144 -1.006720614606142E-004  2.712874555490033E-005
  4.754879853716131E-006 -3.882274034294110E-005
  1.044941900147275E-006 -3.713780863569935E-007
         145  5.271074234691989E-005  1.078192687382010E-004
 -4.208301854664713E-005  1.874234907684629E-006
  9.657218685661365E-007 -5.783596722608513E-007
         146  1.139352798420307E-004 -7.877436183944582E-005
  9.720172725603019E-006  4.127491416980935E-005
  8.517780349417932E-007 -5.726957620805360E-007
         147 -1.032458695083962E-004 -1.174615990377475E-004
  3.826706204263427E-005 -2.232372567975560E-005
  9.520997881732160E-007 -6.034053669214466E-007
         148 -1.168842881236222E-004  1.250900386285992E-004
 -3.714592089552332E-005 -3.849459347066112E-005
  9.500983487592313E-007 -8.669955397011279E-007
         149  1.439149002234364E-004  1.113116560453249E-004
 -4.081761732918321E-005  4.692254721914884E-005
  7.012386017363054E-007 -9.864969797240871E-007
         150  1.010000878249042E-004 -1.595478578873140E-004
  5.077119714975540E-005  3.849399640999407E-005
  6.365204758820136E-007 -8.626470156317254E-007
         151 -1.719696433491488E-004 -8.713550312264035E-005
  2.994568021270502E-005 -5.476434313130569E-005
  8.033347644597146E-007 -9.866368873991224E-007
         152 -7.094451856214784E-005  1.808804564058360E-004
 -6.098927289381824E-005 -2.127347074250858E-005
  6.659216003553145E-007 -1.345683513320622E-006
         153  1.854027495845124E-004  5.367665909259891E-005
 -1.516807953618069E-005  6.397516283149874E-005
  3.061883702183448E-007 -1.394849437223432E-006
         154  3.652545000083660E-005 -1.849020787083090E-004
  6.098096692967655E-005  6.909812708247014E-006
  2.138957102896626E-007 -1.276828271262604E-006
         155 -1.793026627722230E-004 -2.010735491164732E-005
 -6.382721398022534E-006 -5.743915327139292E-005
  2.092511642945258E-007 -1.434972798101360E-006
         156 -4.653001878377375E-006  1.688222274897368E-004
 -5.721826459179071E-005  1.862613630908988E-005
 -1.356237207802017E-007 -1.610308637722037E-006
         157  1.540597478695152E-004 -9.330624858570938E-006
  2.433225926570316E-005  5.588348215305815E-005
 -4.758122363504491E-007 -1.409978553082650E-006
         158 -2.124065688031745E-005 -1.364198957175658E-004
  4.797037455470863E-005 -2.729018116292880E-005
 -4.937899612210604E-007 -1.234105564920797E-006
         159 -1.173678192844935E-004  3.086135633283926E-005
 -3.346878506277760E-005 -3.717872740131691E-005
 -5.856981804498079E-007 -1.292534263615630E-006
         160  3.784625025168465E-005  9.810582285816341E-005
 -3.015383535431373E-005  4.039025728814466E-005
 -8.763873763040499E-007 -1.206785811775381E-006
         161  7.992547242828187E-005 -4.204828296035372E-005
  4.172245109161219E-005  2.596784352587997E-005
 -1.003274809168885E-006 -9.089623159875757E-007
         162 -4.395931088503300E-005 -6.384776019381460E-005
  1.837182433934443E-005 -3.834375277892995E-005
 -9.144515972684081E-007 -7.606995673070990E-007
         163 -5.033214038931873E-005  4.440485898345079E-005
 -3.645093723450660E-005 -7.986841652512249E-006
 -9.717997347288463E-007 -7.623601283511709E-007
         164  4.414613554932815E-005  3.975382127860217E-005
 -9.794258892881179E-007  3.698100878023879E-005
 -1.107644675657287E-006 -6.013354515216700E-007
         165  3.259854125905259E-005 -4.416514228421389E-005
  3.447101127325054E-005 -1.469439117602976E-006
 -1.065439608879399E-006 -3.946411536602266E-007
         166 -4.536488339136766E-005 -2.897366073338740E-005
 -4.777110667995656E-006 -2.819314395037035E-005
 -9.850582297286011E-007 -3.481995124110615E-007
         167 -2.861540904594256E-005  4.806853676548354E-005
 -2.413829669523655E-005  1.070068786779264E-005
 -1.035952468147674E-006 -3.195547497023309E-007
         168  5.222058814594479E-005  3.082186361442150E-005
  1.407322194737086E-005  2.511657133591291E-005
 -1.078477976371944E-006 -1.726675023440705E-007
         169  3.409295894377571E-005 -5.761345064854171E-005
  2.605335395132976E-005 -1.200212724939045E-005
 -9.911169835179878E-007 -4.165178029253771E-008
         170 -6.396075026587429E-005 -3.620316446931024E-005
 -8.884150882742218E-006 -2.322794314531243E-005
 -9.112105218091322E-007 -4.802059942437026E-008
         171 -3.486107801584422E-005  7.104279344373473E-005
 -1.979117004043011E-005  8.894531456559624E-006
 -9.633672064161056E-007 -5.908498167822861E-008
         172  7.884856724874140E-005  2.839828950785612E-005
  9.692165711854364E-006  1.865787987488058E-005
 -1.023913088710317E-006  5.404968247332641E-008
         173  1.628074717001620E-005 -8.725985898756692E-005
  1.664275556547946E-005 -8.980910896741756E-006
 -9.702782289417288E-007  1.703611503342088E-007
         174 -9.558921377653180E-005  7.462466522798446E-007
 -1.071017511126317E-005 -1.094560970657079E-005
 -9.273206773266691E-007  1.902500501058705E-007
         175  2.101395281123160E-005  1.022187137366890E-004
 -5.780659181498566E-006  1.870241972286632E-005
 -9.626344889763872E-007  2.451847392877443E-007
         176  1.046886287569374E-004 -4.264325205344912E-005
  2.882123145511944E-005  6.201816052392290E-006
 -9.295672230649404E-007  3.671532524398297E-007
         177 -6.420105988531169E-005 -1.003899251096722E-004
  9.512154181058389E-006 -3.442899285798983E-005
 -8.348093054933441E-007  3.836285084766165E-007
         178 -8.754432618842916E-005  8.507877819543951E-005
 -3.582595113900618E-005 -9.410268765902642E-006
 -8.861440228783014E-007  3.431093485583451E-007
         179  1.051289317391569E-004  6.591811781608413E-005
 -5.353305186051293E-006  3.734776021440733E-005
 -9.923335732783547E-007  4.815905274244181E-007
         180  3.715836386158103E-005 -1.237543919871273E-004
  3.844372754392565E-005  8.984180027505524E-007
 -9.068975966545365E-007  6.678777821334044E-007
         181 -1.394059924659948E-004 -4.508257804651920E-006
 -4.997144894156612E-006 -3.565558447496984E-005
 -8.054209286717744E-007  6.726634386413468E-007
         182  2.848147107562344E-005  1.497256484468585E-004
 -3.104375110139321E-005  1.621011966583348E-005
 -8.848651297268767E-007  7.131559377026737E-007
         183  1.519357950705805E-004 -5.924052057211881E-005
  2.985703089586611E-005  3.046719087364377E-005
 -8.766546328836649E-007  9.596969986488694E-007
         184 -8.637598061799094E-005 -1.438846086632112E-004
  3.299693284674840E-005 -3.752152400915067E-005
 -6.492621837017009E-007  1.090938028161255E-006
         185 -1.254577633704194E-004  1.095087614734481E-004
 -3.720612714806170E-005 -3.067424093067932E-005
 -5.559433103833738E-007  1.031147413753094E-006
         186  1.287569788936761E-004  9.860182303627567E-005
 -1.995993455654918E-005  3.595784512998622E-005
 -6.022144392165795E-007  1.137800373853857E-006
         187  6.641573998886354E-005 -1.434908544164499E-004
  3.801200609773950E-005  6.448394764641479E-006
 -4.538436532101050E-007  1.355646011363328E-006
         188 -1.516786413530553E-004 -3.232847335975788E-005
 -4.860679425793385E-006 -3.972004507846038E-005
 -2.145342696830391E-007  1.393565980455860E-006
         189  7.417232710188662E-007  1.510216333610662E-004
 -3.816999582266722E-005  1.639864020174083E-005
 -1.090611190823647E-007  1.391256848730201E-006
         190  1.402658221920635E-004 -3.169816792847745E-005
  2.964164075225080E-005  3.716066821643496E-005
  5.262300923684921E-008  1.524745257216464E-006
         191 -6.073685797875849E-005 -1.195234942320778E-004
  3.899518149644616E-005 -3.850434424458777E-005
  3.961651287453042E-007  1.512290876057652E-006
         192 -9.108058787386321E-005  8.789851564073803E-005
 -3.804128147964443E-005 -3.755062504276468E-005
  5.795600633365708E-007  1.292749290276548E-006
         193  1.127133978852511E-004  5.893035648811058E-005
 -2.608299034476389E-005  3.407180510754867E-005
  5.943236355291270E-007  1.210327366848819E-006
         194  2.677308516138838E-005 -1.339442853228912E-004
  3.492199338079112E-005  8.570723575146137E-006
  7.583588326009091E-007  1.223744422520219E-006
         195 -1.492733589828122E-004  3.191249203178430E-006
 -5.005082144100291E-006 -3.990414904157728E-005
  9.653456094400004E-007  1.043659316947081E-006
         196  2.985385330525743E-005  1.567050731393625E-004
 -4.190970322380653E-005  1.255350958361822E-005
  9.670721198263535E-007  8.413807145339341E-007
         197  1.562652101283341E-004 -5.331384893191005E-005
  1.902413072792057E-005  3.933354000954260E-005
  9.753195957112612E-007  8.174962249921143E-007
         198 -7.411056453276475E-005 -1.497330293541060E-004
  3.664620124505209E-005 -2.528096626232059E-005
  1.131382880460538E-006  7.289244465998530E-007
         199 -1.400243087939328E-004  9.190884578130879E-005
 -2.705974286204860E-005 -3.442194518701363E-005
  1.182927716593093E-006  5.045853194632928E-007
         200  1.054255197467971E-004  1.302248071719831E-004
 -2.778812921436987E-005  2.517731601876310E-005
  1.103477643466390E-006  3.897763200598087E-007
         201  1.221598609820277E-004 -1.133687218302507E-004
  2.617046033678086E-005  1.700343327572477E-005
  1.141560136771315E-006  3.790573255828867E-007
         202 -1.150726909493424E-004 -1.156519219576766E-004
  1.015118912527195E-005 -3.189225964087705E-005
  1.247093588714000E-006  2.209092955748122E-007
         203 -1.094971474434164E-004  1.111466068862289E-004
 -3.539972061443410E-005 -1.140977491667924E-005
  1.176091607751692E-006  1.278606080105610E-008
         204  1.038210082988280E-004  1.025737134986511E-004
 -1.524863063911704E-005  3.167211349929819E-005
  1.054724500439438E-006 -1.731546462404505E-008
         205  9.469631734950152E-005 -9.607188016350066E-005
  2.505939911239417E-005  1.570488971079610E-005
  1.092374821024210E-006  3.794150285413169E-009
         206 -9.036590648495700E-005 -8.690967413798855E-005
  1.464612098214300E-005 -2.161618064819885E-005
  1.186749108112811E-006 -1.105009396556421E-007
         207 -8.079240153890602E-005  8.777194485527861E-005
 -2.048783333071359E-005 -1.550155850291379E-005
  1.171138789188276E-006 -3.017945894033560E-007
         208  8.771143129963369E-005  7.720548396164580E-005
 -1.596243361562326E-005  1.904265429809499E-005
  1.062907715768795E-006 -4.118254902721478E-007
         209  7.546816067366186E-005 -8.857845658214463E-005
  2.057840410310316E-005  1.306771904604149E-005
  1.016855367321748E-006 -4.335856493206172E-007
         210 -8.886739472855094E-005 -7.332966765273463E-005
  1.074760266583884E-005 -2.868890736920534E-005
  1.054726025114980E-006 -5.299111754702595E-007
         211 -6.800496366957160E-005  8.807349436465582E-005
 -3.833777872686990E-005 -1.466051820666586E-005
  9.860918508244481E-007 -7.202570733447710E-007
         212  8.705316125105803E-005  5.764546663557016E-005
 -2.190692043411640E-005  4.101454430556467E-005
  8.101271082718485E-007 -7.910269280121222E-007
         213  4.225367123488818E-005 -8.745601216549720E-005
  3.623524720829056E-005  2.370633358093549E-005
  7.463680511023436E-007 -7.583241832645652E-007
         214 -9.033562989810956E-005 -2.380052023757993E-005
  1.718449944489304E-005 -3.061099529661171E-005
  7.722609409085197E-007 -8.353072163636129E-007
         215 -5.645719985467583E-006  9.511661807678076E-005
 -2.705302449421012E-005 -6.764669596422338E-006
  6.783277306734211E-007 -9.972985377331530E-007
         216  9.953380807859817E-005 -8.950109094336728E-006
  5.466469250069568E-006  2.311733668576069E-005
  5.032476259659280E-007 -1.046738912791485E-006
         217 -1.828769017557426E-005 -1.001310472527944E-004
  1.908166659711159E-005 -2.181244486591702E-005
  4.176734928846011E-007 -1.047290370461434E-006
         218 -9.342590865159615E-005  2.253643691610727E-005
 -3.986531410944079E-005 -1.975903423460927E-005
  3.041672125262366E-007 -1.122929281264565E-006
         219  2.318527187522196E-005  7.762123161668725E-005
 -2.543333022130704E-005  5.116021420775102E-005
  1.115192035875305E-007 -1.098832841820754E-006
         220  5.353201791884796E-005 -2.240751740444498E-005
  5.151905389879108E-005  2.837225310990643E-005
  5.197595024335663E-008 -9.858005375833674E-007
         221 -2.192753239572114E-005 -2.403489507500269E-005
  2.263571913665331E-005 -4.623977253075443E-005
  7.194503945181425E-008 -1.014828349533738E-006
         222  6.728568650558308E-006  2.196116027454638E-005
 -4.125641259031400E-005 -1.119121302354009E-005
 -6.383349407067368E-008 -1.100861646153209E-006
         223  2.146723163314112E-005 -3.448951331142006E-005
  1.013862646722466E-006  3.609706596891501E-005
 -2.317422442351432E-007 -1.020418649817870E-006
         224 -5.630408441996038E-005 -1.878289278661077E-005
  2.898553388313738E-005 -1.486601722403810E-005
 -2.434398329610271E-007 -9.309650285654562E-007
         225 -1.214716975170753E-005  7.108696850501047E-005
 -3.143001079664333E-005 -2.333822346146193E-005
 -2.859999256982743E-007 -9.778709615160516E-007
         226  7.909028718842196E-005  4.714277672494404E-007
 -2.289941580470248E-005  4.531879935928566E-005
 -4.471240397695947E-007 -9.473658880887006E-007
         227 -1.583954995566836E-005 -8.129882078781359E-005
  5.025645667579922E-005  2.398466437578684E-005
 -5.023152861411468E-007 -8.041067604471539E-007
         228 -7.908930572003060E-005  3.495562798512102E-005
  2.003389809868967E-005 -4.777963966508105E-005
 -4.522412182297198E-007 -7.814165875208748E-007
         229  5.424090916104554E-005  7.356926076659653E-005
 -4.361728802410057E-005 -1.109605873056232E-005
 -5.340845115869538E-007 -8.452575649800944E-007
         230  6.527539505658604E-005 -7.061878903645493E-005
 -2.082259769818675E-006  3.864902923844691E-005
 -6.743687582064573E-007 -7.717867918625309E-007
         231 -8.112539386669426E-005 -5.446881230898022E-005
  3.016683513129299E-005 -6.785921103691984E-006
 -6.891925124815986E-007 -6.736122790958044E-007
         232 -4.141513913064036E-005  8.376711096347558E-005
 -1.899875958740644E-005 -2.007174756314390E-005
 -7.191501032078273E-007 -6.843630720249145E-007
         233  7.792084256812109E-005  2.615745765359066E-005
 -1.456171373454963E-005  3.260652019616413E-005
 -8.463912209256455E-007 -6.401720069828405E-007
         234  8.801148672191338E-006 -6.408966884484653E-005
  4.039582452204438E-005  1.470264327405380E-005
 -8.983209168913528E-007 -5.104894378147350E-007
         235 -4.394297895178179E-005  1.005896577610176E-005
  1.496133843829660E-005 -3.983806259900087E-005
 -8.804398185113715E-007 -4.650328750334797E-007
         236  2.922695480635510E-005  2.010427317039919E-005
 -3.533832073330535E-005 -1.249809961284647E-005
 -9.603848363492376E-007 -4.765459400644496E-007
         237 -4.426560704683167E-006 -4.683939003320792E-005
 -1.088142031495302E-005  2.924581249793278E-005
 -1.099387639163087E-006 -3.877262558466821E-007
         238 -6.032860014303869E-005  2.686796557180281E-005
  1.840060038824602E-005  1.139484067464891E-005
 -1.173029049143530E-006 -2.350271274268243E-007
         239  4.504819832269662E-005  6.682873839471987E-005
  8.588671867876678E-006 -2.268459025050732E-006
 -1.203854816463771E-006 -9.295652763651046E-008
         240  6.404203210953162E-005 -5.784007116637094E-005
  1.201604992166498E-005  7.433014885220819E-007
 -1.217576958753098E-006  5.286324248090845E-008
         241 -6.547848230083882E-005 -5.090837259279912E-005
  1.100313361758222E-005 -1.790325480325859E-005
 -1.200931219159178E-006  1.857946790068893E-007
         242 -2.805095855910652E-005  6.921967876516144E-005
 -1.752710927894138E-005 -1.551175382220981E-005
 -1.203279513555255E-006  3.056422256635140E-007
         243  7.076632743384156E-005 -2.034230746634533E-006
 -1.524697335896693E-005  1.592227473668863E-005
 -1.200447956530320E-006  4.849158699038040E-007
         244 -3.536449192824456E-005 -7.149394407108234E-005
  1.187887037223839E-005  1.401537964350540E-005
 -1.100438408194879E-006  6.784540037822862E-007
         245 -7.182752117804849E-005  6.713748733834876E-005
  9.896620182107304E-006 -1.932829017470091E-006
 -9.620013928655949E-007  7.952800799664438E-007
         246  9.270913688808326E-005  7.110862826123902E-005
  1.012166705334070E-005  1.458675233522984E-006
 -8.372108417921225E-007  8.966627546996034E-007
         247  6.776609852388252E-005 -1.085883647117072E-004
  1.726247514840335E-005 -1.643147121809449E-005
 -6.571606237380686E-007  9.765162602108665E-007
         248 -1.128868955646492E-004 -5.992901147665790E-005
 -1.576185510220433E-005 -2.886012001771035E-005
 -4.883789134234988E-007  9.418308860633063E-007
         249 -4.641593124570456E-005  1.056282527890118E-004
 -3.269319427668523E-005  1.366851862768557E-005
 -4.403047444172250E-007  9.080221451545610E-007
         250  8.872879104374121E-005  2.713508747795820E-005
  1.284222038863746E-005  3.214004902914989E-005
 -3.697747927222492E-007  9.732488402700157E-007
         251  3.159277043424012E-006 -6.518142555846078E-005
  2.857430800374928E-005 -1.046652558002463E-005
 -2.063226070655033E-007  9.873102226240859E-007
         252 -3.818513384856218E-005  2.307886002561413E-005
 -6.232893602355001E-006 -1.841111308396584E-005
 -1.019931417263643E-007  9.032712759069782E-007
         253  4.811391219178784E-005  1.083390344279005E-005
 -1.360562492155988E-006  5.318170220510326E-006
 -7.592130979211067E-008  8.711673470744837E-007
         254 -1.445410083240383E-005 -6.832982618925796E-005
  1.066801014604780E-005 -1.603731687569068E-005
  6.661518559289074E-009  8.738776486078874E-007
         255 -8.038864867075562E-005  3.643766797997236E-005
 -2.814731340400383E-005 -1.794016375040893E-005
  8.003442011410124E-008  7.970038861990304E-007
         256  5.490812618579674E-005  8.163731266860431E-005
 -2.241914740584142E-005  3.580848385038048E-005
  5.861981802336804E-008  7.601802137335465E-007
