   409.600000000000     
         256           1           3
  1.124309127438499E-002   38.7190369140469        112.628086802475     
   39.0000000000000        116.000000000000        6351.00000000000     
           0  0.000000000000000E+000  0.000000000000000E+000
  0.000000000000000E+000  0.000000000000000E+000
  0.000000000000000E+000  0.000000000000000E+000
           1 -3.690733413458613E-007  1.519352568590876E-007
 -3.861474627710018E-006  1.932488499292773E-008
  1.161980161435143E-006 -4.530462543647288E-008
           2 -3.430264722528161E-007  4.707322452219524E-007
 -4.161280162189351E-006 -3.211950339748253E-009
  1.207648448645713E-006 -1.160027704002405E-007
           3  5.393425173020821E-008  9.176520850538117E-007
 -4.907807274444831E-006  2.609496473280992E-007
  1.258710114812486E-006 -2.435422466182836E-007
           4  1.127540540868593E-006  9.638673169669121E-007
 -5.749150464728387E-006  1.456310321442863E-006
  1.245322214879308E-006 -4.273831719004882E-007
           5  2.300500376808253E-006 -4.089075330195529E-007
 -5.477841199746636E-006  3.539267302528894E-006
  1.127330576804471E-006 -5.871166586630064E-007
           6  1.560250175520879E-006 -3.175172247149223E-006
 -3.405098505229496E-006  4.916361510274774E-006
  9.690125091038269E-007 -6.092756384831580E-007
           7 -2.511180172834480E-006 -4.439548165891947E-006
 -1.239383098574039E-006  3.844346934841828E-006
  9.372975604758781E-007 -5.399593492054497E-007
           8 -6.993221982107132E-006 -4.775103198780508E-007
 -1.831154510885749E-006  1.784675415733679E-006
  1.037693873907396E-006 -5.594776740962401E-007
           9 -5.553906386253033E-006  7.466620917270133E-006
 -4.408639720218184E-006  2.737967867937409E-006
  1.116732742478478E-006 -7.079272329374064E-007
          10  4.394981138009653E-006  1.104695240253215E-005
 -3.803892507253599E-006  7.403685523203611E-006
  1.068710222864303E-006 -9.172787783440099E-007
          11  1.445944660141651E-005  2.363407276504571E-006
  3.455414106238431E-006  9.478697711219859E-006
  9.343363327541224E-007 -9.985816936356572E-007
          12  1.100454505343909E-005 -1.359468902328139E-005
  1.102381020395956E-005  1.064713043822611E-006
  1.019746838430674E-006 -9.895528098758105E-007
          13 -7.866351478867999E-006 -1.848577716037139E-005
  5.144220308900600E-006 -1.384814028117274E-005
  1.178627167397345E-006 -1.306470042701905E-006
          14 -2.205937058374085E-005 -1.142720470540590E-006
 -1.689863746366208E-005 -1.621990279854512E-005
  1.039487016618410E-006 -1.926019334245188E-006
          15 -1.037626950227822E-005  2.093242492971338E-005
 -3.319397490680250E-005  8.064010191856644E-006
  2.858261900407771E-007 -2.349465939843572E-006
          16  1.658038038325802E-005  1.724456594190717E-005
 -1.616901160463467E-005  4.031164785833247E-005
 -5.821124902072146E-007 -2.006230061146816E-006
          17  2.147346028607513E-005 -1.196348113530247E-005
  2.686984387005664E-005  4.058445405864964E-005
 -8.555825824906324E-007 -1.202308710249959E-006
          18 -9.179478627750653E-006 -2.508574977536640E-005
  4.857141238260394E-005 -2.797755026927163E-006
 -2.504723631008266E-007 -6.159002978920431E-007
          19 -3.117637261224334E-005  7.468605731790180E-006
  1.575060922645880E-005 -4.219965577510043E-005
  4.674735791485392E-007 -1.064984294201650E-006
          20  3.460793112018639E-006  4.141869111177757E-005
 -3.323177071422105E-005 -2.511314089067241E-005
  1.927806944545336E-007 -2.009505223557903E-006
          21  5.413575363811162E-005  6.634321020647689E-006
 -3.069455503500449E-005  2.549910647381614E-005
 -8.596381162341378E-007 -2.247879129766562E-006
          22  2.432757067563017E-005 -6.451587809133595E-005
  1.752863062711989E-005  3.128929800898818E-005
 -1.538065261896379E-006 -1.413802057016003E-006
          23 -6.781427067671868E-005 -4.715513874625112E-005
  2.429649919388439E-005 -1.523007323552730E-005
 -1.133130524855158E-006 -8.055879743620888E-007
          24 -6.893325245831121E-005  6.242811287290135E-005
 -2.652604640139425E-005 -1.829889791861696E-005
 -9.716991461035900E-007 -1.147141761912737E-006
          25  5.129638727392784E-005  8.334178756322326E-005
 -2.687396068840127E-005  4.453643738775984E-005
 -1.622406583058321E-006 -1.079733462438815E-006
          26  8.748302141172033E-005 -4.094780944446953E-005
  5.249941958605144E-005  4.791446947919725E-005
 -1.746571728283310E-006 -9.404168654111812E-008
          27 -3.791845096875854E-005 -8.337586289584266E-005
  6.440842449067882E-005 -4.516911799240723E-005
 -7.229953316477050E-007  2.325929996516460E-007
          28 -7.634327185437919E-005  4.498863864033831E-005
 -3.502214205513373E-005 -6.624244167883300E-005
 -3.619711357623365E-007 -7.404105272975616E-007
          29  5.969614274481683E-005  7.160187320572762E-005
 -5.919560078947827E-005  3.279839460604418E-005
 -1.367135613244436E-006 -1.070376065054640E-006
          30  7.086154635194791E-005 -7.627385038203473E-005
  3.666170187933854E-005  5.098696448116983E-005
 -1.739543849357822E-006 -1.114658519854899E-007
          31 -8.906400286585938E-005 -7.138432093262911E-005
  4.052498083007468E-005 -4.279483435579688E-005
 -9.597575256083737E-007  1.651310652923442E-007
          32 -6.822695797200707E-005  9.563344740475557E-005
 -5.385927726964720E-005 -2.765143197497256E-005
 -1.002754949008649E-006 -5.151852362879811E-007
          33  9.747662873295708E-005  5.763363396726923E-005
 -1.964829957535834E-005  6.936141353233007E-005
 -1.818620710055713E-006 -1.916306780156353E-007
          34  3.938100915015595E-005 -9.804080088444163E-005
  7.891227607245046E-005  1.982665745620171E-005
 -1.466307895088925E-006  7.444104091201763E-007
          35 -9.978583288548194E-005 -1.660916747285812E-005
  1.862322187753763E-005 -7.533690109094664E-005
 -6.605659661475372E-007  4.362184548978680E-007
          36  6.460057198170820E-006  1.024822132131662E-004
 -6.614347198471206E-005 -6.431228882610683E-006
 -1.101515773433295E-006 -1.584751266563503E-007
          37  1.038489675586618E-004 -2.704021152539704E-005
  1.166043843922670E-005  6.236056317740626E-005
 -1.635716359106436E-006  4.805530601033311E-007
          38 -4.480774541349092E-005 -1.018228403757270E-004
  6.272754305061688E-005 -2.458879755896162E-005
 -1.010733553418793E-006  1.007008624463773E-006
          39 -9.639174766864604E-005  6.087307594717438E-005
 -3.222893846214249E-005 -5.844801910251144E-005
 -6.626384718465433E-007  4.856848460903480E-007
          40  7.565976627424969E-005  8.952340097921444E-005
 -4.956447136904705E-005  4.169639720494144E-005
 -1.226879756345386E-006  4.228435006966663E-007
          41  8.338625954537801E-005 -8.739762245228122E-005
  5.287381682758177E-005  4.337551213182036E-005
 -1.212646226706680E-006  1.148382924560884E-006
          42 -9.305854693516308E-005 -7.843250732559868E-005
  4.020495003309952E-005 -5.842736144626918E-005
 -4.789240156884546E-007  1.180776411633590E-006
          43 -7.210196439538761E-005  9.079465158210210E-005
 -5.849076695470672E-005 -3.331830830541150E-005
 -5.135674376877923E-007  6.129705181255881E-007
          44  8.158827253100427E-005  6.029682851125323E-005
 -2.241203082863414E-005  5.997709614818675E-005
 -1.028610988105949E-006  8.824084702188004E-007
          45  4.042188022557418E-005 -6.981330453907103E-005
  6.373178263814444E-005  1.548302680191846E-005
 -6.920312106384637E-007  1.462641765025184E-006
          46 -6.150510362385482E-005 -1.359832685053929E-005
  1.291471063058203E-005 -6.173170105688921E-005
 -1.159148780902304E-007  1.272309481771018E-006
          47  1.549540972316435E-005  6.121607101955743E-005
 -5.235826478366217E-005 -5.945642954941943E-006
 -2.500318420276111E-007  9.324854033267433E-007
          48  6.912172952024233E-005 -4.053308092500527E-005
  9.615525824950779E-006  4.613767552849855E-005
 -4.342201993930103E-007  1.222545956537930E-006
          49 -5.642416758395132E-005 -8.154084460056556E-005
  4.981178619627065E-005 -2.436320440152394E-005
  4.393033769374687E-008  1.455371901073806E-006
          50 -9.320515013798192E-005  6.232844367014070E-005
 -2.975609151885470E-005 -5.726396250942365E-005
  3.441642102566537E-007  1.021297397970283E-006
          51  6.149900420749552E-005  1.000588310798867E-004
 -5.920640464313856E-005  2.872559018877187E-005
 -1.009293423723289E-008  8.199941565054805E-007
          52  1.015054662184439E-004 -5.855221121337517E-005
  2.762486408533660E-005  5.717820753904554E-005
 -9.043365156892600E-008  1.201669717851454E-006
          53 -5.623428638384742E-005 -1.004950618901617E-004
  5.456603696966917E-005 -2.601353989273801E-005
  3.693425829213342E-007  1.356693934324952E-006
          54 -1.007349509307326E-004  5.386795157766268E-005
 -2.170491452521107E-005 -4.830954198035729E-005
  5.966242356611720E-007  9.743041348841257E-007
          55  4.759252648169354E-005  1.029670456781169E-004
 -3.548728509769490E-005  2.132844900150049E-005
  3.564796954281827E-007  8.385681582024255E-007
          56  1.037992655105018E-004 -3.342167355277199E-005
  3.063007898414285E-005  2.430741506178720E-005
  3.972624383512178E-007  1.090456422984995E-006
          57 -1.154890546505331E-005 -9.681662538883917E-005
  2.530687249939447E-005 -4.321294222790127E-005
  7.281057584764028E-007  1.045759531050818E-006
          58 -7.615906330214601E-005 -1.198850944566455E-005
 -4.572988925858104E-005 -3.500766450406497E-005
  7.821861880100437E-007  7.360082798351010E-007
          59 -2.732797136662375E-005  4.107565174073877E-005
 -4.045652318280113E-005  3.661823634469596E-005
  5.697433138444713E-007  6.973515870608057E-007
          60 -1.578631613852415E-006  2.545929594318052E-005
  2.583932325120591E-005  3.528331040360422E-005
  6.192047096243080E-007  9.530694311176662E-007
          61  3.150975854720907E-006  3.973049750108169E-005
  2.467744295708575E-005 -1.999894872285930E-005
  9.649856533389379E-007  9.297829671642929E-007
          62  6.187004175760355E-005  3.399639211481827E-005
 -1.855953765535319E-005 -1.224101352001313E-005
  1.062961337023457E-006  6.868700867456586E-007
          63  7.370259996969763E-005 -6.263409600378741E-005
  2.081125768199141E-006  2.315625106453831E-005
  1.042704522680344E-006  6.526909292016016E-007
          64 -4.580479291175677E-005 -1.034396669204081E-004
  3.861270355022678E-005 -1.273317466497372E-005
  1.255744877048708E-006  6.484738063867456E-007
          65 -1.169375755555072E-004  2.220040576582137E-005
 -8.411960290811399E-006 -5.917426531292527E-005
  1.475363503880829E-006  3.234882980112226E-007
          66  3.242443519786330E-006  1.170385824570567E-004
 -6.887886169577741E-005 -1.134554443771256E-005
  1.300183897807990E-006 -3.279388606665671E-008
          67  1.132465129306084E-004  5.891687299772020E-006
 -3.019291516576519E-005  5.950503774684761E-005
  1.041400183777057E-006  1.909749987946958E-008
          68  8.870723204567213E-006 -1.151388346227394E-004
  4.183775223650940E-005  3.374549290964377E-005
  1.191768325741822E-006  2.015799886716095E-007
          69 -1.256408327817080E-004 -1.521165068180992E-005
  2.492994712947184E-005 -3.139817408871899E-005
  1.513014051451081E-006 -2.283693547037356E-008
          70 -3.346230495454711E-005  1.388233948437865E-004
 -3.126829375024474E-005 -1.536153342790218E-005
  1.463527540672401E-006 -4.622150047266449E-007
          71  1.435374290098276E-004  6.489382879399176E-005
 -9.975840228284234E-006  3.608512204388417E-005
  1.194554235642240E-006 -6.021632855371721E-007
          72  1.019717272831375E-004 -1.306384165037916E-004
  4.398397043425874E-005  8.963577402775781E-006
  1.155855725080179E-006 -5.880803989636781E-007
          73 -9.908262155229371E-005 -1.322515405226259E-004
  1.663212642768309E-005 -5.384127756403675E-005
  1.217483038743883E-006 -8.112517336324959E-007
          74 -1.455010003383646E-004  5.660111740729131E-005
 -5.635877093292801E-005 -3.520621355929518E-005
  9.685602153508147E-007 -1.137283027699000E-006
          75  1.530338107630601E-005  1.395011118705161E-004
 -5.477659387461097E-005  4.193836224372313E-005
  5.428748615918773E-007 -1.146460258143577E-006
          76  1.205014413134918E-004  1.491962702879838E-005
  1.623802125708717E-005  5.955901377033102E-005
  3.420717986745213E-007 -8.886075696381915E-007
          77  3.129841898908637E-005 -9.845279896882792E-005
  4.726345020335908E-005  4.557055645442225E-006
  4.499037195988979E-007 -7.190787991064674E-007
          78 -8.119909453564524E-005 -3.857897110973042E-005
  1.174915910319226E-005 -3.022646504790017E-005
  5.523537155822226E-007 -8.362365862968231E-007
          79 -4.425219548080923E-005  7.090628381327819E-005
 -1.829263247272707E-005 -1.098217096586806E-005
  4.471767129904293E-007 -9.957413043854345E-007
          80  6.385212864840119E-005  5.351000518357660E-005
 -8.485690299267635E-006  1.065923415546876E-005
  2.662540180771343E-007 -1.025586112079527E-006
          81  6.701502659900920E-005 -5.435920414002498E-005
  5.365602025012104E-006  4.383922731350471E-006
  1.231045325076639E-007 -9.643473561939905E-007
          82 -3.897247787812672E-005 -8.153353418297454E-005
 -6.428452084596698E-007 -5.905060291912321E-006
  7.867352972183608E-008 -8.878420376041945E-007
          83 -9.263006979888679E-005  1.783869624972976E-005
 -1.172063287406340E-005  2.381035079013172E-007
  5.355263367726667E-008 -8.748272690739039E-007
          84 -6.751011902827292E-006  9.756842876935140E-005
 -8.341547488470563E-006  1.500350801749577E-005
 -1.408659012961314E-008 -8.625195289350190E-007
          85  9.608295551866069E-005  3.195423771017844E-005
  9.803033441500848E-006  1.835303224546477E-005
 -6.321462270697721E-008 -8.151570298125380E-007
          86  5.560079928495811E-005 -8.867983566064278E-005
  2.362896274955126E-005 -2.119772738263219E-007
 -4.215930813130922E-008 -7.574167840860193E-007
          87 -7.574290358448608E-005 -7.644349622903287E-005
  8.996633357258929E-006 -2.584712563688098E-005
  1.770976713390005E-008 -8.293915885297630E-007
          88 -9.306911681306892E-005  5.817838248055848E-005
 -2.785508682084847E-005 -2.037634625435085E-005
 -8.860623153598110E-008 -9.920344605056980E-007
          89  3.813836199967833E-005  1.034302554648470E-004
 -3.634738749510139E-005  2.413374340514310E-005
 -3.379045868633097E-007 -9.811772779509801E-007
          90  1.065893362013161E-004 -1.897680638710761E-005
  9.595877942949491E-006  5.022290676383103E-005
 -4.765124360383827E-007 -7.570185787036332E-007
          91 -4.555470016365533E-006 -1.046410653283863E-004
  5.254525926087825E-005  1.024661033644279E-005
 -3.240043317014251E-007 -5.743916394262161E-007
          92 -1.021169580915817E-004 -2.947740316451618E-006
  2.465964277998594E-005 -4.458862880914645E-005
 -1.267528229296071E-007 -7.197620700000822E-007
          93 -5.473904966989755E-006  1.038926432133567E-004
 -3.454260938117907E-005 -3.087172359434880E-005
 -2.567078373937073E-007 -9.804591435166034E-007
          94  1.126722457905618E-004  8.530434785100861E-006
 -3.304483488858295E-005  2.647184179046606E-005
 -5.617770968128149E-007 -9.952640938576305E-007
          95  1.795338524528119E-005 -1.269298510871581E-004
  1.920477885373546E-005  3.145547221291014E-005
 -6.948833406474232E-007 -7.920415704888506E-007
          96 -1.413054272612207E-004 -3.679246938316517E-005
  2.456205017449335E-005 -1.593510239283924E-005
 -6.191754370413927E-007 -7.209073242288700E-007
          97 -6.399164492821523E-005  1.498613705186520E-004
 -2.189160208784602E-005 -1.739993629019252E-005
 -6.961942437748721E-007 -8.495419073196120E-007
          98  1.493578406371614E-004  9.517541383746737E-005
 -1.932410281575467E-005  3.320465076369525E-005
 -9.540671150567571E-007 -8.014443574772898E-007
          99  1.254482393010452E-004 -1.398818455956781E-004
  3.905388757989526E-005  2.963258739769558E-005
 -1.050106153062704E-006 -5.650634295977849E-007
         100 -1.234629586417993E-004 -1.523579936075473E-004
  3.833759634249724E-005 -3.657094512516046E-005
 -9.691796768422789E-007 -4.867252265647109E-007
         101 -1.758527237024359E-004  1.019902600960329E-004
 -3.462013617149443E-005 -4.133855530109177E-005
 -1.069145388354451E-006 -5.866457945286239E-007
         102  7.551254104838550E-005  1.962006990185553E-004
 -4.660373219854400E-005  3.763425710574547E-005
 -1.383677651444635E-006 -4.485205578588427E-007
         103  2.120340973296424E-004 -4.295156229078484E-005
  3.825951050375086E-005  6.005904727101429E-005
 -1.463037407821995E-006 -3.178310267465356E-008
         104 -4.490819489191539E-006 -2.198960604257536E-004
  7.515217062592219E-005 -2.907701707961608E-005
 -1.197066120390749E-006  2.064180374623364E-007
         105 -2.159364919563213E-004 -3.674141341528611E-005
 -1.343069721450516E-005 -8.349018018458759E-005
 -1.050295469822204E-006  7.923466307300688E-008
         106 -7.504691923795869E-005  1.987402969404866E-004
 -8.602791513850258E-005 -2.311193882208568E-006
 -1.274425447586359E-006  2.275007473656859E-008
         107  1.708178150847368E-004  1.045033455029071E-004
 -1.917885670950235E-005  8.573198111336493E-005
 -1.489127609465071E-006  3.658556452558841E-007
         108  1.218796831198767E-004 -1.378510734774504E-004
  7.813321526867957E-005  3.872075889750655E-005
 -1.289986874832378E-006  8.027385633265546E-007
         109 -1.061392932806168E-004 -1.278555716234590E-004
  5.286187070537387E-005 -5.891963829206098E-005
 -8.890389437516076E-007  8.612225221548220E-007
         110 -1.259544732084259E-004  7.959421701202431E-005
 -3.624157291344284E-005 -5.176192511877775E-005
 -7.763435408918572E-007  6.679563460965781E-007
         111  5.859892889112803E-005  1.206473446462303E-004
 -3.899351901958073E-005  2.292758907849433E-005
 -9.073576795895256E-007  6.864856010086821E-007
         112  1.149666839689255E-004 -4.133074995050481E-005
  2.105170250577728E-005  2.757445340244634E-005
 -8.808847488198054E-007  9.160921750832468E-007
         113 -2.539763209236455E-005 -1.094133087063461E-004
  2.219176125120776E-005 -2.188895081689993E-005
 -6.487111184211816E-007  1.017699926322447E-006
         114 -1.028119495216326E-004  9.184943444942692E-006
 -2.167591559537270E-005 -1.807956648556537E-005
 -5.251996585557017E-007  9.534458182033580E-007
         115 -7.478176341756301E-006  9.386290094616235E-005
 -1.377071937084868E-005  2.457920496714359E-005
 -5.163140625674558E-007  9.666367914954765E-007
         116  8.160173097122149E-005  2.326127216407655E-005
  3.010341063297036E-005  1.523611749445003E-005
 -4.313966445574353E-007  1.058353158329201E-006
         117  3.673923421690602E-005 -6.543155122812962E-005
  2.260911421239073E-005 -3.023060680276276E-005
 -2.651045298551276E-007  1.071308468670317E-006
         118 -4.582771060036816E-005 -4.665491796409081E-005
 -2.186467150687784E-005 -2.695093436753022E-005
 -1.945691198736586E-007  9.782663157822122E-007
         119 -5.176610907106710E-005  2.400533024476172E-005
 -2.260766282817052E-005  1.346210157592569E-005
 -2.392579501998095E-007  9.813866085231406E-007
         120  1.586747672783625E-006  5.145307353118418E-005
  1.125410935715927E-005  1.496699146091908E-005
 -1.883254392266190E-007  1.104085320231075E-006
         121  4.646045431815676E-005  1.965203165063526E-005
  1.029937241444127E-005 -1.184277584886253E-005
 -5.289381870464640E-008  1.157475600000678E-006
         122  3.816247763656566E-005 -3.835915319499467E-005
 -1.092565837406312E-005 -5.772540042677033E-006
  6.287583739251494E-008  1.161385534407904E-006
         123 -2.855201593387437E-005 -5.422453303721176E-005
  1.351935496266243E-006  1.249175552566624E-005
  1.698262211753542E-007  1.182703202232791E-006
         124 -6.947569971169635E-005  1.799933636251087E-005
  1.969743205419195E-005 -5.946506793102475E-006
  3.346131905525285E-007  1.189314483007307E-006
         125  5.866055664502485E-006  8.500109567186894E-005
 -2.843659089365996E-006 -2.552868259407531E-005
  4.816102116220942E-007  1.083717638726930E-006
         126  1.003079121579130E-004  1.026391327531568E-005
 -2.270554689564912E-005 -8.498138860794772E-007
  5.155462240641182E-007  9.952924384137662E-007
         127  3.220100576426996E-005 -1.131966297291038E-004
  4.821241682549451E-006  1.628333320093680E-005
  5.696432670025996E-007  1.002738860127517E-006
         128 -1.202602534218413E-004 -5.880288641658497E-005
  1.831529764400480E-005 -1.758042909859700E-005
  7.165651386410645E-007  9.684634354144970E-007
         129 -8.662982842726762E-005  1.189615406255173E-004
 -2.621140906802537E-005 -3.005859749030505E-005
  8.153694321417242E-007  8.144642999443867E-007
         130  1.103413177731655E-004  1.114562413890335E-004
 -4.291738227730881E-005  2.641317069680174E-005
  7.502240341914705E-007  7.261636711890724E-007
         131  1.305330247521522E-004 -9.830141609006158E-005
  2.306348609548033E-005  5.208588744278262E-005
  7.820415202585600E-007  8.368184464950974E-007
         132 -8.703556195120503E-005 -1.448188259965554E-004
  6.036084574451084E-005 -1.783989095449336E-005
  1.048568584104952E-006  8.324236969022745E-007
         133 -1.584471255800416E-004  7.824901592807616E-005
 -8.283410941198537E-006 -6.672040940896867E-005
  1.234084447546581E-006  5.643033455482997E-007
         134  6.984242375301537E-005  1.755185355316949E-004
 -6.545517189481928E-005 -2.488024245672705E-006
  1.143040342086345E-006  3.139824781565197E-007
         135  1.969409531759924E-004 -5.682411030531428E-005
 -5.214802377987294E-006  5.900588019205586E-005
  1.040572298595303E-006  3.244126819872987E-007
         136 -3.484010194304687E-005 -2.195379903548199E-004
  5.940378241141464E-005 -4.482446031990557E-007
  1.183880115495832E-006  3.326606217304551E-007
         137 -2.374314267000106E-004  3.339557547680405E-006
 -2.113541104817653E-006 -7.174798654103787E-005
  1.309430147181596E-006  7.625402916272730E-008
         138 -3.413292615792865E-005  2.455514551920045E-004
 -8.560738764859113E-005 -9.429005794917444E-006
  1.127551452492257E-006 -1.821405354641789E-007
         139  2.426116290854664E-004  7.199786161637706E-005
 -2.844085061226961E-005  8.956757347426342E-005
  8.928601822466961E-007 -9.948014019515603E-008
         140  1.059243062659994E-004 -2.311898451807397E-004
  8.464481440738133E-005  4.481182614939778E-005
  1.006827748833494E-006  9.651533003835007E-008
         141 -2.152472341723220E-004 -1.350803530101891E-004
  5.727887488769086E-005 -7.716679640664235E-005
  1.296026669874238E-006 -3.713443627440168E-008
         142 -1.615049589910618E-004  1.970706354668725E-004
 -6.722590300461904E-005 -6.825777483803146E-005
  1.294955128917793E-006 -4.009808688177277E-007
         143  1.755869285553377E-004  1.873814794314052E-004
 -7.417022406191497E-005  5.362963960671711E-005
  1.037616992272705E-006 -5.223678923102659E-007
         144  2.123619395194252E-004 -1.476332857452550E-004
  4.286735667511588E-005  7.220674235821969E-005
  9.879328257262271E-007 -3.895461940139475E-007
         145 -1.110656475036091E-004 -2.326178747679852E-004
  7.004940273985143E-005 -4.125746122659782E-005
  1.190023501863982E-006 -4.511768745980073E-007
         146 -2.426009507113459E-004  6.723469954004140E-005
 -4.202906767278726E-005 -7.747650324957140E-005
  1.214862910279452E-006 -7.862117157611827E-007
         147  2.137957684776395E-005  2.384759078911798E-004
 -9.061142991257316E-005  3.280498023460410E-005
  9.347068681520698E-007 -9.785555985466644E-007
         148  2.206833420784979E-004  1.913496904614330E-005
  1.332736107298799E-005  9.659535258461830E-005
  7.532973557822755E-007 -8.505519970126015E-007
         149  4.821800492670402E-005 -1.938049856233446E-004
  9.183173709513789E-005  4.864516686769294E-006
  9.002175366936174E-007 -7.870484789584006E-007
         150 -1.648222182042523E-004 -6.389001333918383E-005
  1.677991167087795E-005 -8.401919439612951E-005
  1.028606581914924E-006 -1.045914455406744E-006
         151 -6.847767588161839E-005  1.403459427789259E-004
 -7.696941844643427E-005 -2.747596061663616E-005
  8.612311816193466E-007 -1.368171788297501E-006
         152  1.240531775189849E-004  6.686389558719780E-005
 -3.812411899552608E-005  6.558398058059589E-005
  5.707441024347331E-007 -1.459090039160653E-006
         153  6.443142342275921E-005 -1.158615682676435E-004
  5.045364016753034E-005  4.137962015003470E-005
  4.421888762068334E-007 -1.435277020352459E-006
         154 -1.134070809700241E-004 -6.533144991743937E-005
  3.602045056379656E-005 -4.167986566410659E-005
  3.732110871438567E-007 -1.549940344301217E-006
         155 -7.115668433041455E-005  1.137128459138246E-004
 -4.379203454959344E-005 -3.357677817330117E-005
  1.502265845715351E-007 -1.731036800031735E-006
         156  1.139811707037948E-004  8.167533696307793E-005
 -4.189839681406809E-005  4.601864122773847E-005
 -2.132860041892057E-007 -1.757077193068631E-006
         157  9.612349991193838E-005 -1.124301161929496E-004
  3.841764207465778E-005  5.337549265776073E-005
 -4.837693437234073E-007 -1.571857173069098E-006
         158 -1.081740627700363E-004 -1.136946142962153E-004
  5.685112814325978E-005 -2.568562026270548E-005
 -5.511376740376454E-007 -1.436345048286631E-006
         159 -1.335405156440736E-004  1.002388572296672E-004
 -1.732292663848029E-005 -5.522564218171180E-005
 -6.682096966006314E-007 -1.445434213367230E-006
         160  8.714652733030627E-005  1.548957430439988E-004
 -5.688341902449849E-005  1.146092150266544E-005
 -9.291932657601551E-007 -1.387867497373342E-006
         161  1.762640456993547E-004 -6.763063598317585E-005
  4.110503621396665E-007  6.013474033458007E-005
 -1.156472675754602E-006 -1.134035406063676E-006
         162 -4.095588198787473E-005 -1.948296179353089E-004
  5.645657322648129E-005  1.310843959456637E-005
 -1.153787780337966E-006 -8.461353078180513E-007
         163 -2.073581885036383E-004  7.701624333443463E-006
  1.982134791670065E-005 -4.753765132373546E-005
 -1.068912990004393E-006 -7.485845714771957E-007
         164 -2.941980318101180E-005  2.112329996494441E-004
 -4.318990451269067E-005 -2.010214311264589E-005
 -1.134094978464869E-006 -7.381485116598469E-007
         165  2.052737401982547E-004  6.609433909654313E-005
 -2.423770028149769E-005  4.484833584850100E-005
 -1.274754905509127E-006 -5.828466953480925E-007
         166  9.817214477665393E-005 -1.904325936207938E-004
  4.314738664425502E-005  3.448285295840989E-005
 -1.257725179306953E-006 -3.272946840275029E-007
         167 -1.697643885265741E-004 -1.230183986706226E-004
  4.207803898832298E-005 -3.419328022205045E-005
 -1.106338953997320E-006 -2.204791261595147E-007
         168 -1.400512699977764E-004  1.469475780241586E-004
 -2.587568119425353E-005 -4.255006401996484E-005
 -1.069232736846797E-006 -2.616688167419445E-007
         169  1.247107029393801E-004  1.505185237462224E-004
 -4.287974095792556E-005  2.334561782564845E-005
 -1.173696200306186E-006 -2.164462594706757E-007
         170  1.563256980120205E-004 -1.043263880614623E-004
  2.069448587607244E-005  4.821162240496914E-005
 -1.204602402092573E-006 -2.666245984432215E-008
         171 -8.607795907567043E-005 -1.588047404817598E-004
  5.315037332653876E-005 -1.233663539192634E-005
 -1.075508820150721E-006  9.562216038489055E-008
         172 -1.584704612975539E-004  7.019017638473531E-005
 -2.740066507894466E-006 -5.233890234662416E-005
 -1.000466267336813E-006  4.630143080021957E-008
         173  5.737022334956337E-005  1.559115022608005E-004
 -4.966739256574511E-005 -3.096213165503852E-006
 -1.103924352059464E-006  3.066135056221821E-008
         174  1.526479662554101E-004 -4.833746441875269E-005
 -8.992577494788612E-006  4.936202687357823E-005
 -1.198471282770081E-006  1.984578684488631E-007
         175 -4.257473839185636E-005 -1.511150826971247E-004
  4.648028094978791E-005  1.867170522432707E-005
 -1.113909166663019E-006  3.870247878562967E-007
         176 -1.533259128919839E-004  3.764826223750038E-005
  2.565834991266946E-005 -3.612673558272240E-005
 -9.818559180658526E-007  4.135943110489171E-007
         177  2.996132001345331E-005  1.590138004100933E-004
 -2.521331630886447E-005 -2.267433257001866E-005
 -9.870657633616113E-007  3.765120813312229E-007
         178  1.650252668705626E-004 -1.680552674294433E-005
 -1.513289626095731E-005  2.374801325059741E-005
 -1.068685429924927E-006  4.561772368803492E-007
         179  1.403635326444465E-006 -1.667434865321324E-004
  2.916077865573750E-005  1.435076470816743E-005
 -1.050007787945900E-006  6.174038767001664E-007
         180 -1.607371458870756E-004 -2.069085962938157E-005
  2.082581399624123E-005 -3.050793060603614E-005
 -9.580286015920471E-007  6.924215652366684E-007
         181 -3.574051635748109E-005  1.472740209383746E-004
 -2.521781112581681E-005 -2.576013076563733E-005
 -9.500918252091642E-007  7.130863660280937E-007
         182  1.306884768372421E-004  4.290805376962548E-005
 -2.595815673833646E-005  1.995007790069721E-005
 -1.000098308830873E-006  8.175170729160691E-007
         183  4.239194758849103E-005 -1.167971278659825E-004
  1.652979697525646E-005  2.580195527980335E-005
 -9.791409829625243E-007  1.010154123260463E-006
         184 -1.093286279322236E-004 -3.807192705839622E-005
  2.500627242662572E-005 -1.113981343026116E-005
 -8.614853834106335E-007  1.172440637544301E-006
         185 -3.498184699160887E-005  1.082539566719438E-004
 -6.557400897085396E-006 -1.795795087842403E-005
 -7.510648515514072E-007  1.273625989932563E-006
         186  1.107131718537715E-004  3.576483504049135E-005
 -7.999995715018118E-006  1.194256184290228E-005
 -6.488569679525103E-007  1.414909460329485E-006
         187  3.972123239960392E-005 -1.133959417094190E-004
  2.581574838773053E-005  8.144375437758294E-006
 -4.552234380214216E-007  1.565700463794570E-006
         188 -1.155443182888090E-004 -4.498603654971553E-005
  2.225255870633510E-005 -3.301730672939256E-005
 -2.011787545142225E-007  1.620495036782315E-006
         189 -5.104268188690021E-005  1.193127045562040E-004
 -2.460647460349293E-005 -3.609229159958404E-005
  2.498647296104537E-009  1.572385636770002E-006
         190  1.267331866164136E-004  6.022854359532660E-005
 -3.683714113280838E-005  1.052242314155323E-005
  1.204524382402349E-007  1.555561997321865E-006
         191  7.693243118253068E-005 -1.361964874481040E-004
  5.257327494943083E-006  2.932399923757088E-005
  2.801812994912882E-007  1.595329130131204E-006
         192 -1.421148908239137E-004 -1.042038990235498E-004
  2.579656945161131E-005 -8.672615653530666E-006
  5.216525174512562E-007  1.585847600132281E-006
         193 -1.398813883908522E-004  1.372526007988445E-004
 -1.236247441285357E-005 -2.844831622004820E-005
  7.469823520550232E-007  1.455126687191794E-006
         194  1.167909996364240E-004  1.767100100261770E-004
 -3.307769557701136E-005  1.454587131635635E-005
  8.450893646834566E-007  1.308474789901253E-006
         195  2.058597757912485E-004 -8.200236344948438E-005
  1.736124067078978E-005  4.142450775397348E-005
  9.481496676507697E-007  1.270662734662967E-006
         196 -3.993679130087022E-005 -2.212431784813795E-004
  5.634476013659893E-005 -1.420201297474207E-005
  1.180348544243693E-006  1.178476086507992E-006
         197 -2.223426570102824E-004 -1.048713105151030E-006
  2.619933655145952E-006 -6.940870381867136E-005
  1.362681907907543E-006  9.037343915753384E-007
         198 -3.585310064553572E-005  2.138509345044487E-004
 -6.706615266343239E-005 -2.557904554522194E-005
  1.321895396363071E-006  5.994668277744661E-007
         199  2.013416512619704E-004  6.414694271992391E-005
 -3.696896161550682E-005  5.155584853595036E-005
  1.175859201392425E-006  5.056057143935708E-007
         200  8.884347627863323E-005 -1.871626093690788E-004
  4.040577851864142E-005  3.196951934214457E-005
  1.200259384868772E-006  5.441277173442833E-007
         201 -1.699308011312511E-004 -1.118995716349451E-004
  2.461553370786518E-005 -4.386663303951451E-005
  1.352652325666368E-006  4.340474667938633E-007
         202 -1.311526372433458E-004  1.473287541296155E-004
 -5.378238370612690E-005 -2.791801702058457E-005
  1.362929045097612E-006  1.988079803751238E-007
         203  1.200403292213038E-004  1.413013347775361E-004
 -4.016874833494121E-005  5.882558244269566E-005
  1.248140970362191E-006  9.352699269225553E-008
         204  1.383565520860544E-004 -9.386847033936730E-005
  5.723336333534942E-005  5.423239104776641E-005
  1.253668374093033E-006  1.105632088050216E-007
         205 -7.762462177328724E-005 -1.240299658735355E-004
  6.840076160086807E-005 -5.002504646493430E-005
  1.385790120282855E-006  1.301246868560469E-009
         206 -1.067706456868939E-004  7.777841955402484E-005
 -3.451586461587118E-005 -7.967162070573058E-005
  1.389496432008442E-006 -2.566618253286460E-007
         207  9.368019890093314E-005  9.827783471222834E-005
 -7.862543744523710E-005  1.362853206123120E-005
  1.219360969699947E-006 -4.042440417571755E-007
         208  1.072693011475980E-004 -1.167693881230475E-004
  1.861709381611258E-006  6.258111121166964E-005
  1.140669949468595E-006 -3.697109780699257E-007
         209 -1.346212812089147E-004 -1.347049567888048E-004
  4.627357582246027E-005 -9.976530158213902E-006
  1.243773904273300E-006 -4.259762242314504E-007
         210 -1.733800017711534E-004  1.374366742609257E-004
 -2.894918623278445E-005 -4.749583565004118E-005
  1.257660237291145E-006 -6.808744801414422E-007
         211  1.227354378321915E-004  2.121099429721974E-004
 -6.632833059342819E-005  3.965557959851489E-005
  1.045862018882728E-006 -8.676903899117805E-007
         212  2.420007559417897E-004 -9.536805125751459E-005
  3.447609607283479E-005  8.868841765414154E-005
  8.720732633258362E-007 -8.233420790224255E-007
         213 -6.366599459265553E-005 -2.607209887309924E-004
  1.054412102017421E-004 -1.954633978633970E-005
  9.198243785322903E-007 -8.007761768446398E-007
         214 -2.720146173496119E-004  3.407624436898856E-005
  2.334308946907044E-007 -1.162505493880866E-004
  9.557275401036878E-007 -1.006605357562570E-006
         215  7.589351077662712E-006  2.816931738642881E-004
 -1.190124596921964E-004 -2.452018373774227E-005
  7.351037334785390E-007 -1.231030119095377E-006
         216  2.933184963485282E-004  1.972283538958832E-005
 -4.728305484191743E-005  1.092934610002075E-004
  4.496659810948824E-007 -1.185320385938540E-006
         217  5.281080141576210E-005 -3.057258832084645E-004
  9.223941588010806E-005  5.825998132966773E-005
  4.236632624383213E-007 -1.043140413908985E-006
         218 -3.138913928234225E-004 -9.413872279919082E-005
  5.805466900917154E-005 -8.136637324411422E-005
  4.977171899988958E-007 -1.148502534929669E-006
         219 -1.421956912657963E-004  3.125948256955181E-004
 -8.151767980222094E-005 -6.008534154672061E-005
  3.275308118954906E-007 -1.373835836423260E-006
         220  2.994372628174864E-004  1.924275442639432E-004
 -7.233294911463050E-005  8.228950608152885E-005
 -2.035555009025423E-008 -1.361968226466874E-006
         221  2.400145784883207E-004 -2.753575929948830E-004
  7.399854162686074E-005  8.817530362842962E-005
 -1.660671440322143E-007 -1.113182149155976E-006
         222 -2.429934114732469E-004 -2.823383210788529E-004
  9.884386553880057E-005 -6.000256099389060E-005
 -5.167164534643631E-008 -1.018663933453626E-006
         223 -3.192700258599150E-004  2.045910412889986E-004
 -4.655375234431836E-005 -1.057117127070410E-004
 -5.384910404298946E-008 -1.178429285964086E-006
         224  1.604674415864125E-004  3.513360375454263E-004
 -1.126673065855787E-004  3.147414426270764E-005
 -3.094552406942725E-007 -1.246483165560977E-006
         225  3.780546419665733E-004 -1.093602595556195E-004
  1.127819831094983E-005  1.158966341196926E-004
 -5.055889536391223E-007 -1.055642900661136E-006
         226 -5.053890755532983E-005 -3.971107453629736E-004
  1.106857601639655E-004  8.289119725100446E-006
 -4.373682174207605E-007 -8.840357082558727E-007
         227 -4.049071764229127E-004 -1.444877847378930E-005
  2.036757688595219E-005 -1.019980750824251E-004
 -3.609309922585262E-007 -9.738654117738464E-007
         228 -8.169369315121896E-005  3.984256863234032E-004
 -9.785624459686001E-005 -2.881897976151247E-005
 -5.400435187732527E-007 -1.097765253097183E-006
         229  3.771884001742913E-004  1.460920817996785E-004
 -4.190594610820809E-005  9.564297489464327E-005
 -7.900793416152163E-007 -9.727088722809041E-007
         230  2.030352550345944E-004 -3.435608656221434E-004
  8.674481666277603E-005  5.801458492353810E-005
 -8.073951206097277E-007 -7.341158570631407E-007
         231 -3.014365260827606E-004 -2.501408655738328E-004
  6.851492022064288E-005 -7.145765692015052E-005
 -6.839168031606288E-007 -7.053604321515794E-007
         232 -2.876464206929205E-004  2.546609741562236E-004
 -5.815459736727830E-005 -7.252379089375673E-005
 -7.453086451845539E-007 -8.326272004456824E-007
         233  2.055725928078840E-004  3.171700693536568E-004
 -7.722890179032473E-005  4.843231089174015E-005
 -9.778829052027373E-007 -7.993640728463912E-007
         234  3.399142908478571E-004 -1.544370957142182E-004
  3.569742173718300E-005  8.431191012850378E-005
 -1.085983636443822E-006 -5.853605116039036E-007
         235 -1.001735688869009E-004 -3.556455701165033E-004
  8.710194213642403E-005 -1.897047516776832E-005
 -1.007751486571038E-006 -4.606978985673151E-007
         236 -3.624372431241807E-004  4.233069522942456E-005
 -5.560230988151386E-006 -8.405331741347916E-005
 -1.003186013737276E-006 -5.343884778844733E-007
         237 -1.744944387676808E-005  3.573285772152318E-004
 -8.280573489683393E-005 -2.511163045716192E-006
 -1.229278431030601E-006 -5.525557886000093E-007
         238  3.380870577778402E-004  7.498519363810460E-005
 -1.354068371857475E-005  8.632412339957330E-005
 -1.453820210303980E-006 -3.101212664816678E-007
         239  1.241623644722564E-004 -3.050206830003787E-004
  8.581461246457334E-005  3.203623017199984E-005
 -1.429862318277667E-006  7.272130882532731E-009
         240 -2.619360624385337E-004 -1.588654615589049E-004
  5.002666343983645E-005 -7.432403991866182E-005
 -1.288697700480740E-006  1.320275037700392E-007
         241 -1.754401787061884E-004  2.159354301766550E-004
 -5.784945484513015E-005 -5.893873629024643E-005
 -1.290003015179666E-006  1.419160069179299E-007
         242  1.758107252448377E-004  1.747093409323271E-004
 -6.169089920648979E-005  4.464739247272399E-005
 -1.405633406181719E-006  2.827142686870328E-007
         243  1.625378716552313E-004 -1.493008974689649E-004
  3.281076585100671E-005  6.435335026558298E-005
 -1.402548425573188E-006  5.671322165905328E-007
         244 -1.401314641700651E-004 -1.485045603214991E-004
  6.337466949581745E-005 -1.791724730815505E-005
 -1.233239410905221E-006  7.841745284526442E-007
         245 -1.429152036910382E-004  1.459486778511555E-004
 -5.936543848727232E-006 -5.278052315053730E-005
 -1.078403119405056E-006  8.687914907472726E-007
         246  1.585626165950042E-004  1.531748512927698E-004
 -3.890589900469668E-005  6.796062100488438E-006
 -9.946980157899062E-007  9.712255552227607E-007
         247  1.806689557071853E-004 -1.667561125236265E-004
  1.802138714126291E-005  3.545888582152063E-005
 -8.388599135824216E-007  1.135857492720244E-006
         248 -1.605000369749278E-004 -2.196590499010185E-004
  4.581693067706646E-005 -2.634338284939656E-005
 -5.623862588529125E-007  1.197477580577726E-006
         249 -2.595059830875025E-004  1.350204135000328E-004
 -2.433171311266787E-005 -6.102760438710837E-005
 -3.544252160097803E-007  1.076798744637084E-006
         250  9.319163051074061E-005  2.890366554907455E-004
 -7.439344928115986E-005  1.519616331493238E-005
 -3.394008322756299E-007  9.573543903064731E-007
         251  3.011549278705112E-004 -4.431373485128480E-005
  9.074302079606798E-007  8.586577534151566E-005
 -3.648593878079622E-007  1.015427111456498E-006
         252  3.826668471281174E-007 -2.960403616710887E-004
  9.224813891876006E-005  2.138595058419633E-005
 -2.221166699107386E-007  1.122501164146527E-006
         253 -2.811816273356591E-004 -3.285320476616761E-005
  4.789055642125540E-005 -8.475181708372288E-005
 -2.009158089285835E-008  1.063967685434781E-006
         254 -5.185134462190407E-005  2.674457563471752E-004
 -6.248128232544309E-005 -6.502541902487186E-005
  3.407426270212615E-008  9.303119938260477E-007
         255  2.635245514566771E-004  6.366201485123769E-005
 -6.398332891345896E-005  3.827947714246809E-005
  6.974693404516856E-009  9.180867264388727E-007
         256  7.905858094742138E-005 -2.718759083043749E-004
  2.557279984231054E-005  5.127793073328453E-005
  9.477715945249373E-008  9.783618357015347E-007
