   409.600000000000     
         256           1           3
  1.124309127438499E-002   38.3186048166183        113.728180119333     
   39.0000000000000        116.000000000000        6351.00000000000     
           0  0.000000000000000E+000  0.000000000000000E+000
  0.000000000000000E+000  0.000000000000000E+000
  0.000000000000000E+000  0.000000000000000E+000
           1 -6.318526573623355E-007  1.295939935439431E-007
 -6.930700875685737E-006 -7.403411940053591E-009
 -1.077211397838983E-006  1.357348242535910E-007
           2 -6.922593637557971E-007  3.346881972637455E-007
 -7.136513374618330E-006 -1.568841531831572E-007
 -1.168073958778658E-006  3.986953113061649E-007
           3 -7.753930222859082E-007  6.775192572080609E-007
 -7.807634367174604E-006 -4.511796833935811E-007
 -1.122875533864032E-006  8.097136542113674E-007
           4 -7.114524793850151E-007  1.401564588073982E-006
 -9.374953952980913E-006 -4.942021890433920E-007
 -8.277028331355007E-007  1.200652561500196E-006
           5  1.601513475142432E-007  2.475630531454152E-006
 -1.182667695615956E-005  6.966187882041961E-007
 -3.766463175960752E-007  1.373008588833797E-006
           6  2.445213717546293E-006  2.872661539622616E-006
 -1.406101989983715E-005  4.187689892453705E-006
  1.657608473457940E-008  1.295560168388049E-006
           7  5.404216499669752E-006  9.532641555672599E-007
 -1.391743487837058E-005  9.722806651354383E-006
  1.786260362170676E-007  1.131398718507778E-006
           8  6.650088230203936E-006 -4.012827176643449E-006
 -9.811717401660792E-006  1.508792310979800E-005
  1.779430087621655E-007  1.156517761526081E-006
           9  3.010158913186373E-006 -1.029829683866616E-005
 -2.266247746673699E-006  1.695236521565066E-005
  3.390296600434717E-007  1.445516578794627E-006
          10 -6.585532619551286E-006 -1.289414188247525E-005
  4.982354240444796E-006  1.276071097876628E-005
  9.020006657919156E-007  1.721435359848185E-006
          11 -1.815017314202661E-005 -6.139536393121733E-006
  6.536281089454933E-006  4.301839339076693E-006
  1.791301622885273E-006  1.602283072895639E-006
          12 -2.221435659274527E-005  1.089123868999616E-005
  2.565708019991419E-007 -1.902020862564343E-006
  2.652078431112173E-006  8.619041748923404E-007
          13 -1.010434255027993E-005  2.962594349681219E-005
 -9.260118002295988E-006  9.846561002252621E-007
  2.989185811531924E-006 -4.066962297126461E-007
          14  1.745787257860125E-005  3.489698288535950E-005
 -1.161762672352622E-005  1.266183253511743E-005
  2.530029696629024E-006 -1.759556789838527E-006
          15  4.572056986299635E-005  1.431128073102398E-005
 -5.753827072143701E-007  2.314906734263889E-005
  1.327369513316019E-006 -2.622359748889414E-006
          16  5.020032581264620E-005 -2.845510309464560E-005
  1.869826852599679E-005  1.893851631728880E-005
 -1.019941039469721E-007 -2.598197917294731E-006
          17  1.512829399990424E-005 -6.626469078716865E-005
  2.845945266467978E-005 -4.376955365546754E-006
 -1.161348839983036E-006 -1.824412184837578E-006
          18 -4.583464041822656E-005 -6.390975438801792E-005
  1.221420432673320E-005 -3.264944049912565E-005
 -1.496298063008025E-006 -6.790389730047046E-007
          19 -8.870096226019010E-005 -7.135343801768699E-006
 -3.028435030304272E-005 -3.804260652762016E-005
 -1.129508214467764E-006  2.706530216886789E-007
          20 -6.767067589586259E-005  7.136933980781131E-005
 -6.897643576900267E-005  1.247139927529541E-006
 -4.210408493016934E-007  7.527894794336846E-007
          21  1.746613744986955E-005  1.047754055159020E-004
 -6.028165612063654E-005  6.944241061305002E-005
  3.667223484097479E-007  7.566121854804300E-007
          22  1.011099125218228E-004  4.788191341752696E-005
  1.165053614298288E-005  1.128750948114359E-004
  9.874497616421923E-007  3.892389488528852E-007
          23  9.727625662229639E-005 -6.230672853659555E-005
  1.033936629952955E-004  7.660252539613665E-005
  1.417437747766894E-006 -2.927436437190562E-007
          24 -8.415162371814875E-006 -1.176340137044183E-004
  1.313353113870924E-004 -3.059893464347109E-005
  1.363050181942295E-006 -1.313818934363106E-006
          25 -1.133420543584497E-004 -4.296496836201338E-005
  5.315517320858260E-005 -1.210277763384667E-004
  5.112987575510077E-007 -2.181630085112288E-006
          26 -8.679183992746429E-005  9.447403107278781E-005
 -6.939519732921206E-005 -1.015109060688592E-004
 -9.004174505860152E-007 -2.209319300996587E-006
          27  6.381045999713267E-005  1.260431814410754E-004
 -1.110309609178849E-004  1.496394200443693E-005
 -1.890105191347298E-006 -1.076750333374442E-006
          28  1.588803838846732E-004 -1.570358958650283E-005
 -2.567018056217238E-005  9.945783630906221E-005
 -1.564946071266346E-006  3.376457545573248E-007
          29  5.242816213344157E-005 -1.723740719107902E-004
  8.003106082730364E-005  5.149290546994432E-005
 -3.465544825156491E-007  7.592501317948640E-007
          30 -1.506256998010009E-004 -1.289215858546361E-004
  6.505259791676792E-005 -6.280422456452026E-005
  4.467659050289720E-007 -4.601925029890399E-008
          31 -1.897735007165950E-004  9.032853508862812E-005
 -5.451587551314214E-005 -7.919106501435902E-005
  6.464025870024496E-009 -9.333488099265004E-007
          32  7.644959153154135E-006  2.137215121336969E-004
 -1.092706915084781E-004  4.176026743720937E-005
 -8.633023879887769E-007 -7.870194038328001E-007
          33  1.972586810357599E-004  7.130850757023175E-005
 -2.274291282358207E-006  1.438946583563091E-004
 -9.564346020834565E-007 -4.063056881972630E-008
          34  1.282709811662024E-004 -1.551079063077242E-004
  1.439362083212205E-004  7.692908192857403E-005
 -3.548526902857024E-007  1.590573783921741E-007
          35 -1.057771177033226E-004 -1.626503330645257E-004
  1.393909779494827E-004 -9.002241821746336E-005
 -1.585551877095423E-007 -4.246319848530328E-007
          36 -1.845179441966958E-004  5.627447150784074E-005
 -1.399021095080059E-005 -1.504511507196123E-004
 -8.515080829072223E-007 -7.414933603938582E-007
          37  6.379734120416884E-007  1.986507247947153E-004
 -1.204620485511835E-004 -3.725343174785772E-005
 -1.500894540586630E-006 -5.545108412491025E-008
          38  1.962642801019948E-004  6.665328087327150E-005
 -5.488555067102435E-005  8.969386906103606E-005
 -1.139281402121006E-006  9.339073640094083E-007
          39  1.367646664067961E-004 -1.631321303929292E-004
  7.533118105382948E-005  6.475985115543923E-005
 -7.776581750563934E-008  1.060120047739110E-006
          40 -9.666676414113090E-005 -1.872711980716420E-004
  8.380356235548944E-005 -6.279307693346778E-005
  4.348798194948988E-007  2.164575298946359E-007
          41 -1.984918741930816E-004  1.468849854905902E-005
 -3.821590329818083E-005 -1.043927847613077E-004
 -1.102989961932021E-007 -4.689648652197769E-007
          42 -5.404831008765921E-005  1.704356594341274E-004
 -1.169578717383361E-004  3.448853877832439E-006
 -8.397217960948080E-007 -2.024493718604213E-007
          43  1.243107347371486E-004  9.108463895968080E-005
 -3.860109052863336E-005  1.181924715958746E-004
 -8.082497358808066E-007  5.194624279826791E-007
          44  1.015902762200076E-004 -8.631849595569104E-005
  9.986758642871239E-005  8.616972995551210E-005
 -1.564361180135746E-007  6.905237711833878E-007
          45 -6.627971569406425E-005 -1.079341149453892E-004
  1.224362004614459E-004 -5.318255402535099E-005
  1.607683182935916E-007  1.133314241055833E-007
          46 -1.287287472990195E-004  5.034330082816491E-005
  7.061796963583200E-006 -1.252588047562695E-004
 -3.180709093591228E-007 -3.488539206929580E-007
          47  1.418375855065412E-005  1.607616843506593E-004
 -9.686667126275041E-005 -4.904786995672440E-005
 -9.748928436546743E-007 -4.584498870370236E-008
          48  1.789175893137616E-004  5.378719149100285E-005
 -6.322147429982587E-005  6.685852268730754E-005
 -9.980539366116940E-007  6.952072341190622E-007
          49  1.390452541784635E-004 -1.545490405157880E-004
  5.100674815852970E-005  7.210414200449010E-005
 -3.962088323517283E-007  1.040232850975459E-006
          50 -7.854274765171645E-005 -2.071772818237058E-004
  9.330911868775621E-005 -3.201328794055850E-005
  4.180250375683413E-008  7.314064772893427E-007
          51 -2.249637691091164E-004 -2.962425291409049E-005
  8.963231918982637E-006 -1.095984055602059E-004
 -1.137954627205086E-007  3.667342488620167E-007
          52 -1.322641186612114E-004  1.811781753902024E-004
 -9.655332224835456E-005 -5.993960552972410E-005
 -4.805523668974776E-007  5.382705560709708E-007
          53  9.227443519872874E-005  1.946516544311893E-004
 -9.344902321833079E-005  5.627165851118731E-005
 -3.824695141554521E-007  1.112345743067908E-006
          54  2.017539389348659E-004  9.185280213779525E-006
  1.051070008424969E-005  1.013499531965469E-004
  3.021159526472036E-007  1.346337765286113E-006
          55  9.300190843728486E-005 -1.610510408186959E-004
  9.130014398393027E-005  2.869452281459636E-005
  9.502765901095683E-007  9.022201981961148E-007
          56 -9.264194903097782E-005 -1.424747784583926E-004
  5.981301940309026E-005 -6.769208548767636E-005
  1.006040102090012E-006  1.458615156604461E-007
          57 -1.541893759305746E-004  1.659315002005381E-005
 -3.269835176027999E-005 -7.534086407055861E-005
  5.059562386724321E-007 -3.026251769659317E-007
          58 -5.168266986430013E-005  1.315699314437716E-004
 -7.068934350776466E-005  1.111283535924588E-006
  1.482712481436349E-008 -2.104788204843126E-007
          59  8.110422116773526E-005  9.864963234765792E-005
 -1.423135108622935E-005  5.898495986433826E-005
 -1.402837413235124E-007  7.569514498392959E-008
          60  1.110809531963036E-004 -1.543360456583553E-005
  5.718257397466036E-005  2.513942872829810E-005
 -1.007710832605181E-007  2.041604526491438E-007
          61  4.266569550963101E-005 -8.285189861733340E-005
  5.127072413842883E-005 -5.473925669923777E-005
 -1.735830488863983E-007  2.056726770692374E-007
          62 -2.584242292530025E-005 -6.578883197567085E-005
 -2.597029267266600E-005 -8.360035946959684E-005
 -3.816240484013051E-007  4.183101024842413E-007
          63 -3.984967985733241E-005 -2.729280076813108E-005
 -8.726543546874610E-005 -2.696442871603114E-005
 -3.710440019605764E-007  9.043054375473550E-007
          64 -3.821237311827923E-005 -1.889315703535092E-005
 -6.705991145908862E-005  5.052761751185241E-005
  9.332841341030991E-008  1.358048752572081E-006
          65 -6.568224955195965E-005 -8.792383793464919E-006
  3.262686646303138E-006  6.726389680022232E-005
  8.622771192501327E-007  1.373082541275543E-006
          66 -8.730276950601232E-005  5.415390309166171E-005
  4.246073982922606E-005  1.979275835356543E-005
  1.442851684951747E-006  8.464726315620045E-007
          67 -2.724133398986232E-005  1.388556079955874E-004
  1.729422847114744E-005 -2.385648003834203E-005
  1.539015407302968E-006  1.232975612129134E-007
          68  1.117259781709867E-004  1.383447599440453E-004
 -2.324931254318292E-005 -1.083540416306980E-005
  1.214588361544428E-006 -3.789199241375029E-007
          69  2.084146373899829E-004 -1.463580572981777E-006
 -1.541490478976543E-005  3.215686873361756E-005
  8.339829354291405E-007 -5.129107779115695E-007
          70  1.395649346014785E-004 -1.839699351614967E-004
  3.817141499531032E-005  3.503824980309324E-005
  6.291785088260255E-007 -5.056932045371976E-007
          71 -6.753875214512650E-005 -2.345344141861894E-004
  6.730345950130192E-005 -2.637707870788086E-005
  5.125755089666087E-007 -5.624767115047152E-007
          72 -2.333440873989624E-004 -8.339718882298547E-005
  1.810003904997736E-005 -9.271508938262878E-005
  2.551291636053251E-007 -6.619944626026801E-007
          73 -1.965772910746391E-004  1.428126821639557E-004
 -7.666315198605129E-005 -8.435982475575605E-005
 -1.272724676110409E-007 -5.247731388076044E-007
          74  1.425006501019467E-005  2.316151580472173E-004
 -1.260622926315590E-004  6.701735701548017E-006
 -3.208822833288668E-007 -7.069315777528994E-008
          75  1.959881489718662E-004  9.772915099066391E-005
 -7.632105574420870E-005  1.026575099887723E-004
 -7.931619311577043E-008  4.344045507855583E-007
          76  1.686117138726025E-004 -1.231456689805062E-004
  2.921711362904431E-005  1.138849867850291E-004
  5.028607126693390E-007  5.794169224814717E-007
          77 -3.840151976716622E-005 -2.030675303278895E-004
  9.114746093999101E-005  3.640639489877163E-005
  1.021915609128613E-006  2.500139511598496E-007
          78 -2.082865697642188E-004 -5.418750176629701E-005
  5.920229251958961E-005 -4.721095454144839E-005
  1.160593492529293E-006 -3.517967730632055E-007
          79 -1.547850165814045E-004  1.741177933602489E-004
 -2.120917875754447E-005 -5.446957270979248E-005
  8.625499237478843E-007 -8.615417511542506E-007
          80  8.294485591590464E-005  2.423635778567924E-004
 -5.472103951919632E-005  1.222141129279142E-005
  3.810344321445691E-007 -1.022833593480781E-006
          81  2.728904755668674E-004  6.107918034504229E-005
 -2.990743492302526E-006  6.667055635929827E-005
 -9.733986775491186E-009 -8.791774265754213E-007
          82  2.138666745120133E-004 -2.090763794500130E-004
  7.354034271648756E-005  3.698598189177936E-005
 -1.663422060295888E-007 -6.294874132624537E-007
          83 -5.605857400187602E-005 -3.073494374105048E-004
  8.126373926237484E-005 -5.619090813727667E-005
 -1.753549808081872E-007 -4.594152483745570E-007
          84 -2.910530442144859E-004 -1.302867687920302E-004
 -4.835625328196487E-006 -1.154961114577669E-004
 -1.852926897100296E-007 -3.447243628585698E-007
          85 -2.720997601776147E-004  1.665273727271151E-004
 -1.110021539032586E-004 -7.139412397119145E-005
 -1.799763830294914E-007 -2.036962525836490E-007
          86 -1.336410750193220E-005  3.133897861787098E-004
 -1.367397269115936E-004  4.935437733042985E-005
 -6.209096032180903E-008 -3.186371889171732E-008
          87  2.471432320854365E-004  1.771344084684878E-004
 -4.939647616941087E-005  1.437695975870097E-004
  2.130864646583497E-007  2.184489902147719E-008
          88  2.714865683529022E-004 -1.094423254004438E-004
  7.951647981701610E-005  1.287325866422304E-004
  4.878727449381270E-007 -1.927188663990427E-007
          89  4.755713410173169E-005 -2.780041703574739E-004
  1.424962802282024E-004  1.646681040697363E-005
  5.341406347328946E-007 -6.034414831539386E-007
          90 -2.070813841004229E-004 -1.791054247357044E-004
  8.867347995874477E-005 -9.630940349753889E-005
  2.300126543671421E-007 -9.668097870472122E-007
          91 -2.551055926073270E-004  8.399158117012556E-005
 -2.830058118730265E-005 -1.139978423976014E-004
 -2.732777388276686E-007 -1.001105154653003E-006
          92 -5.891675939221644E-005  2.585856329063337E-004
 -1.026166054549776E-004 -3.234291386182716E-005
 -6.363014455997765E-007 -6.728260019049356E-007
          93  1.875813528899066E-004  1.835564974223931E-004
 -7.601077722536204E-005  6.637119170106947E-005
 -6.472731217596496E-007 -2.057835395448045E-007
          94  2.517646124299895E-004 -6.096479919883893E-005
  1.359624687321146E-005  9.344002543112640E-005
 -3.214890914528735E-007  6.932029112891987E-008
          95  8.126601895872835E-005 -2.402042977322256E-004
  7.659255895979750E-005  3.712735831223884E-005
  5.301165069255680E-008 -2.688458648803841E-008
          96 -1.544428107831172E-004 -1.908517164106106E-004
  6.154904571442684E-005 -3.820584877156625E-005
  1.867287837953233E-007 -3.550890134306794E-007
          97 -2.329242487458477E-004  2.845058674731242E-005
 -5.010317974013681E-006 -5.764160310915017E-005
  1.448993819552169E-008 -6.606255666206265E-007
          98 -9.212958283600350E-005  2.015122357227199E-004
 -4.612064001954585E-005 -1.068998486074149E-005
 -3.062473405200235E-007 -7.300703686126508E-007
          99  1.176657353199956E-004  1.710510480103681E-004
 -2.056206662593167E-005  4.087278706393558E-005
 -5.420147541587469E-007 -5.823713929534847E-007
         100  1.931241623920364E-004 -1.426287360760133E-005
  3.587747543218394E-005  3.490174311672797E-005
 -6.133652161257185E-007 -3.783658166659824E-007
         101  7.844665446423820E-005 -1.624285524522615E-004
  5.000611421817970E-005 -2.277663596695569E-005
 -5.616974066065497E-007 -2.613306268545758E-007
         102 -9.417740178489761E-005 -1.388027687854973E-004
 -3.140785296782934E-006 -6.100851552303887E-005
 -5.371121351082580E-007 -2.426477121189295E-007
         103 -1.543885471282918E-004  9.847443768644379E-006
 -6.781602883259071E-005 -2.507721584444650E-005
 -5.754723550456550E-007 -2.206744255377195E-007
         104 -6.463283894287538E-005  1.239805777241144E-004
 -6.725498254199621E-005  5.923097769472009E-005
 -6.199186616214700E-007 -1.554711157530246E-007
         105  6.179675863325690E-005  1.047280038751774E-004
  1.429025542699268E-005  1.080208865721105E-004
 -5.999224958564355E-007 -7.851200629304651E-008
         106  9.911052492953807E-005  3.497542290039285E-006
  1.083390378829794E-004  6.221519508081134E-005
 -5.739058728801599E-007 -1.029647111916829E-007
         107  4.145481559934452E-005 -5.935701466805954E-005
  1.240382955312282E-004 -4.800004813901403E-005
 -7.009915958641982E-007 -1.602120082077773E-007
         108 -1.625586956988930E-005 -3.857921145682586E-005
  4.019478632679453E-005 -1.255553326928216E-004
 -9.499394697611298E-007 -4.222322618903375E-008
         109 -8.774838218559786E-006  8.502304508233323E-007
 -6.992494111312767E-005 -1.001564156228297E-004
 -1.104308366337002E-006  3.422545053856938E-007
         110  2.271021022159919E-005 -1.500808352243151E-005
 -1.076958868947986E-004  4.736101698146030E-007
 -9.080644949038387E-007  8.351601211436757E-007
         111 -3.541712459490977E-006 -6.247456408709559E-005
 -4.849323591664013E-005  7.930726332503888E-005
 -3.594655547196392E-007  1.074027420821944E-006
         112 -8.470489410981190E-005 -4.749039435798049E-005
  3.890196580262446E-005  6.975626757108333E-005
  2.149220794870653E-007  8.350637140341440E-007
         113 -1.138297125364511E-004  6.108328835976529E-005
  6.627261919318790E-005  5.164105550990642E-007
  4.056054495846081E-007  2.495806148381375E-007
         114 -1.127756738308560E-005  1.575188807213296E-004
  2.481696475326455E-005 -4.311222222974583E-005
  7.670342927325156E-008 -2.283006154478487E-007
         115  1.482557674115504E-004  1.079298898430825E-004
 -1.866991380636818E-005 -2.331743406513987E-005
 -4.553309846594701E-007 -2.474595729032726E-007
         116  1.899351287607098E-004 -7.837582972911530E-005
 -8.168420461776856E-006  1.677978582668223E-005
 -7.634552568582971E-007  1.211997270059169E-007
         117  3.421441245763261E-005 -2.220885657952531E-004
  3.506570544222759E-005  9.869935865020450E-006
 -6.811487109099744E-007  5.244651879372854E-007
         118 -1.864162515773059E-004 -1.534969815521420E-004
  3.955697466016070E-005 -4.332842098709205E-005
 -4.216858811909529E-007  6.606989869166211E-007
         119 -2.395447106428332E-004  8.837623792273172E-005
 -1.892028096974738E-005 -7.355278164390107E-005
 -2.956573594049221E-007  6.068088582741344E-007
         120 -4.468007180065030E-005  2.626093591337466E-004
 -8.347886652779176E-005 -2.745705649771497E-005
 -3.308839529388548E-007  6.217755631437688E-007
         121  2.133493404881877E-004  1.736530611674521E-004
 -7.231519443608839E-005  6.306397792331713E-005
 -3.204594440494468E-007  8.259924596810189E-007
         122  2.620991487695691E-004 -1.052734608346649E-004
  2.080676787522726E-005  1.024898785147432E-004
 -4.909579930546988E-008  1.045733719660251E-006
         123  3.216591260654519E-005 -2.880168426915238E-004
  1.086193549290990E-004  3.696226481393980E-005
  3.857467591183678E-007  9.920513408333183E-007
         124 -2.469589935353559E-004 -1.663254675618096E-004
  9.485714160919227E-005 -7.817935398145737E-005
  6.685676895355924E-007  6.118191236673194E-007
         125 -2.702180145140366E-004  1.479970023645235E-004
 -1.407659063030313E-005 -1.235704438186426E-004
  5.573771782491074E-007  1.525146715692245E-007
         126  7.261589801962820E-006  3.223412742956682E-004
 -1.065139128031382E-004 -5.091398796230411E-005
  1.498547642240734E-007 -4.545641544463262E-009
         127  3.045259671078702E-004  1.527040818906205E-004
 -8.571966640387518E-005  6.350735800256768E-005
 -1.749852767092002E-007  2.407647404886664E-007
         128  2.978611628003128E-004 -2.057723457964258E-004
  2.598898810300148E-005  9.450804447087744E-005
 -1.398044502227617E-007  6.492507375017390E-007
         129 -3.417339877498895E-005 -3.828506844201453E-004
  1.017427815389013E-004  5.125216339163697E-006
  2.292427664872568E-007  8.495356208947507E-007
         130 -3.662094480390422E-004 -1.723352341464438E-004
  5.096905302733162E-005 -1.069770844250652E-004
  5.898556075892683E-007  6.916006992870185E-007
         131 -3.496238581930969E-004  2.349801881968566E-004
 -8.209523328601284E-005 -1.118470036635950E-004
  6.940678119799721E-007  3.699189749909025E-007
         132  2.040452097438445E-005  4.320933884810568E-004
 -1.543080752814834E-004  1.369437726521262E-005
  5.580523872210007E-007  1.462616964010399E-007
         133  3.851447969144679E-004  2.092685533970911E-004
 -7.490648375641412E-005  1.477551525308829E-004
  3.919836456645835E-007  1.302887553570062E-007
         134  3.781866420957053E-004 -2.229540647613091E-004
  9.097259628801213E-005  1.466874377840213E-004
  3.346959374999450E-007  2.056786033340699E-007
         135  2.664919616044306E-008 -4.359613609808364E-004
  1.776647464839820E-004 -2.632440082265383E-006
  3.656632804793466E-007  2.543617871095878E-007
         136 -3.735409083186882E-004 -2.158260685210548E-004
  9.247023331157578E-005 -1.558579446824054E-004
  3.885051762363127E-007  2.513808685509713E-007
         137 -3.685971673219288E-004  2.164052489380474E-004
 -8.205498753609910E-005 -1.615652771650503E-004
  3.777718058562902E-007  3.030940492292793E-007
         138  7.874619948511615E-006  4.254847442596015E-004
 -1.738200994003797E-004 -1.698911748259135E-005
  4.713152587398815E-007  4.351859378153595E-007
         139  3.750739877733630E-004  2.028268234137540E-004
 -9.640135134138741E-005  1.296365593081343E-004
  7.591348813625464E-007  4.905158941232281E-007
         140  3.649458755831558E-004 -2.258953295116584E-004
  6.364800327142023E-005  1.322552578922991E-004
  1.119580432532965E-006  2.607952055893506E-007
         141 -1.047921824579086E-005 -4.319591192524626E-004
  1.387222745395703E-004 -4.521959895515002E-006
  1.240501799137516E-006 -2.558122814681823E-007
         142 -3.766676440118934E-004 -2.132551700185305E-004
  5.248436900027284E-005 -1.333066275238668E-004
  9.368852982533969E-007 -7.567949229384470E-007
         143 -3.752256238433012E-004  2.094790856770867E-004
 -1.036712169783199E-004 -1.170663954349874E-004
  3.538205264847916E-007 -8.854286916081460E-007
         144 -1.686077435415716E-005  4.213107111055925E-004
 -1.662885658400964E-004  3.109275033629359E-005
 -1.011291029862781E-007 -5.427131047193370E-007
         145  3.402296608052734E-004  2.261815802966648E-004
 -6.721538420717578E-005  1.618509211049625E-004
 -1.097670236870110E-007 -1.790285687864897E-008
         146  3.531821217920797E-004 -1.689474403034322E-004
  9.743718453780459E-005  1.442031068816601E-004
  2.900643915641115E-007  2.805284764078612E-007
         147  2.866517622809500E-005 -3.712210102595876E-004
  1.683491294195743E-004 -4.904861066033411E-006
  7.482608302949670E-007  1.300144712270711E-007
         148 -2.956746176074638E-004 -1.944419146110509E-004
  8.019773710913339E-005 -1.411254733576897E-004
  8.954766174902741E-007 -2.973396256322046E-007
         149 -2.970123264164149E-004  1.641183015864094E-004
 -7.666269589452442E-005 -1.379029748748356E-004
  6.923632071490574E-007 -6.338461132675337E-007
         150  1.187911030120719E-005  3.308394977146770E-004
 -1.526052769746968E-004 -8.091287765851212E-006
  3.936301379225418E-007 -6.719035650646129E-007
         151  3.008694222466469E-004  1.375872642129941E-004
 -8.393214253112606E-005  1.164927189330268E-004
  2.786482810173265E-007 -5.244976127703638E-007
         152  2.655027520758542E-004 -2.103242451504668E-004
  4.925086693165995E-005  1.190282453580489E-004
  3.697566743068277E-007 -4.424112012772196E-007
         153 -6.404642169397824E-005 -3.469850564338275E-004
  1.122069130602338E-004  1.092853881768116E-005
  5.057137701306340E-007 -5.485148019410537E-007
         154 -3.514778871308899E-004 -1.178584585514960E-004
  4.819328736413436E-005 -9.109118904126398E-005
  5.055580769675409E-007 -7.999318515318939E-007
         155 -2.918309836327090E-004  2.580297649839750E-004
 -7.007044028490215E-005 -8.066969937567902E-005
  3.175847927927382E-007 -1.025722476309835E-006
         156  7.527006096176590E-005  4.002547403895657E-004
 -1.173799314267342E-004  3.004270733281813E-005
  2.552312801906548E-008 -1.117494119206605E-006
         157  3.953655911677931E-004  1.501653522644051E-004
 -4.215134802317194E-005  1.308116056265084E-004
 -2.606420268905507E-007 -1.045563411822747E-006
         158  3.465244781552960E-004 -2.645466091489039E-004
  8.928569464564928E-005  1.176514458713244E-004
 -4.377826779476760E-007 -8.837100733443591E-007
         159 -4.163094298033609E-005 -4.447415997284266E-004
  1.506553982720859E-004 -4.163495600845100E-006
 -5.225202916630069E-007 -7.269679181980018E-007
         160 -4.070135785462582E-004 -2.038162629365018E-004
  8.180853339648770E-005 -1.254379429183262E-004
 -5.754884972845081E-007 -5.992004087185691E-007
         161 -3.932503277386572E-004  2.419599008402263E-004
 -6.021595296995653E-005 -1.361492179704331E-004
 -6.186074598076967E-007 -4.616770085517377E-007
         162  1.480150932531398E-007  4.676503603665818E-004
 -1.484246234900827E-004 -2.323676346088671E-005
 -6.065059250944479E-007 -3.004001420929683E-007
         163  4.052056018338000E-004  2.460736789571645E-004
 -1.039355238219472E-004  1.128411073841785E-004
 -5.137117994582515E-007 -1.671864212734154E-007
         164  4.265547102309933E-004 -2.241489402602278E-004
  3.314295174772771E-005  1.501710361848285E-004
 -3.616966057285223E-007 -1.201260924526651E-007
         165  2.639685258828005E-005 -4.909501757809407E-004
  1.354006246500719E-004  5.695963579930670E-005
 -2.174221332959735E-007 -2.073381481625438E-007
         166 -4.182369318328258E-004 -2.800249909205092E-004
  1.110690353361436E-004 -7.309628085531584E-005
 -2.030644822027201E-007 -4.034429311839405E-007
         167 -4.665799221530760E-004  2.211941916792664E-004
 -7.766229208731903E-006 -1.157535308779912E-004
 -3.805451900779950E-007 -5.738693928976305E-007
         168 -5.246316360346433E-005  5.271732722495610E-004
 -9.809143645700185E-005 -3.508666155762178E-005
 -6.846794921953471E-007 -5.638426121055949E-007
         169  4.329455707404776E-004  3.258658777066956E-004
 -6.853691826384888E-005  7.965667230344799E-005
 -9.274582640028490E-007 -3.158300232798431E-007
         170  5.118490530091753E-004 -2.024102458070167E-004
  4.846920430208331E-005  1.066293478265000E-004
 -9.399154588134012E-007  3.798281198848724E-008
         171  9.546535570047257E-005 -5.447823548626251E-004
  1.315170252839169E-004  1.205097296583518E-005
 -7.270985126025258E-007  2.902345340702441E-007
         172 -4.116845900521136E-004 -3.623266014081162E-004
  8.758234535651813E-005 -1.144283792653056E-004
 -4.477340497296751E-007  3.161736555634059E-007
         173 -5.110441160636183E-004  1.619932293720693E-004
 -5.164409902914520E-005 -1.432362258169999E-004
 -2.901462344764527E-007  1.645472869988143E-007
         174 -1.146442020302808E-004  5.041581648257781E-004
 -1.543861157306351E-004 -3.489305199652742E-005
 -3.160901209679804E-007  9.516392314663904E-011
         175  3.653564937582959E-004  3.315937585555302E-004
 -1.166086937651399E-004  1.143215322902994E-004
 -4.464568995779213E-007 -5.101072033495393E-008
         176  4.418260335131135E-004 -1.570685266288416E-004
  3.043341317920207E-005  1.631164215411581E-004
 -5.475011388066370E-007  1.756356591847558E-008
         177  5.761678300641293E-005 -4.448104016315927E-004
  1.481421717117876E-004  6.698703756493861E-005
 -5.655234920411504E-007  1.044024670579779E-007
         178 -3.647800356541238E-004 -2.401444878599304E-004
  1.289618591493597E-004 -7.650400972610470E-005
 -5.686713124482282E-007  1.486293259804811E-007
         179 -3.736330861957740E-004  2.242818762397347E-004
  4.868340844498528E-006 -1.281356054498199E-004
 -6.114706923954299E-007  1.973738558068969E-007
         180  3.740289157247206E-005  4.431631652410093E-004
 -9.005604383720153E-005 -4.965236851413273E-005
 -6.557184166013155E-007  3.187979168523565E-007
         181  4.251799649932991E-004  1.750836719229494E-004
 -6.125311676715830E-005  6.099522017277134E-005
 -6.059189281248951E-007  4.907092291750263E-007
         182  3.694385067908735E-004 -3.011044677275258E-004
  4.876419883785776E-005  7.739953884620416E-005
 -4.447128161046480E-007  5.940344839532137E-007
         183 -8.330955587719548E-005 -4.840989221728262E-004
  1.094448487457446E-004 -2.085318035954486E-005
 -2.783825162006930E-007  5.576565180592717E-007
         184 -4.694243595400152E-004 -1.731167024153150E-004
  4.112310630483366E-005 -1.249614477774869E-004
 -2.335010134924723E-007  4.337081083560916E-007
         185 -3.877859303798349E-004  3.197318298631492E-004
 -9.304208968677769E-005 -1.112471889117335E-004
 -3.380779044841317E-007  3.682701847837085E-007
         186  8.097589663024184E-005  4.919254313599318E-004
 -1.507330856375558E-004  2.029870430977471E-005
 -4.718815980009329E-007  4.724745244338590E-007
         187  4.588771379242405E-004  1.716247209970219E-004
 -6.353804215560792E-005  1.430048145990689E-004
 -4.822649417211486E-007  7.058315164497523E-007
         188  3.672522641170482E-004 -3.088241418838972E-004
  9.070437604670410E-005  1.321240901653168E-004
 -2.970656431411276E-007  9.204327461571699E-007
         189 -9.018105509972033E-005 -4.619570300759206E-004
  1.620643358717658E-004 -5.409204300789423E-006
 -8.612282605621280E-009  9.520560176229113E-007
         190 -4.418639916142194E-004 -1.415863895472736E-004
  8.391871685642485E-005 -1.355202423418052E-004
  1.873993046840015E-007  8.146020239955502E-007
         191 -3.345084436925793E-004  3.159438344069894E-004
 -6.260531655675808E-005 -1.352571546390880E-004
  2.190516475345981E-007  6.606481659621871E-007
         192  1.123427543520728E-004  4.436789557490194E-004
 -1.317386235059748E-004 -1.414103317299851E-005
  1.771717850402595E-007  6.221008294900670E-007
         193  4.387132610549810E-004  1.204211576258105E-004
 -6.136405115049308E-005  9.902937103077775E-005
  2.037810239990344E-007  6.680856445407888E-007
         194  3.189876596822695E-004 -3.171516665147537E-004
  6.842330394249708E-005  8.781930610923367E-005
  3.062825079986866E-007  6.766803050843709E-007
         195 -1.138442254304876E-004 -4.257072934129748E-004
  1.150589315190660E-004 -3.441521723074066E-005
  3.983056259071508E-007  6.062749921527100E-007
         196 -4.135215976138852E-004 -1.076340011583324E-004
  2.434350841406309E-005 -1.325994467765004E-004
  3.993795190425127E-007  5.269604379274398E-007
         197 -2.823601224864074E-004  2.976300086644460E-004
 -1.092111979358879E-004 -9.663071595208974E-005
  3.642294019761224E-007  5.566930283720276E-007
         198  1.240970152388929E-004  3.718475781114817E-004
 -1.417339840309921E-004  4.345349326228727E-005
  4.422165555188970E-007  6.817054882512018E-007
         199  3.724749397369102E-004  5.639117961250341E-005
 -3.021667696602128E-005  1.396121331558599E-004
  7.172691334522871E-007  7.506284253845697E-007
         200  2.095019918657585E-004 -3.022198507555284E-004
  1.079452820936075E-004  8.466018560237675E-005
  1.083526547031225E-006  5.558119294707070E-007
         201 -1.816240779038161E-004 -3.188194125485720E-004
  1.224004647868175E-004 -6.506552160781301E-005
  1.260390709142167E-006  7.650703864055013E-008
         202 -3.734331032753785E-004  2.592884524256770E-005
 -7.278930920592468E-006 -1.473857301605198E-004
  1.053483242139175E-006 -4.470274323887647E-007
         203 -1.476109820677595E-004  3.592640311842949E-004
 -1.436336657186605E-004 -6.712429310469450E-005
  5.339118916612159E-007 -6.917765756835596E-007
         204  2.646903225043565E-004  3.091567560805397E-004
 -1.359077940331821E-004  9.720996697349173E-005
  1.192540187863052E-008 -5.098441395700981E-007
         205  4.172555755382818E-004 -9.485979412917284E-005
  1.901492044377692E-005  1.720032668058722E-004
 -2.129369803625616E-007 -3.943874700010270E-008
         206  1.194791657194171E-004 -4.334054222420038E-004
  1.662515410330848E-004  6.854147047586658E-005
 -4.796674396579489E-008  4.263936105817150E-007
         207 -3.395477606147640E-004 -3.272310176020136E-004
  1.492019480862533E-004 -1.184119730366289E-004
  3.668014751327606E-007  6.457511709468015E-007
         208 -4.723172471419215E-004  1.469224165921836E-004
 -2.723500033012194E-005 -2.019671910362053E-004
  8.085794690862861E-007  5.709395933227850E-007
         209 -1.059229769807398E-004  5.089913832574161E-004
 -1.947171521182495E-004 -8.989288560359881E-005
  1.131922535401988E-006  2.847391438062775E-007
         210  4.126447597012355E-004  3.603643873746828E-004
 -1.846801752192389E-004  1.151998784859493E-004
  1.296353678850715E-006 -1.145759054783422E-007
         211  5.465986669419364E-004 -1.885291834869151E-004
 -2.361799035500446E-006  2.123413166808645E-004
  1.280539011332214E-006 -5.853771135636738E-007
         212  1.203054157016530E-004 -5.978503635475497E-004
  1.734148275344989E-004  1.048577915835139E-004
  1.011107874794946E-006 -1.051174781694980E-006
         213 -4.737940535888025E-004 -4.323625767172457E-004
  1.681630616718894E-004 -1.005785320693762E-004
  4.749921772189466E-007 -1.328980947514628E-006
         214 -6.449928333175416E-004  1.865318761919345E-004
 -1.408236080474800E-005 -1.971990236211036E-004
 -1.642465893525521E-007 -1.221888575038438E-006
         215 -1.885733113143254E-004  6.716183543226792E-004
 -1.884637820466087E-004 -8.408457410272139E-005
 -5.888490805844672E-007 -7.181630889306225E-007
         216  4.833687599189259E-004  5.312327748524172E-004
 -1.758162121325147E-004  1.255227348952037E-004
 -5.557286182441225E-007 -7.403863527971329E-008
         217  7.213444233728545E-004 -1.297995238044311E-004
  1.418965808503101E-005  2.203726591035376E-004
 -8.323229256846058E-008  3.395403943239909E-007
         218  2.764062239673442E-004 -6.889823192095059E-004
  1.932415849888329E-004  1.035728560253779E-004
  5.235565187155653E-007  2.689382960881426E-007
         219 -4.422579769652509E-004 -6.033220084139667E-004
  1.836838184133133E-004 -1.097310362422613E-004
  8.697696252841860E-007 -2.179773661176647E-007
         220 -7.485890866166057E-004  6.008747500880584E-005
 -3.228908812766335E-006 -2.091946458059694E-004
  7.517762882580032E-007 -7.817359447023699E-007
         221 -3.404883452224777E-004  6.710249835959979E-004
 -1.808492161848092E-004 -1.004507945352994E-004
  3.060370413955606E-007 -1.056699057597615E-006
         222  3.960554404897070E-004  6.423396923245662E-004
 -1.774143188776249E-004  1.033568361787362E-004
 -1.142994319395212E-007 -9.543840250817864E-007
         223  7.585888524954373E-004 -2.612319123360822E-006
 -4.067291321230959E-006  2.016271805063744E-004
 -2.711923316514500E-007 -6.841069572570323E-007
         224  3.977357493593630E-004 -6.524275859130633E-004
  1.654374973284511E-004  1.029438495891494E-004
 -2.006835967518516E-007 -5.191488660247365E-007
         225 -3.482591349101015E-004 -6.865590686654883E-004
  1.636822950421884E-004 -9.123865271351728E-005
 -1.285915784470813E-007 -5.569549207643563E-007
         226 -7.709131399865196E-004 -6.822957685981922E-005
 -5.784762737612364E-006 -1.853908824576592E-004
 -2.227725905569938E-007 -6.562543059381390E-007
         227 -4.685117740404905E-004  6.173049289039030E-004
 -1.740141923139928E-004 -8.416196890203550E-005
 -4.435574534830875E-007 -6.171143096750545E-007
         228  2.713665089125820E-004  7.218866898643703E-004
 -1.717119595989320E-004  1.172160212245480E-004
 -5.891247889718377E-007 -3.698929738235578E-007
         229  7.459577430061734E-004  1.523500179741509E-004
  6.608035196082244E-006  2.222511841236618E-004
 -4.798154582627767E-007 -6.926223619764083E-008
         230  5.130813470517686E-004 -5.410875933467333E-004
  1.942733466190622E-004  1.243526859668201E-004
 -1.544449502513998E-007  3.224312980761562E-008
         231 -1.877557202526119E-004 -7.005977786230985E-004
  2.128902741597338E-004 -8.873075521986099E-005
  1.408569484550545E-007 -1.929385952516619E-007
         232 -6.755446782556814E-004 -1.925159084359319E-004
  4.477327157271913E-005 -2.194003537840144E-004
  1.352022591466033E-007 -6.113895241822451E-007
         233 -4.894307469962185E-004  4.720075436121535E-004
 -1.524321136892091E-004 -1.509794559157408E-004
 -2.276884805584049E-007 -9.079266858924402E-007
         234  1.669785707488500E-004  6.398409668679630E-004
 -2.005177663738871E-004  4.567749624143575E-005
 -7.304665925934690E-007 -8.442421772735224E-007
         235  6.310084449285323E-004  1.580825346617662E-004
 -6.515763417296807E-005  1.858074557147236E-004
 -1.049273966090456E-006 -4.354659017092813E-007
         236  4.386959464812461E-004 -4.806872844392638E-004
  1.157127527007659E-004  1.446036322352318E-004
 -9.901176783197230E-007  5.696993308201520E-008
         237 -2.186159862578940E-004 -6.255986696468954E-004
  1.676693028421950E-004 -2.275851340316690E-005
 -6.340556102628846E-007  3.263871858227213E-007
         238 -6.750729068036266E-004 -1.137301435484601E-004
  5.199150240243684E-005 -1.424858152618108E-004
 -2.515519276566848E-007  2.431139528741401E-007
         239 -4.505442411270657E-004  5.529101093958489E-004
 -1.028530881576332E-004 -9.627114458666847E-005
 -1.063262100362931E-007 -7.813579491015059E-008
         240  2.586040384757820E-004  6.985166138940383E-004
 -1.313723305446089E-004  6.358543343925721E-005
 -2.766191584159803E-007 -3.775487765821107E-007
         241  7.611492226556051E-004  1.480374854568201E-004
  2.792820477680369E-006  1.664858957398022E-004
 -6.298316459556372E-007 -4.509909984164576E-007
         242  5.459941665080694E-004 -5.859611719936659E-004
  1.682527829389056E-004  9.484705692429118E-005
 -9.636832577174766E-007 -2.575767613718890E-007
         243 -2.059641525500623E-004 -7.920184952196863E-004
  1.941538917130043E-004 -9.730445427284714E-005
 -1.124329676968588E-006  1.163108716151870E-007
         244 -7.850942865949341E-004 -2.572911692703629E-004
  3.591507305107296E-005 -2.316714273244188E-004
 -1.051625248683184E-006  5.322743987553139E-007
         245 -6.394211120544344E-004  5.193144434580959E-004
 -1.751328072121922E-004 -1.711762421084450E-004
 -7.561888562143044E-007  8.543839549102900E-007
         246  9.131133121196016E-005  8.058317390690523E-004
 -2.463771188058327E-004  4.569240220370040E-005
 -3.267460365706192E-007  9.554561456136758E-007
         247  7.103663612321592E-004  3.438510630959377E-004
 -1.052694726050516E-004  2.308026249281339E-004
  7.383481005695281E-008  7.854559810361409E-007
         248  6.425942096809396E-004 -4.073963632944796E-004
  1.270863827103675E-004  2.198405796552765E-004
  2.683645020114750E-007  4.050825262159703E-007
         249 -1.567498013295214E-005 -7.287252944453566E-004
  2.475916554958005E-004  2.665200118703269E-005
  1.453927346186648E-007  3.930369955345588E-009
         250 -6.083469374705241E-004 -3.392727189003993E-004
  1.597620561010983E-004 -1.729776448760708E-004
 -2.364137043918946E-007 -1.872392152312136E-007
         251 -5.702550139212499E-004  3.455974591135346E-004
 -4.056315616065666E-005 -2.076362489201610E-004
 -6.670338681543697E-007 -2.755402788343383E-008
         252  2.412010998479174E-005  6.421670230329577E-004
 -1.648449688665347E-004 -7.160335021764391E-005
 -8.732963735621003E-007  4.304593650647216E-007
         253  5.599390863511969E-004  2.804368498136606E-004
 -1.177189791501161E-004  8.577373100447277E-005
 -7.046215604221376E-007  9.472182888757496E-007
         254  5.084213308693494E-004 -3.513064797015145E-004
  2.498374570546590E-005  1.144626533794928E-004
 -2.123020909185060E-007  1.251756945116431E-006
         255 -5.994591184942167E-005 -6.136410843162306E-004
  1.023338825229921E-004  8.910347673471028E-006
  3.797531451998336E-007  1.171296946920470E-006
         256 -5.657962122457078E-004 -2.521438693467593E-004
  3.836970729878762E-005 -9.689756835979203E-005
  7.857343278754310E-007  7.342865987359123E-007
