   409.600000000000     
         256           1           3
  1.124309127438499E-002   38.8029599367779        112.104923564687     
   39.0000000000000        116.000000000000        6351.00000000000     
           0  0.000000000000000E+000  0.000000000000000E+000
  0.000000000000000E+000  0.000000000000000E+000
  0.000000000000000E+000  0.000000000000000E+000
           1 -2.533650523081854E-007  1.384275586513695E-007
 -2.955283917957395E-006  3.047602719221285E-008
  1.103274636894258E-006 -6.412269581111768E-008
           2 -1.627250195298397E-007  4.326658821997420E-007
 -3.251647728335379E-006  7.856879816882496E-008
  1.138640842612799E-006 -1.735712091248795E-007
           3  3.849990745364471E-007  6.804883232913094E-007
 -3.832479990039103E-006  5.496952423530069E-007
  1.130258844369538E-006 -3.324322602818164E-007
           4  1.304962391817634E-006  9.415374643203779E-008
 -4.009436877875323E-006  1.798473422095096E-006
  1.034355581904152E-006 -4.765479131724258E-007
           5  1.165615011313035E-006 -1.721505642259286E-006
 -2.905929673435189E-006  2.930177210953100E-006
  9.071983292231968E-007 -5.332268292481948E-007
           6 -1.480194118515272E-006 -2.754931487826635E-006
 -1.469394701852603E-006  2.422626343486138E-006
  8.399494273707468E-007 -5.099968139123135E-007
           7 -4.435310307136164E-006  1.730772400630629E-007
 -2.082978382893928E-006  1.197277506539715E-006
  8.615128542588098E-007 -5.312837392998146E-007
           8 -2.279528706195231E-006  5.483537237637492E-006
 -3.788512579806043E-006  2.814206351472090E-006
  8.372291909159869E-007 -6.275530940203198E-007
           9  5.184170012912578E-006  5.491384838164356E-006
 -1.299935964486980E-006  6.448897480457296E-006
  7.626376502266024E-007 -6.215976925302260E-007
          10  8.575654504894757E-006 -3.261117513823008E-006
  5.464424419536221E-006  4.463457004866288E-006
  8.471012059284548E-007 -5.660014165073285E-007
          11 -2.506679148117747E-009 -1.054717904259911E-005
  6.083028921745415E-006 -5.898062663060057E-006
  1.089824222058043E-006 -7.082716320018067E-007
          12 -1.096566446132119E-005 -3.669373398209573E-006
 -7.157021717900584E-006 -1.196982397318407E-005
  1.233373256450327E-006 -1.206107088700146E-006
          13 -6.630055306578567E-006  1.020818831615708E-005
 -2.128121425864415E-005  1.509050566856547E-006
  7.510375440659512E-007 -1.804937221040034E-006
          14  9.403321266330036E-006  8.237664469690265E-006
 -1.240885228164536E-005  2.430011129902857E-005
 -6.506442462481928E-008 -1.757592791151248E-006
          15  9.007346941330300E-006 -9.886473261503783E-006
  1.633322033751902E-005  2.425844095402582E-005
 -3.868935125227267E-007 -1.049426010268413E-006
          16 -1.256576472762805E-005 -1.040041660888949E-005
  2.634530656241684E-005 -5.321857073118930E-006
  1.596637825245844E-007 -6.141040082713997E-007
          17 -1.417107553550184E-005  1.689896238505020E-005
  2.428001170714862E-007 -2.288901483824257E-005
  6.109682969072299E-007 -1.161487917946430E-006
          18  2.114474498147708E-005  2.163028066256436E-005
 -2.099683532985632E-005 -1.844261759286475E-006
  2.141400498598460E-007 -1.803864254560387E-006
          19  3.248068645207890E-005 -2.322455383045469E-005
 -3.131101911428831E-006  1.884922530874517E-005
 -5.006001214061876E-007 -1.736694318284038E-006
          20 -2.175998612294326E-005 -4.466100437098505E-005
  1.376689763622024E-005  4.235418990219235E-007
 -7.128041351192909E-007 -1.328975922590670E-006
          21 -5.524621807515610E-005  1.702821371175543E-005
 -1.098849064194692E-005 -1.167201484029007E-005
 -7.200082324721682E-007 -1.367754398728479E-006
          22  1.154288698427619E-005  6.180956612269246E-005
 -2.044999019867566E-005  2.461876337996093E-005
 -1.244838856632079E-006 -1.231238457447678E-006
          23  6.300826727486557E-005 -9.026616222993534E-006
  3.005639842784811E-005  3.598208952114603E-005
 -1.358174987986144E-006 -4.236002856159333E-007
          24 -1.248504760773298E-005 -5.937387447675831E-005
  4.608215528661589E-005 -2.711166169993313E-005
 -5.637623277593910E-007 -1.145646537235727E-007
          25 -5.260358613620395E-005  2.319324135093276E-005
 -2.541063569893607E-005 -4.606222679634128E-005
 -2.297264081386932E-007 -9.300194335974233E-007
          26  3.977189238576334E-005  4.393530711756837E-005
 -4.071408070871674E-005  2.898497854116717E-005
 -1.179145146318278E-006 -1.223811635377691E-006
          27  3.315687923585352E-005 -5.833844740322942E-005
  3.364324084334697E-005  3.233268348975716E-005
 -1.490256846863011E-006 -2.913023302468381E-007
          28 -7.367747808516986E-005 -1.890456762663298E-005
  1.672816593554899E-005 -3.706747643277214E-005
 -7.554956603980835E-007 -1.538348844683656E-007
          29  1.869111934711363E-007  8.113453704557853E-005
 -4.236428976108395E-005  5.252057331257437E-006
 -1.032827091078788E-006 -7.000799768244973E-007
          30  7.769211266868253E-005 -2.389923267091498E-005
  2.485693991756821E-005  4.818779781330180E-005
 -1.547634070081700E-006 -6.171453014554403E-008
          31 -4.908421239488129E-005 -6.263554276562235E-005
  4.526061379725551E-005 -3.638146229211230E-005
 -8.033553441125270E-007  3.519634201567670E-007
          32 -3.759009047696740E-005  7.011236721104838E-005
 -4.359995406599956E-005 -2.862293320901182E-005
 -7.087127874682543E-007 -3.710210820911183E-007
          33  8.079118955763015E-005  5.998639442305458E-006
 -5.180616795657654E-006  4.960354847770545E-005
 -1.440032681549556E-006 -1.079579815904725E-007
          34 -2.757178388302164E-005 -7.694793327551725E-005
  4.898740068785795E-005 -1.573233273297120E-005
 -1.002761486086498E-006  5.274926170920615E-007
          35 -5.829934321007162E-005  5.803685336945537E-005
 -3.292069717460521E-005 -3.630130536077329E-005
 -6.942899242413024E-007  2.273888356139619E-008
          36  8.035399469074223E-005  2.876893699413275E-005
 -1.575635867960571E-005  4.771617029069347E-005
 -1.308163814689967E-006  9.419234430383989E-008
          37 -4.863680830771481E-006 -9.023965651766140E-005
  5.511135091486924E-005 -4.436378062558721E-006
 -1.020032685042192E-006  7.466990843601706E-007
          38 -8.516173789837262E-005  3.527072811348612E-005
 -2.238337930955275E-005 -4.957707240635057E-005
 -5.903110088110005E-007  3.479583466408740E-007
          39  5.681102297935453E-005  6.534501881072536E-005
 -3.462072866653433E-005  3.959205055858052E-005
 -1.163501638244115E-006  2.417267034350822E-007
          40  3.415451495627009E-005 -6.678985056874798E-005
  5.097261132948049E-005  1.821591541326736E-005
 -1.089531564695650E-006  9.630714381816529E-007
          41 -6.507588088426607E-005  2.498660128802419E-006
  1.768893365114254E-006 -4.905886866695821E-005
 -5.142501533962718E-007  8.554251804883843E-007
          42  3.719783633419107E-005  5.310661094136770E-005
 -3.541852356492533E-005  1.843748266097339E-005
 -7.356056752813298E-007  6.206070760404238E-007
          43  3.325606360943008E-005 -6.330031995366287E-005
  3.954870257909498E-005  1.981386899385470E-005
 -7.159610259324528E-007  1.049952062693979E-006
          44 -7.703353154592259E-005 -7.940280000079709E-006
  6.716988798487604E-006 -5.247547434598636E-005
 -2.288896573576586E-007  9.586983916807252E-007
          45  2.031719372298084E-005  7.813151155153953E-005
 -5.277189252467827E-005  7.085104073098901E-006
 -4.469228648473454E-007  6.100435224745688E-007
          46  6.928015859285360E-005 -4.824521158784592E-005
  2.204719278584093E-005  4.555912750292560E-005
 -6.394239220165952E-007  1.047140269587333E-006
          47 -7.145902697985407E-005 -5.497914294728978E-005
  3.442856477883995E-005 -3.277678660696737E-005
 -1.160005245124837E-007  1.207849128203486E-006
          48 -3.967304928584987E-005  8.561450879983624E-005
 -3.653258678538859E-005 -1.757056927324256E-005
 -6.390377661841666E-008  8.245389570055745E-007
          49  8.726092233157522E-005  2.565494457397762E-005
  4.096459729485560E-006  3.849354140202049E-005
 -2.664676688300046E-007  1.023695051894714E-006
          50  1.319282674903549E-005 -7.484088086712410E-005
  4.131288667037068E-005 -2.181083277660037E-005
  1.267302074827695E-007  1.220194680266042E-006
          51 -4.998499286550103E-005 -1.412279485367502E-006
 -2.907841468547637E-005 -3.983878414623631E-005
  3.464115042089600E-007  8.428317189830743E-007
          52  1.069715929891632E-005  1.754821133167530E-005
 -2.818629940013751E-005  2.996896138064102E-005
  5.972226746282161E-008  7.395914987589903E-007
          53 -1.617510317873765E-005 -2.318049964863823E-005
  3.074097001908806E-005  1.026730837722547E-005
  1.375610803811357E-007  1.039430107853723E-006
          54 -3.399636787247451E-005  4.547242326026971E-005
 -6.659957064061947E-006 -3.132953278523143E-005
  4.390841065455755E-007  8.979357597378146E-007
          55  6.650310340531118E-005  3.989242087367052E-005
 -2.840923282039500E-005  2.132642908028566E-005
  2.966266200570747E-007  7.321090208173931E-007
          56  3.833431774771713E-005 -7.879919728052291E-005
  3.519155601246700E-005  2.452504598760422E-005
  3.089363236644233E-007  9.874006157288990E-007
          57 -8.505010421510463E-005 -2.867131966486324E-005
  2.309961814856616E-005 -4.401951887375467E-005
  6.898536893815805E-007  9.427750382387408E-007
          58 -1.300832765035082E-005  8.904617557452175E-005
 -4.181759537489351E-005 -2.073380889108437E-005
  7.150656447627384E-007  5.943480158492152E-007
          59  9.337113204351235E-005 -3.762739124464792E-006
 -1.020623642412740E-005  3.211685978850804E-005
  5.090072542461278E-007  6.114150650810378E-007
          60 -1.566228062310631E-005 -9.824647857666778E-005
  2.442796835525754E-005 -7.436858092087059E-006
  6.508056389453325E-007  7.576614398787995E-007
          61 -1.010599813824891E-004  1.851422205580471E-005
 -2.320394934315713E-005 -2.253710869836099E-005
  7.984882041546195E-007  5.796531866918109E-007
          62  1.149240781483825E-005  9.742069720870138E-005
 -2.184129765507924E-005  3.195366346998794E-005
  6.804368400701230E-007  5.559042652982685E-007
          63  8.399425837304652E-005  2.549405640020335E-006
  3.556883607644214E-005  2.002759266386832E-005
  8.311026980595051E-007  7.257695546090700E-007
          64  1.809985056378511E-005 -6.076923985498027E-005
  1.928838021684579E-005 -3.440021859946538E-005
  1.158278565869829E-006  5.738902026808173E-007
          65 -3.159913786001947E-005 -2.956362438233296E-005
 -2.427634487308157E-005 -1.835928911110485E-005
  1.203287651113947E-006  2.630756701225005E-007
          66 -3.418777871134033E-005  3.002561847580317E-006
 -1.005498875499412E-005  7.055473973663433E-006
  1.131313621762914E-006  1.217441557173432E-007
          67 -1.825759955527825E-005  3.329485370498620E-005
 -6.795149344648024E-006 -7.840362078379202E-006
  1.133036337196728E-006  6.641875216178152E-009
          68  3.143247204685121E-005  2.821199166130304E-005
 -2.616801930838109E-005  9.907471953592591E-006
  1.058785603328249E-006 -1.334971549172055E-007
          69  2.732331782743356E-005 -3.408756148524447E-005
  6.869334432660395E-006  3.514127088634749E-005
  9.882647553098217E-007 -1.101032106634236E-007
          70 -4.484282435202666E-005 -1.997565918562894E-005
  3.520526634944914E-005 -5.813164860373052E-006
  1.155717705131134E-006 -1.337328759438776E-007
          71 -1.211568502778513E-005  6.358501772833050E-005
 -7.751008489821094E-006 -3.174321259671949E-005
  1.252903518585459E-006 -4.652213393466784E-007
          72  8.646047909853874E-005  8.303646785788396E-006
 -2.477213011190209E-005  1.013545775582044E-005
  9.949573230582901E-007 -7.351092470572023E-007
          73  1.002299743900037E-005 -1.076955935817543E-004
  1.527345275861482E-005  1.267108112113591E-005
  8.133071475561288E-007 -7.111580441358483E-007
          74 -1.225183995895941E-004 -1.551693085776610E-005
  8.321478912144408E-007 -2.748060672131448E-005
  7.797211634478019E-007 -7.877296283727184E-007
          75 -2.103520064888844E-005  1.290259792140445E-004
 -4.275624408894489E-005  3.103815528107686E-006
  5.663589882103423E-007 -9.251028319623527E-007
          76  1.282363532674840E-004  2.300256797731062E-005
 -5.525931133202531E-007  5.175637394408913E-005
  3.184579287061208E-007 -7.888658245522682E-007
          77  2.000755932695923E-005 -1.230215258447308E-004
  5.216850145231648E-005  3.742832848173250E-006
  4.109702063414863E-007 -5.901992397186546E-007
          78 -1.167498655304830E-004 -1.265712081353370E-005
  2.891090223771819E-006 -4.967003246981699E-005
  5.560401628998311E-007 -7.716794604411753E-007
          79 -2.497423993736091E-006  1.112639966461821E-004
 -4.748101526358703E-005 -1.357435031769586E-006
  3.218415686328583E-007 -9.982372941119968E-007
          80  1.067802102729452E-004 -8.526449178697036E-006
 -1.052306756439406E-006  4.236396509730460E-005
  4.902174895327448E-008 -8.543329516504696E-007
          81 -1.910418143384367E-005 -1.030821357321529E-004
  3.372922700261771E-005 -2.138545937892820E-006
  8.465204635114834E-008 -6.607398802484987E-007
          82 -1.001598504624131E-004  2.893111432227558E-005
 -1.019664360808779E-005 -2.629738861130469E-005
  1.694116154416703E-007 -7.343479571572181E-007
          83  3.783146018946287E-005  9.803638623396360E-005
 -2.372577405613419E-005  1.841494701085678E-005
  3.294951057198583E-008 -7.961872739335863E-007
          84  9.693486915260075E-005 -4.487945596954895E-005
  2.335624441205207E-005  2.305510660633091E-005
 -3.043866867430726E-008 -6.659674088714392E-007
          85 -4.923540094293731E-005 -9.683749667956016E-005
  2.186731945789755E-005 -2.721871222379279E-005
  7.394060254873771E-008 -6.809258781230423E-007
          86 -9.661127444120658E-005  5.075921430121267E-005
 -3.214922308231895E-005 -2.298283795309341E-005
  4.359141323946958E-009 -8.453658207284749E-007
          87  5.011267267048355E-005  9.464060120676074E-005
 -2.843899004476619E-005  3.371801118682658E-005
 -2.379210735195444E-007 -8.161919111787728E-007
          88  9.030070561032280E-005 -4.895105422111190E-005
  2.849901361624730E-005  3.370642826885531E-005
 -2.890723565721723E-007 -5.879203390723917E-007
          89 -4.958192550653447E-005 -8.430230395529039E-005
  3.289261259499099E-005 -2.027567191284960E-005
 -9.544196479070370E-008 -5.344686993003598E-007
          90 -7.821043598343966E-005  5.326170740535846E-005
 -1.531091377081856E-005 -2.770619475490512E-005
 -6.242065241410247E-008 -7.361806962616508E-007
          91  5.921482475859269E-005  7.407958460814317E-005
 -2.289085889696529E-005  1.380422472361472E-005
 -2.685707937857723E-007 -8.131559631892562E-007
          92  7.319377526625769E-005 -6.550835164026253E-005
  1.251467359708448E-005  1.900403647889740E-005
 -3.735405177500972E-007 -6.946406353455493E-007
          93 -7.003155705383450E-005 -7.469070379558920E-005
  1.356966395127871E-005 -1.247744584358136E-005
 -3.289490067626051E-007 -6.561159158847360E-007
          94 -7.619750281828128E-005  7.128811160884079E-005
 -1.605481993524754E-005 -8.921936072478014E-006
 -3.777187663984892E-007 -7.533948591787427E-007
          95  6.948551300787793E-005  7.549420660152638E-005
 -9.028216500069216E-006  2.065290025941920E-005
 -5.485390802185800E-007 -7.392268744755493E-007
          96  7.139477523701555E-005 -6.649839503252867E-005
  2.058778831756630E-005  1.119027295008521E-005
 -6.013559454161536E-007 -6.224563555393232E-007
          97 -6.409442213263287E-005 -6.409941217373053E-005
  8.644278952900789E-006 -1.737365889712889E-005
 -6.001460210110498E-007 -6.319202219216140E-007
          98 -5.521122221897111E-005  6.260231181645346E-005
 -1.811356744303846E-005 -9.255824900279651E-007
 -7.348430573837807E-007 -6.593566498282077E-007
          99  6.098654545236713E-005  4.640825023159645E-005
  5.028042590836728E-006  2.505403379164342E-005
 -8.834806141863059E-007 -5.296066917908485E-007
         100  3.785529092943740E-005 -5.728932539360006E-005
  3.226762338054909E-005 -6.187685643129974E-006
 -8.579969844628992E-007 -3.864640811232135E-007
         101 -4.967612417996754E-005 -2.826486405764705E-005
 -6.201440646560294E-006 -3.583956870561917E-005
 -8.509667436996525E-007 -4.469529007845303E-007
         102 -1.583545366800123E-005  3.786003817790531E-005
 -3.866237820302195E-005  7.601903428702235E-006
 -1.093686239379153E-006 -4.417555149881097E-007
         103  2.331952128079628E-005 -6.604684633288779E-007
  6.934182803067502E-006  4.169300381061257E-005
 -1.269930480619073E-006 -1.376469719270865E-007
         104 -2.080869220915790E-005 -8.293510148715099E-006
  3.965358995497160E-005 -2.893818421040868E-006
 -1.137098684607068E-006  1.385308219844446E-007
         105  5.438508749825287E-006  4.241968681723010E-005
 -1.753521693596575E-006 -2.977063257234251E-005
 -1.006677454115712E-006  1.528698040146842E-007
         106  6.252047949791412E-005 -1.753334063368583E-005
 -1.814712977628454E-005  8.507231157060317E-006
 -1.082472480260502E-006  1.953202910594758E-007
         107 -2.912419658497846E-005 -7.853163746792144E-005
  1.821817011290113E-005  1.147933452095094E-005
 -1.076683395522851E-006  4.132153903822303E-007
         108 -8.929901879299842E-005  4.188054920983545E-005
  7.307032011276205E-006 -2.321889358491341E-005
 -9.203614049867532E-007  5.243394181703094E-007
         109  5.716784698235421E-005  9.521054614964879E-005
 -2.431740895693985E-005  6.544193646807208E-007
 -8.796188189722927E-007  5.313774829087363E-007
         110  9.711979118568029E-005 -7.522482291207741E-005
  1.192988449401917E-005  2.693531619921692E-005
 -8.521071469879490E-007  6.863681773861748E-007
         111 -9.482738119125890E-005 -9.577230322227559E-005
  3.062738700475291E-005 -2.083740212187450E-005
 -6.498957648273318E-007  7.615126316204944E-007
         112 -9.144283535970831E-005  1.142802167710037E-004
 -2.759624882692608E-005 -3.067492930068721E-005
 -5.812879532025211E-007  6.588412553734820E-007
         113  1.322641577187692E-004  8.369224802698783E-005
 -2.733798892102728E-005  3.705443718771380E-005
 -6.719288308624156E-007  7.262137432335430E-007
         114  7.167759142979007E-005 -1.479046122272748E-004
  4.867103147310050E-005  2.627980239493601E-005
 -5.477111735548475E-007  9.482064040865379E-007
         115 -1.606704767539080E-004 -5.517488830320424E-005
  2.792316544806840E-005 -5.600845962652497E-005
 -2.635509596667197E-007  8.949416237603295E-007
         116 -3.459594021244015E-005  1.707329029565760E-004
 -5.729590578653223E-005 -2.628798368872311E-005
 -2.986975806331021E-007  6.801603417244859E-007
         117  1.781822690738701E-004  1.040278400642011E-005
 -1.856173065311218E-005  5.783613200774217E-005
 -4.804557848496112E-007  8.359122557353370E-007
         118 -1.645323051926677E-005 -1.827797985806797E-004
  5.992056251375990E-005  9.677883955605196E-006
 -2.601610289461929E-007  1.090692610530994E-006
         119 -1.844195144298622E-004  4.452895374987734E-005
  2.419656054244445E-006 -5.937313235249138E-005
  2.406381195907620E-008  9.477309619882324E-007
         120  7.229474908213498E-005  1.832892891485809E-004
 -5.360201987249228E-005  7.571302828302682E-006
 -6.964839920325886E-008  7.835963793375730E-007
         121  1.790387790212685E-004 -9.831925441280052E-005
  2.299398094927183E-005  4.796670232031687E-005
 -1.273765349668627E-007  9.753899023798630E-007
         122 -1.207251760062892E-004 -1.708834752724676E-004
  4.703825383701461E-005 -3.847321464025129E-005
  1.621825696183735E-007  1.049885680976714E-006
         123 -1.584347014093414E-004  1.384189570299585E-004
 -4.790120477731371E-005 -4.749835910203936E-005
  2.566552876032750E-007  8.093212666931505E-007
         124  1.517958905990601E-004  1.412614573236573E-004
 -4.384603171763132E-005  5.325495625913667E-005
  6.505077959905829E-008  8.285374054306767E-007
         125  1.194177382808557E-004 -1.619788337301688E-004
  5.839086878401997E-005  3.749676622967007E-005
  1.957604890890900E-007  1.102756150821324E-006
         126 -1.700744073612611E-004 -9.435894579374826E-005
  3.223210452997032E-005 -6.171342598573580E-005
  5.726732897561066E-007  1.038957378262637E-006
         127 -6.874829249309809E-005  1.769881295168772E-004
 -5.968797770487588E-005 -2.536133773691583E-005
  6.143176999942277E-007  7.362237430698172E-007
         128  1.825027044367284E-004  4.480171998888640E-005
 -1.250880691096442E-005  5.601373484429397E-005
  4.675181286886977E-007  7.609288486975682E-007
         129  2.411056592072496E-005 -1.848672997216480E-004
  5.717820141965474E-005 -2.787975955982815E-006
  6.691762950893520E-007  8.932230103630199E-007
         130 -1.826291858422092E-004 -7.148642641963885E-006
 -1.174148049036333E-005 -6.205462916349020E-005
  8.973838569009261E-007  6.641234057051963E-007
         131  7.162094508255043E-006  1.755601328562701E-004
 -6.278524563072883E-005  1.328179845725022E-005
  7.750946979253068E-007  4.408237157306236E-007
         132  1.647217147977892E-004 -2.030524440802571E-005
  1.378950306748535E-005  5.655127284502864E-005
  6.839933836892948E-007  5.426751626745476E-007
         133 -3.253891112179366E-005 -1.523682829097148E-004
  4.845952091905836E-005 -1.668708485307206E-005
  8.860018011231601E-007  5.930816275518690E-007
         134 -1.411739681501613E-004  4.288901217603054E-005
 -1.878433918364944E-005 -4.138853050309835E-005
  1.020596505627281E-006  3.763209097874586E-007
         135  4.968579229418413E-005  1.323159680820714E-004
 -3.282578900077562E-005  1.930110398187116E-005
  9.359148223133953E-007  2.335913858204966E-007
         136  1.250369409760176E-004 -5.121573011793669E-005
  2.258591019524043E-005  2.309298066476249E-005
  9.397692695694289E-007  2.530536298939745E-007
         137 -4.716717895296092E-005 -1.174675771924054E-004
  1.881314803486367E-005 -2.923496792697111E-005
  1.062554334673344E-006  1.533948016920890E-007
         138 -1.077840782562937E-004  3.928906483024130E-005
 -3.197698687719660E-005 -2.255192599849028E-005
  1.044654706385031E-006 -6.025891133848105E-008
         139  3.071161404978197E-005  9.543181398763562E-005
 -2.746964346340555E-005  2.570422091665979E-005
  9.001334132972317E-007 -1.368665758627904E-007
         140  8.180090316645640E-005 -2.456913817240953E-005
  1.550735096626547E-005  2.675171917459932E-005
  8.634491706669053E-007 -8.372014268787806E-008
         141 -2.269235822612987E-005 -6.960237408641681E-005
  2.263137772983115E-005 -8.669546992885419E-006
  9.497030384740431E-007 -9.992083771943747E-008
         142 -6.161335968552786E-005  2.489490876777377E-005
 -4.788581653054613E-006 -2.031399145710207E-005
  1.002423046514633E-006 -2.286873045514102E-007
         143  2.950434474889877E-005  5.943147670461546E-005
 -1.898364471024839E-005  6.073690801837613E-007
  9.621660859866180E-007 -3.522448763777060E-007
         144  6.272954113687515E-005 -3.453697106461209E-005
 -1.311329914031933E-006  1.577754661524901E-005
  9.187402180924772E-007 -4.057541104772420E-007
         145 -3.866266398534765E-005 -6.973435934255579E-005
  1.434362333287687E-005 -2.991649635382223E-006
  9.328214038504723E-007 -4.674709460747606E-007
         146 -7.848604554872413E-005  4.196596095687080E-005
 -9.448344489189833E-006 -2.021556103984384E-005
  9.316147330373952E-007 -6.031011300746718E-007
         147  4.580847468934134E-005  8.761883139470882E-005
 -3.061692491857591E-005  1.047137584561113E-005
  8.278236871693821E-007 -7.235526130858126E-007
         148  9.677245775011445E-005 -5.160837108511637E-005
  6.783822859738057E-006  3.713007138091988E-005
  7.414056901644201E-007 -7.209799790465162E-007
         149 -5.998687102083523E-005 -1.067005750910859E-004
  3.865572934385079E-005 -5.825304859660791E-006
  7.971382194771996E-007 -7.526731540596789E-007
         150 -1.184239156944725E-004  7.064847073976583E-005
 -9.545759299253644E-006 -4.141029790751061E-005
  8.179814179729939E-007 -9.525849590883372E-007
         151  8.245622160096211E-005  1.321826389637175E-004
 -4.703820037550563E-005  1.207905677300817E-005
  6.474177922960581E-007 -1.142116218043847E-006
         152  1.473171923587816E-004 -9.366709548752245E-005
  1.203491839324286E-005  4.985182145733704E-005
  4.700805793182575E-007 -1.153541106981709E-006
         153 -1.030007770597640E-004 -1.627310779277959E-004
  4.811822886368037E-005 -1.544143515898726E-005
  4.579818310997657E-007 -1.189855219317637E-006
         154 -1.768468591826756E-004  1.100730471028647E-004
 -2.476932451298121E-005 -4.864493853789535E-005
  3.444735398210539E-007 -1.410410615511575E-006
         155  1.148995299656578E-004  1.882517077581479E-004
 -5.507617304446514E-005  3.265986790682274E-005
  1.020946093000917E-008 -1.498528588605988E-006
         156  1.964000382155522E-004 -1.178506563028429E-004
  3.395579579026209E-005  6.124647570057937E-005
 -2.299478216309007E-007 -1.353957954894860E-006
         157 -1.197007101616619E-004 -2.013594686108687E-004
  6.051655830882745E-005 -3.402453834629009E-005
 -2.567514261113642E-007 -1.267106201701347E-006
         158 -2.032349904104564E-004  1.210459808001751E-004
 -3.941915999673228E-005 -5.708724473248270E-005
 -3.881405072190057E-007 -1.385136124265814E-006
         159  1.219792514797340E-004  2.024577707184887E-004
 -5.746956106544993E-005  4.685255968274273E-005
 -7.492300064535050E-007 -1.323879948661982E-006
         160  1.995372420032603E-004 -1.228654445534545E-004
  4.923362733647152E-005  5.931002205819578E-005
 -9.100001473624595E-007 -9.866129024364549E-007
         161 -1.240969195099444E-004 -1.944337351566775E-004
  5.567901881347542E-005 -4.830874829933556E-005
 -7.945664814127327E-007 -8.242117577033291E-007
         162 -1.871248419857125E-004  1.259154267912973E-004
 -5.103719077110976E-005 -4.817255224217870E-005
 -8.381799296322746E-007 -8.936729698415690E-007
         163  1.288494015679254E-004  1.779912534294897E-004
 -4.389081383012478E-005  5.726167155764619E-005
 -1.082226287811278E-006 -7.722119507310707E-007
         164  1.675275674195194E-004 -1.338072275648988E-004
  5.978393997516950E-005  4.341638416111825E-005
 -1.098682486344190E-006 -4.493490282673490E-007
         165 -1.413057043074734E-004 -1.562613090222858E-004
  4.009081408284174E-005 -5.788034189236105E-005
 -9.093930075142694E-007 -3.518219710568890E-007
         166 -1.450177173663723E-004  1.512920898770767E-004
 -5.828462553922404E-005 -3.206642989698214E-005
 -9.228992756135340E-007 -4.409236606432346E-007
         167  1.633351578747858E-004  1.343632262919782E-004
 -2.556552546686621E-005  6.354823152323237E-005
 -1.095850770532935E-006 -3.250380787390975E-007
         168  1.241263455871286E-004 -1.765588868991596E-004
  6.772407551013694E-005  2.374115763523118E-005
 -1.036534727973532E-006 -6.860172846839131E-008
         169 -1.899846805681535E-004 -1.134994292199080E-004
  2.166579507005032E-005 -6.722765408518842E-005
 -8.465606887608349E-007 -6.121089230215254E-008
         170 -1.013787755880550E-004  2.030461526996275E-004
 -6.631221100907839E-005 -1.547060963566024E-005
 -9.084308795384063E-007 -1.702655595522527E-007
         171  2.157569333697949E-004  8.682752458945739E-005
 -8.774240402628996E-006  6.839084374447122E-005
 -1.062136054193840E-006 -2.519541779141840E-008
         172  6.957922533653003E-005 -2.282744477523028E-004
  6.976319296488865E-005  4.412746128744119E-006
 -9.552486715720327E-007  1.865069059327624E-007
         173 -2.403003920617160E-004 -5.019936489157551E-005
 -1.932092772429341E-006 -6.740018362308638E-005
 -8.073700908300611E-007  1.318065289036822E-007
         174 -2.963707146631336E-005  2.505847240683400E-004
 -6.617683581434465E-005  1.389677945600798E-005
 -9.307289829993253E-007  6.791011656928719E-008
         175  2.569796144586781E-004  8.438201785402562E-006
  2.636644946532008E-005  7.120346720103079E-005
 -1.028174796822766E-006  2.851418646914821E-007
         176 -1.386883148150868E-005 -2.572310284267748E-004
  7.839287794201649E-005 -3.246924516544841E-005
 -8.293930004610137E-007  4.437851724937361E-007
         177 -2.500399388942679E-004  3.880567953541171E-005
 -3.375422310593482E-005 -8.009447729468145E-005
 -7.170138600422232E-007  2.895401987070504E-007
         178  6.801001297920742E-005  2.358610405813607E-004
 -7.586885391724662E-005  3.622820604370821E-005
 -9.342709200966586E-007  2.449249285777229E-007
         179  2.169830744890579E-004 -1.020157174389730E-004
  4.041107176610963E-005  6.989977372859486E-005
 -1.030177512031977E-006  5.312627354889526E-007
         180 -1.395314909059425E-004 -1.964247336930581E-004
  6.134783561239691E-005 -4.354697779502435E-005
 -8.216863377808809E-007  6.929495681665591E-007
         181 -1.762534153866706E-004  1.773170488916335E-004
 -4.834209334048498E-005 -4.695858412282379E-005
 -7.593313387402535E-007  6.048660209491204E-007
         182  2.111858312718002E-004  1.567389013565069E-004
 -3.100482119052164E-005  6.031281665139185E-005
 -8.944265162591219E-007  7.022257614082180E-007
         183  1.364601580720810E-004 -2.379228532576688E-004
  7.643645692103249E-005  2.221988856494979E-005
 -8.042474488565580E-007  9.731372511547817E-007
         184 -2.565676811611316E-004 -1.130917967570773E-004
  2.084833333820149E-005 -8.642315624530268E-005
 -5.622929155461095E-007  9.968870801912608E-007
         185 -8.510844020268329E-005  2.680397532450495E-004
 -8.657482971501605E-005 -1.763276110760262E-005
 -5.902775981010874E-007  9.147896740276367E-007
         186  2.742791934442673E-004  5.325806945111271E-005
 -7.662490585260011E-006  8.381766567452177E-005
 -6.643251521455602E-007  1.138521789140975E-006
         187  2.003067274260369E-005 -2.768818521334412E-004
  8.334387648990862E-005 -4.529585275142550E-006
 -4.078623635875647E-007  1.387486289080134E-006
         188 -2.755534582078756E-004  1.190462816484048E-005
 -1.484015125375264E-005 -8.157436602898573E-005
 -1.319169443996799E-007  1.317395531910314E-006
         189  4.077950116267513E-005  2.680191441769787E-004
 -7.629012341660719E-005  2.633012544162719E-005
 -1.273970340157241E-007  1.269928399975892E-006
         190  2.521217148385511E-004 -6.649666166259126E-005
  4.048796625958879E-005  7.258848517111077E-005
 -1.741378508811488E-008  1.482508666622097E-006
         191 -9.103578288114436E-005 -2.273845807872262E-004
  7.324169697798780E-005 -5.031677851051146E-005
  3.835921485313127E-007  1.519972418153047E-006
         192 -1.953544115699979E-004  1.165039338196694E-004
 -5.048956046145573E-005 -7.047358280761856E-005
  6.100347003765121E-007  1.252665997478346E-006
         193  1.433267926972005E-004  1.596824838020727E-004
 -5.646506841415614E-005  4.815241644669086E-005
  5.855226419489926E-007  1.123450051646942E-006
         194  1.244595180208816E-004 -1.700842948252745E-004
  5.422936395872025E-005  3.544435092089158E-005
  6.964990968320783E-007  1.172261868771342E-006
         195 -1.941493894384230E-004 -9.179717807431113E-005
  1.856423370518242E-005 -6.766880931366208E-005
  9.403752090815232E-007  1.024403515164393E-006
         196 -6.125967305121218E-005  2.125302107529380E-004
 -7.929577874872430E-005 -8.864735038065856E-006
  9.358073385758679E-007  7.728924220560142E-007
         197  2.239945415950681E-004  3.128711951351639E-005
 -8.868223503428693E-007  8.544496549952250E-005
  8.701107424416805E-007  7.898386944276057E-007
         198  3.011139016905104E-007 -2.299230997812870E-004
  8.950492161568195E-005 -6.809235382734039E-006
  1.090124830041280E-006  7.981954297240335E-007
         199 -2.329742611292696E-004  3.165925815303909E-005
 -1.029552064010338E-005 -9.090476536464633E-005
  1.249901284363996E-006  4.920205751501749E-007
         200  6.215086932511579E-005  2.355001186721584E-004
 -8.452324994887192E-005  1.115382812251274E-005
  1.079183379646379E-006  2.548013544000625E-007
         201  2.383834214969121E-004 -8.755710514907536E-005
  1.756721412623227E-005  7.148275023505976E-005
  9.694830421827597E-007  3.363413536889205E-007
         202 -1.052100748777582E-004 -2.403700061417257E-004
  6.158585275685396E-005 -3.103323716830417E-005
  1.156161641882822E-006  3.441191267036919E-007
         203 -2.389311133548113E-004  1.145066055159588E-004
 -4.262933029661536E-005 -5.996669820192483E-005
  1.251308316151000E-006  7.153430087877559E-008
         204  1.170961404745326E-004  2.322533563295105E-004
 -6.000847878487704E-005  4.539399948252541E-005
  1.079891759264360E-006 -1.085600290710211E-007
         205  2.204914534430484E-004 -1.158871548006670E-004
  4.322805853024036E-005  5.459411660959736E-005
  9.966820452351229E-007 -5.363919744108991E-008
         206 -1.132126188388562E-004 -2.058150691863987E-004
  4.610012155124819E-005 -4.229416270373052E-005
  1.100527152034950E-006 -9.233868524024255E-008
         207 -1.913054927692567E-004  1.096335365814130E-004
 -4.153483269602973E-005 -3.955007926841866E-005
  1.105518385303750E-006 -2.712972765419142E-007
         208  1.039906502741731E-004  1.792656594372721E-004
 -3.336903678182240E-005  3.800584372580508E-005
  1.013047749755352E-006 -3.529878148367241E-007
         209  1.701425060092255E-004 -9.460874108600659E-005
  3.510175444097185E-005  2.499589989247124E-005
  1.022725501281600E-006 -3.818172328248741E-007
         210 -8.089632757439401E-005 -1.626763979666903E-004
  1.923954126591425E-005 -3.696363555541628E-005
  1.059337521227626E-006 -5.357307747266951E-007
         211 -1.550434769102817E-004  6.416996675103170E-005
 -3.878678265590873E-005 -2.195372988693129E-005
  9.461220522053153E-007 -7.281422868657771E-007
         212  4.707989587197510E-005  1.464844016110249E-004
 -2.920327777169619E-005  3.233723454899173E-005
  7.637685164224534E-007 -7.724266071086853E-007
         213  1.382655262189006E-004 -3.230264514199697E-005
  1.906045171727500E-005  3.133145398157104E-005
  7.016493337103591E-007 -7.333138131221760E-007
         214 -2.115135993680866E-005 -1.331082453627991E-004
  2.639783670313740E-005 -8.322776341334754E-006
  7.244105042182247E-007 -7.845764837269665E-007
         215 -1.335254583425006E-004  1.272257487470420E-005
 -4.160755883596170E-006 -2.117151910020444E-005
  6.740677161135205E-007 -9.322276075323236E-007
         216  4.411053689541553E-006  1.404329910390691E-004
 -1.957875022308528E-005  2.696186023700452E-006
  5.134709316192111E-007 -1.034226100665966E-006
         217  1.522351341737204E-004  6.258943231350873E-006
  2.537101617045463E-006  1.913173973553617E-005
  3.565895703314376E-007 -1.030201846208280E-006
         218  2.024609692697698E-005 -1.651201913023771E-004
  1.992321530255832E-005 -7.009202932962481E-006
  2.792414086815588E-007 -1.005468726016019E-006
         219 -1.749411523801787E-004 -3.639685484847977E-005
 -1.497045992761372E-005 -2.767542343080889E-005
  2.143114198048433E-007 -1.046372770813996E-006
         220 -5.157363682123123E-005  1.792296341421179E-004
 -4.296990614160166E-005  1.812899862197456E-005
  6.245530572693326E-008 -1.078590883626620E-006
         221  1.779106111454389E-004  6.195122178654733E-005
  1.199658451266593E-005  5.687493941936500E-005
 -7.268473503816619E-008 -9.861210206276732E-007
         222  6.500472306418996E-005 -1.731535548084289E-004
  6.184250618130103E-005 -2.701407520609124E-006
 -6.269025791040038E-008 -9.129890203215019E-007
         223 -1.683565149760927E-004 -6.040621754763487E-005
  2.039378904816768E-006 -6.057684248890736E-005
 -7.442899639331419E-008 -9.899617788819437E-007
         224 -4.989843766636651E-005  1.662597455140041E-004
 -5.840686461196718E-005 -2.378489632318879E-006
 -2.550937576374005E-007 -1.043363795319325E-006
         225  1.676423765916738E-004  3.662936387833131E-005
 -1.469728641209030E-006  5.470827122463235E-005
 -4.187800955642531E-007 -9.041635669872347E-007
         226  2.386123485544309E-005 -1.713301729009093E-004
  4.769448171243426E-005 -3.318380950209348E-006
 -3.780177283583864E-007 -7.688829293971306E-007
         227 -1.750078675904307E-004 -1.350771423713189E-005
 -1.528842278461055E-005 -4.190820732954826E-005
 -3.403235204055769E-007 -8.347258180058101E-007
         228 -5.472094415825300E-006  1.760856235359691E-004
 -4.317693287007489E-005  2.959081541344732E-005
 -4.968958238819701E-007 -8.869548038937092E-007
         229  1.728294482145869E-004 -1.785057406757075E-006
  3.799820448774128E-005  4.899701895050170E-005
 -6.280939927980729E-007 -7.550344902035504E-007
         230 -1.061814533075843E-005 -1.651768247835570E-004
  5.189303994669902E-005 -4.023408661255457E-005
 -5.920304651879933E-007 -6.560355412599103E-007
         231 -1.544953846059476E-004  2.327892666532292E-005
 -4.200945017791301E-005 -5.024103528051594E-005
 -6.082582774103513E-007 -7.072438995336564E-007
         232  4.087623240925649E-005  1.429754834925879E-004
 -4.839211067619047E-005  4.420190050179399E-005
 -7.556657513936906E-007 -6.789611549516428E-007
         233  1.331942519220429E-004 -6.284058889512798E-005
  4.300931318883225E-005  4.638571129126794E-005
 -8.037756341810435E-007 -5.395823654890005E-007
         234 -8.737784300477318E-005 -1.274270275585673E-004
  3.915853256279980E-005 -3.960376874007022E-005
 -7.646822449172304E-007 -5.194484510653144E-007
         235 -1.267672243233562E-004  1.119186487924854E-004
 -4.097361699977158E-005 -2.698562106350211E-005
 -8.732745225347663E-007 -5.724360055078178E-007
         236  1.336638100699847E-004  1.307857458689126E-004
 -1.754570330045592E-005  4.909380895379077E-005
 -1.064495523667257E-006 -4.514835773510635E-007
         237  1.376206641951142E-004 -1.503655040857847E-004
  5.769165475415550E-005  1.476168548633783E-005
 -1.077938629268338E-006 -2.283641145221544E-007
         238 -1.610576531504904E-004 -1.442451202698374E-004
  1.392710460436643E-005 -6.227747415418289E-005
 -9.898591479581598E-007 -1.788691548790292E-007
         239 -1.471595377694421E-004  1.663012852003343E-004
 -6.616636015173054E-005 -1.167967147872327E-005
 -1.086339125662444E-006 -2.095779201674668E-007
         240  1.681327688156471E-004  1.435228875020182E-004
 -1.201115808498773E-005  7.187482074033831E-005
 -1.262067739292279E-006 -3.639015082676359E-008
         241  1.321013163352196E-004 -1.697714513475372E-004
  7.397651611688434E-005  1.756938269703582E-005
 -1.239010993899363E-006  2.389684594831038E-007
         242 -1.746696749241893E-004 -1.136788183853768E-004
  2.202952368948173E-005 -6.763867589783876E-005
 -1.115627891410967E-006  3.564708493871360E-007
         243 -9.102537034343751E-005  1.854017897661893E-004
 -5.809007473131672E-005 -1.794946614000628E-005
 -1.119591152146451E-006  4.230260949226578E-007
         244  2.026206452031908E-004  6.802575821916740E-005
 -7.420150376557213E-006  5.382250941282492E-005
 -1.119996898315202E-006  6.449608526862575E-007
         245  4.859497075617990E-005 -2.245116818584483E-004
  5.490926029390120E-005 -2.337072294952817E-006
 -9.055402971051041E-007  8.528071096796234E-007
         246 -2.472462854761647E-004 -3.540127458015342E-005
 -1.026104106702874E-005 -5.616788991394338E-005
 -6.847421588896107E-007  8.203208673776266E-007
         247 -2.884119986267643E-005  2.659820774731368E-004
 -5.794283860660428E-005  2.006705697785950E-005
 -6.835530277972253E-007  7.833981207518526E-007
         248  2.762110965937996E-004  2.703290503113319E-005
  2.953369583538629E-005  6.476482741463700E-005
 -6.487885472415453E-007  9.497360469661666E-007
         249  2.647052194288027E-005 -2.753679252017617E-004
  7.492722971679291E-005 -3.135549388949807E-005
 -3.976954042234825E-007  1.053944972667691E-006
         250 -2.635076235798293E-004 -2.292805800380348E-005
 -2.478671591145884E-005 -7.975290337205725E-005
 -1.925013083949227E-007  9.244407483590617E-007
         251 -1.287014973738252E-005  2.429081170029199E-004
 -7.511627661386429E-005  1.756754853878316E-005
 -2.068359876888298E-007  8.153950790588906E-007
         252  2.172992494500063E-004 -5.205331200763215E-006
  1.520385663157524E-005  6.548921251786279E-005
 -1.953717544500455E-007  8.848142932533144E-007
         253 -3.054568033139572E-005 -1.908926853446494E-004
  5.495630012860013E-005 -1.587537237068184E-005
 -3.773427693764271E-008  8.956542639257469E-007
         254 -1.669024616337648E-004  6.049645760429144E-005
 -1.838082117349137E-005 -4.175704044687444E-005
  3.170980184240528E-008  7.726185946550940E-007
         255  9.098006484748502E-005  1.468479331666012E-004
 -2.566608531952936E-005  2.651953399797536E-005
 -2.593143947781253E-008  7.575327856160331E-007
         256  1.305772666841169E-004 -1.176238365014154E-004
  4.204979759466239E-005  1.309188875277522E-005
  4.642015398720532E-008  8.568429544601985E-007
