   409.600000000000     
         256           1           3
  1.124309127438499E-002   39.0203603253184        111.215062554612     
   39.0000000000000        116.000000000000        6351.00000000000     
           0  0.000000000000000E+000  0.000000000000000E+000
  0.000000000000000E+000  0.000000000000000E+000
  0.000000000000000E+000  0.000000000000000E+000
           1 -1.274329644252930E-007  1.098754137518644E-007
 -1.968694048104360E-006  4.297396280362637E-008
  9.790835790022755E-007 -8.724579017286940E-008
           2  4.210420546483730E-008  3.136778160305580E-007
 -2.213446192968825E-006  1.809700741177534E-007
  9.808032520802572E-007 -2.356077570636623E-007
           3  5.733575948470271E-007  1.541153647306080E-007
 -2.423287770958175E-006  7.649836055542702E-007
  8.888086978994381E-007 -3.773209732587116E-007
           4  5.602219161118323E-007 -8.743924268126985E-007
 -1.914582928500032E-006  1.431076506427608E-006
  7.694028708673429E-007 -4.239188316586061E-007
           5 -1.119567333062651E-006 -1.210220154832724E-006
 -1.292816166371485E-006  1.134150850503102E-006
  7.135466857715796E-007 -4.446927071590670E-007
           6 -2.070093542830271E-006  1.199066109095203E-006
 -1.947823362307767E-006  9.832166470837009E-007
  6.357342225077833E-007 -4.816283940334975E-007
           7  1.044978197333040E-006  3.011663925952400E-006
 -1.829351938822734E-006  2.863504068795402E-006
  5.310243283378189E-007 -4.292075073321365E-007
           8  3.853510373241070E-006 -7.098158806907671E-007
  1.882438376544390E-006  3.039770454625788E-006
  5.970395988938272E-007 -2.687513143952634E-007
           9 -3.642545802216130E-007 -4.400167105842851E-006
  2.967848403224516E-006 -2.906373707691082E-006
  9.289879863231220E-007 -3.092569272932477E-007
          10 -4.631215744243999E-006  2.935504301031399E-007
 -5.378551941060452E-006 -5.696293712127800E-006
  1.070316193121876E-006 -8.166509355808902E-007
          11  9.208039590535433E-007  4.671556296493534E-006
 -1.080711455542174E-005  4.617970356216984E-006
  6.034076699893760E-007 -1.216945987391127E-006
          12  4.760955107973286E-006 -2.538532836724167E-006
  1.320324434656633E-007  1.280925650470435E-005
  1.612707765563052E-007 -9.770952783963487E-007
          13 -5.205647155911978E-006 -5.279128218304705E-006
  1.009390925190307E-005  2.621190481254398E-006
  2.312819697365893E-007 -6.375051178827578E-007
          14 -6.618584842384105E-006  8.754245064701519E-006
  8.942446816095678E-007 -7.048403203999768E-006
  5.224302794768816E-007 -7.573924167061786E-007
          15  1.291894518271102E-005  8.797966151512466E-006
 -6.375722797577021E-006  1.702614951039954E-006
  4.465315335341246E-007 -1.067012209389920E-006
          16  1.132099163187493E-005 -1.709686959968521E-005
  3.033049826991307E-006  4.445731156957272E-006
  2.733623344967188E-007 -1.151204966240729E-006
          17 -2.077631061004332E-005 -1.344360298397549E-005
 -1.057757467710389E-006 -6.930512951120842E-006
  1.300825573196268E-007 -1.377291683462926E-006
          18 -1.389289219801796E-005  2.371546469876774E-005
 -1.636140825302521E-005  6.269179242484333E-006
 -4.193348071196839E-007 -1.533519966801095E-006
          19  2.558437285523412E-005  1.118883529051522E-005
  7.022260044610856E-006  2.630380810684349E-005
 -9.235963457281223E-007 -9.138274808987039E-007
          20  4.355016957987409E-006 -2.573417617975333E-005
  3.057680268283367E-005 -6.587858046955446E-006
 -3.926477634737717E-007 -3.018532734363422E-007
          21 -2.328949413270093E-005  6.491362595313363E-006
 -1.042144508684936E-005 -2.895640095889558E-005
  1.166676900798571E-007 -9.634005934517018E-007
          22  1.993499294926140E-005  1.688618631715551E-005
 -2.492821162886384E-005  1.709981305430887E-005
 -7.027729458231393E-007 -1.381648486812621E-006
          23  5.041633790954696E-006 -3.234664616691849E-005
  2.080557212166345E-005  1.703799778896081E-005
 -1.087555281470311E-006 -6.238060819360493E-007
          24 -3.834965068524913E-005  1.201570694070822E-005
  1.790071385537440E-006 -1.943982217826354E-005
 -6.276558354457124E-007 -4.812054703324347E-007
          25  3.095198382525532E-005  3.268165815221395E-005
 -1.457937272164306E-005  1.754151993136727E-005
 -8.922534266357591E-007 -6.694551279316486E-007
          26  1.318212266626476E-005 -4.464318469191709E-005
  3.026662444713822E-005  4.873089896973297E-006
 -8.789229039779603E-007 -1.383845583716850E-007
          27 -4.410876596673944E-005  1.560599498119756E-005
 -1.152594223017697E-005 -2.905814012029854E-005
 -4.566091506998559E-007 -4.288900774065793E-007
          28  4.102881604003139E-005  2.414508571795780E-005
 -1.522044784630989E-005  2.869193885260640E-005
 -1.052457426249044E-006 -5.551354139424249E-007
          29 -9.730905470633991E-006 -4.734567749397105E-005
  3.305963845521409E-005 -5.220188147212589E-006
 -8.819124312216222E-007  9.905881514635369E-008
          30 -2.652897071921265E-005  4.040295794109418E-005
 -2.411295171463183E-005 -1.774537417885653E-005
 -5.841330069237875E-007 -3.195566683259319E-007
          31  4.796733758218700E-005 -1.275248235710653E-005
  8.403442460300594E-006  3.055068776207369E-005
 -1.095999508166276E-006 -1.228607664717986E-007
          32 -4.674688212570037E-005 -2.458366957277842E-005
  1.643699538805621E-005 -2.825082251895736E-005
 -6.384562990396302E-007  1.517970447024345E-007
          33  1.635711706189112E-005  5.165966333348727E-005
 -3.040984373238099E-005  1.179629783986455E-005
 -8.705464436351519E-007 -2.545736038110494E-007
          34  2.221584365422935E-005 -4.688914049289564E-005
  3.312231483675287E-005  1.463484337120456E-005
 -1.043240481430715E-006  3.490355597215664E-007
          35 -4.462768470648482E-005  2.188286760161742E-005
 -9.740065876564515E-006 -2.976708446007276E-005
 -5.367108602085110E-007  2.075476475215672E-007
          36  4.922890709994454E-005  1.073199104380968E-005
 -4.648772097748350E-006  2.704192685574826E-005
 -9.327861670788296E-007  1.249480101199454E-007
          37 -2.991297989817804E-005 -4.008609217700517E-005
  2.358362402737209E-005 -2.251689100077380E-005
 -6.604946084372571E-007  4.878583694662511E-007
          38 -1.179529294661875E-006  4.721362639204028E-005
 -3.369671415407927E-005 -2.577864095632389E-007
 -6.817628745269234E-007  1.187015165060759E-007
          39  2.840636378988204E-005 -3.984388266312710E-005
  2.466402909055160E-005  2.389195233513992E-005
 -9.588047852756228E-007  5.427799743606483E-007
          40 -5.533527854180790E-005  1.318469512798970E-005
 -1.208479864813160E-007 -3.057035739527275E-005
 -4.934996627777029E-007  6.049489760211257E-007
          41  4.888412475940381E-005  3.689577823786743E-005
 -1.370269720559097E-005  2.409541664562322E-005
 -7.356672824153264E-007  4.704497899019942E-007
          42 -3.292716049272304E-007 -5.517342346097425E-005
  3.226175793951892E-005 -1.133548932502129E-005
 -5.179378504530678E-007  8.705377211450946E-007
          43 -2.943068482294833E-005  2.971978931048924E-005
 -2.707752159579048E-005 -1.814622329879825E-005
 -2.860917000784291E-007  5.360124112249581E-007
          44  3.210384731981604E-005 -9.749645577422737E-006
  7.939376261289528E-006  2.594966808367725E-005
 -5.827781590708355E-007  6.766393866882158E-007
          45 -3.638802817027773E-005 -7.642926272433664E-006
  9.674720120153730E-006 -2.645815174062186E-005
 -2.377375575916424E-007  8.336190957143863E-007
          46  2.650692211147180E-005  3.415285054664142E-005
 -2.555937771128582E-005  1.356906664184509E-005
 -3.126817491654126E-007  6.185389299442937E-007
          47  4.963782781432242E-006 -4.875989837311833E-005
  3.050355204377219E-005  9.469285060225615E-006
 -2.925829353427529E-007  9.423305567324497E-007
          48 -4.636302240480172E-005  3.385823684651243E-005
 -9.759431197172749E-006 -2.901106000772599E-005
  4.223138916358740E-008  7.902506413783326E-007
          49  6.087193944450310E-005  2.242715610189246E-005
 -9.315885892915344E-006  2.262168005602604E-005
 -1.240916038145217E-007  7.219709373512222E-007
          50 -7.370790960363293E-006 -6.331336995562935E-005
  2.443815350338464E-005 -1.487343427856895E-005
  9.504703670605582E-008  9.093808278615326E-007
          51 -4.318109687660441E-005  2.543843574581502E-005
 -2.843965430066651E-005 -1.358047963708485E-005
  2.052004650943720E-007  5.894009070229865E-007
          52  2.250706171146845E-005  1.389403391473258E-005
  4.375221326145070E-006  2.616197427253327E-005
 -3.494842104604063E-008  6.787933465409081E-007
          53 -8.088215612626380E-006 -1.516498187283492E-006
  1.228036381219370E-005 -1.737992560439601E-005
  2.011311065342939E-007  8.423314390034046E-007
          54  2.468099719412700E-005  1.168674256841310E-005
 -1.637378687527262E-005  6.912822967534919E-006
  2.575934162589670E-007  6.780530935627640E-007
          55 -3.528138647145954E-006 -4.058053453479249E-005
  2.412297133621222E-005  4.066927618151966E-006
  3.061589355373973E-007  7.876848594721628E-007
          56 -3.659619587062448E-005  2.841371325032332E-005
 -9.912934635374978E-006 -3.071930596347770E-005
  5.465371062633583E-007  6.083975897145643E-007
          57  5.041425468193066E-005  1.336417655970681E-005
 -2.151884947235873E-005  1.862820673266772E-005
  3.235559075939754E-007  4.422870980022280E-007
          58 -1.973710339237780E-005 -5.996753002462630E-005
  1.990580498797580E-005  2.253095890248044E-006
  3.543522280451280E-007  6.632041000626691E-007
          59 -5.420030111886658E-005  4.943894352280043E-005
 -1.545645954162433E-005 -1.298519208981010E-005
  5.200098159214917E-007  5.457954541652587E-007
          60  6.463344667483803E-005  3.760790906074245E-005
  1.191738076975849E-006  2.461173433766064E-005
  4.188443786924915E-007  5.773804153896589E-007
          61  1.889427359683024E-005 -6.150208269098742E-005
  2.565147357350073E-005 -1.558363775599155E-005
  6.814179616960370E-007  6.884395755040703E-007
          62 -4.439042560739510E-005 -5.909756525335958E-006
 -2.071028946448093E-005 -2.005091486186140E-005
  8.457997375970626E-007  3.808189431376791E-007
          63 -2.060258855237007E-006  2.283237075890703E-005
 -8.704739580775118E-006  1.355904553351621E-005
  6.795010013777008E-007  2.720501270502801E-007
          64  7.017661830954143E-006  5.465694731447203E-006
  5.496371832951317E-007 -3.630647447268956E-006
  6.990523352280919E-007  3.154864636216381E-007
          65  1.026442462331718E-005 -3.608294957055902E-006
 -9.294623566459193E-006  1.128583937513834E-005
  7.327271225968325E-007  2.875555500085471E-007
          66 -1.297636069174620E-005 -9.649002639324909E-006
  1.941656345164374E-005  5.316891724191017E-006
  8.503692946000629E-007  3.228839727957019E-007
          67  5.486534549086805E-007  2.954488875438399E-005
 -2.790503381698359E-006 -2.185132755486766E-005
  1.053466243064876E-006  1.164106111194703E-007
          68  4.468333760492370E-005 -2.000146140529237E-005
 -1.470045280952917E-005  8.364950450409711E-006
  9.602238271072645E-007 -1.304731141761238E-007
          69 -4.408129686392933E-005 -5.037859093146129E-005
  1.029101420048534E-005 -1.728457814012818E-006
  9.098483366584144E-007 -1.838924576368154E-007
          70 -4.232407440942807E-005  6.578024550378580E-005
 -1.944044879535279E-005 -9.952136231990365E-006
  8.759527432915705E-007 -3.556067300534972E-007
          71  7.830624454976926E-005  2.123673138488218E-005
 -5.382969087056136E-006  2.971548048707325E-005
  6.910571918221365E-007 -3.844988149836995E-007
          72 -7.565833915788693E-006 -7.733144069955754E-005
  3.071980633260534E-005 -4.963973406322159E-006
  7.686019240553654E-007 -3.191092238659984E-007
          73 -6.251025421605590E-005  3.624065372310011E-005
 -1.618447474028360E-005 -2.596781145067917E-005
  8.171226895747906E-007 -5.936516651128994E-007
          74  5.750745837748806E-005  3.737618230147568E-005
 -1.711814817354635E-005  2.138878764096902E-005
  5.124401961657263E-007 -7.178385761185325E-007
          75  7.660098631247446E-006 -6.702631758233745E-005
  1.928198018848413E-005  3.843065058919336E-006
  4.157963772995396E-007 -5.651624870438819E-007
          76 -6.406702954071534E-005  2.063315779885978E-005
 -1.013254210856380E-005 -1.380478906054751E-005
  4.481027409881013E-007 -6.380831351565467E-007
          77  4.253040296995641E-005  5.126196369026904E-005
 -7.325967068611135E-006  1.844508729850730E-005
  2.848718517977066E-007 -6.651157673309264E-007
          78  3.338975224474244E-005 -5.552370792832208E-005
  1.963369259347710E-005 -6.599346906883237E-007
  2.636103348684005E-007 -5.689112771210066E-007
          79 -5.978308355784204E-005 -1.488153423356341E-005
 -8.903942891993542E-006 -1.807760756457922E-005
  2.942612244625366E-007 -6.575792103801063E-007
          80  1.616534386955713E-006  5.680788198729281E-005
 -1.645617955443230E-005  1.289720867376716E-005
  1.183878588492706E-007 -7.199728837379137E-007
          81  4.849414504238322E-005 -1.509484963254314E-005
  1.106875588286781E-005  1.367685340699552E-005
  1.115960256258588E-008 -5.727359469394719E-007
          82 -2.590354206065238E-005 -3.684803205147151E-005
  9.137437100965231E-006 -7.482146124851123E-006
  9.659974982683654E-008 -5.168053340795803E-007
          83 -2.302436198439257E-005  3.512034595778583E-005
 -5.844501444482086E-006 -5.554714937252408E-006
  9.380247426670158E-008 -5.999903096121617E-007
          84  4.268421571986928E-005  7.211682215938232E-006
 -4.037629779488529E-006  5.474549619765489E-006
 -2.454020320667397E-009 -6.060388368419052E-007
          85 -1.003566825625717E-005 -4.694527336265684E-005
  4.828428006499493E-006  1.695610519679022E-006
 -3.408056770082009E-008 -5.683701759886027E-007
          86 -4.574919434475802E-005  2.739055057484717E-005
 -4.061576627083079E-006 -5.291558550438634E-006
 -5.113901829317187E-008 -5.769599370413328E-007
          87  4.303621419489104E-005  3.724368548242123E-005
 -7.032563183003243E-006  1.093519173246343E-005
 -1.252407653745931E-007 -5.630853252464121E-007
          88  2.058709498569413E-005 -5.428762069507192E-005
  1.530752363369072E-005  6.521802836166206E-006
 -1.227281638769041E-007 -4.884020516743076E-007
          89 -5.778377461610033E-005  2.421425426160151E-006
  3.462408162456173E-007 -1.728401250833733E-005
 -6.194620632165126E-008 -5.502164337889480E-007
          90  2.708523021495524E-005  5.114796833648547E-005
 -1.797731770458855E-005  9.464954999937547E-006
 -1.997585913126880E-007 -6.232415195469206E-007
          91  3.400435308373681E-005 -4.729296597516734E-005
  1.845843294594839E-005  1.540244416590308E-005
 -2.656167609297664E-007 -4.811201533560217E-007
          92 -5.703364010573181E-005 -8.186060096492723E-006
  6.942672085728011E-006 -2.457933301775889E-005
 -1.350082033243453E-007 -5.133727678036946E-007
          93  2.177911136028544E-005  5.176176272064696E-005
 -2.737055964965873E-005  4.600985601631291E-006
 -2.702374753680491E-007 -6.701693612184795E-007
          94  3.059166069561313E-005 -4.888496155546543E-005
  1.385996281233384E-005  2.425406727153922E-005
 -4.384723338226465E-007 -5.404789368992412E-007
          95 -6.585361306308917E-005  2.790248964982035E-006
  1.251395724174143E-005 -1.883263715778124E-005
 -3.571341085487111E-007 -4.743143370053285E-007
          96  4.131928243827774E-005  6.713466940803096E-005
 -2.066024670732872E-005  4.812837080384736E-006
 -4.260651388165692E-007 -5.680242488329333E-007
          97  5.026414188483882E-005 -7.601630632455791E-005
  2.028690504819457E-005  1.783030222619163E-005
 -5.426360205922225E-007 -4.710830524686138E-007
          98 -9.800528212666024E-005 -1.742144257146340E-005
  7.451987834600307E-006 -2.892976413842088E-005
 -4.898004319141077E-007 -4.672543304999468E-007
          99  2.444358902831667E-005  1.013893425408768E-004
 -3.094695731901681E-005  8.554515175722560E-006
 -6.647458314903365E-007 -5.399387279600904E-007
         100  8.508079653846537E-005 -6.559010609988154E-005
  2.328807566675857E-005  2.599734245736938E-005
 -7.983859955288673E-007 -3.197353112988954E-007
         101 -9.610041359683592E-005 -5.285430416029193E-005
  1.233907249441503E-005 -3.177247678743160E-005
 -6.818245478468697E-007 -2.714258567915390E-007
         102 -1.243964610275560E-005  1.084753082931605E-004
 -3.455535068410109E-005  7.364619147405106E-006
 -8.544100300516329E-007 -3.342293350652428E-007
         103  1.000844583370722E-004 -2.644137141637536E-005
  2.459443390851232E-005  3.245328435337418E-005
 -9.905651801199265E-007 -3.926921616899548E-008
         104 -5.496192769871506E-005 -7.402643011711890E-005
  2.316022092111162E-005 -3.264621576242980E-005
 -7.792500599348778E-007  1.016605457414256E-007
         105 -3.813576108891697E-005  6.756067081853737E-005
 -3.178912572665603E-005 -6.794669724941452E-006
 -8.152742367507020E-007  1.656631379216699E-009
         106  6.345378802546593E-005  2.575602018896763E-006
  9.641779487583785E-006  2.515557801047520E-005
 -9.400901817400679E-007  2.019872526085923E-007
         107 -2.346535349443736E-005 -4.664922963173553E-005
  1.338756389559592E-005 -1.861781895938271E-005
 -7.804209284877868E-007  3.664435218093721E-007
         108 -2.439808930116743E-005  3.453470341082695E-005
 -1.924083929213485E-005  2.698270903723014E-006
 -7.410633052862817E-007  3.456078799803333E-007
         109  3.049491266641518E-005  5.028157785595483E-006
  1.671741867664463E-005  1.450652605912733E-005
 -7.359126402222801E-007  4.894706391336258E-007
         110 -4.978275536860186E-006 -1.669184026313812E-005
  5.764260673678589E-006 -2.107713366173514E-005
 -5.725510447156715E-007  5.438524109771030E-007
         111 -1.649315554762314E-006  3.571299526363766E-006
 -1.542148151885813E-005  6.573522850363045E-006
 -5.546022886323417E-007  5.053937921437321E-007
         112 -6.316480608964424E-006 -6.529183454987052E-006
  1.762426328213703E-005  5.202059331767835E-006
 -5.299869187380997E-007  6.100076562366803E-007
         113 -3.040955703715052E-006  1.811220249072910E-005
 -5.660974973478038E-006 -2.025471722056113E-005
 -4.032832735369940E-007  6.131068178962018E-007
         114  2.360573380718638E-005 -1.175266565272607E-005
 -1.304811741901805E-005  1.593898226391296E-005
 -4.222352641656935E-007  6.124751529456101E-007
         115 -3.166692970181321E-005 -1.639544602986180E-005
  2.192877911369859E-005  1.883813056558540E-006
 -3.379627430610081E-007  7.195363372275181E-007
         116  4.712421550108942E-006  4.720166434751940E-005
 -7.895955023718288E-006 -1.836983894930951E-005
 -2.163488932917249E-007  6.682726673361645E-007
         117  4.952115529054215E-005 -3.490892761738081E-005
 -4.905914809550436E-006  1.487359728833711E-005
 -2.387762675945936E-007  6.633450348720737E-007
         118 -6.479868091644679E-005 -3.376519587926856E-005
  1.691281982676907E-005 -1.140912608567703E-005
 -1.555895180193191E-007  7.179286465976647E-007
         119 -1.103890840200213E-006  8.294887679619882E-005
 -2.346416250789124E-005 -1.009286332700420E-005
 -1.206245766869836E-007  6.601697583072825E-007
         120  7.987159573715374E-005 -4.030177144583646E-005
  5.247715435012189E-006  2.899998506431017E-005
 -1.460721085094885E-007  7.555016373693024E-007
         121 -7.772296734878953E-005 -5.250092274376681E-005
  2.726355137804205E-005 -2.151255485201477E-005
  3.842856003198917E-008  8.302400742622541E-007
         122 -5.733017169962140E-006  9.840954969846645E-005
 -3.084713961393079E-005 -1.557751711034456E-005
  1.269545465028412E-007  6.881852332108385E-007
         123  9.362642301453868E-005 -4.882389587393336E-005
  5.319225018741074E-006  3.099884250869628E-005
  6.642794804394656E-008  7.262017853456550E-007
         124 -9.565736512082897E-005 -6.148804123281319E-005
  2.339708914928624E-005 -2.699016338003793E-005
  2.269277067510588E-007  7.817294654931689E-007
         125 -8.805624823309629E-006  1.199403588822850E-004
 -3.977798723789030E-005 -8.175576572060189E-006
  2.681603099222958E-007  6.435817044121160E-007
         126  1.132350570299103E-004 -5.072717462339078E-005
  1.306095270688349E-005  4.053448478281492E-005
  2.251722869264868E-007  7.391867397896446E-007
         127 -1.011347582678831E-004 -7.593397634241587E-005
  3.120095446199691E-005 -3.306472962737137E-005
  4.658929712629553E-007  7.712802270994005E-007
         128 -1.709979149294916E-005  1.282664323019711E-004
 -4.263243187719439E-005 -1.286971967290962E-005
  5.094620970902451E-007  5.533475525574770E-007
         129  1.239243523587752E-004 -4.752658629820732E-005
  1.214754318049771E-005  3.933768827294269E-005
  4.412942234345980E-007  6.138151010187611E-007
         130 -1.002389137401135E-004 -8.899669439201208E-005
  2.738180622451941E-005 -3.625105504469987E-005
  6.630011730082512E-007  6.122874015192268E-007
         131 -3.292700137818535E-005  1.274440040150400E-004
 -4.911228781040063E-005 -1.013544252552691E-005
  6.727918692311732E-007  3.602868278223571E-007
         132  1.229979468365757E-004 -2.987529348086433E-005
  1.074613636598921E-005  4.676966666649122E-005
  5.407954219255779E-007  4.140707956321119E-007
         133 -8.356844702636935E-005 -8.926366013396031E-005
  3.319775553028468E-005 -3.028678000195166E-005
  7.376970303296000E-007  4.585931368566671E-007
         134 -3.647881445904441E-005  1.153679699949148E-004
 -4.053042317717595E-005 -1.359665334271746E-005
  7.804439091727034E-007  2.248362396283065E-007
         135  1.192854048932387E-004 -2.096848876650122E-005
  9.265961951900762E-006  3.855648406641591E-005
  6.723050248902385E-007  2.340487529078325E-007
         136 -6.932571389650677E-005 -9.697260609605470E-005
  2.864556707050491E-005 -3.054667742948077E-005
  8.320741159780016E-007  2.265901786725415E-007
         137 -5.622597707131465E-005  9.896980741767369E-005
 -4.218345206394076E-005 -1.593912176988732E-005
  8.224824830230830E-007 -1.765583641977165E-008
         138  1.063615201561795E-004  8.388118232868227E-006
 -1.638136257914612E-006  4.039775231621873E-005
  6.569532755995985E-007 -6.316772944611545E-009
         139 -3.526928686111939E-005 -9.413888254271283E-005
  2.984449597499283E-005 -1.289703590731590E-005
  7.594102767855073E-007  5.327549612388847E-008
         140 -6.907098899395452E-005  6.656499337528646E-005
 -2.277849632600765E-005 -1.712932383620295E-005
  8.088891371393129E-007 -1.146954420246281E-007
         141  8.193692794992278E-005  3.931779950025119E-005
 -4.353403831204230E-006  2.444670584917110E-005
  7.079507197869115E-007 -1.595019234483946E-007
         142  1.178455704443683E-005 -8.244278874263348E-005
  2.098399548546887E-005 -7.819877630040755E-006
  7.611744811426471E-007 -1.480137819633486E-007
         143 -7.221327512344983E-005  9.600638960175886E-006
 -1.567079969756863E-005 -1.755197684208445E-005
  7.932771957231513E-007 -2.903890067989535E-007
         144  2.394931717174641E-005  5.620373330675027E-005
 -1.438673110780045E-005  1.624592524952125E-005
  6.968847024812429E-007 -3.692210388034852E-007
         145  3.853857203152032E-005 -3.239592435770556E-005
  1.284385994843709E-005  9.075280127092675E-006
  6.754034567494130E-007 -3.584317129972603E-007
         146 -3.679000469198086E-005 -2.140275834294948E-005
  3.099558127095194E-006 -1.147150882507552E-005
  7.145316586118361E-007 -4.232681916174756E-007
         147 -4.979931749822379E-006  3.811492854335741E-005
 -1.273119493931488E-005  1.892882673653688E-007
  6.821629952566333E-007 -5.288005878970001E-007
         148  3.569764951660509E-005 -1.128857207064816E-005
  2.046048663547602E-006  1.269842827821645E-005
  6.350073337120108E-007 -5.755100380887590E-007
         149 -2.727405530817200E-005 -2.784241231525631E-005
  1.045924144913624E-005 -7.160348209569075E-006
  6.404325890979427E-007 -6.488994362546074E-007
         150 -1.290044205887228E-005  4.157099688029004E-005
 -1.542869841921081E-005 -8.576503948657592E-006
  5.859008279438941E-007 -7.799081534379572E-007
         151  5.115213583906758E-005 -9.807286252296211E-006
 -6.196441065196579E-006  2.140486935045728E-005
  4.701475224845108E-007 -8.408997354562178E-007
         152 -3.860024677367395E-005 -5.176732452434482E-005
  2.208382406553522E-005 -1.478798057925988E-006
  4.362101858114682E-007 -8.757049809186456E-007
         153 -3.981922630015567E-005  6.888269931224183E-005
 -1.488837995321939E-005 -2.011072851627744E-005
  3.748001124814293E-007 -1.025105766526686E-006
         154  9.425823294450016E-005  1.410403418740109E-005
 -1.638745833751153E-005  2.756701659346462E-005
  1.492117478160660E-007 -1.103620798006883E-006
         155 -2.353734671434798E-005 -1.079939055716093E-004
  3.364114017740197E-005  6.829333427196957E-006
  3.683747440452920E-008 -1.030748741133036E-006
         156 -1.043239642861478E-004  6.784112568063761E-005
 -1.010989975862961E-005 -3.393318443252295E-005
 -1.863170205785873E-008 -1.125780222844266E-006
         157  1.103820153807692E-004  8.051216805782965E-005
 -3.036584275557308E-005  2.805555152101249E-005
 -3.010876028039512E-007 -1.158895855390735E-006
         158  3.830691608864020E-005 -1.418115803716400E-004
  3.948996790742423E-005  2.027346266129053E-005
 -4.548031724244004E-007 -9.570895897059612E-007
         159 -1.540800396092878E-004  1.650627916453629E-005
  1.119355855206965E-006 -4.338987913086753E-005
 -4.378270391948614E-007 -9.248432057288197E-007
         160  7.488226362743884E-005  1.419491032140406E-004
 -4.199160567879772E-005  2.141724787269928E-005
 -6.446138720923277E-007 -9.299225203789049E-007
         161  1.046632347650983E-004 -1.257215121996464E-004
  3.837216044566521E-005  3.397641661756488E-005
 -7.686705361458332E-007 -6.756221546216376E-007
         162 -1.584601318934879E-004 -4.693971840283022E-005
  1.624539757697710E-005 -4.640799707969006E-005
 -6.601130679878465E-007 -5.861100417636791E-007
         163  2.215305039095924E-005  1.655172515339982E-004
 -4.758247487742056E-005  7.611529368868601E-006
 -7.741059602405358E-007 -6.142835955757863E-007
         164  1.434393402994293E-004 -9.063005192664307E-005
  2.895148451567725E-005  4.174077021536113E-005
 -8.638417944482741E-007 -3.868078204797253E-007
         165 -1.452969254343387E-004 -9.410920657499824E-005
  2.616548047505891E-005 -4.287530848289149E-005
 -7.148461612761525E-007 -2.967561040072543E-007
         166 -2.512177990252660E-005  1.744876073595954E-004
 -5.027641704091647E-005 -2.727021015438490E-006
 -7.763521577133281E-007 -3.670471697812623E-007
         167  1.708307741717986E-004 -5.136323645249141E-005
  2.054978444293958E-005  5.046163524139689E-005
 -8.838299883122213E-007 -1.723642676722993E-007
         168 -1.207458840997828E-004 -1.329982198945292E-004
  3.975928254155146E-005 -3.728615376374153E-005
 -7.084413759553292E-007 -5.092860967827220E-008
         169 -6.673741770245885E-005  1.683846491637465E-004
 -4.708051736047546E-005 -1.814867679151329E-005
 -7.036938799043326E-007 -1.669903597148036E-007
         170  1.828924543661597E-004 -1.522322462596696E-005
  7.438884696145041E-006  4.971796813349243E-005
 -8.343392194079407E-007 -4.233696766549920E-008
         171 -9.538081787746849E-005 -1.593057613305099E-004
  4.181473581562678E-005 -2.961028314284921E-005
 -6.932079736368968E-007  8.633209958260042E-008
         172 -1.010313588469407E-004  1.551912157193168E-004
 -4.566831976127919E-005 -2.255456368829360E-005
 -6.803237503802624E-007 -3.063818762628457E-008
         173  1.795865129853039E-004  2.006206220532680E-005
  1.762068759375681E-006  5.390028762581501E-005
 -8.290520724055535E-007  8.645704932363049E-008
         174 -6.505774934122889E-005 -1.613616519976196E-004
  4.976467399343904E-005 -2.336183129132952E-005
 -6.893806195240276E-007  2.459402464726562E-007
         175 -1.038190497963996E-004  1.335649103058179E-004
 -3.918458379685063E-005 -3.102150238283992E-005
 -6.363000028550187E-007  1.304950683889146E-007
         176  1.678198990830875E-004  2.059669717771697E-005
 -3.580615426556023E-006  4.819810624536826E-005
 -7.777186896250085E-007  2.115800960485698E-007
         177 -6.738129235581276E-005 -1.583514169681979E-004
  4.668785444824472E-005 -2.292545319036942E-005
 -6.607793797659579E-007  3.577574454067998E-007
         178 -1.070624079951795E-004  1.374049942190025E-004
 -4.300980590414310E-005 -3.183581431023520E-005
 -6.293173838212130E-007  2.497416824140887E-007
         179  1.713340040291535E-004  2.716285227954753E-005
 -8.021226611982114E-006  5.439468477899236E-005
 -7.884954517478375E-007  3.569934999736217E-007
         180 -6.018680303726872E-005 -1.606139464851496E-004
  5.301664023911605E-005 -1.583090192240580E-005
 -6.638532048338193E-007  5.479311209427883E-007
         181 -1.087010023466723E-004  1.314406474433925E-004
 -3.436190819572852E-005 -3.589248288413660E-005
 -5.908009961985175E-007  4.692844154579800E-007
         182  1.672520659458122E-004  3.027662820341589E-005
 -8.175432706606324E-006  4.629960137666871E-005
 -7.106635709276832E-007  5.690311476283507E-007
         183 -5.300027270274408E-005 -1.581172289075421E-004
  4.842676722430184E-005 -1.900185220144943E-005
 -5.752312195047902E-007  7.562701129475302E-007
         184 -1.068457999452491E-004  1.186673772691157E-004
 -3.793576696389479E-005 -3.611175779771320E-005
 -4.802139399487170E-007  6.880842932390117E-007
         185  1.492581492122905E-004  2.766543875223822E-005
 -1.158548446136008E-005  4.704649246219035E-005
 -5.775398630366068E-007  7.932414963165513E-007
         186 -5.744013317706759E-005 -1.368226075931391E-004
  4.506310703543004E-005 -1.515229325398316E-005
 -4.131562271884296E-007  9.957056015635638E-007
         187 -8.522730040365226E-005  1.248926559962913E-004
 -3.569339093927463E-005 -2.922497303131232E-005
 -2.679205159277504E-007  9.503648729769823E-007
         188  1.564903743103242E-004  8.635661120576324E-006
 -2.088243274423351E-006  4.807796185650955E-005
 -2.707645235700001E-007  1.057041666738045E-006
         189 -7.282034513136711E-005 -1.439195916220175E-004
  5.072171449521223E-005 -2.558125875119080E-005
 -4.469130978618198E-009  1.184649719295792E-006
         190 -9.066396448129638E-005  1.379898137404277E-004
 -4.347789364281257E-005 -3.938767832906834E-005
  1.756640750694090E-007  1.023612200489986E-006
         191  1.701233820702876E-004  1.121545367900137E-005
 -1.380990244772665E-005  5.006950366821300E-005
  1.500298748963571E-007  1.030759572121751E-006
         192 -7.318327279243057E-005 -1.615758483236431E-004
  4.723631294276820E-005 -1.705348982105465E-005
  3.740911625657291E-007  1.116249920187127E-006
         193 -1.151592925851876E-004  1.410035193802012E-004
 -4.095902460013071E-005 -3.350606468158669E-005
  5.558995068618783E-007  9.149141998198317E-007
         194  1.754196228226861E-004  4.276971072940005E-005
 -8.587393470932789E-006  5.248544966449375E-005
  5.126007889356058E-007  8.593291243535406E-007
         195 -3.693692904992987E-005 -1.684008001909221E-004
  5.227190175181236E-005 -1.989426467598490E-005
  6.984414621638635E-007  8.830552953661584E-007
         196 -1.231876537147771E-004  1.034035862581351E-004
 -4.092131812539331E-005 -3.964925221867988E-005
  8.190933976644483E-007  6.425467873089396E-007
         197  1.399496537592074E-004  5.287534366580783E-005
 -1.394371424462190E-005  4.954317625787229E-005
  7.267269352747475E-007  5.716186606780602E-007
         198 -2.369992084038680E-005 -1.376398564943131E-004
  4.781918024425225E-005 -1.744071270910844E-005
  8.631105766878846E-007  5.724449711448962E-007
         199 -9.743100995476410E-005  8.644473678149542E-005
 -4.165805495689463E-005 -3.720374032625877E-005
  9.193483075372368E-007  3.302874533693501E-007
         200  1.193416673352019E-004  3.053973510804021E-005
 -1.654479751588739E-005  5.098080044380566E-005
  7.677649550618477E-007  2.748021421124099E-007
         201 -4.479416606395741E-005 -1.148883382530073E-004
  4.643482465458838E-005 -1.051696996967419E-005
  8.583911889949914E-007  3.349699855918117E-007
         202 -7.544213850428566E-005  1.084383234207013E-004
 -3.392756507328379E-005 -3.103869167486028E-005
  9.448553849707010E-007  1.456181044310847E-007
         203  1.435638469135978E-004  1.201994643366491E-005
 -6.243598654555025E-006  4.610619412704104E-005
  8.342988725148855E-007  6.422636778170174E-008
         204 -5.881958172690310E-005 -1.409647515581464E-004
  4.732093761445010E-005 -2.319370969242899E-005
  8.983977889959424E-007  7.301002527537667E-008
         205 -1.014338732137331E-004  1.195281944375816E-004
 -4.662489552702482E-005 -3.967259116892979E-005
  9.251811312269990E-007 -1.208775364844784E-007
         206  1.561881981431314E-004  3.499687868288268E-005
 -2.259250766615509E-005  5.541738572114548E-005
  7.759160238546546E-007 -1.689953998669384E-007
         207 -4.229796937244284E-005 -1.615256255952996E-004
  5.022988298022424E-005 -2.434089487065373E-006
  8.378953458347052E-007 -1.272973707101746E-007
         208 -1.360470704318216E-004  1.129061225324776E-004
 -2.733482666623252E-005 -3.638672067458617E-005
  8.752494144457422E-007 -3.131841543186684E-007
         209  1.623910757858237E-004  8.704012870448193E-005
 -1.653885283160290E-005  4.322245328170341E-005
  7.217266692646801E-007 -3.700608720977753E-007
         210  2.604199495603063E-005 -1.826997717485716E-004
  4.833259206606474E-005 -7.128811898373608E-006
  7.771802161372529E-007 -3.267457297359313E-007
         211 -1.734525255079082E-004  3.444966757975700E-005
 -2.776060118823281E-005 -4.607412528548336E-005
  8.197116634054872E-007 -5.364878730026037E-007
         212  8.422457554159118E-005  1.409263324581235E-004
 -3.768664493268969E-005  3.810402342472158E-005
  6.140339586777526E-007 -6.480089139543752E-007
         213  9.501206681255361E-005 -1.174380713383438E-004
  3.834057538355395E-005  2.264808158776996E-005
  5.507924747300339E-007 -5.684233242824489E-007
         214 -1.327731322771643E-004 -4.581538585356401E-005
  5.145445301621498E-006 -3.438686853545142E-005
  5.951464640098922E-007 -6.501070625146942E-007
         215 -1.056657866348025E-006  1.326302987450663E-004
 -2.967187600215814E-005  7.395222187958913E-006
  4.783192099585052E-007 -7.699116136410851E-007
         216  1.213733378346389E-004 -3.562173933587559E-005
  1.300246218318581E-005  2.322058179178689E-005
  3.632225013507916E-007 -7.579432891283504E-007
         217 -6.441145819079218E-005 -1.029294466866540E-004
  1.558920851419700E-005 -1.613016802261854E-005
  3.347459097317695E-007 -7.770555586719305E-007
         218 -7.938130488164068E-005  8.715553854336001E-005
 -1.950297096915579E-005 -1.049405670570415E-005
  2.376391674601998E-007 -8.469515951529344E-007
         219  1.051824078694654E-004  5.123752337440929E-005
 -8.501844499252858E-006  2.102848384996426E-005
  1.050537712261957E-007 -8.264624703235322E-007
         220  1.821155370061650E-005 -1.179730248635591E-004
  1.965334789345330E-005  4.315378317226378E-006
  5.909093642532535E-008 -7.745884837779512E-007
         221 -1.225751515126700E-004  1.939465889494644E-005
 -5.695806414639295E-006 -1.809751830735688E-005
  2.534830601984036E-008 -8.014223157571860E-007
         222  5.905888573709099E-005  1.145546906454908E-004
 -1.768081620865057E-005  1.824696463757828E-005
 -9.067257184821334E-008 -8.063178358189578E-007
         223  9.038586355217262E-005 -9.539356967761946E-005
  2.876636264014190E-005  1.445965827737319E-005
 -1.482774853633910E-007 -7.265360250923579E-007
         224 -1.212516586357750E-004 -4.967419450984141E-005
  4.591193398918801E-006 -3.692340511290713E-005
 -1.421053677843027E-007 -7.394376029859892E-007
         225  3.842183631809086E-006  1.294066006738623E-004
 -4.260469034132452E-005  9.628174253640869E-006
 -2.685214066895040E-007 -7.715320002418505E-007
         226  1.145359106168154E-004 -6.208798950290128E-005
  2.280293788287793E-005  4.141149890983676E-005
 -3.532668865767337E-007 -6.418891809408998E-007
         227 -1.138777430952982E-004 -7.552322881498518E-005
  2.936956311981784E-005 -3.316892700945318E-005
 -2.835151761940073E-007 -6.133441426808614E-007
         228 -1.676989152768982E-005  1.477516153755438E-004
 -4.070244773445511E-005 -9.023668916421243E-006
 -3.697606827441380E-007 -6.999396599890312E-007
         229  1.549605102354569E-004 -5.231280371279332E-005
  1.285970000048992E-005  4.148562268590907E-005
 -5.071572255775083E-007 -5.883181921676908E-007
         230 -1.188573677288009E-004 -1.316663569681489E-004
  3.076571712980790E-005 -3.229094174560789E-005
 -4.379662483103331E-007 -5.059709326097172E-007
         231 -8.043873304377880E-005  1.689412118282820E-004
 -4.809399557795096E-005 -1.034325059640057E-005
 -4.851478897046178E-007 -5.971151401223294E-007
         232  1.909240186314654E-004  1.038268219796945E-005
  1.251399600538095E-005  5.659967246176580E-005
 -6.377662384868935E-007 -5.024042964788564E-007
         233 -6.473651802104576E-005 -1.785438882639175E-004
  5.245336921128799E-005 -3.279487463738042E-005
 -5.736135815851687E-007 -3.955320658552419E-007
         234 -1.325876858193016E-004  1.295977333491946E-004
 -4.896073033926350E-005 -3.594199203546559E-005
 -6.065471734853840E-007 -4.912419950281677E-007
         235  1.705597067076961E-004  6.093824327946817E-005
 -1.403993021870013E-005  5.772178715670301E-005
 -7.879041123266540E-007 -4.012123414040740E-007
         236 -2.260327331429427E-005 -1.786714078975508E-004
  5.366946932772014E-005 -7.528958216263727E-006
 -7.467342172223670E-007 -2.456504645328887E-007
         237 -1.520374759648496E-004  1.012265419517896E-004
 -2.756022808076926E-005 -3.607478399912542E-005
 -7.460778362815927E-007 -3.029343237233146E-007
         238  1.588956189670471E-004  9.619055593116011E-005
 -1.150264522702216E-005  4.354380495334535E-005
 -9.208136417852235E-007 -2.181888091444593E-007
         239  2.287241403268533E-005 -1.836602268894887E-004
  4.920453574981878E-005 -1.293937244470839E-005
 -8.997496137177310E-007 -2.257022529713326E-008
         240 -1.701446159435038E-004  5.225897211184055E-005
 -3.503869207707695E-005 -4.147471645227208E-005
 -8.691000051030243E-007 -1.813251858717277E-008
         241  1.127677823820710E-004  1.209229930425698E-004
 -2.493289761585863E-005  5.310774173923821E-005
 -9.997696689657072E-007  9.616968484817390E-008
         242  4.620852814197583E-005 -1.450187642910698E-004
  6.111220479957180E-005  6.186726076953015E-006
 -9.355732792181051E-007  3.339604624314850E-007
         243 -1.412028272648356E-004  3.815871934699948E-005
 -1.255014569192001E-005 -5.415935444541247E-005
 -8.158929162848843E-007  3.655501736205954E-007
         244  1.139228684622439E-004  1.012602795997498E-004
 -3.533149226894488E-005  3.067857676601212E-005
 -8.634536404924756E-007  4.497047463533599E-007
         245  3.326815683705716E-005 -1.642429623701894E-004
  4.322594254295707E-005  1.191808324637447E-005
 -7.493835743471746E-007  6.596542513712422E-007
         246 -1.774467377099197E-004  4.784223072223047E-005
 -1.231572208269885E-005 -4.377038930204662E-005
 -5.568557375875827E-007  6.546594903268395E-007
         247  1.233216297890249E-004  1.499810522516210E-004
 -3.241897739994751E-005  3.626201248611456E-005
 -5.580165626863310E-007  6.552024349436603E-007
         248  8.746003792601643E-005 -1.749414858776240E-004
  5.525498471309252E-005  1.524017040553529E-005
 -4.459527243404983E-007  7.953332740660539E-007
         249 -1.891711074610937E-004 -3.414653685338404E-006
 -3.618437284611652E-006 -6.186527845304371E-005
 -2.469534586759847E-007  7.419239280046220E-007
         250  8.342780839219058E-005  1.603156306090140E-004
 -5.346831005030971E-005  2.324806965784881E-005
 -2.550760799428684E-007  6.650392438248564E-007
         251  9.241712515241113E-005 -1.531408264171114E-004
  4.010832061892102E-005  3.455519209661627E-005
 -1.992872808228204E-007  7.528029615057281E-007
         252 -1.894360699265978E-004  1.218092562698037E-006
  1.010486868027921E-005 -4.726430227879900E-005
 -4.613938547798103E-008  6.922126388584609E-007
         253  1.011241693888993E-004  1.834602450927761E-004
 -4.115229266429147E-005  1.772638483188382E-005
 -8.246187238300189E-008  6.135189494925512E-007
         254  1.356257944487159E-004 -1.858686159132226E-004
  4.498082188217289E-005  2.509947389298818E-005
 -4.084881385976101E-008  7.118731278451087E-007
         255 -2.366601600961954E-004 -5.586203572979703E-005
  4.165958850051938E-006 -6.361447443857526E-005
  1.242695327492011E-007  6.357609086908246E-007
         256  3.833457669824197E-005  2.419900871309336E-004
 -6.775469128235588E-005  1.911325269240376E-005
  5.549329441222637E-008  5.117578635548320E-007
