   5120.00000000000     
         256           1           3
  8.994473019507991E-004   38.0860187646518        113.781946960614     
   18.8300000000000        145.590000000000        6160.02000000000     
           0  0.000000000000000E+000  0.000000000000000E+000
  0.000000000000000E+000  0.000000000000000E+000
  0.000000000000000E+000  0.000000000000000E+000
           1  0.000000000000000E+000  0.000000000000000E+000
  5.105596464833189E-009 -1.471810926434089E-010
 -2.046841417022752E-008  2.857024455936917E-012
           2  0.000000000000000E+000  0.000000000000000E+000
  5.078412149397907E-009 -2.604071366950483E-010
 -2.269123871192305E-008 -1.045196523012694E-009
           3  0.000000000000000E+000  0.000000000000000E+000
  5.052779591559546E-009 -2.630403758791768E-010
 -2.767778203637143E-008  2.901538794063209E-010
           4  0.000000000000000E+000  0.000000000000000E+000
  5.169998825153092E-009 -4.119216843331301E-011
 -3.424450693128517E-008  7.552693406478960E-009
           5  0.000000000000000E+000  0.000000000000000E+000
  5.898562809670621E-009  2.796751793050285E-010
 -3.549815666996078E-008  2.337056246047247E-008
           6  0.000000000000000E+000  0.000000000000000E+000
  7.413981706116869E-009 -5.525734584304021E-010
 -2.126915493764563E-008  4.118057260685364E-008
           7  0.000000000000000E+000  0.000000000000000E+000
  7.157293743087747E-009 -2.113384137162272E-009
  8.423842050689347E-009  4.552028571981077E-008
           8  0.000000000000000E+000  0.000000000000000E+000
  7.200618418494364E-009 -2.816811815624461E-009
  4.037013587051481E-008  1.880632162277833E-008
           9  0.000000000000000E+000  0.000000000000000E+000
  7.140856922740179E-009 -4.107812545786949E-009
  3.659347740178014E-008 -3.588177064270621E-008
          10  0.000000000000000E+000  0.000000000000000E+000
  6.682309919336710E-009 -5.439799864388255E-009
 -2.372065607433891E-008 -7.142820583890989E-008
          11  0.000000000000000E+000  0.000000000000000E+000
  5.398138373536663E-009 -8.743046715322327E-009
 -1.049277462809410E-007 -3.453666285826680E-008
          12  0.000000000000000E+000  0.000000000000000E+000
 -2.247244971492229E-009 -6.767800952529666E-009
 -1.225635529622708E-007  8.410742491387248E-008
          13  0.000000000000000E+000  0.000000000000000E+000
 -7.901785498255158E-010  9.595455334764275E-010
 -5.310787676490694E-009  1.704378508050935E-007
          14  0.000000000000000E+000  0.000000000000000E+000
  6.116480300919686E-009  2.385888578214245E-009
  1.455391498396409E-007  1.063615573412752E-007
          15  0.000000000000000E+000  0.000000000000000E+000
  1.129787353819289E-008 -2.568511455384038E-009
  1.744801823510159E-007 -7.452246476687375E-008
          16  0.000000000000000E+000  0.000000000000000E+000
  1.112229021628304E-008 -1.210377661188848E-008
  1.832423886153403E-008 -2.104663237519953E-007
          17  0.000000000000000E+000  0.000000000000000E+000
 -3.128508647336535E-009 -1.620688591045434E-008
 -2.037131871162449E-007 -1.307942743056152E-007
          18  0.000000000000000E+000  0.000000000000000E+000
 -8.772857688422851E-009 -4.081326337646135E-009
 -2.406872923101342E-007  1.114586149436869E-007
          19  0.000000000000000E+000  0.000000000000000E+000
 -2.525994458944826E-009  4.112595138692341E-009
 -5.170277607526421E-008  2.772374028145311E-007
          20  0.000000000000000E+000  0.000000000000000E+000
  6.577749562342565E-009  3.973112626821741E-009
  2.041246210162688E-007  2.060669509525862E-007
          21  0.000000000000000E+000  0.000000000000000E+000
  1.297727554719235E-008 -3.371311359617994E-009
  2.861032223829188E-007 -6.332646330248515E-008
          22  0.000000000000000E+000  0.000000000000000E+000
  8.818616871886167E-009 -1.769323235315026E-008
  8.344860845031005E-008 -2.852913533384994E-007
          23  0.000000000000000E+000  0.000000000000000E+000
 -8.137585232661352E-009 -1.296306634442558E-008
 -2.009235177092708E-007 -2.112297118094625E-007
          24  0.000000000000000E+000  0.000000000000000E+000
 -6.520741322852297E-009 -1.216460428339235E-009
 -2.978335536492351E-007  4.438868684891686E-008
          25  0.000000000000000E+000  0.000000000000000E+000
  1.016247254155091E-009  1.530082924096290E-009
 -1.477819723537377E-007  2.801084695337754E-007
          26  0.000000000000000E+000  0.000000000000000E+000
  7.221712249039576E-009 -2.221247019434780E-009
  1.408001807680214E-007  2.902978922797076E-007
          27  0.000000000000000E+000  0.000000000000000E+000
  8.477042911908523E-009 -1.316093627430983E-008
  3.046778583657267E-007  4.995698528944365E-008
          28  0.000000000000000E+000  0.000000000000000E+000
 -9.727738467350725E-009 -1.475982564430446E-008
  2.065323450933873E-007 -1.931738266530816E-007
          29  0.000000000000000E+000  0.000000000000000E+000
 -7.871914118884679E-009  3.610123913448941E-010
 -3.820592503497121E-008 -2.944242024175103E-007
          30  0.000000000000000E+000  0.000000000000000E+000
  1.361439067283356E-009  8.168594019236783E-010
 -2.948116461566572E-007 -1.288467893582885E-007
          31  0.000000000000000E+000  0.000000000000000E+000
  4.808434094283622E-009 -4.464197259140049E-009
 -2.818973851627523E-007  1.954518998325023E-007
          32  0.000000000000000E+000  0.000000000000000E+000
  4.378624059816008E-009 -1.112331986902828E-008
  2.971374127758576E-009  3.507406789717238E-007
          33  0.000000000000000E+000  0.000000000000000E+000
 -8.753753214300466E-009 -1.700618644496255E-008
  2.808583912271521E-007  2.101762504354094E-007
          34  0.000000000000000E+000  0.000000000000000E+000
 -1.345893353390224E-008 -5.304438755827049E-010
  3.422678299912186E-007 -1.240023014545088E-007
          35  0.000000000000000E+000  0.000000000000000E+000
 -3.367024058005039E-009  3.896269789448822E-009
  5.091789623637869E-008 -3.505192336805571E-007
          36  0.000000000000000E+000  0.000000000000000E+000
  2.218684776858797E-009  2.456950008604397E-010
 -2.723268923641753E-007 -1.974506119863107E-007
          37  0.000000000000000E+000  0.000000000000000E+000
  4.150625169086107E-009 -4.690780809565174E-009
 -2.945175614518542E-007  1.360671066285712E-007
          38  0.000000000000000E+000  0.000000000000000E+000
  2.247012739693822E-009 -1.287609174909788E-008
 -4.077782785168420E-008  3.144326333473135E-007
          39  0.000000000000000E+000  0.000000000000000E+000
 -1.213055287809900E-008 -1.087992589715927E-008
  2.480235047707227E-007  2.087342121970852E-007
          40  0.000000000000000E+000  0.000000000000000E+000
 -9.276691467693125E-009 -7.285062897246187E-010
  2.809381624622135E-007 -1.197040974543188E-007
          41  0.000000000000000E+000  0.000000000000000E+000
 -5.369245003000893E-009 -1.040084009918064E-010
  1.010682917706026E-008 -2.599787888131575E-007
          42  0.000000000000000E+000  0.000000000000000E+000
 -3.040636165070327E-009  4.362268059444799E-010
 -2.003635817681436E-007 -9.718210040788107E-008
          43  0.000000000000000E+000  0.000000000000000E+000
  1.211727369790160E-009 -2.084066033809743E-009
 -1.596845150559652E-007  1.321834197634015E-007
          44  0.000000000000000E+000  0.000000000000000E+000
 -3.507715644966526E-009 -8.556315986884848E-009
  4.841725171429964E-008  2.072985239889769E-007
          45  0.000000000000000E+000  0.000000000000000E+000
 -4.956125284711338E-009 -4.284158016944503E-009
  1.998672657675914E-007  3.021784242054850E-008
          46  0.000000000000000E+000  0.000000000000000E+000
 -6.152830909590151E-009 -6.595393440051745E-009
  8.421038665793953E-008 -1.391388280200116E-007
          47  0.000000000000000E+000  0.000000000000000E+000
 -1.060046572029550E-008 -3.657972521939052E-009
 -8.106567757192785E-008 -1.040349445609404E-007
          48  0.000000000000000E+000  0.000000000000000E+000
 -9.004718436848691E-009  2.010522757822656E-009
 -1.220424049534783E-007  4.054739788719359E-008
          49  0.000000000000000E+000  0.000000000000000E+000
 -4.753124084136775E-009  1.949054508720252E-009
 -1.525450374193317E-008  1.490844227926567E-007
          50  0.000000000000000E+000  0.000000000000000E+000
 -2.132767900200058E-009  1.524077863553573E-009
  1.446122659646888E-007  9.403714573803948E-008
          51  0.000000000000000E+000  0.000000000000000E+000
 -1.156985373703233E-009 -3.600830383675140E-009
  1.604637203446107E-007 -7.551091060223571E-008
          52  0.000000000000000E+000  0.000000000000000E+000
 -6.202202687876349E-009 -5.978564894779769E-009
  2.231580899258037E-008 -1.768640047115686E-007
          53  0.000000000000000E+000  0.000000000000000E+000
 -1.050445384236886E-008 -2.656928149538425E-009
 -1.493169363639752E-007 -1.075698174525482E-007
          54  0.000000000000000E+000  0.000000000000000E+000
 -1.014385480191385E-008  2.522209305155918E-009
 -1.782828762275866E-007  9.459438115862849E-008
          55  0.000000000000000E+000  0.000000000000000E+000
 -5.858047617657651E-009  4.751265394047746E-009
 -2.055901506462885E-009  2.312593617592152E-007
          56  0.000000000000000E+000  0.000000000000000E+000
 -2.776348482615400E-009  2.761341214955848E-009
  2.222315743168113E-007  1.443782608103679E-007
          57  0.000000000000000E+000  0.000000000000000E+000
 -2.392099220644649E-009 -4.425736803079062E-010
  2.684977669983483E-007 -1.189391172114096E-007
          58  0.000000000000000E+000  0.000000000000000E+000
 -5.321271013499212E-009 -2.771915376016056E-009
  4.011938028937564E-008 -3.049280872004727E-007
          59  0.000000000000000E+000  0.000000000000000E+000
 -9.625868901564295E-009 -1.076025495408264E-009
 -2.512430896645338E-007 -1.852699059103960E-007
          60  0.000000000000000E+000  0.000000000000000E+000
 -1.022309018022991E-008  5.091857057730114E-009
 -2.857798897312986E-007  1.395096287698558E-007
          61  0.000000000000000E+000  0.000000000000000E+000
 -4.032446352701530E-009  5.582534285922904E-009
 -2.471353003036546E-008  3.416045347167040E-007
          62  0.000000000000000E+000  0.000000000000000E+000
 -3.215031285609797E-009  4.273674971041643E-009
  3.313409952260024E-007  2.128444496057342E-007
          63  0.000000000000000E+000  0.000000000000000E+000
 -1.765110504076447E-009  8.585583425113365E-010
  3.632170049443031E-007 -2.063571868432357E-007
          64  0.000000000000000E+000  0.000000000000000E+000
 -6.973158439492794E-009 -2.106149502560657E-009
 -4.728405041094846E-009 -4.079705926672239E-007
          65  0.000000000000000E+000  0.000000000000000E+000
 -1.277016685214977E-008  4.489672733003741E-009
 -3.352149019774721E-007 -1.843520467619817E-007
          66  0.000000000000000E+000  0.000000000000000E+000
 -4.107396840520594E-009  1.099805653490199E-008
 -3.248285020414359E-007  1.945520275873307E-007
          67  0.000000000000000E+000  0.000000000000000E+000
 -1.692924556315907E-009  8.231721588595323E-009
  5.007655966051518E-008  4.063915671285808E-007
          68  0.000000000000000E+000  0.000000000000000E+000
  3.224930239674781E-009  4.115235335887007E-009
  3.799711425654639E-007  1.176652698848287E-007
          69  0.000000000000000E+000  0.000000000000000E+000
 -1.905549119430071E-009 -3.699973662161530E-009
  2.750004400632381E-007 -2.397223792251256E-007
          70  0.000000000000000E+000  0.000000000000000E+000
 -1.216779782204492E-008  1.687885292584509E-010
 -2.490801477331995E-008 -3.382552297315907E-007
          71  0.000000000000000E+000  0.000000000000000E+000
 -9.015617563319796E-009  1.353167528592319E-008
 -2.819246708893093E-007 -1.853978190470520E-007
          72  0.000000000000000E+000  0.000000000000000E+000
 -1.273302370230757E-009  9.929446372664904E-009
 -3.137655993031981E-007  1.754683441959694E-007
          73  0.000000000000000E+000  0.000000000000000E+000
  3.474914260975397E-009  9.179226615629697E-009
  1.902836130063076E-008  3.226803262047636E-007
          74  0.000000000000000E+000  0.000000000000000E+000
  3.631641044570971E-009 -7.297490717357163E-011
  2.520313128755730E-007  1.715559269350960E-007
          75  0.000000000000000E+000  0.000000000000000E+000
 -6.225411253195125E-009 -1.795459497098073E-009
  3.293693177284984E-007 -8.716412328954988E-008
          76  0.000000000000000E+000  0.000000000000000E+000
 -1.114018062135224E-008  8.723173481711411E-009
  1.538712764962100E-007 -3.707098205124477E-007
          77  0.000000000000000E+000  0.000000000000000E+000
  1.431064661709931E-009  1.245031870966188E-008
 -2.733280958448707E-007 -3.644907051226633E-007
          78  0.000000000000000E+000  0.000000000000000E+000
  1.292149065050886E-009  8.911141661572483E-009
 -4.151068416540518E-007  4.945496483734272E-008
          79  0.000000000000000E+000  0.000000000000000E+000
  4.073398358249222E-009  4.037636643849343E-009
 -2.270534311758877E-007  3.633875202797788E-007
          80  0.000000000000000E+000  0.000000000000000E+000
 -3.145701780009944E-009  1.562013720689316E-009
  2.278788401278473E-007  4.600620722638548E-007
          81  0.000000000000000E+000  0.000000000000000E+000
 -6.479584114256917E-009  9.889247846495091E-009
  6.004566120565586E-007  8.659780951235095E-009
          82  0.000000000000000E+000  0.000000000000000E+000
  6.010901863873870E-009  1.535597966448947E-008
  2.966270077276284E-007 -5.808124912366960E-007
          83  0.000000000000000E+000  0.000000000000000E+000
  6.599134624478907E-009  4.515779720358253E-009
 -3.288037331281871E-007 -5.231016841486984E-007
          84  0.000000000000000E+000  0.000000000000000E+000
  4.695007813311732E-009  1.102737993174788E-009
 -6.414267991844208E-007 -2.977225802371376E-008
          85  0.000000000000000E+000  0.000000000000000E+000
 -2.690181684087407E-009  1.200114167348578E-009
 -3.366762569602808E-007  5.793169635928721E-007
          86  0.000000000000000E+000  0.000000000000000E+000
 -3.746617261425488E-009  9.202231452924140E-009
  3.734472267684080E-007  5.364653683210303E-007
          87  0.000000000000000E+000  0.000000000000000E+000
  4.031869528764901E-009  1.439287694531183E-008
  6.065706408808581E-007 -9.633278832305423E-008
          88  0.000000000000000E+000  0.000000000000000E+000
  1.083945280712950E-008  4.324135474304187E-009
  1.908799425873146E-007 -5.044190713403801E-007
          89  0.000000000000000E+000  0.000000000000000E+000
  6.373279060047889E-009  1.165952227845381E-009
 -2.707227344654781E-007 -4.326987390896096E-007
          90  0.000000000000000E+000  0.000000000000000E+000
  1.851477089028960E-009 -3.405522269505582E-010
 -4.915554612507527E-007  7.980639273443867E-009
          91  0.000000000000000E+000  0.000000000000000E+000
 -1.084975560943014E-009  4.387065838661912E-009
 -1.901275724519425E-007  3.724904662032791E-007
          92  0.000000000000000E+000  0.000000000000000E+000
  1.807406780154221E-009  7.775939055165059E-009
  1.859307765793852E-007  2.676361703278119E-007
          93  0.000000000000000E+000  0.000000000000000E+000
  7.171561325399145E-009  7.924682610737222E-009
  2.400542344109409E-007 -2.225341684831950E-008
          94  0.000000000000000E+000  0.000000000000000E+000
  5.719031603309299E-009  1.752431805031379E-009
  1.115455822100504E-007 -1.366334272087597E-007
          95  0.000000000000000E+000  0.000000000000000E+000
  4.083732608962216E-009  2.423856810739043E-009
 -2.980797936311260E-008 -1.644255957355871E-007
          96  0.000000000000000E+000  0.000000000000000E+000
  2.311737079233765E-009  3.925778119839045E-009
 -8.694900038033498E-008 -4.707536776319581E-008
          97  0.000000000000000E+000  0.000000000000000E+000
  4.824131073139077E-009  6.384923645620445E-009
 -3.417156628252093E-008 -4.316830523002657E-008
          98  0.000000000000000E+000  0.000000000000000E+000
  7.757689867075946E-009  4.941925974872218E-009
 -1.127714260583429E-007 -6.931797164610817E-008
          99  0.000000000000000E+000  0.000000000000000E+000
  8.343703013807727E-009 -4.377515288070520E-010
 -1.811293726228266E-007  8.227628613689919E-008
         100  0.000000000000000E+000  0.000000000000000E+000
  3.315199270772647E-009 -1.339972164685473E-011
 -2.988373488947237E-008  2.039342192747770E-007
         101  0.000000000000000E+000  0.000000000000000E+000
  1.548911453396157E-009  3.433193566777727E-009
  1.640391775925692E-007  1.732962914095312E-007
         102  0.000000000000000E+000  0.000000000000000E+000
  5.288583905172074E-009  7.499250977018084E-009
  2.813213211717112E-007 -6.873338436865349E-008
         103  0.000000000000000E+000  0.000000000000000E+000
  1.068825393447533E-008  5.181855505648617E-009
  9.437919004192416E-008 -3.129413298345027E-007
         104  0.000000000000000E+000  0.000000000000000E+000
  1.205086062228864E-008 -6.713862895426749E-010
 -2.149663481754592E-007 -2.759020422169237E-007
         105  0.000000000000000E+000  0.000000000000000E+000
  7.403427461314308E-009 -4.060716716170554E-009
 -3.630099891619499E-007 -1.476241867473961E-008
         106  0.000000000000000E+000  0.000000000000000E+000
  3.220754632568865E-009 -2.711595986183955E-009
 -2.583476425814687E-007  2.916016974863284E-007
         107  0.000000000000000E+000  0.000000000000000E+000
  2.327400298938406E-009  1.502900550083624E-009
  8.998390402571206E-008  3.978164890922611E-007
         108  0.000000000000000E+000  0.000000000000000E+000
  5.767168027130040E-009  4.112928898244561E-009
  4.018021851176123E-007  1.542313496031312E-007
         109  0.000000000000000E+000  0.000000000000000E+000
  9.722452476971907E-009  2.272084738239377E-009
  3.767202255256930E-007 -2.810112613864363E-007
         110  0.000000000000000E+000  0.000000000000000E+000
  1.071051869103345E-008 -1.545723477747513E-009
 -4.820518232021267E-008 -5.219150344345485E-007
         111  0.000000000000000E+000  0.000000000000000E+000
  8.199629070745399E-009 -4.544306590429583E-009
 -5.042779104502503E-007 -2.475760510108117E-007
         112  0.000000000000000E+000  0.000000000000000E+000
  5.358850874973053E-009 -4.541855709510354E-009
 -5.030889982413798E-007  2.971783297886957E-007
         113  0.000000000000000E+000  0.000000000000000E+000
  3.634491641702515E-009 -2.203318593476164E-009
 -1.433581077656310E-008  6.037496265761205E-007
         114  0.000000000000000E+000  0.000000000000000E+000
  6.150333607562902E-009  4.923342682929324E-011
  5.304773293765251E-007  3.070266406716204E-007
         115  0.000000000000000E+000  0.000000000000000E+000
  7.711674701394425E-009 -2.463781014719687E-009
  5.158480324492994E-007 -3.436276260947960E-007
         116  0.000000000000000E+000  0.000000000000000E+000
  7.483919057864204E-009 -4.117945253332098E-009
 -1.022552645150145E-007 -6.125623376300771E-007
         117  0.000000000000000E+000  0.000000000000000E+000
  6.503057102714456E-009 -3.955005754938963E-009
 -5.683792577604079E-007 -1.989841930244977E-007
         118  0.000000000000000E+000  0.000000000000000E+000
  6.170830193847115E-009 -4.955234191352151E-009
 -4.665114129975664E-007  4.055761940180635E-007
         119  0.000000000000000E+000  0.000000000000000E+000
  6.525138697169080E-009 -3.891295737613178E-009
  1.712338496076171E-007  5.890413215674605E-007
         120  0.000000000000000E+000  0.000000000000000E+000
  7.847130492559331E-009 -8.248993226393536E-009
  5.692231144163423E-007  4.971276511715307E-008
         121  0.000000000000000E+000  0.000000000000000E+000
  2.922162558087075E-009 -8.951989624268379E-009
  1.993909604178402E-007 -4.789592543412611E-007
         122  0.000000000000000E+000  0.000000000000000E+000
  2.377761262455677E-010 -4.671321632645475E-009
 -3.149654077375454E-007 -3.272125143458688E-007
         123  0.000000000000000E+000  0.000000000000000E+000
  3.424759402115319E-009 -3.084684760152381E-009
 -4.539443030246701E-007  1.377681008216307E-007
         124  0.000000000000000E+000  0.000000000000000E+000
  5.827314474803773E-009 -2.462326255126131E-009
 -3.369899990987056E-008  4.822964930610845E-007
         125  0.000000000000000E+000  0.000000000000000E+000
  1.063516858740029E-008 -8.297019279839924E-009
  4.005628992431525E-007  1.702212384165444E-007
         126  0.000000000000000E+000  0.000000000000000E+000
  1.780543730615211E-009 -1.425952731029778E-008
  2.510838713024578E-007 -2.871161840199084E-007
         127  0.000000000000000E+000  0.000000000000000E+000
 -5.008922724311029E-009 -8.208176908196981E-009
 -1.463480798847802E-007 -2.766625626101609E-007
         128  0.000000000000000E+000  0.000000000000000E+000
 -2.234065352910150E-011 -1.515179923923176E-009
 -3.306805038118438E-007 -4.933860249116090E-008
         129  0.000000000000000E+000  0.000000000000000E+000
  4.089684891663619E-009 -2.696206543918493E-009
 -2.259160740474562E-007  3.322231041906308E-007
         130  0.000000000000000E+000  0.000000000000000E+000
  9.116337782904192E-009 -6.241509339522526E-009
  2.178131591161459E-007  3.297648811901427E-007
         131  0.000000000000000E+000  0.000000000000000E+000
  4.528799173839610E-009 -1.807798120305079E-008
  3.384990337065936E-007 -4.668354732221962E-008
         132  0.000000000000000E+000  0.000000000000000E+000
 -8.385465454518595E-009 -1.307446282725406E-008
  9.091743592775929E-008 -2.718959309849912E-007
         133  0.000000000000000E+000  0.000000000000000E+000
 -6.277334059414590E-009 -5.853368477835420E-010
 -1.443694664148971E-007 -2.532649353537009E-007
         134  0.000000000000000E+000  0.000000000000000E+000
  2.771506744393801E-009 -1.584030176578810E-009
 -3.946519041529581E-007  2.857518748532448E-008
         135  0.000000000000000E+000  0.000000000000000E+000
  7.197899300682647E-009 -6.296544002991288E-009
 -1.301559675266356E-007  3.992862714129447E-007
         136  0.000000000000000E+000  0.000000000000000E+000
  5.061393568104369E-009 -1.908899075251768E-008
  2.519216717555618E-007  3.059426788478809E-007
         137  0.000000000000000E+000  0.000000000000000E+000
 -1.254802262219320E-008 -1.742697965790154E-008
  4.004887123870096E-007 -2.025624101061795E-008
         138  0.000000000000000E+000  0.000000000000000E+000
 -1.413343329032062E-008 -1.353811044792642E-009
  2.511642159917007E-007 -4.176122686352769E-007
         139  0.000000000000000E+000  0.000000000000000E+000
 -3.097346111887084E-009  1.578957141719047E-009
 -3.913486106456753E-007 -4.486606813360792E-007
         140  0.000000000000000E+000  0.000000000000000E+000
  2.415362848317881E-009 -2.107289539152175E-009
 -5.983733057317823E-007  2.290119060267996E-007
         141  0.000000000000000E+000  0.000000000000000E+000
  3.969859425099823E-009 -1.143665889295694E-008
 -7.988774591065929E-008  6.926607425572877E-007
         142  0.000000000000000E+000  0.000000000000000E+000
 -8.737367511632999E-009 -1.566133503056745E-008
  6.452693212390008E-007  4.454472947561641E-007
         143  0.000000000000000E+000  0.000000000000000E+000
 -1.400996958571459E-008 -4.952454155542749E-009
  7.598976549797670E-007 -4.169461878787009E-007
         144  0.000000000000000E+000  0.000000000000000E+000
 -7.028207998143647E-009  2.667051333478813E-010
 -1.169632517843470E-007 -9.552516899276950E-007
         145  0.000000000000000E+000  0.000000000000000E+000
 -4.502562238881164E-009 -1.536313233766813E-009
 -9.666702573466643E-007 -2.401871954723711E-007
         146  0.000000000000000E+000  0.000000000000000E+000
 -2.230193584148960E-009 -2.532826514694817E-009
 -6.425054921722120E-007  7.877077965393402E-007
         147  0.000000000000000E+000  0.000000000000000E+000
 -2.555753474875469E-009 -7.420418642382950E-009
  4.079225126962841E-007  9.786365087831818E-007
         148  0.000000000000000E+000  0.000000000000000E+000
 -8.631482211878030E-009 -6.536944728932742E-009
  1.098329227833781E-006  1.057476132809348E-007
         149  0.000000000000000E+000  0.000000000000000E+000
 -8.068886237173931E-009 -1.942481752186494E-009
  6.228026585648063E-007 -9.470391903934080E-007
         150  0.000000000000000E+000  0.000000000000000E+000
 -5.719211152012397E-009 -3.060600553445639E-009
 -5.952195153014984E-007 -9.709686241159063E-007
         151  0.000000000000000E+000  0.000000000000000E+000
 -7.078346473347022E-009 -2.760989155320511E-009
 -1.090824124084757E-006  1.033911468578712E-007
         152  0.000000000000000E+000  0.000000000000000E+000
 -5.876683712087018E-009 -2.446356870100264E-009
 -4.256227637366932E-007  9.792310983352781E-007
         153  0.000000000000000E+000  0.000000000000000E+000
 -7.548155706141172E-009 -3.945801940133966E-009
  6.313196367441158E-007  8.506791069811864E-007
         154  0.000000000000000E+000  0.000000000000000E+000
 -8.639606702213484E-009 -1.190209812366272E-009
  1.019536955241188E-006 -1.184986408665610E-007
         155  0.000000000000000E+000  0.000000000000000E+000
 -6.536076533127652E-009 -8.251303956098532E-010
  3.625673550976487E-007 -8.795813759046534E-007
         156  0.000000000000000E+000  0.000000000000000E+000
 -7.469094459817418E-009 -1.814975138674238E-009
 -5.111090724844721E-007 -6.553013968508208E-007
         157  0.000000000000000E+000  0.000000000000000E+000
 -8.027800498378384E-009 -7.750053532054098E-010
 -7.231579001140298E-007  8.664001530137366E-008
         158  0.000000000000000E+000  0.000000000000000E+000
 -7.844179587468899E-009 -3.485731076800010E-010
 -2.760612187779935E-007  5.836949347312992E-007
         159  0.000000000000000E+000  0.000000000000000E+000
 -8.110674360292233E-009 -1.692527020910702E-010
  2.782154750104715E-007  4.931523122894003E-007
         160  0.000000000000000E+000  0.000000000000000E+000
 -8.789493854112750E-009  5.284105729869675E-010
  4.900026116853305E-007  9.453655767092966E-008
         161  0.000000000000000E+000  0.000000000000000E+000
 -8.819005510105326E-009  1.607789436245274E-009
  3.637938388173163E-007 -2.710470692381016E-007
         162  0.000000000000000E+000  0.000000000000000E+000
 -8.802542247992366E-009  2.872155792953443E-009
  4.429300840231330E-008 -4.079349015512602E-007
         163  0.000000000000000E+000  0.000000000000000E+000
 -7.359555069499757E-009  4.511671090537220E-009
 -2.540151549410833E-007 -2.938958116442200E-007
         164  0.000000000000000E+000  0.000000000000000E+000
 -4.543532963546954E-009  3.029556271720172E-009
 -3.972145032602669E-007  1.899071292610817E-008
         165  0.000000000000000E+000  0.000000000000000E+000
 -6.469905901845225E-009  2.374774301134932E-010
 -2.182156612910990E-007  3.628118997273508E-007
         166  0.000000000000000E+000  0.000000000000000E+000
 -8.764073868657392E-009  1.966052249734361E-009
  2.180408982931643E-007  3.809337102865927E-007
         167  0.000000000000000E+000  0.000000000000000E+000
 -9.606197083723430E-009  2.583426571426904E-009
  4.015056495119376E-007  3.339160366889868E-008
         168  0.000000000000000E+000  0.000000000000000E+000
 -1.153665776027084E-008  6.249523037388088E-009
  2.752396321296558E-007 -2.693421570603609E-007
         169  0.000000000000000E+000  0.000000000000000E+000
 -7.270655056005857E-009  1.145544765313559E-008
 -6.230173296057988E-008 -3.728902961591042E-007
         170  0.000000000000000E+000  0.000000000000000E+000
 -1.480629945091995E-009  7.776401717376954E-009
 -3.138061184705384E-007 -9.727690625473221E-008
         171  0.000000000000000E+000  0.000000000000000E+000
 -3.099058967682829E-009  4.538820061537345E-009
 -1.390391919672433E-007  2.113047077211872E-007
         172  0.000000000000000E+000  0.000000000000000E+000
 -3.526291440819524E-009  2.147532989446901E-009
  8.397050814036618E-008  9.959415833280049E-008
         173  0.000000000000000E+000  0.000000000000000E+000
 -1.080208261295219E-008  2.131414354959453E-009
  7.234638633465155E-008  2.569580679724678E-008
         174  0.000000000000000E+000  0.000000000000000E+000
 -1.209823743102462E-008  1.245070166525079E-008
  5.340773800746832E-008 -3.958853108923511E-008
         175  0.000000000000000E+000  0.000000000000000E+000
 -2.272319945790556E-009  1.515207219422230E-008
 -5.387680646711998E-009  2.499995371390254E-008
         176  0.000000000000000E+000  0.000000000000000E+000
  1.409310822206669E-009  1.143007024367626E-008
  1.538659467633295E-007  5.534836673193565E-008
         177  0.000000000000000E+000  0.000000000000000E+000
  5.282468163108852E-009  6.028000315057030E-009
  1.514942704456802E-007 -2.498548180210052E-007
         178  0.000000000000000E+000  0.000000000000000E+000
 -2.554652674899685E-009 -1.180324425469668E-009
 -1.748529342563987E-007 -1.994858528436857E-007
         179  0.000000000000000E+000  0.000000000000000E+000
 -1.066672331076866E-008  6.463800159899710E-009
 -1.881564998861585E-007  1.415992775597577E-009
         180  0.000000000000000E+000  0.000000000000000E+000
 -4.299286890026302E-009  1.555901762307810E-008
 -1.438774024597919E-007  1.370396153487302E-007
         181  0.000000000000000E+000  0.000000000000000E+000
  2.778925380644747E-009  1.267178884047627E-008
  5.240671389317012E-008  2.213437315342337E-007
         182  0.000000000000000E+000  0.000000000000000E+000
  5.612377804434430E-009  8.816946430533974E-009
  2.478199604512912E-007  3.780136610281688E-008
         183  0.000000000000000E+000  0.000000000000000E+000
  2.208334715805334E-009  8.893360732095437E-010
  1.070416688891946E-007 -1.148638519672349E-007
         184  0.000000000000000E+000  0.000000000000000E+000
 -7.075154730612242E-009  5.265567452048438E-009
  1.292156204764403E-007 -1.352259928858982E-007
         185  0.000000000000000E+000  0.000000000000000E+000
 -4.197347054010936E-009  1.572549233094335E-008
 -4.795861113590711E-008 -3.235672230543831E-007
         186  0.000000000000000E+000  0.000000000000000E+000
  6.791200491772775E-009  1.449150711179700E-008
 -3.500127660022719E-007 -1.289032609379239E-007
         187  0.000000000000000E+000  0.000000000000000E+000
  7.898261498358422E-009  7.437538965121335E-009
 -2.835289808574799E-007  2.282101936600596E-007
         188  0.000000000000000E+000  0.000000000000000E+000
  5.384779371584745E-009  1.904249659296636E-009
 -2.738863132296845E-008  3.589159726869993E-007
         189  0.000000000000000E+000  0.000000000000000E+000
 -4.177163948262309E-009  4.221003352508773E-009
  4.055340294284217E-007  3.190844942573420E-007
         190  0.000000000000000E+000  0.000000000000000E+000
 -2.328199316250443E-009  1.558562647082811E-008
  5.585181111245665E-007 -3.220609408486006E-007
         191  0.000000000000000E+000  0.000000000000000E+000
  1.025666345651721E-008  1.621114961186553E-008
 -4.279553862161746E-008 -6.811727102554272E-007
         192  0.000000000000000E+000  0.000000000000000E+000
  1.352095646959151E-008  6.847929524281327E-009
 -6.133754885145891E-007 -3.259247817141294E-007
         193  0.000000000000000E+000  0.000000000000000E+000
  1.025697305784605E-008  1.744192078914783E-010
 -6.480830087205793E-007  3.552789494410083E-007
         194  0.000000000000000E+000  0.000000000000000E+000
  1.272400890510503E-009  7.884932787798606E-010
  6.966539535734889E-008  8.212988561619270E-007
         195  0.000000000000000E+000  0.000000000000000E+000
  1.271659285822174E-009  9.042448526082505E-009
  8.056181709722975E-007  2.093803339614248E-007
         196  0.000000000000000E+000  0.000000000000000E+000
  8.827605024779834E-009  1.125299029935478E-008
  4.924731420500221E-007 -6.291139367924409E-007
         197  0.000000000000000E+000  0.000000000000000E+000
  1.264906848076433E-008  4.772481971403050E-009
 -3.129243145227687E-007 -7.105076973442566E-007
         198  0.000000000000000E+000  0.000000000000000E+000
  9.635269741123233E-009  8.764393573116873E-010
 -7.470182397283501E-007 -8.497325962488257E-008
         199  0.000000000000000E+000  0.000000000000000E+000
  5.776646933060666E-009  6.315699864450259E-010
 -4.305993380200015E-007  6.102599202129182E-007
         200  0.000000000000000E+000  0.000000000000000E+000
  5.234203397019093E-009  4.586031170644036E-009
  3.552826869249563E-007  6.079544785682820E-007
         201  0.000000000000000E+000  0.000000000000000E+000
  8.658011277181575E-009  5.053884043398678E-009
  6.358928150661908E-007 -4.756291615585492E-008
         202  0.000000000000000E+000  0.000000000000000E+000
  1.067313858296612E-008  2.540406049916526E-009
  2.665410651919730E-007 -5.418897541372983E-007
         203  0.000000000000000E+000  0.000000000000000E+000
  9.110399708575904E-009 -4.463804151545438E-010
 -3.104606679375488E-007 -5.218865102672236E-007
         204  0.000000000000000E+000  0.000000000000000E+000
  6.885078177489639E-009 -3.790215092799837E-012
 -6.163413391504776E-007 -3.595269261017826E-008
         205  0.000000000000000E+000  0.000000000000000E+000
  6.400329500257778E-009  1.771929159277969E-009
 -3.559506590773374E-007  4.984685456442143E-007
         206  0.000000000000000E+000  0.000000000000000E+000
  8.769079724753113E-009  2.856698856425239E-009
  2.223230773468330E-007  5.334286662029808E-007
         207  0.000000000000000E+000  0.000000000000000E+000
  1.075113430493652E-008  7.097335048053294E-010
  5.519984879022632E-007  9.594392910768106E-008
         208  0.000000000000000E+000  0.000000000000000E+000
  1.029149991050546E-008 -1.718588956546127E-009
  3.840235385558471E-007 -4.261546167163695E-007
         209  0.000000000000000E+000  0.000000000000000E+000
  8.734716441371482E-009 -2.753175833541541E-009
 -1.546797035699017E-007 -5.785819193149832E-007
         210  0.000000000000000E+000  0.000000000000000E+000
  7.965558872029740E-009 -2.491213549997147E-009
 -5.871898904681680E-007 -2.202417411390040E-007
         211  0.000000000000000E+000  0.000000000000000E+000
  7.835471570127348E-009 -2.440459522284792E-009
 -5.439699687362728E-007  3.757022810512005E-007
         212  0.000000000000000E+000  0.000000000000000E+000
  8.006144280066769E-009 -3.109278522121820E-009
  2.621423612364110E-008  6.611476757147869E-007
         213  0.000000000000000E+000  0.000000000000000E+000
  7.044532443622715E-009 -2.813429133666061E-009
  5.536421050534996E-007  3.144451844953674E-007
         214  0.000000000000000E+000  0.000000000000000E+000
  8.152169967884149E-009 -2.590669631240725E-009
  5.400088557292107E-007 -3.008807069942490E-007
         215  0.000000000000000E+000  0.000000000000000E+000
  9.286933638391101E-009 -3.613514267792052E-009
  2.272696005399562E-008 -6.317120542149960E-007
         216  0.000000000000000E+000  0.000000000000000E+000
  8.573791145197535E-009 -6.045697869928154E-009
 -5.472052072613930E-007 -3.115659405371677E-007
         217  0.000000000000000E+000  0.000000000000000E+000
  7.876601990013949E-009 -6.431360236010860E-009
 -4.687553146585456E-007  2.635454070593612E-007
         218  0.000000000000000E+000  0.000000000000000E+000
  5.572179479793285E-009 -8.413928114791781E-009
 -8.525015560979458E-008  4.188723499605852E-007
         219  0.000000000000000E+000  0.000000000000000E+000
  3.671919545037858E-009 -5.841379783124360E-009
  1.981389165086897E-007  3.022924727335526E-007
         220  0.000000000000000E+000  0.000000000000000E+000
  4.577736792070408E-009 -4.132988242462236E-009
  3.218771413147136E-007  6.226698285443108E-008
         221  0.000000000000000E+000  0.000000000000000E+000
  7.277442795873245E-009 -4.645958309440409E-009
  1.997079046862886E-007 -1.902167631221410E-007
         222  0.000000000000000E+000  0.000000000000000E+000
  8.233723424649889E-009 -6.166383127239895E-009
  5.650365671240649E-008 -2.084785140018867E-007
         223  0.000000000000000E+000  0.000000000000000E+000
  9.183213358537526E-009 -1.157152498660822E-008
 -1.120839876617161E-007 -3.149570911335118E-007
         224  0.000000000000000E+000  0.000000000000000E+000
  1.908569340090203E-009 -1.345760856506351E-008
 -4.505407395115320E-007 -1.062903228451976E-007
         225  0.000000000000000E+000  0.000000000000000E+000
 -1.222906379065346E-009 -9.611937494228829E-009
 -3.838347839922075E-007  3.652510145060457E-007
         226  0.000000000000000E+000  0.000000000000000E+000
  1.559473578129183E-010 -5.864538671783067E-009
  5.432302006826853E-008  5.244694674349600E-007
         227  0.000000000000000E+000  0.000000000000000E+000
  2.204032660352895E-009 -4.917382648907262E-009
  4.874695584965709E-007  3.530596724749548E-007
         228  0.000000000000000E+000  0.000000000000000E+000
  7.108802582403020E-009 -7.901951696939281E-009
  6.194889946635336E-007 -3.188909979395321E-007
         229  0.000000000000000E+000  0.000000000000000E+000
  1.978533666209673E-009 -1.413039292264701E-008
 -6.138066879775953E-008 -6.794735892573817E-007
         230  0.000000000000000E+000  0.000000000000000E+000
 -3.103325547106007E-009 -1.167834201129337E-008
 -5.811768865656545E-007 -2.248539990136087E-007
         231  0.000000000000000E+000  0.000000000000000E+000
 -4.017681724211578E-009 -7.267405544562662E-009
 -4.391916523378723E-007  3.259108025226616E-007
         232  0.000000000000000E+000  0.000000000000000E+000
 -2.335090063258029E-009 -5.099159416327962E-009
  4.954061381524677E-009  5.308869590593499E-007
         233  0.000000000000000E+000  0.000000000000000E+000
  2.890451229627970E-009 -4.763154997422170E-009
  4.248918653785493E-007  1.845106391995937E-007
         234  0.000000000000000E+000  0.000000000000000E+000
  1.834833446326698E-009 -1.370657334946015E-008
  1.766140607705181E-007 -1.948305355929872E-007
         235  0.000000000000000E+000  0.000000000000000E+000
 -7.049268332779814E-009 -1.116291425444929E-008
 -1.431218656216290E-008 -4.101273170182015E-008
         236  0.000000000000000E+000  0.000000000000000E+000
 -6.819117282392009E-009 -4.525736871959755E-009
  1.191117295452835E-007 -1.657412343127494E-008
         237  0.000000000000000E+000  0.000000000000000E+000
 -1.327895375250968E-009 -2.847096403297658E-009
  4.758667944032741E-008 -2.329849075129166E-007
         238  0.000000000000000E+000  0.000000000000000E+000
  1.771114677212144E-009 -5.647457073180670E-009
 -2.041314082488232E-007 -2.008510543995433E-007
         239  0.000000000000000E+000  0.000000000000000E+000
  2.472726478626343E-009 -1.312876759676364E-008
 -4.248092068284809E-007  2.589021403671917E-008
         240  0.000000000000000E+000  0.000000000000000E+000
 -9.325627259077632E-009 -1.580364443157335E-008
 -2.705746222937726E-007  5.608022954214580E-007
         241  0.000000000000000E+000  0.000000000000000E+000
 -1.321713086080786E-008 -5.428709575728013E-009
  4.548370938777134E-007  5.853294885546283E-007
         242  0.000000000000000E+000  0.000000000000000E+000
 -6.943489482832575E-009  4.451538652241164E-010
  7.664410588279527E-007 -1.440289983518061E-007
         243  0.000000000000000E+000  0.000000000000000E+000
 -1.080697641930834E-009 -2.031384400556601E-009
  2.547162378050761E-007 -7.096971647973301E-007
         244  0.000000000000000E+000  0.000000000000000E+000
  1.290401275836541E-009 -8.577967334387298E-009
 -5.044768474769698E-007 -6.274897628893115E-007
         245  0.000000000000000E+000  0.000000000000000E+000
 -7.401711680172716E-009 -1.472282993506984E-008
 -8.558434469087955E-007  2.085302852084518E-007
         246  0.000000000000000E+000  0.000000000000000E+000
 -1.467953041322443E-008 -7.376455102796411E-009
 -1.668559509193378E-007  8.688691953085733E-007
         247  0.000000000000000E+000  0.000000000000000E+000
 -1.200217834657266E-008 -1.368969355649201E-010
  6.526191764209351E-007  5.147576608795499E-007
         248  0.000000000000000E+000  0.000000000000000E+000
 -6.948872271650616E-009  6.394183330253861E-010
  6.912445049563141E-007 -2.638484822586741E-007
         249  0.000000000000000E+000  0.000000000000000E+000
 -3.904961001596631E-009 -1.913991879849087E-009
  1.095446004775733E-007 -6.652824466985220E-007
         250  0.000000000000000E+000  0.000000000000000E+000
 -6.030317027169992E-009 -6.470131733335176E-009
 -4.878386056963817E-007 -3.323763812717665E-007
         251  0.000000000000000E+000  0.000000000000000E+000
 -1.097951099906733E-008 -4.202993540489501E-009
 -4.102901800446081E-007  2.457953831236916E-007
         252  0.000000000000000E+000  0.000000000000000E+000
 -1.008503522372078E-008 -3.720564804512082E-010
 -1.009410564765617E-009  3.808601184343310E-007
         253  0.000000000000000E+000  0.000000000000000E+000
 -7.887009075896360E-009 -2.979310072817186E-011
  2.404636433538535E-007  1.950169982647252E-007
         254  0.000000000000000E+000  0.000000000000000E+000
 -7.872434690975852E-009 -8.748146736582289E-010
  2.696555437971736E-007 -2.780481668379283E-008
         255  0.000000000000000E+000  0.000000000000000E+000
 -8.532366745997371E-009 -6.601809381980584E-010
  1.467320822973906E-007 -1.930258747718430E-007
         256  0.000000000000000E+000  0.000000000000000E+000
 -9.074036142404910E-009  1.845268362705875E-010
 -4.097416194055724E-008 -2.094744898853686E-007
