   409.600000000000     
         256           1           3
  1.124309127438499E-002   37.3741394803343        115.737668412806     
   39.0000000000000        116.000000000000        6351.00000000000     
           0  0.000000000000000E+000  0.000000000000000E+000
  0.000000000000000E+000  0.000000000000000E+000
  0.000000000000000E+000  0.000000000000000E+000
           1  8.846546832518818E-007 -2.235982260505137E-007
 -2.538711763333742E-006  1.529664927963171E-007
 -8.675246364819014E-006  2.871829452647575E-007
           2  1.151853987073934E-006 -7.892084095222019E-007
 -2.502788355364030E-006  4.618723330570885E-007
 -9.023604251553566E-006  7.152848682396760E-007
           3  9.787842613721539E-007 -2.064174033593215E-006
 -2.083085212126189E-006  6.972823177322626E-007
 -9.503079427011089E-006  1.424650403749824E-006
           4 -6.025171571729102E-007 -3.473129898888434E-006
 -1.502101475548000E-006  2.627498588316025E-007
 -9.947437015861932E-006  2.503479637547659E-006
           5 -3.676553497058277E-006 -3.454435380304729E-006
 -1.708106800385475E-006 -9.447930955765821E-007
 -1.015077946214736E-005  3.980690092853597E-006
           6 -6.723772975571116E-006 -6.821758925192545E-007
 -3.507839035276772E-006 -1.859629997423762E-006
 -9.825270038328592E-006  5.673566980692484E-006
           7 -7.271067933927798E-006  4.521040828378850E-006
 -6.453560116708920E-006 -7.886721873483564E-007
 -8.949421969817549E-006  7.311806860987842E-006
           8 -3.542303387057510E-006  9.685337149054517E-006
 -8.408780456987284E-006  3.331469275165139E-006
 -7.513100264149518E-006  8.697255752712467E-006
           9  3.723693528564726E-006  1.124255990571461E-005
 -6.390862399585041E-006  9.276625265528463E-006
 -5.620904928273501E-006  9.366477972633545E-006
          10  1.098181007572041E-005  6.980417616782998E-006
  8.343221605096491E-007  1.307568624390880E-005
 -3.850054224747533E-006  9.224262005603724E-006
          11  1.348495014801005E-005 -1.895167369917653E-006
  1.078005801237688E-005  1.039316178422338E-005
 -2.642079480037978E-006  8.439822259500617E-006
          12  8.648437590357410E-006 -1.048296498817955E-005
  1.766628902237799E-005 -3.025026693583123E-007
 -2.532084708236347E-006  7.551674472354160E-006
          13 -1.550973288665951E-006 -1.283565888993771E-005
  1.519789041239791E-005 -1.542729410962901E-005
 -2.797170879393017E-006  7.673482594739088E-006
          14 -1.034811035957195E-005 -5.865180475020436E-006
  1.319874374586341E-006 -2.708217840533049E-005
 -2.756316785553075E-006  8.378254882466333E-006
          15 -9.602498030529672E-006  6.552795770953214E-006
 -1.982230620838867E-005 -2.671778039913000E-005
 -2.030084354491875E-006  9.171178183398296E-006
          16  3.090978336265591E-006  1.378856396972534E-005
 -3.748525924546412E-005 -1.056919047630842E-005
 -1.120178739354472E-006  9.554596458188176E-006
          17  1.959391054391773E-005  5.785139136805165E-006
 -4.015917503185895E-005  1.545683904544184E-005
  7.384827104561551E-008  1.022809304545777E-005
          18  2.395492339604841E-005 -1.785864205766705E-005
 -2.306679367803398E-005  3.735746850143840E-005
  1.700082843295778E-006  9.782823921673208E-006
          19  3.271868762375024E-006 -4.154175879845165E-005
  4.475351610337813E-006  4.013733944959822E-005
  2.238295661481008E-006  8.764274963307698E-006
          20 -3.734937694680503E-005 -4.085839399530759E-005
  2.348093177810480E-005  2.200629730117718E-005
  1.840483926707853E-006  8.532331011889042E-006
          21 -7.027820070796051E-005 -1.190687444602294E-006
  1.961993174568798E-005 -2.338194560225754E-006
  1.348927580103623E-006  1.009585322393305E-005
          22 -5.951477870854860E-005  6.163872037976555E-005
 -3.389386145767235E-006 -9.339112830173534E-006
  3.448586238006170E-006  1.266633715281794E-005
          23  7.026133031785774E-006  1.004788594234899E-004
 -2.063137532402641E-005  1.168664279040277E-005
  7.901312182404221E-006  1.356923396697795E-005
          24  9.194202107630407E-005  6.810510497109060E-005
 -5.938680165001117E-006  4.374049144681734E-005
  1.325432023049054E-005  1.140886096497804E-005
          25  1.217497639840382E-004 -3.222321983276243E-005
  4.074242779414422E-005  4.886221478147827E-005
  1.664310321338423E-005  5.355931829354026E-006
          26  4.989594994320612E-005 -1.253705825080918E-004
  7.906213479210575E-005  3.069213901575798E-006
  1.538459334661512E-005 -1.902989565914228E-006
          27 -7.945996417340214E-005 -1.178051955614812E-004
  6.019603336799973E-005 -6.653325780318881E-005
  9.365218104598139E-006 -6.447312826650649E-006
          28 -1.488452580280126E-004  4.775892898307755E-006
 -1.817861545219904E-005 -9.436236293058183E-005
  2.297057016229454E-006 -5.055303736667464E-006
          29 -7.542994462519977E-005  1.375642827747958E-004
 -9.208616937004459E-005 -3.918144167221555E-005
 -5.666287476442564E-007  7.661622469574656E-007
          30  8.673380085886631E-005  1.424362364259300E-004
 -8.497905842241786E-005  5.943363519318569E-005
  2.308309133384453E-006  6.017115039529164E-006
          31  1.776814142633902E-004 -3.731558971427634E-006
  7.332177463848871E-006  1.073286547977351E-004
  7.931833276590609E-006  6.449369475634409E-006
          32  9.274240216737144E-005 -1.630686844557850E-004
  9.875958655190765E-005  4.976509000930632E-005
  1.110101738770877E-005  2.382954111807678E-006
          33 -9.374085065679290E-005 -1.698091722140962E-004
  9.359073677082160E-005 -6.141080076925693E-005
  9.676128632345823E-006 -1.655417687575258E-006
          34 -1.946635620890289E-004 -9.401950867424983E-006
 -8.411921101345985E-006 -1.122999642000015E-004
  6.520507239138694E-006 -1.933109614838209E-006
          35 -1.061029611987610E-004  1.571687116179223E-004
 -1.044495909937732E-004 -4.672566534526225E-005
  6.102007851902458E-006  6.506547325701001E-007
          36  7.798621725431932E-005  1.614798478905185E-004
 -9.420357898722594E-005  7.040303387660253E-005
  9.442350809762789E-006  1.707913200518773E-006
          37  1.665839934313980E-004  7.971414781254830E-006
  1.226862842380575E-005  1.188830412800820E-004
  1.303547689973494E-005 -1.767867496548651E-006
          38  7.631105396443262E-005 -1.356010937045023E-004
  1.041932112411692E-004  5.215313608484472E-005
  1.230831047502400E-005 -7.560804847994059E-006
          39 -8.581094556179158E-005 -1.214684828496145E-004
  9.151344259774731E-005 -5.513553878315831E-005
  7.460413110208186E-006 -1.093437143684639E-005
          40 -1.445093456927163E-004  2.455008360369314E-005
 -3.003863333076600E-006 -9.191510822255696E-005
  2.173366485164572E-006 -9.760566868111025E-006
          41 -4.402481672972166E-005  1.401868025988639E-004
 -7.339786737042030E-005 -2.738996184268080E-005
  3.909062439676135E-007 -5.606929600814899E-006
          42  1.015378192006875E-004  1.057929167912372E-004
 -4.570578062219850E-005  6.039451007546538E-005
  2.323081652990758E-006 -2.844354317136440E-006
          43  1.386172227567263E-004 -3.508353620720959E-005
  4.602927811356437E-005  7.302166381356330E-005
  5.261396968552183E-006 -3.299925775499198E-006
          44  3.537820874657217E-005 -1.305253719517626E-004
  1.010737477525773E-004 -5.815818297131845E-006
  6.271266125191370E-006 -6.392339609475288E-006
          45 -9.163065172670677E-005 -8.528213685465759E-005
  5.716721206782204E-005 -9.628263862689106E-005
  3.909823437559010E-006 -8.726206155186242E-006
          46 -1.083392185090849E-004  4.356756984293243E-005
 -4.557537898403443E-005 -1.058009955764628E-004
  1.062640462821460E-006 -8.381241846945328E-006
          47 -2.349664270735077E-006  1.147035947898792E-004
 -1.091985689483936E-004 -2.341884041536867E-005
  1.116874578490469E-007 -6.189886780589712E-006
          48  1.101352265124407E-004  5.111411245728343E-005
 -7.422496202771654E-005  7.309331730632107E-005
  1.721793852044449E-006 -5.023452014235375E-006
          49  1.059564999880320E-004 -8.297861237862223E-005
  2.251503626325992E-005  9.386654922036129E-005
  3.005747410202063E-006 -6.651303986814390E-006
          50 -1.872907575975718E-005 -1.485913411051324E-004
  8.830591013419780E-005  2.630947870147490E-005
  2.357105061929279E-006 -9.030725962986279E-006
          51 -1.457006146182355E-004 -7.288319316295892E-005
  6.615044144244954E-005 -6.165289734426375E-005
 -3.627581426086992E-007 -1.046071734288139E-005
          52 -1.514326802768675E-004  8.030624648216134E-005
 -1.757358764845818E-005 -8.724917763489111E-005
 -3.433218206690788E-006 -9.422418145436750E-006
          53 -2.503330214838940E-005  1.725731956661324E-004
 -8.054474812791805E-005 -3.096121038657911E-005
 -4.585895666100969E-006 -7.177682885926219E-006
          54  1.233057436251372E-004  1.200945920455449E-004
 -6.676548210664856E-005  4.973768340798983E-005
 -4.093597571780809E-006 -5.170237238814532E-006
          55  1.633854444148315E-004 -3.049595873734175E-005
  6.986231642003975E-006  8.025140033735202E-005
 -2.686110895745160E-006 -4.938276394216589E-006
          56  6.336097222684218E-005 -1.463956508291001E-004
  6.989134750041273E-005  3.583664075718925E-005
 -2.554768024579470E-006 -6.226463369238650E-006
          57 -8.607850475519288E-005 -1.289311997472458E-004
  6.657146299827436E-005 -3.735421364392029E-005
 -3.955078825315640E-006 -6.910497091776085E-006
          58 -1.548864969551672E-004  2.998553107529908E-006
  6.196808787903918E-006 -7.229096270820291E-005
 -5.927620630737746E-006 -6.076644637007393E-006
          59 -8.565065532698130E-005  1.344714151444219E-004
 -5.178102816810276E-005 -4.053210802299978E-005
 -6.418973856730968E-006 -3.946818791954622E-006
          60  6.231410586334726E-005  1.546418627470267E-004
 -5.370586722986754E-005  2.197943082793506E-005
 -5.168513219590802E-006 -2.588471966374002E-006
          61  1.675016666657808E-004  4.762891846348438E-005
 -2.565333678486102E-006  5.420360327416604E-005
 -3.725451847941210E-006 -2.842972738340786E-006
          62  1.479737094200320E-004 -1.008030141119161E-004
  5.192754321596398E-005  2.675882435221793E-005
 -3.283034027248138E-006 -4.536656154456224E-006
          63  2.286607231830147E-005 -1.782390221151096E-004
  5.788408486390138E-005 -3.567394290387484E-005
 -4.711076371955795E-006 -6.144636501380433E-006
          64 -1.123907340261457E-004 -1.346147292876831E-004
  8.876122312078954E-006 -7.726730644572028E-005
 -7.227001712512878E-006 -6.418759228285950E-006
          65 -1.653843318457699E-004 -1.109281593755009E-005
 -5.478879566073809E-005 -6.356422218388563E-005
 -9.841739345614074E-006 -5.126394593865292E-006
          66 -1.128082415300602E-004  1.009914143990342E-004
 -8.375223027562769E-005 -5.596031372890834E-006
 -1.129012245209601E-005 -2.434656443157363E-006
          67 -6.684494037800801E-006  1.335449153362892E-004
 -5.829655061165676E-005  5.046205891711192E-005
 -1.115718563573960E-005  3.364457739419239E-007
          68  7.711067553405107E-005  8.438197358107572E-005
 -4.085211090954910E-006  6.471597321326892E-005
 -1.005063627473688E-005  2.205829099055134E-006
          69  9.483552760175696E-005  3.026723636910628E-006
  3.488917488788081E-005  3.492855396096540E-005
 -8.961391051759020E-006  3.233329839890077E-006
          70  5.463768856034652E-005 -5.448506474881613E-005
  3.302785266097260E-005 -6.457692152124286E-006
 -8.192211590145640E-006  3.893741126632921E-006
          71 -3.529781851535489E-006 -6.279911058246646E-005
  3.048484169678956E-006 -2.257459127948128E-005
 -7.632320717772163E-006  4.738323878253059E-006
          72 -4.288911045386399E-005 -3.214013494044323E-005
 -2.093330321483343E-005 -5.942301250693406E-006
 -6.627534731348187E-006  5.757410400726235E-006
          73 -4.863754523532606E-005  1.159280889296593E-005
 -1.636410528732932E-005  2.136125045284478E-005
 -5.239872057785160E-006  6.343309299334353E-006
          74 -2.486463063197353E-005  4.581559820573861E-005
  1.072603187225674E-005  3.003315477832398E-005
 -3.745994110863205E-006  6.112553789261905E-006
          75  1.701724080650339E-005  5.684071633356848E-005
  3.355189067763791E-005  1.165412145023859E-005
 -2.925156015811298E-006  5.453668124734434E-006
          76  6.085439271894085E-005  3.562568274150976E-005
  3.321931226173347E-005 -1.871805020660580E-005
 -2.614440454020421E-006  4.923221544037868E-006
          77  8.293181585192559E-005 -1.704089481387726E-005
  9.881869200747396E-006 -3.809630159290621E-005
 -2.629656917171684E-006  4.412374407971149E-006
          78  6.009042349137930E-005 -8.081124396401813E-005
 -1.763044563073805E-005 -3.384570385295466E-005
 -2.851734684841843E-006  4.279874088202336E-006
          79 -1.116255289741854E-005 -1.172555314088864E-004
 -3.166305494562196E-005 -1.541645441518475E-005
 -3.334511314402660E-006  4.466282009711804E-006
          80 -1.004680176428588E-004 -8.947274678301280E-005
 -3.063412065864955E-005  2.100136521273210E-006
 -3.716804742313975E-006  5.315313386514856E-006
          81 -1.492924216222448E-004  4.991763510597557E-006
 -2.431670493079365E-005  1.056252647383770E-005
 -3.326080661351849E-006  6.480918096893541E-006
          82 -1.121147685438806E-004  1.168744973848858E-004
 -2.252238302072626E-005  1.588935449180430E-005
 -2.445935608680954E-006  7.563066355858207E-006
          83  4.128173094140446E-006  1.721641470835139E-004
 -2.014652092372839E-005  2.698893900771962E-005
 -9.968732473713998E-007  8.253290685456205E-006
          84  1.329941994722935E-004  1.212565012994633E-004
 -7.056938336353120E-006  4.136953897878675E-005
  8.277957923762680E-007  8.293592031299971E-006
          85  1.845043827635577E-004 -1.620787351531003E-005
  2.048414529653344E-005  4.501965396203771E-005
  2.662607809987875E-006  7.497976501576914E-006
          86  1.127198479306842E-004 -1.513599130882767E-004
  4.852737979436309E-005  2.401631178691746E-005
  3.759173674552479E-006  5.648684192143277E-006
          87 -4.146683638646660E-005 -1.873151734855522E-004
  5.421432653327801E-005 -1.632522718185841E-005
  3.527369210587292E-006  3.651135073444522E-006
          88 -1.730008769882080E-004 -9.055392247424418E-005
  2.515882433013725E-005 -5.222700216593436E-005
  2.200916354166783E-006  2.534059214061286E-006
          89 -1.838713852600085E-004  7.684810183398164E-005
 -2.544739340540870E-005 -5.392728647851384E-005
  6.514433484752836E-007  2.695521654966256E-006
          90 -5.915432320991125E-005  1.950349494692413E-004
 -6.105366948941714E-005 -1.385119778444562E-005
 -9.895932381155230E-008  3.789779754904093E-006
          91  1.148878811688844E-004  1.737686335474968E-004
 -5.283257332213871E-005  4.187679186135436E-005
  5.684233904113922E-008  5.065540401627334E-006
          92  2.108668779925083E-004  2.335929739908465E-005
 -1.929204522363462E-006  7.202191281671534E-005
  8.474712036316437E-007  6.016589979424566E-006
          93  1.545187643435245E-004 -1.484588627694865E-004
  5.535001687583086E-005  5.045914970486768E-005
  2.005817745892822E-006  6.390132538737397E-006
          94 -1.535294386935826E-005 -2.135133307735846E-004
  7.523402448058903E-005 -8.744643913501034E-006
  3.037699823874994E-006  6.351914919109984E-006
          95 -1.725830357691366E-004 -1.221474887513265E-004
  4.108960509320304E-005 -6.279215312386995E-005
  3.835653583646895E-006  6.205094562055379E-006
          96 -1.987667019401284E-004  5.652313383175995E-005
 -2.275268946992954E-005 -6.988247266091374E-005
  4.733632034778112E-006  6.102318768917427E-006
          97 -7.597926296683361E-005  1.858183845490251E-004
 -6.793637301378611E-005 -2.492335506453605E-005
  6.023197968729171E-006  5.834061259478554E-006
          98  9.883941183363521E-005  1.682628241259523E-004
 -6.125180436258823E-005  3.757190589546746E-005
  7.354581334309701E-006  4.753507389208711E-006
          99  1.901960474464361E-004  2.091762963075264E-005
 -8.747988970296957E-006  6.974246505647567E-005
  7.936732059579554E-006  2.986502706940672E-006
         100  1.290236268454121E-004 -1.399318375721337E-004
  4.601328371721505E-005  4.797568330019647E-005
  7.476533341326203E-006  1.380274683663261E-006
         101 -3.572865126459012E-005 -1.886430111931255E-004
  6.014802022176236E-005 -6.299174323157662E-006
  6.329617918365873E-006  7.118995367493407E-007
         102 -1.748559393700154E-004 -8.744404715065071E-005
  2.503155778646848E-005 -4.758681081581097E-005
  5.486555754534988E-006  1.200460700178145E-006
         103 -1.806365298722113E-004  8.499236633201018E-005
 -2.757523074578586E-005 -4.081192419994661E-005
  5.849148185661563E-006  2.303798928736047E-006
         104 -4.878074785182949E-005  1.971075372503139E-004
 -5.045436923888588E-005  6.688686730319867E-006
  7.643976158174229E-006  2.783359800954852E-006
         105  1.212518121500496E-004  1.645698695102067E-004
 -2.310022055929680E-005  5.318896637216802E-005
  9.913877810015594E-006  1.544399576515122E-006
         106  2.024477773351962E-004  1.304916586849073E-005
  3.268831373253920E-005  5.750278897241481E-005
  1.118494240762857E-005 -1.282265047596549E-006
         107  1.374474630545815E-004 -1.431256808434093E-004
  6.983708118704285E-005  1.348129741603082E-005
  1.053668717781046E-005 -4.582756105522677E-006
         108 -2.093761592071069E-005 -1.907954184229727E-004
  5.659008106948684E-005 -4.325333873522224E-005
  8.167488147615215E-006 -6.946498284780137E-006
         109 -1.545968683926223E-004 -1.006039172097078E-004
  3.040262491671130E-006 -6.624732690618431E-005
  5.104454245386622E-006 -7.350430389079309E-006
         110 -1.682748171373774E-004  5.572311224750447E-005
 -4.609759163881047E-005 -3.605769825115559E-005
  2.936592812437600E-006 -5.937569477971565E-006
         111 -5.792880856764436E-005  1.618299838201430E-004
 -4.850342217984971E-005  2.070232636165131E-005
  2.690300299215724E-006 -3.949235572981114E-006
         112  9.092358214800906E-005  1.424127586105018E-004
 -1.989150016451458E-006  5.485516146344748E-005
  4.078263192051339E-006 -3.035481155852806E-006
         113  1.676965951203085E-004  1.645499283103893E-005
  5.506816631208483E-005  3.400201276038469E-005
  5.454975871572838E-006 -3.875872402555937E-006
         114  1.195465758076956E-004 -1.206882214740689E-004
  7.188295980721384E-005 -2.898178217259737E-005
  5.793287211121573E-006 -5.727565492960522E-006
         115 -1.459976543498084E-005 -1.710347672881210E-004
  2.904583418803910E-005 -8.447648506683576E-005
  4.731637482957030E-006 -7.560672973570093E-006
         116 -1.378598744340805E-004 -1.034090083371135E-004
 -4.660150080339249E-005 -8.660876301793620E-005
  2.734352563371187E-006 -8.272799453986846E-006
         117 -1.678473454451577E-004  2.996517971192038E-005
 -9.968120625876171E-005 -2.712441651178652E-005
  1.018186117028822E-006 -7.839944340715899E-006
         118 -9.268794285550258E-005  1.369797820997293E-004
 -8.978351283944867E-005  5.348047873807094E-005
  1.570025696993294E-007 -6.764032675111954E-006
         119  2.916729379206378E-005  1.543334936324407E-004
 -2.448064251667817E-005  1.001475968170406E-004
  3.133310476052780E-007 -5.946296048149234E-006
         120  1.190475221846390E-004  8.438489185326696E-005
  5.098197507948075E-005  8.434590198655230E-005
  6.548971456081299E-007 -6.038978550722949E-006
         121  1.313293622798863E-004 -1.874245821973772E-005
  8.750407395587392E-005  2.401596926131033E-005
  6.250035718494462E-007 -6.594401188979445E-006
         122  7.381717032803522E-005 -9.181373456436063E-005
  7.105680004623725E-005 -3.531590322434237E-005
  7.139090151700957E-009 -7.154291995159435E-006
         123 -6.901405120156252E-006 -1.028196612867377E-004
  2.557698094042064E-005 -5.873337913918549E-005
 -8.228696021901031E-007 -7.364535235771270E-006
         124 -6.568818108653474E-005 -6.173697887572613E-005
 -1.027970224084526E-005 -4.376063799920029E-005
 -1.603790909394123E-006 -7.455854104437678E-006
         125 -7.966784207404340E-005  1.076191208676202E-006
 -1.610995385115791E-005 -1.798606002058073E-005
 -2.454884151147775E-006 -7.293087052386668E-006
         126 -4.997797568501675E-005  5.263245764912027E-005
 -1.811846320624167E-006 -9.066202048018933E-006
 -3.118825504320146E-006 -7.093085523382584E-006
         127  5.125566870691036E-006  6.932722785533736E-005
  6.242142526277636E-006 -2.341841709525697E-005
 -3.864228100321804E-006 -6.976540481711156E-006
         128  5.696396859262047E-005  4.239880017237666E-005
 -1.058503129491414E-005 -4.026538206497714E-005
 -4.723520747599862E-006 -6.730872584253186E-006
         129  7.526101451323681E-005 -1.691392207352098E-005
 -4.190960102367848E-005 -3.472826428878537E-005
 -5.838260035272832E-006 -6.218613183717671E-006
         130  4.198265429112255E-005 -7.643390524030686E-005
 -6.177609925856468E-005 -1.823216088659052E-006
 -6.679999940290904E-006 -5.114334140731637E-006
         131 -3.229796551045703E-005 -9.462362273766110E-005
 -4.984192428806493E-005  3.913226648426425E-005
 -6.933221840045471E-006 -3.933465473223831E-006
         132 -1.036358447894206E-004 -4.700168944666621E-005
 -1.129734303855495E-005  5.908379209276742E-005
 -6.825658068420175E-006 -2.960289213750633E-006
         133 -1.185869522302603E-004  4.745371070962304E-005
  2.837035510766565E-005  4.581780111247286E-005
 -6.596367320166628E-006 -2.351068868380255E-006
         134 -5.251669518716962E-005  1.305679607652335E-004
  4.447732962628674E-005  1.158138588584292E-005
 -6.410707229167992E-006 -1.859750231456301E-006
         135  6.355596299845403E-005  1.375229605829616E-004
  3.293975017274755E-005 -1.776050915308652E-005
 -6.157817317018258E-006 -1.562189693154785E-006
         136  1.516186146536527E-004  4.890610006695590E-005
  1.112606177542802E-005 -2.688033676495837E-005
 -6.061224355872114E-006 -1.526636754510753E-006
         137  1.419624354534983E-004 -8.256002657928094E-005
 -2.330111122531420E-006 -2.112719983431634E-005
 -6.243464842676104E-006 -1.611374029419806E-006
         138  3.148161538497566E-005 -1.639760100303507E-004
 -4.414385937775709E-006 -1.756456406329184E-005
 -6.842665062266216E-006 -1.608229598465333E-006
         139 -1.062141764065024E-004 -1.307363107084845E-004
 -1.004145751851795E-005 -2.296755152222247E-005
 -7.734628440525665E-006 -1.165517981593983E-006
         140 -1.694750596743302E-004 -2.261807877721077E-007
 -2.950482257204508E-005 -2.314137455888154E-005
 -8.548883119193396E-006 -1.074696784981431E-007
         141 -1.070068003396351E-004  1.333141421140518E-004
 -5.115153399952323E-005 -5.131542502262230E-007
 -8.833407001342485E-006  1.392027649489085E-006
         142  3.793512010302720E-005  1.691180151761976E-004
 -4.805826918503032E-005  4.284404740847968E-005
 -8.413331499545124E-006  2.879978945453405E-006
         143  1.579311136758829E-004  7.798953801092988E-005
 -3.853686807559282E-006  7.686194637065356E-005
 -7.481344839032453E-006  3.887567444996410E-006
         144  1.627003354022264E-004 -7.311388548422719E-005
  6.271246954286626E-005  6.412300934948861E-005
 -6.551416982892330E-006  4.252542759468029E-006
         145  4.918539363869683E-005 -1.718507487015415E-004
  1.042747708587131E-004 -4.014003166921902E-006
 -5.976732783177929E-006  4.222522715512133E-006
         146 -9.680495052884516E-005 -1.471693907852369E-004
  7.854630190571555E-005 -9.232700726277359E-005
 -5.980988224643198E-006  4.194949158250385E-006
         147 -1.684559280930220E-004 -2.224079931423112E-005
 -1.394168270902820E-005 -1.381618552194165E-004
 -6.256052175355697E-006  4.705080167338749E-006
         148 -1.186905706596328E-004  1.067506166807718E-004
 -1.193756853197151E-004 -9.882762341191853E-005
 -6.219069073820143E-006  5.661439464559850E-006
         149  6.032482210388215E-006  1.457500401969488E-004
 -1.663135563626002E-004  1.136149449572879E-005
 -5.635041100703768E-006  6.725080443889847E-006
         150  1.064253477138827E-004  7.547114474485539E-005
 -1.175571544445231E-004  1.246071044936540E-004
 -4.650173719133442E-006  7.229724626972667E-006
         151  1.089430523301659E-004 -3.983408543102152E-005
 -2.696991108128162E-006  1.676762121198841E-004
 -4.089647408085230E-006  7.279672667086510E-006
         152  1.950019030502306E-005 -1.043953369696546E-004
  1.043626994180200E-004  1.165922577235170E-004
 -3.965000798235639E-006  7.557722048123170E-006
         153 -8.183730737751578E-005 -6.558842473003459E-005
  1.377971535017818E-004  1.045220843464663E-005
 -3.994339057030072E-006  8.385721340047127E-006
         154 -1.051502323316251E-004  4.240576756526606E-005
  8.693964211030922E-005 -7.632773193472133E-005
 -3.501300766877971E-006  9.796465538261485E-006
         155 -2.487885559068688E-005  1.269879050139012E-004
 -3.291592068168502E-007 -9.224223409190385E-005
 -2.235919016072866E-006  1.136466940711090E-005
         156  9.995139144247416E-005  1.099611722592345E-004
 -5.757996188294444E-005 -4.045361545156563E-005
  1.572497144960273E-007  1.266940132482348E-005
         157  1.668741455063672E-004 -8.892497947249493E-006
 -4.776621611221095E-005  2.458824619573743E-005
  3.311857827665283E-006  1.248967301088480E-005
         158  1.114022801098049E-004 -1.441587740132048E-004
  6.103509609266831E-006  4.609636941870140E-005
  5.888016626648108E-006  1.080641599850781E-005
         159 -3.581829133331887E-005 -1.886878990797788E-004
  4.858896218273822E-005  9.823213091193729E-006
  7.066991053006960E-006  8.343490341738245E-006
         160 -1.681998712678050E-004 -1.010459592269997E-004
  3.582405975608401E-005 -4.702122306684280E-005
  6.852009109823861E-006  6.440717206208774E-006
         161 -1.852260412645522E-004  5.925183454499730E-005
 -2.325547209969116E-005 -6.784430246861252E-005
  6.350638493694432E-006  5.468025371033454E-006
         162 -7.175491616049117E-005  1.726695827981733E-004
 -7.971110677467613E-005 -2.896846927372475E-005
  6.009377606136879E-006  5.195107472020773E-006
         163  8.355652009236815E-005  1.539131575997623E-004
 -8.426683179318877E-005  4.455953758362009E-005
  6.285737323209670E-006  5.199718942359681E-006
         164  1.594396665525236E-004  2.432626156585982E-005
 -2.881910412815524E-005  9.636646205565251E-005
  7.020899897577239E-006  4.877983195919666E-006
         165  1.025970535553147E-004 -1.070409704503634E-004
  4.619158168900185E-005  8.825992348798084E-005
  7.796941086837505E-006  3.995983515925810E-006
         166 -3.088880906664270E-005 -1.348163350715039E-004
  8.694779432303732E-005  2.815308008942791E-005
  8.065101066671310E-006  2.706615140727182E-006
         167 -1.246521211788881E-004 -4.479221298213888E-005
  6.744536137059358E-005 -3.605495316238281E-005
  7.714777779663450E-006  1.583389458479263E-006
         168 -1.042432922225415E-004  7.771692342271537E-005
  1.090301066396562E-005 -5.668206304954162E-005
  7.075356040119639E-006  1.002455183562830E-006
         169  3.028527781226705E-006  1.286770681620143E-004
 -3.261895974201367E-005 -2.443091836975829E-005
  6.672471252880044E-006  9.982661192981842E-007
         170  1.016289259721470E-004  7.400186990956100E-005
 -2.642569743742601E-005  2.577520247371349E-005
  6.857208812979905E-006  1.124323612827590E-006
         171  1.149316796447831E-004 -3.012386130991339E-005
  2.102902562312577E-005  4.455097344840072E-005
  7.490741883684569E-006  8.752024495176041E-007
         172  4.697449839696393E-005 -9.598777708208007E-005
  6.530141076174976E-005  1.099576430522999E-005
  8.121425193696401E-006  1.037332302459524E-008
         173 -3.357776033217892E-005 -8.316935600639006E-005
  6.301723063793603E-005 -5.144109123361983E-005
  8.270109808685042E-006 -1.265113705231201E-006
         174 -6.327213202231581E-005 -2.413749465691717E-005
  6.739527468795281E-006 -9.256059143651171E-005
  7.790578547093852E-006 -2.495150925645876E-006
         175 -3.784743606933320E-005  1.764508914592587E-005
 -6.710634234567940E-005 -7.538222761680406E-005
  6.900655791064131E-006 -3.272779962144684E-006
         176 -6.010428303698493E-006  1.199663364470362E-005
 -1.068022310004756E-004 -5.432626282045468E-006
  5.999087735658147E-006 -3.500243641902905E-006
         177 -1.128996018166496E-005 -1.198273533971712E-005
 -8.305756171762974E-005  7.468999014613667E-005
  5.386734810718608E-006 -3.302974048386730E-006
         178 -4.451100998667520E-005 -5.375534718811711E-006
 -8.445152631978264E-006  1.148460433414269E-004
  5.293571366830567E-006 -2.955718306869933E-006
         179 -5.632311091468138E-005  4.408377626886660E-005
  7.239563273043979E-005  9.180300569949168E-005
  5.670419399514797E-006 -2.863836315338786E-006
         180 -1.026731704678341E-005  9.493780069738173E-005
  1.142212126015574E-004  2.141173715164148E-005
  6.223601062003449E-006 -3.252912328972830E-006
         181  7.435962623014875E-005  8.887266610807260E-005
  9.771837301744715E-005 -5.525472901159924E-005
  6.578840700214689E-006 -4.112727839295482E-006
         182  1.318403450910129E-004  9.311960008174821E-006
  3.768864914839905E-005 -9.773703170173292E-005
  6.545222414374464E-006 -5.080823638895797E-006
         183  1.078153308601934E-004 -9.653895500541521E-005
 -2.919220193177110E-005 -8.926485382787314E-005
  6.365154679602362E-006 -5.992748588509527E-006
         184  6.344695523998432E-006 -1.535045569790828E-004
 -6.785753186220930E-005 -4.336031025128091E-005
  6.108350978492963E-006 -6.982031604198555E-006
         185 -1.089258363971365E-004 -1.157205134888856E-004
 -6.548516736641996E-005  7.727485174764844E-006
  5.674571769389840E-006 -8.124485924015988E-006
         186 -1.605657226912121E-004 -3.709808810753701E-006
 -3.601739835238169E-005  3.749896945389567E-005
  4.892599950199286E-006 -9.372576690803482E-006
         187 -1.147136336211855E-004  1.096791058454585E-004
 -3.431888159422207E-006  3.892504791917346E-005
  3.703326258432082E-006 -1.058434929489780E-005
         188 -4.596102292413083E-006  1.534734055710080E-004
  1.347214869221806E-005  2.399306766318212E-005
  1.963173023960309E-006 -1.161965355724492E-005
         189  9.775717068721884E-005  1.075736839387431E-004
  1.454811002793264E-005  1.199013339225714E-005
 -3.023129653083624E-007 -1.197492029939920E-005
         190  1.345989137813145E-004  1.021326916509662E-005
  1.269762346363890E-005  1.069322417865670E-005
 -2.510091112780455E-006 -1.140928535286993E-005
         191  9.548690484639910E-005 -7.657807504556263E-005
  2.022807094878287E-005  1.430255876426758E-005
 -4.131198402405507E-006 -1.011433701244842E-005
         192  1.635104286513680E-005 -1.064042888794412E-004
  3.813308596279616E-005  7.803175518662485E-006
 -4.914981512512197E-006 -8.722199236305914E-006
         193 -5.035339515932322E-005 -7.675031814922088E-005
  5.179338467483592E-005 -1.762791100001550E-005
 -5.196023490163644E-006 -7.611930703176827E-006
         194 -7.259029055154664E-005 -1.937271842513580E-005
  4.385285988668098E-005 -5.545469363021296E-005
 -5.174621995669245E-006 -6.918907088735232E-006
         195 -5.176326571605194E-005  2.592838296084256E-005
  6.413818641006443E-006 -8.435187827068097E-005
 -5.279126192620634E-006 -6.736892423227760E-006
         196 -1.568815289645028E-005  3.767274528054710E-005
 -4.752073531095759E-005 -8.227563704543536E-005
 -5.827797437801017E-006 -6.677465744571371E-006
         197  7.182677682607168E-006  2.410532898505306E-005
 -9.143067591246403E-005 -4.297522873311882E-005
 -6.633111173806693E-006 -6.368544421699221E-006
         198  9.205253497479543E-006  7.023863056708758E-006
 -1.000795675188012E-004  1.688386006049831E-005
 -7.477729652473906E-006 -5.801208293983382E-006
         199  2.758032143891344E-007  1.553434254563049E-006
 -7.082951465259782E-005  6.744535853776147E-005
 -8.285851741025358E-006 -5.007776015254806E-006
         200 -4.385182569543736E-006  8.098632233779298E-006
 -2.105485388789950E-005  8.936155380239804E-005
 -8.993268117837570E-006 -3.950850356672208E-006
         201  2.387201846074392E-006  1.530108207781524E-005
  2.686379902906071E-005  8.085951772554252E-005
 -9.418780882404920E-006 -2.621911853446497E-006
         202  1.445013777941338E-005  1.219772424022098E-005
  6.047140161237570E-005  5.425012331909715E-005
 -9.369424954589961E-006 -1.249963212617328E-006
         203  1.956431257215643E-005 -1.220072199927142E-006
  7.982800371826834E-005  1.807083401594169E-005
 -8.958479856371839E-006 -1.482720486482562E-007
         204  1.083026691599761E-005 -1.396347564869569E-005
  8.333609838318886E-005 -2.558759676538784E-005
 -8.451117611961683E-006  6.205969037628212E-007
         205 -4.976659445494969E-006 -1.312914849668250E-005
  6.424676922620456E-005 -7.247076798395622E-005
 -7.997852270584430E-006  1.137367383379918E-006
         206 -1.205848073528488E-005  1.856233722553638E-006
  1.568148870199733E-005 -1.083273575402109E-004
 -7.678020878563655E-006  1.475278436901345E-006
         207 -3.393132627487327E-007  1.712213035986918E-005
 -5.551185774784863E-005 -1.098866209465021E-004
 -7.606085187794884E-006  1.756089561797739E-006
         208  2.383246717290480E-005  1.345771651895805E-005
 -1.215181521823169E-004 -6.102835845493988E-005
 -7.736536803334953E-006  2.225896289231718E-006
         209  3.652639842361854E-005 -1.540227248038867E-005
 -1.436135879220323E-004  2.873110708785093E-005
 -7.838151998836486E-006  2.981506972611382E-006
         210  1.641212651517729E-005 -4.963952092724876E-005
 -9.687639212648224E-005  1.187375037385712E-004
 -7.734805635116162E-006  3.926159000350532E-006
         211 -3.194658222794754E-005 -5.620218921544450E-005
  5.093859146908397E-006  1.561534499672655E-004
 -7.336025661006750E-006  4.920489607550540E-006
         212 -7.476218929711765E-005 -1.559933637588213E-005
  1.097116446829996E-004  1.108551690587855E-004
 -6.692081603212837E-006  5.786333759987607E-006
         213 -6.817124613853834E-005  5.399040172438097E-005
  1.537258214768662E-004  2.606268117244926E-006
 -5.907161278559269E-006  6.513391228321373E-006
         214  2.392639976869312E-007  9.669825359925146E-005
  1.087382565715571E-004 -1.056946631998621E-004
 -4.984352343418072E-006  7.033441821153887E-006
         215  8.614423900849620E-005  6.434080091742147E-005
  1.545235904215609E-006 -1.506639726438827E-004
 -4.042962984976820E-006  7.364097531691987E-006
         216  1.163664951106165E-004 -3.600070935848515E-005
 -1.036395454379141E-004 -1.084820780002541E-004
 -3.039848732813579E-006  7.461984688400634E-006
         217  4.611860110038731E-005 -1.335695431332703E-004
 -1.479021303708747E-004 -9.948328209855907E-006
 -2.207031619139160E-006  7.184337910469178E-006
         218 -9.197559703199882E-005 -1.390104998767528E-004
 -1.162256471364541E-004  8.574014279356734E-005
 -1.821548943950598E-006  6.809775800530179E-006
         219 -1.964605277062817E-004 -1.972122451670221E-005
 -3.673414899918857E-005  1.326908608759306E-004
 -1.840979219620304E-006  6.730527817810960E-006
         220 -1.689185942978086E-004  1.595727788495780E-004
  4.425550669253710E-005  1.203234638632763E-004
 -1.828439702992222E-006  7.230560353738354E-006
         221  5.553502142669077E-006  2.689538975838095E-004
  9.431644827484992E-005  7.073664632976270E-005
 -1.297811545228505E-006  8.023075744247181E-006
         222  2.261843302015414E-004  2.038258894215626E-004
  1.083657303569159E-004  1.297124817146335E-005
 -2.139719827490192E-007  8.717853876495265E-006
         223  3.353916047953403E-004 -2.361959408558478E-005
  9.873165180425217E-005 -3.726352737818628E-005
  1.332533269259481E-006  8.903642627235935E-006
         224  2.344139959350656E-004 -2.755418041562229E-004
  7.342472848290828E-005 -8.106858082826312E-005
  2.892281019461295E-006  8.361520993291631E-006
         225 -3.269767104006811E-005 -3.773497490128423E-004
  2.752508772235309E-005 -1.171738807818921E-004
  4.016603801355387E-006  7.174942160383107E-006
         226 -2.961392211618035E-004 -2.464550857975170E-004
 -4.314990596617528E-005 -1.299505884092319E-004
  4.246099929055563E-006  5.764973920805034E-006
         227 -3.786847958302292E-004  3.722686253686433E-005
 -1.242273157174719E-004 -9.526664215558135E-005
  3.757552230010930E-006  4.944731142731588E-006
         228 -2.270684329169155E-004  2.850201700547972E-004
 -1.757713017640775E-004 -4.910871014624133E-006
  3.286092309976114E-006  4.912688562769220E-006
         229  4.805619485829102E-005  3.331799390396216E-004
 -1.571084185065095E-004  1.104438682512927E-004
  3.316980005528542E-006  5.312675856707645E-006
         230  2.483098734291442E-004  1.650060846845404E-004
 -6.203266718249329E-005  1.934248641406980E-004
  3.925860902130286E-006  5.574563709411019E-006
         231  2.411168444199578E-004 -7.389461931527422E-005
  6.886736162095343E-005  1.949821140966556E-004
  4.673153316542329E-006  5.429409411338023E-006
         232  6.246216277915459E-005 -1.947832684474906E-004
  1.684763113527195E-004  1.113941726077540E-004
  5.281256314590219E-006  5.035478769973792E-006
         233 -1.177855899279378E-004 -1.164902967661237E-004
  1.884743691694568E-004 -1.054754395342932E-005
  5.691138359780403E-006  4.615926301108948E-006
         234 -1.360669388360591E-004  6.919208272605082E-005
  1.306942730418518E-004 -1.062756180529755E-004
  6.059475210020089E-006  4.349704228498036E-006
         235  2.244805984496553E-005  1.742435601550849E-004
  4.026472675219902E-005 -1.377140984976845E-004
  6.596215123333708E-006  4.190325928898087E-006
         236  2.080629976981868E-004  8.052501859700158E-005
 -3.203845758028674E-005 -1.121860284909920E-004
  7.476636482389890E-006  3.932466761620613E-006
         237  2.328125241053668E-004 -1.542086872424130E-004
 -6.329211170950130E-005 -6.631118438684485E-005
  8.596637919637065E-006  3.177682132999146E-006
         238  3.208599296108124E-005 -3.331169497861347E-004
 -6.667198846014801E-005 -3.259836708868262E-005
  9.477233440386387E-006  1.804577522727645E-006
         239 -2.646867927903759E-004 -2.782232922812922E-004
 -6.910423231000953E-005 -1.376728376147089E-005
  9.764123493190744E-006  7.531140151928046E-008
         240 -4.239750154649897E-004  1.252083518347476E-005
 -8.007612762661912E-005  9.541368167143723E-006
  9.323766500799035E-006 -1.551773833424679E-006
         241 -2.948279122586349E-004  3.441418320760901E-004
 -8.390083865274536E-005  5.338494005475682E-005
  8.455956120569836E-006 -2.645821681540060E-006
         242  5.790233280855069E-005  4.663774823010577E-004
 -5.341481294121107E-005  1.086215462939109E-004
  7.650190408040932E-006 -3.174931578201819E-006
         243  3.883954901834857E-004  2.727331408365395E-004
  1.984934802817575E-005  1.402255718622376E-004
  7.205768298862001E-006 -3.469307318761630E-006
         244  4.558068930059281E-004 -1.068364988327231E-004
  1.099702140490518E-004  1.150130538540234E-004
  7.057185861715712E-006 -3.905646158532982E-006
         245  2.112563249152702E-004 -4.000046197448815E-004
  1.692130034017721E-004  2.929480898429031E-005
  6.898818674072961E-006 -4.643784931235063E-006
         246 -1.615495877621350E-004 -3.978938981189039E-004
  1.584786782701017E-004 -8.096054779959145E-005
  6.522887483666159E-006 -5.510128776890877E-006
         247 -3.855644925029616E-004 -1.159311053408385E-004
  7.718557803332551E-005 -1.600953868120370E-004
  5.902501717262773E-006 -6.470100008720608E-006
         248 -3.045307982981826E-004  2.203060422962566E-004
 -3.542758102052779E-005 -1.673313972270202E-004
  4.860044624503208E-006 -7.335388129692841E-006
         249 -1.351120561016217E-008  3.534800306422237E-004
 -1.218407133237219E-004 -1.014080317228986E-004
  3.529616587077802E-006 -7.790250898945647E-006
         250  2.787240590169186E-004  1.930303014160211E-004
 -1.415154254345860E-004 -1.675702484073193E-006
  2.193108128236666E-006 -7.743986262366203E-006
         251  3.121396447845194E-004 -1.196179643781777E-004
 -9.315703382593807E-005  7.706492179579583E-005
  1.146855998379930E-006 -7.338536029663498E-006
         252  8.190481788588941E-005 -3.286008437621199E-004
 -1.505457581056720E-005  9.653295075406379E-005
  3.914239022708565E-007 -6.794391553758680E-006
         253 -2.230196946948037E-004 -2.687931837545852E-004
  4.139688675179917E-005  6.031632540779210E-005
 -3.890158670567049E-008 -6.177869791528174E-006
         254 -3.617368668403029E-004  1.092147317210502E-005
  4.717391828259518E-005  6.931749091925120E-006
 -1.377217594314165E-007 -5.728894802146781E-006
         255 -2.281330825230687E-004  2.944148106751682E-004
  1.355142760653809E-005 -1.806988333304923E-005
 -8.899992931415271E-008 -5.581973324250045E-006
         256  7.484607287898123E-005  3.701687400961431E-004
 -1.646781351492830E-005  1.435439646935846E-006
 -1.695433443418982E-007 -5.799789969777753E-006
