   5120.00000000000     
         256           1           3
  8.994473019507991E-004   37.1516772039851        116.348831366616     
   18.8300000000000        145.590000000000        6160.02000000000     
           0  0.000000000000000E+000  0.000000000000000E+000
  0.000000000000000E+000  0.000000000000000E+000
  0.000000000000000E+000  0.000000000000000E+000
           1  0.000000000000000E+000  0.000000000000000E+000
  5.737666132465450E-009 -1.670218287423606E-010
 -2.329413263231093E-008  5.479809423298949E-012
           2  0.000000000000000E+000  0.000000000000000E+000
  5.715666989202112E-009 -2.990473406232790E-010
 -2.545612396680228E-008 -1.177199196195182E-009
           3  0.000000000000000E+000  0.000000000000000E+000
  5.691064725812196E-009 -3.372257499326035E-010
 -3.054689503078302E-008 -4.080905657043799E-010
           4  0.000000000000000E+000  0.000000000000000E+000
  5.773639417837516E-009 -1.586676111974455E-010
 -3.813428942997564E-008  5.801485844482146E-009
           5  0.000000000000000E+000  0.000000000000000E+000
  6.408304842126698E-009  1.704962604402888E-010
 -4.251292117923390E-008  2.117635965496436E-008
           6  0.000000000000000E+000  0.000000000000000E+000
  7.841210030218717E-009 -5.018762283145693E-010
 -3.329238014845604E-008  4.222012621338292E-008
           7  0.000000000000000E+000  0.000000000000000E+000
  7.706196871410151E-009 -1.775541914870297E-009
 -5.979392521282807E-009  5.657162175203397E-008
           8  0.000000000000000E+000  0.000000000000000E+000
  8.221909725002624E-009 -2.251986672657686E-009
  3.520561609105682E-008  4.366215683813242E-008
           9  0.000000000000000E+000  0.000000000000000E+000
  8.971961569523387E-009 -3.811774823907622E-009
  5.665812793509133E-008 -8.615794529950428E-009
          10  0.000000000000000E+000  0.000000000000000E+000
  9.039852486933585E-009 -6.251602424328248E-009
  2.075545218658556E-008 -7.073353494858322E-008
          11  0.000000000000000E+000  0.000000000000000E+000
  7.206167404152371E-009 -1.109012729733379E-008
 -6.989589597688988E-008 -8.278039006006924E-008
          12  0.000000000000000E+000  0.000000000000000E+000
 -2.520672466347038E-009 -9.965949428120149E-009
 -1.497783157488628E-007  8.943899660602297E-009
          13  0.000000000000000E+000  0.000000000000000E+000
 -3.413206603081639E-009 -6.342815842858613E-010
 -1.052018140137245E-007  1.436365282442977E-007
          14  0.000000000000000E+000  0.000000000000000E+000
  3.544433103123462E-009  4.061368142613201E-009
  4.588304145117678E-008  1.887494600718426E-007
          15  0.000000000000000E+000  0.000000000000000E+000
  1.181161429755676E-008  1.143283418639536E-009
  1.862611573439180E-007  8.102568817701042E-008
          16  0.000000000000000E+000  0.000000000000000E+000
  1.558064634606326E-008 -9.945072632191900E-009
  1.775374999967754E-007 -1.175845477642860E-007
          17  0.000000000000000E+000  0.000000000000000E+000
  2.245654075448820E-009 -1.889097846411064E-008
 -1.251808063063341E-008 -2.243132049230727E-007
          18  0.000000000000000E+000  0.000000000000000E+000
 -7.295752470974222E-009 -1.014979669222703E-008
 -2.080835948719308E-007 -1.292450036415055E-007
          19  0.000000000000000E+000  0.000000000000000E+000
 -6.019014274141440E-009 -6.126628752671250E-010
 -2.582272656435380E-007  9.393478586274344E-008
          20  0.000000000000000E+000  0.000000000000000E+000
  1.306211351574657E-009  4.107259558282339E-009
 -9.866028616199625E-008  2.819387352242033E-007
          21  0.000000000000000E+000  0.000000000000000E+000
  1.077275241808133E-008  1.074916760010004E-009
  1.648681464701471E-007  2.633095037803886E-007
          22  0.000000000000000E+000  0.000000000000000E+000
  1.212260904728469E-008 -1.366888414871956E-008
  3.037730035364646E-007  2.619836076994693E-008
          23  0.000000000000000E+000  0.000000000000000E+000
 -2.992343455099364E-009 -1.381525520782809E-008
  2.092889388984367E-007 -2.169482867068135E-007
          24  0.000000000000000E+000  0.000000000000000E+000
 -3.944354588478761E-009 -5.361539135136072E-009
 -5.165222304762602E-008 -3.216094939236475E-007
          25  0.000000000000000E+000  0.000000000000000E+000
  1.206914302915618E-010 -2.627533319346214E-009
 -3.226314242591965E-007 -1.612830505688794E-007
          26  0.000000000000000E+000  0.000000000000000E+000
  4.605298631343104E-009 -3.959499903403807E-009
 -3.537998440043053E-007  1.765193297949637E-007
          27  0.000000000000000E+000  0.000000000000000E+000
  7.077903171218191E-009 -1.282141546354722E-008
 -9.344936949446638E-008  4.131447359900598E-007
          28  0.000000000000000E+000  0.000000000000000E+000
 -1.011906452582299E-008 -1.522472350063062E-008
  2.771538928446757E-007  3.708497855749828E-007
          29  0.000000000000000E+000  0.000000000000000E+000
 -8.846260387971706E-009  4.160312522903609E-010
  4.952312087018562E-007 -1.304848157842839E-008
          30  0.000000000000000E+000  0.000000000000000E+000
  1.345126373534034E-009  1.581530953313393E-009
  2.634778462098257E-007 -4.245387021985784E-007
          31  0.000000000000000E+000  0.000000000000000E+000
  5.871750060605030E-009 -4.153466404550779E-009
 -2.114875464349441E-007 -4.556836164661779E-007
          32  0.000000000000000E+000  0.000000000000000E+000
  6.147708215212577E-009 -1.178795666621080E-008
 -5.115838985541968E-007 -8.399618920669726E-008
          33  0.000000000000000E+000  0.000000000000000E+000
 -7.241693961018011E-009 -1.987795319963577E-008
 -3.874325644169173E-007  3.973048469589779E-007
          34  0.000000000000000E+000  0.000000000000000E+000
 -1.476328780678616E-008 -3.708132360932814E-009
  1.207700210156586E-007  5.542607940385222E-007
          35  0.000000000000000E+000  0.000000000000000E+000
 -5.567837434808039E-009  2.360657080870210E-009
  4.984682659505512E-007  2.159487197060029E-007
          36  0.000000000000000E+000  0.000000000000000E+000
 -1.773733610009113E-010 -3.264805575692401E-010
  4.454387039940940E-007 -2.564758322025571E-007
          37  0.000000000000000E+000  0.000000000000000E+000
  1.725982157179956E-009 -3.680583777372450E-009
  5.026967893305357E-008 -4.879303381545361E-007
          38  0.000000000000000E+000  0.000000000000000E+000
  1.682690263430365E-009 -1.034346506405019E-008
 -3.675587730308539E-007 -3.103816747976371E-007
          39  0.000000000000000E+000  0.000000000000000E+000
 -1.065447572531633E-008 -9.135404935758246E-009
 -4.472764430004814E-007  1.421394500467933E-007
          40  0.000000000000000E+000  0.000000000000000E+000
 -5.879119321214352E-009 -1.841533628191698E-010
 -1.394193353242890E-007  4.158598595233839E-007
          41  0.000000000000000E+000  0.000000000000000E+000
 -1.316735861369387E-009 -3.882787539697135E-009
  2.208257812537621E-007  3.606948379504564E-007
          42  0.000000000000000E+000  0.000000000000000E+000
 -3.688696637758883E-009 -6.962493554725265E-009
  4.086007763532447E-007  6.061203371419497E-008
          43  0.000000000000000E+000  0.000000000000000E+000
 -5.750996639907348E-009 -6.969167055678910E-009
  2.858144179945462E-007 -2.724130934396991E-007
          44  0.000000000000000E+000  0.000000000000000E+000
 -1.235973836805989E-008 -6.589574960964943E-009
 -4.974611888768325E-008 -3.577417099658999E-007
          45  0.000000000000000E+000  0.000000000000000E+000
 -8.813898414665392E-009  4.924634149649297E-009
 -2.972130278266437E-007 -1.732933747757917E-007
          46  0.000000000000000E+000  0.000000000000000E+000
  3.960316165314977E-010  1.356969394490228E-009
 -3.318513087225691E-007  1.539008388914626E-007
          47  0.000000000000000E+000  0.000000000000000E+000
 -1.478732699160000E-010 -5.771654240035672E-009
 -5.569577035438043E-008  3.840055154821226E-007
          48  0.000000000000000E+000  0.000000000000000E+000
 -4.930600245483173E-009 -8.573690256696073E-009
  2.921978185719474E-007  2.672405859985135E-007
          49  0.000000000000000E+000  0.000000000000000E+000
 -1.114419696300773E-008 -8.321064413524446E-009
  3.756785369209793E-007 -8.177548212371776E-008
          50  0.000000000000000E+000  0.000000000000000E+000
 -1.453971346606169E-008  3.379637379869202E-010
  1.420197666425073E-007 -3.410692982995846E-007
          51  0.000000000000000E+000  0.000000000000000E+000
 -9.059535683251600E-009  5.052959071304310E-009
 -2.093468826123331E-007 -2.803781825618144E-007
          52  0.000000000000000E+000  0.000000000000000E+000
 -4.096134491436995E-009  4.340297389179710E-009
 -3.275315148831915E-007  4.654894683663686E-008
          53  0.000000000000000E+000  0.000000000000000E+000
 -1.577150869477328E-009  9.198982560014910E-010
 -1.174781174083561E-007  3.013199783419153E-007
          54  0.000000000000000E+000  0.000000000000000E+000
 -2.632564138275106E-009 -3.012574450216251E-009
  1.945485763111878E-007  2.585893896983519E-007
          55  0.000000000000000E+000  0.000000000000000E+000
 -6.259613756897735E-009 -4.795940763018385E-009
  3.176718403040915E-007 -1.968043882562829E-008
          56  0.000000000000000E+000  0.000000000000000E+000
 -1.090145243607375E-008 -2.911004525817621E-009
  1.508649042037252E-007 -2.561215001479188E-007
          57  0.000000000000000E+000  0.000000000000000E+000
 -1.179080800141919E-008  2.371844144007345E-009
 -1.186558431648485E-007 -2.427752307592798E-007
          58  0.000000000000000E+000  0.000000000000000E+000
 -8.482563688118936E-009  5.605486470358059E-009
 -2.522444552808961E-007 -2.166266666960541E-008
          59  0.000000000000000E+000  0.000000000000000E+000
 -5.212868170413406E-009  5.119540215555854E-009
 -1.425881825948481E-007  2.095985523439164E-007
          60  0.000000000000000E+000  0.000000000000000E+000
 -3.838580475360733E-009  4.380823785780217E-009
  1.127095033647322E-007  2.400205239747651E-007
          61  0.000000000000000E+000  0.000000000000000E+000
 -1.621521009196625E-009 -4.197066259103825E-010
  2.586118332009976E-007  4.299025558967228E-008
          62  0.000000000000000E+000  0.000000000000000E+000
 -8.337337170695446E-009 -1.086581513257508E-009
  2.099992672852663E-007 -1.663801564221053E-007
          63  0.000000000000000E+000  0.000000000000000E+000
 -8.905197983149942E-009  2.963427105794079E-009
 -5.798425120768987E-009 -2.891708657093651E-007
          64  0.000000000000000E+000  0.000000000000000E+000
 -8.584902777196205E-009  4.011493045861249E-009
 -2.590360989323341E-007 -1.484144998592777E-007
          65  0.000000000000000E+000  0.000000000000000E+000
 -9.510869701068259E-009  7.864890517921620E-009
 -2.519691323426888E-007  1.624541402615497E-007
          66  0.000000000000000E+000  0.000000000000000E+000
 -1.678523005978087E-010  9.640139040766146E-009
  1.080015333567195E-008  3.013236889404809E-007
          67  0.000000000000000E+000  0.000000000000000E+000
 -3.139791844341583E-009  3.186587750219424E-009
  3.065959439169616E-007  1.928796052179722E-007
          68  0.000000000000000E+000  0.000000000000000E+000
 -2.525478232949439E-009  4.404882706609536E-009
  3.597201727017993E-007 -2.101650188000030E-007
          69  0.000000000000000E+000  0.000000000000000E+000
 -4.205758849907250E-009  7.271037518895091E-010
 -2.166639469756681E-008 -4.169145380650969E-007
          70  0.000000000000000E+000  0.000000000000000E+000
 -1.102840245046522E-008  3.623961111200408E-009
 -3.486209937164802E-007 -1.614360421753302E-007
          71  0.000000000000000E+000  0.000000000000000E+000
 -6.480966385720990E-009  1.540108585174701E-008
 -2.811504113118266E-007  2.032198137464847E-007
          72  0.000000000000000E+000  0.000000000000000E+000
  1.492084482303159E-009  7.625456946955421E-009
  3.087190163294700E-008  3.734058237258528E-007
          73  0.000000000000000E+000  0.000000000000000E+000
  1.562724031608737E-009  6.966221704466613E-009
  3.997616450427203E-007  1.273138859163958E-007
          74  0.000000000000000E+000  0.000000000000000E+000
  1.857516554496040E-009 -5.182426604065240E-011
  2.757526486950377E-007 -3.063895135060615E-007
          75  0.000000000000000E+000  0.000000000000000E+000
 -8.687154522330564E-009 -2.098926223566533E-009
 -1.207470911094629E-007 -3.513037447649642E-007
          76  0.000000000000000E+000  0.000000000000000E+000
 -1.542783769822741E-008  1.141546247834293E-008
 -3.130621256348460E-007 -7.536778041750267E-008
          77  0.000000000000000E+000  0.000000000000000E+000
  1.671739906171492E-009  1.891183864183299E-008
 -2.385687721538281E-007  2.020670388358043E-007
          78  0.000000000000000E+000  0.000000000000000E+000
  4.638892514053865E-009  1.260199445129103E-008
  1.116123763618410E-007  3.349610339963463E-007
          79  0.000000000000000E+000  0.000000000000000E+000
  1.055299471209194E-008  5.093269329315703E-009
  3.294739654918751E-007  1.183435358169391E-008
          80  0.000000000000000E+000  0.000000000000000E+000
  1.212285657304608E-009 -5.529856573513397E-009
  1.677959489977627E-007 -2.265428280292625E-007
          81  0.000000000000000E+000  0.000000000000000E+000
 -1.298155170673513E-008  2.570992136942196E-009
 -2.301327248110410E-008 -2.632020816629189E-007
          82  0.000000000000000E+000  0.000000000000000E+000
 -3.662002310379218E-009  1.907150291471260E-008
 -2.302335176914929E-007 -2.082391138723065E-007
          83  0.000000000000000E+000  0.000000000000000E+000
  3.240794175207308E-009  1.361285571477640E-008
 -3.134370415162233E-007  1.043166918384272E-007
          84  0.000000000000000E+000  0.000000000000000E+000
  1.056430731242375E-008  1.086341895756256E-008
 -1.090397818969200E-007  2.757977062507789E-007
          85  0.000000000000000E+000  0.000000000000000E+000
  8.208338977757507E-009  3.325448669633918E-010
  1.542005066081983E-007  3.254562797428998E-007
          86  0.000000000000000E+000  0.000000000000000E+000
 -1.119647242980814E-009  9.831419777492119E-010
  4.706811169894394E-007  6.887377840009408E-008
          87  0.000000000000000E+000  0.000000000000000E+000
 -9.429329991169467E-010  1.080976533967591E-008
  3.707528006376978E-007 -4.591571036417354E-007
          88  0.000000000000000E+000  0.000000000000000E+000
  7.292178639102053E-009  5.604047042072168E-009
 -2.398124090754345E-007 -6.026372296900629E-007
          89  0.000000000000000E+000  0.000000000000000E+000
  4.319475768460746E-009  5.032969608232681E-009
 -6.369421227238348E-007 -1.644744050265785E-007
          90  0.000000000000000E+000  0.000000000000000E+000
  4.044253048307608E-009  2.792218781081775E-009
 -5.550382054850427E-007  4.615325328960041E-007
          91  0.000000000000000E+000  0.000000000000000E+000
  1.723612433784682E-010  4.362375298446245E-009
  1.158314577570652E-007  7.789828004384519E-007
          92  0.000000000000000E+000  0.000000000000000E+000
  1.219091479787713E-009  9.577466930668626E-009
  7.759897246917401E-007  3.063466432940278E-007
          93  0.000000000000000E+000  0.000000000000000E+000
  9.953727243000887E-009  1.165232693358473E-008
  6.807301729632529E-007 -5.318865689797656E-007
          94  0.000000000000000E+000  0.000000000000000E+000
  1.081716728702658E-008  5.992612640682981E-010
 -6.306485652312938E-008 -8.474633849060917E-007
          95  0.000000000000000E+000  0.000000000000000E+000
  6.265186873201494E-009 -1.349635365304762E-009
 -7.373508861375115E-007 -4.762232661464827E-007
          96  0.000000000000000E+000  0.000000000000000E+000
  1.225559654416304E-010 -9.866471893764187E-010
 -8.255998988273705E-007  3.587140720911490E-007
          97  0.000000000000000E+000  0.000000000000000E+000
 -2.324627924461248E-009  6.575474526332262E-009
 -1.307351150251750E-007  8.595224538717919E-007
          98  0.000000000000000E+000  0.000000000000000E+000
  4.133561877864640E-009  1.313262362876887E-008
  6.121994781467681E-007  5.350019724985704E-007
          99  0.000000000000000E+000  0.000000000000000E+000
  1.415079869156003E-008  7.078317094704586E-009
  7.307695234882228E-007 -1.804277376323874E-007
         100  0.000000000000000E+000  0.000000000000000E+000
  1.180709145021895E-008  4.384116670243319E-010
  2.960691607098047E-007 -6.866332759107320E-007
         101  0.000000000000000E+000  0.000000000000000E+000
  7.006870599489588E-009 -2.767701002603303E-009
 -3.754943380683504E-007 -6.190590643421222E-007
         102  0.000000000000000E+000  0.000000000000000E+000
  2.713605455638062E-009  8.621257377066622E-010
 -6.603763174159606E-007 -8.511117049548528E-008
         103  0.000000000000000E+000  0.000000000000000E+000
  4.909974800068236E-009  5.076218928861809E-009
 -4.629333149554284E-007  4.096207969541396E-007
         104  0.000000000000000E+000  0.000000000000000E+000
  9.898583744903752E-009  3.771624649137643E-009
  9.024308617541337E-009  5.921918326235191E-007
         105  0.000000000000000E+000  0.000000000000000E+000
  9.126820608239181E-009  1.782767862184714E-010
  4.677992159662369E-007  3.416185452012854E-007
         106  0.000000000000000E+000  0.000000000000000E+000
  7.476025646238855E-009 -7.514519361427088E-010
  5.300097742304835E-007 -1.740848918402868E-007
         107  0.000000000000000E+000  0.000000000000000E+000
  6.354328876863810E-009  2.767911089645174E-010
  1.701511648402665E-007 -5.216074483604974E-007
         108  0.000000000000000E+000  0.000000000000000E+000
  7.575028614138142E-009  1.335712780752849E-009
 -3.118774339979135E-007 -4.403394974808897E-007
         109  0.000000000000000E+000  0.000000000000000E+000
  9.226076160904206E-009  1.071482383263762E-010
 -5.102232608667455E-007 -1.976973777695826E-008
         110  0.000000000000000E+000  0.000000000000000E+000
  9.612436721313803E-009 -1.582196295201106E-009
 -3.015476623418822E-007  3.402928606390828E-007
         111  0.000000000000000E+000  0.000000000000000E+000
  8.217695085918994E-009 -3.574206404840370E-009
  5.808482350871017E-008  3.953738462648821E-007
         112  0.000000000000000E+000  0.000000000000000E+000
  6.755209587058074E-009 -3.494074042478066E-009
  2.942881987937674E-007  1.615574591317974E-007
         113  0.000000000000000E+000  0.000000000000000E+000
  5.688228563149953E-009 -2.839930360659525E-009
  2.431992062990250E-007 -1.033208675252882E-007
         114  0.000000000000000E+000  0.000000000000000E+000
  6.368761213554423E-009 -1.337462021779863E-009
  8.214270180099952E-008 -1.947145190322006E-007
         115  0.000000000000000E+000  0.000000000000000E+000
  6.978636877142339E-009 -1.699903605251772E-009
 -3.545588078892664E-008 -1.972701905603671E-007
         116  0.000000000000000E+000  0.000000000000000E+000
  1.002708159691493E-008 -2.149065389335163E-009
 -1.922301218899998E-007 -1.702958928483486E-007
         117  0.000000000000000E+000  0.000000000000000E+000
  1.012434079591080E-008 -4.850373057637241E-009
 -2.765830376478896E-007  1.085711726503683E-008
         118  0.000000000000000E+000  0.000000000000000E+000
  9.280487568271983E-009 -8.638662676689910E-009
 -2.569604023860095E-007  2.089729805329877E-007
         119  0.000000000000000E+000  0.000000000000000E+000
  4.702148251560360E-009 -9.357240918023329E-009
 -1.412372543792500E-008  4.252889014889329E-007
         120  0.000000000000000E+000  0.000000000000000E+000
  2.113020550357969E-009 -8.050399713848202E-009
  4.097830512011727E-007  2.757250703699816E-007
         121  0.000000000000000E+000  0.000000000000000E+000
  2.835986630892416E-009 -2.696534282271850E-009
  4.479202589605748E-007 -2.592696410550286E-007
         122  0.000000000000000E+000  0.000000000000000E+000
  5.606657336701915E-009 -2.866874248646461E-009
  2.414765787305913E-008 -4.974778079053552E-007
         123  0.000000000000000E+000  0.000000000000000E+000
  9.078107763123360E-009 -6.063419514972226E-009
 -4.500254265217469E-007 -3.440482782080303E-007
         124  0.000000000000000E+000  0.000000000000000E+000
  6.046670975110918E-009 -9.546347265872554E-009
 -5.660866599215393E-007  2.437110932038333E-007
         125  0.000000000000000E+000  0.000000000000000E+000
  5.375696200305133E-009 -1.017078773846448E-008
 -7.105274622822405E-008  5.878511838888968E-007
         126  0.000000000000000E+000  0.000000000000000E+000
  5.781950135437954E-010 -1.018005381409355E-008
  4.027001140980979E-007  3.226893355412597E-007
         127  0.000000000000000E+000  0.000000000000000E+000
 -8.102121606730656E-010 -8.737918592373979E-009
  4.150915215180508E-007 -6.694776413410181E-008
         128  0.000000000000000E+000  0.000000000000000E+000
  8.209510192207652E-010 -4.381393136391527E-009
  2.281600120422284E-007 -3.960618265500705E-007
         129  0.000000000000000E+000  0.000000000000000E+000
  3.027812274802529E-009 -5.711758180667237E-009
 -2.404128867543876E-007 -3.979859744531520E-007
         130  0.000000000000000E+000  0.000000000000000E+000
  5.643099180265109E-009 -5.654425167753038E-009
 -4.315270486086883E-007 -3.038601021524129E-008
         131  0.000000000000000E+000  0.000000000000000E+000
  6.105716596933965E-009 -1.396621579709086E-008
 -3.191146621426558E-007  2.847685078095293E-007
         132  0.000000000000000E+000  0.000000000000000E+000
 -1.036723954572608E-009 -1.458257867415127E-008
 -6.373224509141168E-008  4.748702964458585E-007
         133  0.000000000000000E+000  0.000000000000000E+000
 -6.085015975919157E-009 -8.855317473022589E-009
  4.497456001911470E-007  4.213267286620914E-007
         134  0.000000000000000E+000  0.000000000000000E+000
 -2.193453814799967E-009 -5.696622562917441E-009
  6.001768348444153E-007 -1.842750242138322E-007
         135  0.000000000000000E+000  0.000000000000000E+000
  6.562719167403218E-010 -4.708008821959973E-009
  2.101594113387304E-007 -6.072328502300200E-007
         136  0.000000000000000E+000  0.000000000000000E+000
  5.456414220025746E-009 -1.178096256876623E-008
 -4.497099911167970E-007 -6.058750367369745E-007
         137  0.000000000000000E+000  0.000000000000000E+000
 -3.578107744716801E-009 -1.668822244046116E-008
 -9.184440575506211E-007  9.308784215184054E-008
         138  0.000000000000000E+000  0.000000000000000E+000
 -1.188574203474188E-008 -1.101816784805883E-008
 -3.640752505659085E-007  1.004477495534119E-006
         139  0.000000000000000E+000  0.000000000000000E+000
 -8.908606677492876E-009 -3.661273667185190E-009
  7.052672790155200E-007  8.178224221446077E-007
         140  0.000000000000000E+000  0.000000000000000E+000
 -4.498623468224023E-009 -8.010474933360437E-010
  1.103434091709914E-006 -1.644705180649619E-007
         141  0.000000000000000E+000  0.000000000000000E+000
  3.468750124326162E-009 -5.065255494674942E-009
  4.100083870219757E-007 -1.093617319492414E-006
         142  0.000000000000000E+000  0.000000000000000E+000
 -2.668476778610768E-009 -1.493978764564317E-008
 -8.038612061980019E-007 -8.771953318886530E-007
         143  0.000000000000000E+000  0.000000000000000E+000
 -1.219829783835887E-008 -1.203190609236568E-008
 -1.139703053859875E-006  3.455790683674986E-007
         144  0.000000000000000E+000  0.000000000000000E+000
 -1.224565869366021E-008 -2.736528845321703E-009
 -2.234627194143545E-007  1.089392654658860E-006
         145  0.000000000000000E+000  0.000000000000000E+000
 -7.829597349304203E-009 -3.296923065300021E-010
  7.563668054691155E-007  7.437858559243970E-007
         146  0.000000000000000E+000  0.000000000000000E+000
 -3.066690403945487E-009 -2.459416566697718E-010
  9.990350484499703E-007 -2.455991288018600E-007
         147  0.000000000000000E+000  0.000000000000000E+000
 -4.605615536845374E-010 -7.011049730902760E-009
  2.533582591765427E-007 -9.266321018443755E-007
         148  0.000000000000000E+000  0.000000000000000E+000
 -8.073004067622806E-009 -9.520059379589351E-009
 -6.370804892528881E-007 -5.974929598038839E-007
         149  0.000000000000000E+000  0.000000000000000E+000
 -1.158061645153865E-008 -4.027950665292999E-009
 -7.258961547944672E-007  2.706754135140588E-007
         150  0.000000000000000E+000  0.000000000000000E+000
 -7.518555332509023E-009 -7.978901099730590E-010
 -1.237912407000297E-007  6.703137908382217E-007
         151  0.000000000000000E+000  0.000000000000000E+000
 -5.829195993154701E-009 -2.328331164730803E-009
  4.716962203054821E-007  4.292237844735187E-007
         152  0.000000000000000E+000  0.000000000000000E+000
 -5.126452301530058E-009 -4.220821208688809E-009
  5.430468652727335E-007 -1.919221291092725E-007
         153  0.000000000000000E+000  0.000000000000000E+000
 -9.006212555165719E-009 -7.111776903438470E-009
  4.658560956205180E-008 -4.775994723079070E-007
         154  0.000000000000000E+000  0.000000000000000E+000
 -1.321935013309347E-008 -2.423990762577508E-009
 -3.491652014385681E-007 -1.737029038343742E-007
         155  0.000000000000000E+000  0.000000000000000E+000
 -1.005633320191372E-008  2.875022054554021E-009
 -2.458113714908903E-007  2.246323793527743E-007
         156  0.000000000000000E+000  0.000000000000000E+000
 -5.615236091161555E-009  1.613286962868267E-009
  1.098598646128134E-007  3.205969949339184E-007
         157  0.000000000000000E+000  0.000000000000000E+000
 -4.853306156608849E-009 -1.745385969210833E-009
  3.561888668254810E-007  3.250304359612980E-008
         158  0.000000000000000E+000  0.000000000000000E+000
 -7.586656960988425E-009 -4.409296195253413E-009
  1.895714592532217E-007 -3.126482443806404E-007
         159  0.000000000000000E+000  0.000000000000000E+000
 -1.190179552862244E-008 -3.179393336637865E-009
 -2.056555802272742E-007 -3.223221447808934E-007
         160  0.000000000000000E+000  0.000000000000000E+000
 -1.370206005549831E-008  1.189589753199572E-009
 -4.263332231905627E-007  6.009669871046055E-008
         161  0.000000000000000E+000  0.000000000000000E+000
 -1.132754976797925E-008  5.147483047907153E-009
 -1.517716500010043E-007  4.770594552823641E-007
         162  0.000000000000000E+000  0.000000000000000E+000
 -8.140654049190316E-009  5.583884095835041E-009
  3.929706762814420E-007  4.294698657191855E-007
         163  0.000000000000000E+000  0.000000000000000E+000
 -6.095744494092040E-009  5.233675029998874E-009
  6.520997186235081E-007 -1.235710953904955E-007
         164  0.000000000000000E+000  0.000000000000000E+000
 -3.363548973213718E-009  2.157182664255756E-009
  2.489103534806352E-007 -6.748070169207126E-007
         165  0.000000000000000E+000  0.000000000000000E+000
 -6.822611585295609E-009 -2.436968278885298E-009
 -4.902036069560791E-007 -5.718645942953812E-007
         166  0.000000000000000E+000  0.000000000000000E+000
 -1.319113509697338E-008  2.412151503519669E-010
 -7.177645216542037E-007  1.732973395050109E-007
         167  0.000000000000000E+000  0.000000000000000E+000
 -1.327724920876989E-008  5.465524908892770E-009
 -2.122455747692775E-007  6.833772839852410E-007
         168  0.000000000000000E+000  0.000000000000000E+000
 -1.227140547551853E-008  9.429301480221378E-009
  4.728978345780764E-007  5.632551248975841E-007
         169  0.000000000000000E+000  0.000000000000000E+000
 -6.006942521596175E-009  1.402737431838821E-008
  7.389932387647523E-007 -1.114991865562325E-007
         170  0.000000000000000E+000  0.000000000000000E+000
  8.740644238457265E-010  6.819308848274682E-009
  2.707896477447979E-007 -6.470514447819804E-007
         171  0.000000000000000E+000  0.000000000000000E+000
 -5.483953270113913E-009  5.528755591429013E-010
 -3.497362112136179E-007 -4.516601098654398E-007
         172  0.000000000000000E+000  0.000000000000000E+000
 -9.530092454630862E-009  5.077694933843840E-009
 -4.029664223697519E-007 -1.101219191886862E-008
         173  0.000000000000000E+000  0.000000000000000E+000
 -1.061226615655759E-008  7.686016022744048E-009
 -2.294210491746425E-007  2.452766043212298E-007
         174  0.000000000000000E+000  0.000000000000000E+000
 -8.583387947626482E-009  1.529434959657077E-008
  5.946421067233127E-008  2.486354905946876E-007
         175  0.000000000000000E+000  0.000000000000000E+000
  2.059106230537753E-009  1.218590104129612E-008
  1.076225336722016E-007  1.023854395958339E-007
         176  0.000000000000000E+000  0.000000000000000E+000
 -2.298748825604114E-009  4.319952538308947E-009
  1.341962512031579E-007  1.688426296702254E-007
         177  0.000000000000000E+000  0.000000000000000E+000
 -5.403547560816563E-009  1.004654514822820E-008
  4.551267250776222E-007 -2.090067752073644E-008
         178  0.000000000000000E+000  0.000000000000000E+000
 -2.070140182926879E-009  9.483985629425555E-009
  2.423605634502355E-007 -5.043823008361889E-007
         179  0.000000000000000E+000  0.000000000000000E+000
 -3.517526670204085E-009  1.068883514243027E-008
 -2.792386318279832E-007 -5.302149800563273E-007
         180  0.000000000000000E+000  0.000000000000000E+000
  2.444097096663381E-009  1.187787713082228E-008
 -6.742137475727528E-007 -8.623050994733562E-008
         181  0.000000000000000E+000  0.000000000000000E+000
  8.334184250073405E-010  4.783169712505366E-009
 -4.506956527345974E-007  6.097259913328696E-007
         182  0.000000000000000E+000  0.000000000000000E+000
 -4.964599525603303E-009  9.380405428873522E-009
  4.311461746609492E-007  7.268065620395854E-007
         183  0.000000000000000E+000  0.000000000000000E+000
  1.066258191932120E-009  1.149740681656669E-008
  7.999555269181716E-007 -1.266431355920032E-007
         184  0.000000000000000E+000  0.000000000000000E+000
 -6.639684915882255E-010  8.262443598195089E-009
  2.697443087808075E-007 -6.702025202001915E-007
         185  0.000000000000000E+000  0.000000000000000E+000
 -1.012017037381803E-009  1.357919383331349E-008
 -3.773161131258037E-007 -5.808055899405465E-007
         186  0.000000000000000E+000  0.000000000000000E+000
  5.531725486438703E-009  1.108329422448329E-008
 -6.685785368717984E-007  4.625462769365024E-008
         187  0.000000000000000E+000  0.000000000000000E+000
  1.890762685769475E-009  8.387868989222030E-009
 -1.942848795811620E-007  6.020306047224657E-007
         188  0.000000000000000E+000  0.000000000000000E+000
  4.979584196426871E-009  1.184576623396297E-008
  4.558841927376540E-007  2.661410377194861E-007
         189  0.000000000000000E+000  0.000000000000000E+000
  5.196154137817288E-009  6.347571807052260E-009
  3.026558268179153E-007 -2.451552498739683E-007
         190  0.000000000000000E+000  0.000000000000000E+000
  1.016478424859209E-009  9.779012889003347E-009
 -4.046301163086659E-008 -3.307834303119407E-007
         191  0.000000000000000E+000  0.000000000000000E+000
  6.617906413719347E-009  1.153518969084219E-008
 -2.929994363482489E-007 -8.409365188361858E-008
         192  0.000000000000000E+000  0.000000000000000E+000
  5.947857901150496E-009  9.118526014978878E-009
 -1.006765554124430E-007  2.324127169023030E-007
         193  0.000000000000000E+000  0.000000000000000E+000
  9.651682723198607E-009  1.163235415252923E-008
  2.199557438220129E-007  1.593393934435143E-008
         194  0.000000000000000E+000  0.000000000000000E+000
  1.207111374674035E-008  4.506583590654483E-009
 -2.324058110547952E-008 -2.024238250681220E-007
         195  0.000000000000000E+000  0.000000000000000E+000
  6.312466815346978E-009  3.008814092677637E-009
 -1.610975982008265E-007 -2.979835966570761E-008
         196  0.000000000000000E+000  0.000000000000000E+000
  6.483279533711400E-009  7.035395628584029E-009
 -8.717021695596245E-008  1.071424074144472E-007
         197  0.000000000000000E+000  0.000000000000000E+000
  8.658384535550098E-009  6.254471509014519E-009
  8.122066672059657E-008  1.043575983003779E-007
         198  0.000000000000000E+000  0.000000000000000E+000
  9.685863600889437E-009  6.205942791459518E-009
  1.489687220723134E-007 -8.406871366445967E-008
         199  0.000000000000000E+000  0.000000000000000E+000
  1.184286958530628E-008  2.646425320763872E-009
 -8.125759384477399E-008 -2.084212232341168E-007
         200  0.000000000000000E+000  0.000000000000000E+000
  7.624406612917047E-009  1.601698500095829E-010
 -2.075565030110956E-007  1.757619680131411E-008
         201  0.000000000000000E+000  0.000000000000000E+000
  5.436344565571744E-009  3.822867689248060E-009
 -5.447848185590364E-008  1.396104576666994E-007
         202  0.000000000000000E+000  0.000000000000000E+000
  9.139137741872125E-009  6.195781164930933E-009
  6.822511402550859E-008  8.544629902450854E-008
         203  0.000000000000000E+000  0.000000000000000E+000
  1.201748386500799E-008  3.738774566145019E-009
  1.006960612575306E-007 -2.699692896817352E-008
         204  0.000000000000000E+000  0.000000000000000E+000
  1.260946979897536E-008  9.102282560061628E-010
  2.809013935573875E-008 -1.266848141999538E-007
         205  0.000000000000000E+000  0.000000000000000E+000
  1.092600190779094E-008 -2.408885033522290E-009
 -1.057105479439521E-007 -9.375757397940743E-008
         206  0.000000000000000E+000  0.000000000000000E+000
  7.385562708404415E-009 -2.158251405796084E-009
 -1.131160585428970E-007  8.052831991132168E-009
         207  0.000000000000000E+000  0.000000000000000E+000
  6.614167248459953E-009  4.397116455425023E-010
 -8.031498595352373E-008  4.694052649594862E-008
         208  0.000000000000000E+000  0.000000000000000E+000
  8.490511210241442E-009  2.104244339427826E-009
 -5.088422997505592E-008  7.769274370031182E-008
         209  0.000000000000000E+000  0.000000000000000E+000
  1.110870289917223E-008  1.482832143245619E-009
  2.689540429679291E-009  1.045002992422287E-007
         210  0.000000000000000E+000  0.000000000000000E+000
  1.307210338875458E-008 -6.136621226223121E-010
  1.126481472813782E-007  7.791233158673618E-008
         211  0.000000000000000E+000  0.000000000000000E+000
  1.356044022508253E-008 -4.707291329327214E-009
  1.454792007926504E-007 -8.558666288967038E-008
         212  0.000000000000000E+000  0.000000000000000E+000
  9.982480556564085E-009 -8.451623193958093E-009
  5.603580140655665E-009 -2.053840239718968E-007
         213  0.000000000000000E+000  0.000000000000000E+000
  4.954968294159284E-009 -6.652886895089649E-009
 -2.027124122016096E-007 -1.615385415211832E-007
         214  0.000000000000000E+000  0.000000000000000E+000
  4.729053082417706E-009 -2.928705435815509E-009
 -2.943576536200393E-007  7.947560825867965E-008
         215  0.000000000000000E+000  0.000000000000000E+000
  7.173792899046728E-009  1.953253078563690E-010
 -7.401759788268704E-008  2.850340434801137E-007
         216  0.000000000000000E+000  0.000000000000000E+000
  1.312652831151988E-008 -1.955704900956215E-009
  1.173667260769593E-007  1.490766508404417E-007
         217  0.000000000000000E+000  0.000000000000000E+000
  1.314455617583239E-008 -8.986973365488741E-009
  1.175038209029062E-007  6.986672912087571E-008
         218  0.000000000000000E+000  0.000000000000000E+000
  6.321068515843723E-009 -1.201790705538329E-008
  1.749546474978379E-007 -1.469041513367637E-008
         219  0.000000000000000E+000  0.000000000000000E+000
  3.090928920238319E-009 -7.249632982585229E-009
  1.318475905980344E-007 -1.751990118479516E-007
         220  0.000000000000000E+000  0.000000000000000E+000
  4.624656927267830E-009 -4.501493746497716E-009
 -4.564187553918538E-008 -2.585028190196712E-007
         221  0.000000000000000E+000  0.000000000000000E+000
  9.708048385203321E-009 -3.948272721109759E-009
 -2.907813224770176E-007 -2.626057464982829E-007
         222  0.000000000000000E+000  0.000000000000000E+000
  1.128114848549758E-008 -1.127661270960470E-008
 -5.887214958804835E-007  1.452713538937933E-007
         223  0.000000000000000E+000  0.000000000000000E+000
  4.378370143326561E-009 -1.593220618138287E-008
 -1.910351820333019E-007  7.037896916702434E-007
         224  0.000000000000000E+000  0.000000000000000E+000
 -2.449604121026566E-009 -9.923635002055691E-009
  5.141877708975848E-007  5.648169303030999E-007
         225  0.000000000000000E+000  0.000000000000000E+000
  1.234979624293793E-009 -4.348732406662302E-009
  7.811757412260375E-007 -1.051027312499098E-007
         226  0.000000000000000E+000  0.000000000000000E+000
  7.357382858685031E-009 -3.843873394435867E-009
  4.021611836328829E-007 -8.046997695991478E-007
         227  0.000000000000000E+000  0.000000000000000E+000
  1.095079180721754E-008 -1.308654088603434E-008
 -6.284168189769978E-007 -8.079700580908196E-007
         228  0.000000000000000E+000  0.000000000000000E+000
  2.218269823577798E-009 -2.009218292216516E-008
 -9.904695997846119E-007  2.072426984323906E-007
         229  0.000000000000000E+000  0.000000000000000E+000
 -8.682458597884590E-009 -1.432480257923199E-008
 -3.299405589613004E-007  8.749346700990835E-007
         230  0.000000000000000E+000  0.000000000000000E+000
 -6.319565502054881E-009 -4.257973651774803E-009
  4.806204403416186E-007  7.133598389861704E-007
         231  0.000000000000000E+000  0.000000000000000E+000
  6.464663525964347E-010 -1.791519428611542E-009
  8.069061054992226E-007 -3.391319606464888E-009
         232  0.000000000000000E+000  0.000000000000000E+000
  6.504401136960345E-009 -8.323928756427642E-009
  2.818581909484181E-007 -6.054056881060299E-007
         233  0.000000000000000E+000  0.000000000000000E+000
  1.485317392698651E-009 -1.438338351728608E-008
 -2.406713829388001E-007 -3.375784440505764E-007
         234  0.000000000000000E+000  0.000000000000000E+000
 -4.822569278337720E-009 -1.391230432869569E-008
 -2.150543076367764E-007 -9.441382834573659E-008
         235  0.000000000000000E+000  0.000000000000000E+000
 -6.727730562852897E-009 -7.535857296666811E-009
 -2.552348589944149E-007 -3.475978721958621E-008
         236  0.000000000000000E+000  0.000000000000000E+000
 -3.032146965413692E-009 -6.048734756653404E-009
 -3.135372953748466E-007  1.727129077365534E-007
         237  0.000000000000000E+000  0.000000000000000E+000
 -5.377798397617131E-010 -7.442309709696455E-009
 -1.438402867218346E-007  3.908376809483917E-007
         238  0.000000000000000E+000  0.000000000000000E+000
 -2.574437945966873E-009 -1.126601612988736E-008
  1.853773479532017E-007  5.457337139191373E-007
         239  0.000000000000000E+000  0.000000000000000E+000
 -5.533495613305441E-009 -1.005228788600473E-008
  7.475008380601190E-007  2.043219025216473E-007
         240  0.000000000000000E+000  0.000000000000000E+000
 -7.380403162504591E-009 -7.805321225957034E-009
  5.968451650147538E-007 -6.239344731952419E-007
         241  0.000000000000000E+000  0.000000000000000E+000
 -4.852220683572575E-009 -5.613722647203864E-009
 -2.547266903950457E-007 -8.478379751447334E-007
         242  0.000000000000000E+000  0.000000000000000E+000
 -3.337123890102822E-009 -7.273157771097407E-009
 -8.607306882025667E-007 -2.415865894954906E-007
         243  0.000000000000000E+000  0.000000000000000E+000
 -4.611447861710917E-009 -1.097919395959826E-008
 -7.515117927026513E-007  6.406308853304378E-007
         244  0.000000000000000E+000  0.000000000000000E+000
 -9.490231966502316E-009 -1.020244813890348E-008
  2.162612354148485E-007  1.040217429818014E-006
         245  0.000000000000000E+000  0.000000000000000E+000
 -1.173198121023778E-008 -6.842890074615424E-009
  9.653630451779519E-007  2.941798539277879E-007
         246  0.000000000000000E+000  0.000000000000000E+000
 -1.009028587999228E-008 -3.058639164529573E-009
  6.671296303819703E-007 -5.967320938043284E-007
         247  0.000000000000000E+000  0.000000000000000E+000
 -7.918122675872703E-009 -3.031430915055110E-009
 -1.296224269514167E-007 -7.688422645942512E-007
         248  0.000000000000000E+000  0.000000000000000E+000
 -7.460943613939413E-009 -4.573031278806906E-009
 -6.629913293070785E-007 -2.422192022541831E-007
         249  0.000000000000000E+000  0.000000000000000E+000
 -9.187914548663332E-009 -3.930323419903803E-009
 -4.346548094964262E-007  4.174088389349181E-007
         250  0.000000000000000E+000  0.000000000000000E+000
 -8.264910160288229E-009 -3.406265857826306E-009
  9.877908477719177E-008  4.543736382471851E-007
         251  0.000000000000000E+000  0.000000000000000E+000
 -9.202529538935097E-009 -4.046156857306667E-009
  3.050105498088594E-007  1.788931816470306E-007
         252  0.000000000000000E+000  0.000000000000000E+000
 -1.078745731982953E-008 -3.491757106086975E-009
  2.849463117071883E-007 -4.804263748951742E-008
         253  0.000000000000000E+000  0.000000000000000E+000
 -1.188911079897317E-008 -1.209337894057067E-009
  1.684414009533958E-007 -1.986560345350233E-007
         254  0.000000000000000E+000  0.000000000000000E+000
 -1.118611988832370E-008  1.124208208878119E-009
 -2.076088803576975E-008 -2.311330995447401E-007
         255  0.000000000000000E+000  0.000000000000000E+000
 -8.978011916142403E-009  2.560843073347594E-009
 -1.774571591515879E-007 -1.313380034147876E-007
         256  0.000000000000000E+000  0.000000000000000E+000
 -6.751929153681548E-009  1.217532422251801E-009
 -2.248698194571686E-007  8.145542562419767E-008
