   409.600000000000     
         256           1           3
  1.124309127438499E-002   38.5703738848113        112.158690405967     
   39.0000000000000        116.000000000000        6351.00000000000     
           0  0.000000000000000E+000  0.000000000000000E+000
  0.000000000000000E+000  0.000000000000000E+000
  0.000000000000000E+000  0.000000000000000E+000
           1 -2.593189472843066E-007  1.395452357285861E-007
 -3.046469443776506E-006  3.008451993047589E-008
  7.264111085652844E-007 -2.126321737777525E-008
           2 -1.718310119686994E-007  4.365572922716555E-007
 -3.348170245228263E-006  7.476197613267656E-008
  7.566164112350637E-007 -5.199725011874865E-008
           3  3.729012112707382E-007  6.986224431869735E-007
 -3.949823999257967E-006  5.437751284355928E-007
  7.987854445697025E-007 -1.262462626133082E-007
           4  1.319327825505065E-006  1.371668863215693E-007
 -4.164071197290381E-006  1.821435003803930E-006
  7.821888464586097E-007 -2.395282595094509E-007
           5  1.247787647758806E-006 -1.705273595756466E-006
 -3.058249095294100E-006  3.032122905123830E-006
  6.981654427400184E-007 -2.967427646346347E-007
           6 -1.394986066470028E-006 -2.867464493318576E-006
 -1.523191040498511E-006  2.571061570698445E-006
  6.623831290422862E-007 -2.480345376962319E-007
           7 -4.541409393803221E-006 -2.104326745153331E-008
 -2.047571716309126E-006  1.242023136101436E-006
  7.625411591660169E-007 -2.364120490388382E-007
           8 -2.605041874300494E-006  5.514041956350245E-006
 -3.877714307115299E-006  2.722283340947123E-006
  8.598466405968321E-007 -3.797851571466869E-007
           9  5.047554736871006E-006  5.931631997548258E-006
 -1.621828532103523E-006  6.515356228095809E-006
  8.217304922266480E-007 -5.412013625842155E-007
          10  9.060108743462073E-006 -2.871723089413240E-006
  5.298230648057567E-006  4.937904971823328E-006
  7.527893335983840E-007 -6.139105531492770E-007
          11  6.873068251541064E-007 -1.095820713390295E-005
  6.569363886810209E-006 -5.478699677211827E-006
  7.806953487862466E-007 -6.726492668586048E-007
          12 -1.117472235210017E-005 -4.647270677666547E-006
 -6.466255414990400E-006 -1.248106586863537E-005
  8.640115419012711E-007 -9.153058671953600E-007
          13 -7.832382787201486E-006  1.012078361957627E-005
 -2.174769502224139E-005  3.245443629237908E-007
  5.785329671512887E-007 -1.301177466004058E-006
          14  8.985918580849580E-006  9.593337067319392E-006
 -1.423851534081090E-005  2.430682480846193E-005
  3.357152725837827E-008 -1.282752651950994E-006
          15  1.049981205429424E-005 -9.146950548425875E-006
  1.540846380535524E-005  2.641402666301117E-005
 -1.692501515770896E-007 -7.816687508966342E-007
          16 -1.149460107866819E-005 -1.210187139510335E-005
  2.823746953731287E-005 -3.446951139885107E-006
  2.866333698332337E-007 -5.106562711300005E-007
          17 -1.621438612094300E-005  1.538578162305084E-005
  2.654371737507713E-006 -2.421761080353236E-005
  6.157965092678247E-007 -1.043429798349481E-006
          18  1.893841920443546E-005  2.413532351237954E-005
 -2.192156544901856E-005 -4.434337087732603E-006
  1.825204927133275E-007 -1.610276900486017E-006
          19  3.545855452016732E-005 -1.998184562753410E-005
 -5.793681368655410E-006  1.965002658707642E-005
 -5.153361073221482E-007 -1.477363439072020E-006
          20 -1.716651291344867E-005 -4.797328177570684E-005
  1.470331320792936E-005  3.132172655541698E-006
 -6.700040628085732E-007 -9.912882572044951E-007
          21 -5.867663977308584E-005  1.094723681325776E-005
 -8.216707289932447E-006 -1.316638726406461E-005
 -5.170000511765906E-007 -9.782260858938322E-007
          22  4.122658467989294E-006  6.523551441607294E-005
 -2.302448655431436E-005  2.143785512758828E-005
 -8.471687335886391E-007 -1.001353220160913E-006
          23  6.658141966083811E-005 -7.052858810078285E-007
  2.587078643738431E-005  3.981712634852989E-005
 -1.028065534731658E-006 -4.711346604006380E-007
          24 -3.888003392537798E-006 -6.361526125727042E-005
  5.084923664877127E-005 -2.167371566867152E-005
 -5.071068494432206E-007 -1.826191597649394E-007
          25 -5.833736018763571E-005  1.501939997812109E-005
 -1.926039785158854E-005 -5.140908643449133E-005
 -2.335668044746952E-007 -7.491958810097329E-007
          26  3.274880354851746E-005  5.201967054115659E-005
 -4.671415711848694E-005  2.316589943766016E-005
 -9.493576086777183E-007 -9.759577787369502E-007
          27  4.410928832822244E-005 -5.326420968943098E-005
  2.921043186649759E-005  3.932214734939752E-005
 -1.192144559785337E-006 -2.387637041733347E-007
          28 -7.148071649988515E-005 -3.254633359493549E-005
  2.479403110678436E-005 -3.497438852694777E-005
 -5.852523394727325E-007 -1.264897163217222E-007
          29 -1.508693174616713E-005  8.283909235060669E-005
 -4.348251547153401E-005 -3.569089903321422E-006
 -7.938060776722517E-007 -6.027504356245580E-007
          30  8.416880299010008E-005 -8.869518743429633E-006
  1.595677309354333E-005  5.299986685953367E-005
 -1.255684248025582E-006 -1.191818260481368E-007
          31 -3.667979096571479E-005 -7.417228798986547E-005
  5.345894427247171E-005 -2.854673383443853E-005
 -6.933419902416069E-007  2.549941244918018E-007
          32 -5.345718530814739E-005  6.273069322661301E-005
 -3.848247699867190E-005 -3.919281388373690E-005
 -5.914695034666898E-007 -2.987557752174353E-007
          33  8.030246553859016E-005  2.424265180671587E-005
 -1.677797860167665E-005  4.881898665250864E-005
 -1.175947149530425E-006 -9.999797163527633E-008
          34 -9.914982534348908E-006 -8.422618878688953E-005
  5.327112468258011E-005 -4.666148645811611E-006
 -8.295016394797386E-007  4.311250328557420E-007
          35 -7.292797014139859E-005  4.430862502204032E-005
 -2.425736457728694E-005 -4.519097488015131E-005
 -5.459815224517872E-007  2.573232428816601E-008
          36  7.341552048050624E-005  4.897279221897480E-005
 -2.792180769241362E-005  4.334889745868046E-005
 -1.046893535962667E-006  4.243509085446603E-008
          37  1.796850309429957E-005 -9.169785800148353E-005
  5.622300417722900E-005  9.168044008628809E-006
 -8.531982804303447E-007  5.833722695462380E-007
          38 -9.495612582773524E-005  1.348311700747223E-005
 -9.544599363713627E-006 -5.618735530608118E-005
 -4.794769066012456E-007  2.915659379784904E-007
          39  3.981522920052545E-005  8.179923713220324E-005
 -4.573881998275874E-005  2.980792742412463E-005
 -9.225992215160235E-007  1.664499050429266E-007
          40  5.441306727140928E-005 -5.767448850438201E-005
  4.600462608716410E-005  3.212103153915844E-005
 -9.083591419349739E-007  7.327394263392253E-007
          41 -6.561692127378835E-005 -1.814297951017091E-005
  1.615730493421337E-005 -4.975340502031741E-005
 -4.584930660788175E-007  6.813248884018012E-007
          42  1.956040776749766E-005  6.336642297527295E-005
 -4.181503385102155E-005  6.107332537653509E-006
 -6.281018309720671E-007  4.975349509858399E-007
          43  5.161365537213556E-005 -5.155885687506669E-005
  3.129305317992262E-005  3.130628933474339E-005
 -6.280058461388968E-007  8.639450201446496E-007
          44 -7.328413718189808E-005 -3.152497717513333E-005
  2.188522901562541E-005 -4.928202330189157E-005
 -1.983377471962201E-007  8.312574792265704E-007
          45 -5.069662948070334E-006  8.346252826908818E-005
 -5.472739767700064E-005 -9.440807565511639E-006
 -3.175253435546235E-007  5.129044432396900E-007
          46  8.359890378192966E-005 -2.429361741360868E-005
  6.826290583739558E-006  5.231168473283918E-005
 -5.014045263166807E-007  8.112806726621955E-007
          47 -5.143083988789304E-005 -7.690509985592425E-005
  4.528402726465467E-005 -2.112698924026467E-005
 -1.128608361438286E-007  9.601763993150808E-007
          48 -6.661052432029570E-005  7.103079972786390E-005
 -2.992084131414035E-005 -3.136776606943273E-005
 -5.412887127723510E-008  6.529472814926259E-007
          49  7.877737265783610E-005  5.406422594686590E-005
 -1.116026160928057E-005  3.762417270416799E-005
 -2.465232468825805E-007  7.880164883475655E-007
          50  3.911249813165584E-005 -7.250202553485097E-005
  4.601258856160159E-005 -6.617136337172364E-006
  2.895962846663613E-008  9.907374682026826E-007
          51 -5.347321051704751E-005 -2.115692968460149E-005
 -1.547605564408193E-005 -4.902496810258006E-005
  2.419863472861721E-007  7.371793607815591E-007
          52 -1.246403187632548E-007  2.630447092939403E-005
 -4.024429378630755E-005  1.968940718217850E-005
  4.915582638022077E-008  6.408309386097577E-007
          53 -2.998477548678860E-006 -2.267375099174334E-005
  2.541417795461167E-005  2.373793139922192E-005
  1.172757599363107E-007  8.785732850828339E-007
          54 -4.376789300435499E-005  2.917152299000061E-005
  7.240441042675995E-006 -3.188576115553936E-005
  3.969730395055679E-007  7.586203723448429E-007
          55  4.887906700608305E-005  5.875151796728801E-005
 -3.471601381795639E-005  7.791362982362258E-006
  2.918603471579699E-007  5.601142818768212E-007
          56  6.446964162724220E-005 -6.201133687713323E-005
  2.287689369321161E-005  3.564386381727128E-005
  2.318168928218500E-007  7.354396670750682E-007
          57 -7.125258164420166E-005 -6.019961926081951E-005
  3.759230256307344E-005 -3.382077359386864E-005
  4.970716058451823E-007  7.526078470886188E-007
          58 -4.830708860236708E-005  7.986418115296946E-005
 -3.457680005773731E-005 -3.683903813745844E-005
  5.405293276908081E-007  5.041105412424496E-007
          59  8.941178779186722E-005  3.396113639898009E-005
 -2.619099653813575E-005  2.877986820859747E-005
  3.742455886497463E-007  5.202864669504018E-007
          60  2.317573994502789E-005 -9.887839081595947E-005
  2.588385405615803E-005  7.288065026351322E-006
  4.960200876764325E-007  6.822043932305488E-007
          61 -1.046095820090371E-004 -1.979006691366359E-005
 -9.994624523735027E-006 -2.902400254264960E-005
  6.921025862936456E-007  5.503236309474669E-007
          62 -2.407982218251513E-005  1.017130655115866E-004
 -3.245007273558156E-005  2.011779417306459E-005
  6.372115986175791E-007  4.479696407266382E-007
          63  8.706178404392824E-005  3.279564836069667E-005
  2.521440260272782E-005  3.294756667704002E-005
  6.962016893486386E-007  5.248739730296405E-007
          64  4.055143278591457E-005 -6.143482473173101E-005
  3.247546649599090E-005 -2.612643935412476E-005
  9.000789486542320E-007  4.311686755638790E-007
          65 -2.964140539006408E-005 -4.257648483093989E-005
 -1.895627127970977E-005 -3.000075103716182E-005
  9.313113117742004E-007  2.205300658165714E-007
          66 -3.750794917407346E-005 -1.180076935386807E-006
 -1.887126152544820E-005  5.694856102451511E-006
  8.799892843098110E-007  1.340312825325315E-007
          67 -2.429775354649789E-005  2.819764629641972E-005
 -3.272279828862168E-006 -2.287928655354087E-006
  9.131568431176286E-007  7.047390258200514E-008
          68  2.030104822986041E-005  3.640526426243898E-005
 -2.334772551396830E-005  1.251808024711928E-006
  9.064314804674831E-007 -6.017757978558095E-008
          69  3.890016730555949E-005 -1.959776674055457E-005
 -5.924531184157690E-006  3.410413796303553E-005
  8.511310118010703E-007 -9.643770572636720E-008
          70 -2.911181266922409E-005 -3.683795501972718E-005
  3.550476401399774E-005  9.076994194372946E-006
  9.494832670151266E-007 -1.260707302418316E-007
          71 -3.615464575233588E-005  4.767237817872796E-005
  7.065672054487115E-006 -3.385222363489968E-005
  1.025078010924975E-006 -3.804070501518776E-007
          72  7.042585596389837E-005  4.062502801635595E-005
 -2.969427715093102E-005 -3.071048343776416E-006
  8.111212639685228E-007 -6.150557849919705E-007
          73  5.047538779257734E-005 -9.110521833508341E-005
  4.409038069016770E-006  2.133864083125549E-005
  6.252455362111639E-007 -5.779489755929025E-007
          74 -1.051140009108659E-004 -6.275355388204747E-005
  1.384985655551582E-005 -1.900143185577913E-005
  6.218895187626205E-007 -5.797723176403388E-007
          75 -7.301724588139051E-005  1.111987097441978E-004
 -3.615164551977324E-005 -1.430955590739684E-005
  5.252933819907032E-007 -7.128796829381100E-007
          76  1.110761363191786E-004  7.765998414531586E-005
 -2.159270423104051E-005  4.623580649868018E-005
  3.100258648163924E-007 -6.845331187195503E-007
          77  7.575506732387309E-005 -1.079673149778248E-004
  4.728870422435947E-005  2.691136303329035E-005
  3.098046978647458E-007 -5.151936992986269E-007
          78 -1.051358127277521E-004 -6.856762018038709E-005
  2.657692611061777E-005 -4.566174627641221E-005
  4.367018313483179E-007 -6.003541179942786E-007
          79 -5.811021723570890E-005  1.039936010535677E-004
 -4.498808892259802E-005 -2.442951899933207E-005
  2.962372938053530E-007 -8.016427190321416E-007
          80  1.042307622782936E-004  4.652443137680413E-005
 -2.285985122403092E-005  4.189968113817704E-005
  4.638033692470902E-008 -7.248036717622689E-007
          81  3.516742915555368E-005 -1.052430176469291E-004
  3.561472328826610E-005  1.798859416249083E-005
  4.218458415527862E-008 -5.282959919993056E-007
          82 -1.068247449028739E-004 -2.439100670332028E-005
  8.013424246530661E-006 -3.082178951476869E-005
  1.604618771076466E-007 -5.588892269681891E-007
          83 -1.448282885083352E-005  1.088626785824913E-004
 -3.108409944200445E-005  1.929095677973889E-006
  7.795286050331532E-008 -6.656818575766898E-007
          84  1.113687055895126E-004  6.524388682885059E-006
  8.057643198606004E-006  3.310716763455446E-005
 -3.255316862883402E-008 -5.882082072679804E-007
          85  1.403200164399248E-006 -1.141006018930682E-004
  3.405817743352771E-005 -1.249253139541678E-005
  2.507164184106527E-008 -5.426066471669278E-007
          86 -1.158183359606391E-004  9.095135150125472E-007
 -1.750830009467967E-005 -3.652898769942698E-005
  2.497110793051835E-008 -6.504696770581671E-007
          87  1.346897979703371E-006  1.150457007287402E-004
 -4.234261103528393E-005  1.881976443518997E-005
 -1.463060513696094E-007 -6.814174129912559E-007
          88  1.115849881019273E-004 -1.700827857788781E-006
  1.333186015971410E-005  4.684540979526037E-005
 -2.382182051030407E-007 -5.232647894989432E-007
          89 -4.120198000112538E-006 -1.067022370940029E-004
  4.433521890900915E-005 -5.432069591570593E-006
 -1.086127765814682E-007 -4.365171449848193E-007
          90 -1.022989413808436E-004  9.418645756237114E-006
 -1.744919415027630E-006 -3.726617049037621E-005
 -4.602781171473742E-008 -5.751930353674654E-007
          91  1.629158360022156E-005  1.003297368801557E-004
 -3.119158772256047E-005  2.203693425893538E-006
 -1.943974493808944E-007 -6.678462508582722E-007
          92  1.016097952545600E-004 -2.254026242316784E-005
  2.835345132021352E-006  2.696462692318326E-005
 -3.064483390979933E-007 -5.824669766892385E-007
          93 -2.630581648606930E-005 -1.046804424138308E-004
  2.186188391653559E-005 -4.191002062199041E-006
 -2.719412052114780E-007 -5.230267549839170E-007
          94 -1.067853009493856E-004  2.677857579945467E-005
 -8.532943680140709E-006 -1.780600870409822E-005
 -2.780589351788484E-007 -6.075933923495288E-007
          95  2.494460534497270E-005  1.057911305790669E-004
 -1.849315376325222E-005  1.344944089970938E-005
 -4.236481810066821E-007 -6.360864688751034E-007
          96  1.009946672443409E-004 -2.321096630992725E-005
  1.360127362574504E-005  2.102351730386264E-005
 -5.082684080776287E-007 -5.375342741835336E-007
          97 -2.343956576096507E-005 -9.310553530388473E-005
  1.873989545774584E-005 -1.101259950476717E-005
 -5.058430850638501E-007 -5.073538394119210E-007
          98 -8.390163465442588E-005  2.566657575854610E-005
 -1.312012435312337E-005 -1.168634771958179E-005
 -5.825496933177642E-007 -5.352888249088518E-007
          99  2.853376165271834E-005  7.477932939018544E-005
 -7.421212096184139E-006  2.184851099840932E-005
 -7.168012383265503E-007 -4.619116640389080E-007
         100  6.531143411051521E-005 -3.008228954373665E-005
  3.050494896167858E-005  8.897743276207387E-006
 -7.336796972178671E-007 -3.234907267491412E-007
         101 -2.885257523186615E-005 -5.366709888525306E-005
  1.163122587190393E-005 -3.466047491610095E-005
 -7.003016187830064E-007 -3.272505826003255E-007
         102 -3.790959294714663E-005  2.509604474478903E-005
 -3.747606583272597E-005 -1.214168392956573E-005
 -8.438793138200093E-007 -3.512947849484727E-007
         103  2.060421062894824E-005  1.715934759333151E-005
 -1.339001836574174E-005  4.057492297107947E-005
 -1.009696596672473E-006 -1.623502394803612E-007
         104 -7.599987818053838E-006 -1.738301120335694E-005
  3.924965820341959E-005  1.662789524920059E-005
 -9.555246642647066E-007  7.523931155620710E-008
         105 -1.640334406360739E-005  3.376413525086893E-005
  1.573530140569773E-005 -3.110983645483794E-005
 -8.427381206025620E-007  1.235236788752696E-007
         106  5.840536566829283E-005  1.689181924154941E-005
 -2.246411829008641E-005 -6.106692777945910E-006
 -8.911066310460107E-007  1.476575179069271E-007
         107  1.669736062144003E-005 -7.945686134278688E-005
  6.739904695721388E-006  1.974862080766147E-005
 -9.098229277265816E-007  3.321480032391217E-007
         108 -9.645642679021783E-005 -1.353160196696441E-005
  1.970204586507249E-005 -1.483637668189826E-005
 -7.623717601122680E-007  4.587870169605668E-007
         109 -5.849351533851446E-006  1.103274623388455E-004
 -1.928569456765372E-005 -1.528758273648785E-005
 -6.876786951547314E-007  4.348767268529796E-007
         110  1.220331469856746E-004 -6.561535572678157E-006
 -6.826200219954897E-006  2.605007776599162E-005
 -7.067955899390267E-007  5.228940267949517E-007
         111 -2.249461773848792E-005 -1.319859713112922E-004
  3.473171599099249E-005  3.054655856598905E-007
 -5.717226595364085E-007  6.419656476892614E-007
         112 -1.399157812726504E-004  4.045377231577974E-005
 -4.366480475822743E-006 -4.022359789105061E-005
 -4.380015219189839E-007  5.785591561425153E-007
         113  5.948609799456895E-005  1.448601555312496E-004
 -4.237148624382922E-005  1.230380200690745E-005
 -4.976243308506218E-007  5.342247161014236E-007
         114  1.455785312763038E-004 -7.907511938807660E-005
  2.320648291330960E-005  4.663628493192057E-005
 -5.133467029655289E-007  7.009736639777946E-007
         115 -9.881691106758349E-005 -1.415271777740139E-004
  5.320242680508408E-005 -3.077872395069623E-005
 -2.995659226823993E-007  7.816579686298929E-007
         116 -1.328238068461911E-004  1.187535544685683E-004
 -3.346363105031013E-005 -5.579040400041790E-005
 -2.098604179764745E-007  6.247362329683188E-007
         117  1.386684317624795E-004  1.195290642753921E-004
 -5.148360569686774E-005  3.693699453344564E-005
 -3.499621065160387E-007  6.468340994386999E-007
         118  1.021094671444384E-004 -1.578712633949299E-004
  4.353201225632431E-005  4.534338767024428E-005
 -2.611134651985120E-007  8.666799619093845E-007
         119 -1.757161927024810E-004 -8.156457354406323E-005
  4.024167409412980E-005 -4.877605651199850E-005
  6.939456892885405E-009  8.308018654717659E-007
         120 -5.908097341228335E-005  1.917680300567143E-004
 -4.978377433832593E-005 -3.164295276844657E-005
  4.552147946400276E-009  6.375537768161863E-007
         121  2.049679952725987E-004  3.575180945545440E-005
 -1.686800001878175E-005  5.177907521535657E-005
 -1.209465445740652E-007  7.254224721249226E-007
         122  1.311579838321282E-005 -2.137406933381091E-004
  5.897588383120474E-005  1.582821907465931E-006
  5.306392987664928E-008  8.784785777361036E-007
         123 -2.170762931140553E-004  8.026501545545755E-006
 -7.902215782406815E-006 -6.719606130565417E-005
  2.312374850246847E-007  7.356153297539519E-007
         124  2.827330776678653E-005  2.142714839459425E-004
 -7.006980200465118E-005  1.397575947806095E-005
  1.162866151539376E-007  6.431882417796310E-007
         125  2.054048450080970E-004 -4.862498633191808E-005
  2.117732625916658E-005  6.865976427057895E-005
  1.085276543022767E-007  8.391625135319764E-007
         126 -6.955354113098215E-005 -1.920656074466491E-004
  6.704775759365411E-005 -2.829020823271994E-005
  3.995464628131985E-007  9.058812670159709E-007
         127 -1.769330609022269E-004  9.086382234830887E-005
 -3.171403387172319E-005 -6.296102222742010E-005
  5.515110031295014E-007  6.656368732827176E-007
         128  1.111489529815857E-004  1.618508823091876E-004
 -5.245042458115162E-005  3.471361343295471E-005
  4.268194112569314E-007  5.746209801646502E-007
         129  1.476811897930308E-004 -1.276929669449062E-004
  4.298139143832503E-005  3.936110874215294E-005
  4.899827837638072E-007  7.034295376475493E-007
         130 -1.385817947726200E-004 -1.342090919298309E-004
  3.243049612084041E-005 -5.421694537064098E-005
  7.134807976202449E-007  6.090254488441791E-007
         131 -1.200909197201891E-004  1.436524721739293E-004
 -5.969966676228754E-005 -3.195292641179513E-005
  6.998746064185831E-007  3.761632012203496E-007
         132  1.441775905373745E-004  1.042125624264942E-004
 -3.049834647676648E-005  5.666610579981853E-005
  5.670347150566934E-007  3.798800299736226E-007
         133  8.722647971516137E-005 -1.423165541062004E-004
  5.117994324885167E-005  2.433289632283644E-005
  6.610027299538759E-007  4.820407609476740E-007
         134 -1.401954965608968E-004 -7.117044603047880E-005
  1.740314231090901E-005 -4.700515308009257E-005
  8.308885623041241E-007  3.642405812640200E-007
         135 -5.833954098053650E-005  1.381450961925491E-004
 -4.180435732876213E-005 -1.179099227691489E-005
  8.064744930232849E-007  1.888956107592678E-007
         136  1.346841330825819E-004  5.042559326237747E-005
 -4.217953520254911E-006  3.538127194823743E-005
  7.481086538309040E-007  1.748263642261091E-007
         137  4.728019511380479E-005 -1.278452074023038E-004
  3.353876089049251E-005 -5.302391975409427E-006
  8.270079474808015E-007  1.616755913002442E-007
         138 -1.165635172144101E-004 -4.673780120951901E-005
 -9.504209758261007E-006 -3.791263885937995E-005
  8.869386149192675E-007  1.009581234598813E-008
         139 -4.582002882605029E-005  1.016402315246071E-004
 -4.103190319296035E-005  3.996630639771856E-006
  8.015644211685228E-007 -1.248580611115405E-007
         140  8.584832336228585E-005  4.231821746066574E-005
 -5.002844490677334E-006  3.640760085671623E-005
  7.127276098023405E-007 -1.254683844185693E-007
         141  3.587767887185221E-005 -7.274158489473747E-005
  2.762242416388926E-005  9.557603580478634E-006
  7.332384330310378E-007 -1.012907690735436E-007
         142 -6.511802665991007E-005 -2.814765223742599E-005
  1.053122223134788E-005 -2.138278279541717E-005
  7.917753229651921E-007 -1.593751605074588E-007
         143 -2.169309311240575E-005  6.398005920689781E-005
 -1.757527319082514E-005 -1.236736184282175E-005
  7.952397026683900E-007 -2.599706543721256E-007
         144  6.824618624024948E-005  1.854810627536554E-005
 -1.348936640328167E-005  1.316291974155340E-005
  7.649144875222711E-007 -3.268961151328957E-007
         145  1.941756386755121E-005 -7.571835512215730E-005
  1.124625344813348E-005  1.034040496160101E-005
  7.619086174407942E-007 -3.754223641507842E-007
         146 -8.457917735845368E-005 -2.339705883484547E-005
  6.913825150472098E-006 -1.673174397349924E-005
  7.766441532616601E-007 -4.708581899201834E-007
         147 -2.850258388076085E-005  9.405183918745393E-005
 -2.626956979048033E-005 -1.032522782071661E-005
  7.171485570269208E-007 -5.978590175922654E-007
         148  1.043926309677594E-004  3.310677310686690E-005
 -1.889290628735740E-005  3.126406618019838E-005
  6.107431956317806E-007 -6.346623345291094E-007
         149  3.669725170570316E-005 -1.166256116413414E-004
  3.116362012256250E-005  2.428519497997711E-005
  6.057274591871589E-007 -6.221347810585657E-007
         150 -1.315862819655756E-004 -3.967150492764598E-005
  2.433780810997992E-005 -3.312049109584031E-005
  6.631118087127845E-007 -7.275077423552007E-007
         151 -4.292513019495390E-005  1.489571125219007E-004
 -3.924305769616775E-005 -2.541454866916465E-005
  5.854988278328273E-007 -9.264004543548663E-007
         152  1.674137546620477E-004  4.752642750207091E-005
 -2.935034320564218E-005  4.366318707222259E-005
  3.900894069659962E-007 -9.994996566447424E-007
         153  5.381052908153146E-005 -1.854043322154476E-004
  4.425257837338300E-005  3.007735188884021E-005
  3.142947103679942E-007 -9.691040820862004E-007
         154 -2.012587892707807E-004 -6.112286340844877E-005
  2.494686079459915E-005 -4.765938226562042E-005
  2.930392199919394E-007 -1.079103491379499E-006
         155 -6.861253331142782E-005  2.137506440212797E-004
 -5.728715792008420E-005 -2.124420413657299E-005
  9.668674403789036E-008 -1.232381310866180E-006
         156  2.226903810405711E-004  7.542450237039768E-005
 -2.395792874780137E-005  6.662988032797312E-005
 -1.870053051944767E-007 -1.198226759421784E-006
         157  8.064165320267823E-005 -2.285560672831576E-004
  6.887207985209991E-005  2.711297074475065E-005
 -2.968539327553629E-007 -1.035172609620391E-006
         158 -2.317699744375164E-004 -8.373485211129146E-005
  2.372461531656527E-005 -6.852089327166448E-005
 -3.068403987554987E-007 -1.043382254384101E-006
         159 -8.485146507856437E-005  2.329732657451859E-004
 -7.243779390473771E-005 -1.714277011440096E-005
 -5.151486469803080E-007 -1.097605410159959E-006
         160  2.328755766999329E-004  8.393014754849732E-005
 -1.486997344702435E-005  7.815949240045589E-005
 -7.569946557396451E-007 -9.063629393070231E-007
         161  8.084593586101651E-005 -2.316367715933209E-004
  7.840037536595672E-005  1.525816918261719E-005
 -7.422341660316453E-007 -6.593218591272755E-007
         162 -2.294318155465097E-004 -7.567818881967573E-005
  1.127462454231715E-005 -7.466591907871270E-005
 -6.618300654701349E-007 -6.437776471593942E-007
         163 -6.830499771903608E-005  2.269035127848836E-004
 -7.423250628337994E-005 -3.153723665514817E-006
 -7.974922386665108E-007 -6.628192255607115E-007
         164  2.248374918641648E-004  5.829244507537513E-005
  1.576060725154951E-006  7.760988773353868E-005
 -9.314703050351495E-007 -4.539818009576075E-007
         165  4.560013489110356E-005 -2.239191201861758E-004
  7.798446898488530E-005 -2.086673279616510E-006
 -8.241201595955816E-007 -2.517964990763842E-007
         166 -2.249195565919195E-004 -3.073074742453666E-005
 -5.290407330349966E-006 -7.355652855316052E-005
 -7.106520656926811E-007 -2.843204520388636E-007
         167 -1.433342104962732E-005  2.281324728002737E-004
 -7.084553077234791E-005  1.368822336576576E-005
 -8.183018328244176E-007 -3.161768877662395E-007
         168  2.329621587300882E-004 -2.872911195604565E-006
  2.095876636036455E-005  7.298165212916967E-005
 -8.966154364462735E-007 -1.334218048496399E-007
         169 -2.046052865865980E-005 -2.381622583900395E-004
  7.462963635816874E-005 -2.334534699818888E-005
 -7.604202030129197E-007 -3.023763265726451E-009
         170 -2.423585588796535E-004  3.865137942641538E-005
 -2.553808159139148E-005 -7.156909361866578E-005
 -6.899225387621291E-007 -8.369037962441355E-008
         171  5.822380015155310E-005  2.445219449582173E-004
 -6.756231989968870E-005  3.156438797465521E-005
 -8.207735347074182E-007 -8.395519407004417E-008
         172  2.443173316351224E-004 -7.984393256590499E-005
  3.803771098645348E-005  6.588468179995325E-005
 -8.521347858362980E-007  1.099236627939703E-007
         173 -1.033893493399775E-004 -2.419776829461638E-004
  6.261900367366443E-005 -4.190278168082766E-005
 -6.940579817909892E-007  1.855062777814282E-007
         174 -2.376486751790643E-004  1.276606391487506E-004
 -4.775993123833216E-005 -5.447056117000985E-005
 -6.713867041580827E-007  7.949164655098562E-008
         175  1.507302256033720E-004  2.306707663001247E-004
 -4.669677284774293E-005  6.006024261436150E-005
 -8.208567511499230E-007  1.290183645047740E-007
         176  2.193319131662819E-004 -1.709653774816678E-004
  7.375512562010158E-005  4.561152812194952E-005
 -7.912433386849970E-007  3.424872830659059E-007
         177 -1.879849526587650E-004 -2.013701359949510E-004
  4.820237049486426E-005 -8.067876080849631E-005
 -6.046193082454063E-007  3.521915822404433E-007
         178 -1.752364739190201E-004  2.029721829665945E-004
 -8.104012008985430E-005 -4.689334748548761E-005
 -6.477239267877497E-007  2.133984792443002E-007
         179  2.181640012933597E-004  1.412732542258142E-004
 -4.058386933129309E-005  8.053503540287948E-005
 -8.330076141875114E-007  3.202048617583443E-007
         180  1.018738412766324E-004 -2.353617819461471E-004
  7.966008028623910E-005  3.270585844744948E-005
 -7.752705905720528E-007  5.624152385216753E-007
         181 -2.543856482237586E-004 -6.087313790825446E-005
  2.193340478622020E-005 -7.551303167718536E-005
 -6.096097292660527E-007  5.810766323600170E-007
         182 -2.210434424279147E-005  2.728585203336932E-004
 -7.172659041878036E-005 -4.179308241113489E-006
 -6.560566515108656E-007  5.374009620828032E-007
         183  2.872349472120622E-004 -1.243832365109107E-005
  1.658971186633906E-005  7.552187478747633E-005
 -7.178892049320279E-007  7.212676911439833E-007
         184 -4.326477662673295E-005 -2.941632400901307E-004
  8.514797693801771E-005 -3.018888947877237E-005
 -5.349978676916659E-007  8.888626388649200E-007
         185 -2.921037541298481E-004  7.218686072726888E-005
 -3.432853609605169E-005 -8.981503874716727E-005
 -4.010459088848425E-007  8.174793836162241E-007
         186  1.008721186514497E-004  2.822309555352232E-004
 -8.464529458231362E-005  3.783132071713430E-005
 -4.836784481092200E-007  8.411267679661306E-007
         187  2.671116474002106E-004 -1.297031243168294E-004
  4.683415918857219E-005  7.568487555815461E-005
 -4.301470320144581E-007  1.085882390430068E-006
         188 -1.569439122334556E-004 -2.486527260254267E-004
  6.858441276658585E-005 -5.690708210725498E-005
 -1.416693960534417E-007  1.177824017698512E-006
         189 -2.271983365577371E-004  1.794297689924903E-004
 -6.395152668584782E-005 -6.068831336340707E-005
  3.864606968876218E-009  1.053449463745427E-006
         190  1.950482062474490E-004  2.016691572327897E-004
 -4.956204408217834E-005  7.149292772118828E-005
 -1.169983209085855E-008  1.090670743868515E-006
         191  1.699396874133362E-004 -2.041030324454824E-004
  8.173042289259009E-005  4.068170954556636E-005
  1.839199416472751E-007  1.238827610783390E-006
         192 -2.087471115630429E-004 -1.310841766338284E-004
  3.796144854807800E-005 -8.739886374208635E-005
  4.881434229890568E-007  1.143429940573738E-006
         193 -8.681518744728536E-005  2.122012969050576E-004
 -8.214483300483208E-005 -3.372498090436833E-005
  5.720517611247781E-007  9.242004235805853E-007
         194  2.169099326681349E-004  4.070966338784168E-005
 -1.791777307466579E-005  7.188387279128415E-005
  5.532531218479371E-007  8.912849643393765E-007
         195 -3.427091112361128E-006 -2.226025000469956E-004
  6.821238748763355E-005 -6.062885977393766E-006
  7.190055326617348E-007  8.827494230888797E-007
         196 -2.266394813521584E-004  4.264606012686888E-005
 -2.661115753516844E-005 -7.265210295214024E-005
  8.384313444872920E-007  6.717222209968342E-007
         197  7.638464575959931E-005  2.263496648076799E-004
 -7.694265077847611E-005  3.925532187539804E-005
  7.469003131488540E-007  5.467634830821264E-007
         198  2.203941393030967E-004 -1.064542006639349E-004
  4.850462652884951E-005  7.740527252042626E-005
  7.730237649381017E-007  6.139174631414680E-007
         199 -1.348917340860663E-004 -2.097238434630533E-004
  7.745592563121562E-005 -5.569312646879544E-005
  9.770135378917413E-007  5.260514328311676E-007
         200 -1.974551486829914E-004  1.622659687698708E-004
 -5.706168400536530E-005 -7.659939879795579E-005
  1.000591961834195E-006  2.516787518941649E-007
         201  1.872215029227463E-004  1.869347074265305E-004
 -6.842123359415631E-005  5.397682163729924E-005
  8.243098521252288E-007  1.603855717901809E-007
         202  1.795914013458357E-004 -2.069102522874822E-004
  5.517705419327137E-005  5.312056288515652E-005
  8.258600612703395E-007  2.590152195530797E-007
         203 -2.184891600185970E-004 -1.745080408337782E-004
  4.040418493009552E-005 -6.384516025760478E-005
  9.975279306667334E-007  1.815573945657962E-007
         204 -1.692802645249567E-004  2.210858777198384E-004
 -7.142274000453476E-005 -3.648547939474667E-005
  9.955431275376056E-007 -5.293312700185106E-008
         205  2.162693660839413E-004  1.616174710186527E-004
 -3.573676627886308E-005  7.020884460938016E-005
  8.552582503746973E-007 -1.315202398838502E-007
         206  1.510257506140588E-004 -2.071294164381339E-004
  6.371882331947548E-005  3.083608200603026E-005
  8.429423525421973E-007 -1.091199460899269E-007
         207 -1.965662010446985E-004 -1.391931248779482E-004
  2.337163540345024E-005 -5.878538483382553E-005
  8.881364780369972E-007 -1.944253587631344E-007
         208 -1.289571831409211E-004  1.858171933478796E-004
 -5.475731095416415E-005 -1.810436333771651E-005
  8.340180257577649E-007 -3.024107512591383E-007
         209  1.741581348873975E-004  1.226043866915408E-004
 -1.350378506198474E-005  4.862287693927118E-005
  7.855945223175037E-007 -3.150823989460782E-007
         210  1.204800964278164E-004 -1.599736134414071E-004
  4.392407835868580E-005  6.429999602464615E-006
  8.412255462094006E-007 -3.593684430798695E-007
         211 -1.422372128392865E-004 -1.209504691461367E-004
  1.528156193973552E-006 -4.516562349346909E-005
  8.546283362907781E-007 -5.351340433184921E-007
         212 -1.217661145225846E-004  1.217503352889090E-004
 -4.763786360911102E-005 -5.869343259023289E-006
  7.116465988839323E-007 -6.892924425762286E-007
         213  1.012186405918995E-004  1.216799266141130E-004
 -1.635298758963839E-005  4.223944225136784E-005
  5.493121482596017E-007 -6.941796798252342E-007
         214  1.212995582739050E-004 -8.389960688830090E-005
  2.902117924480425E-005  2.265709739920865E-005
  5.054045223012729E-007 -6.466507797880966E-007
         215 -7.167627459632968E-005 -1.229932868267042E-004
  2.149885992764871E-005 -1.714706096838416E-005
  5.241804202520078E-007 -6.908403771755875E-007
         216 -1.295405378200821E-004  6.420474397904857E-005
 -1.175845574809550E-005 -1.897563910991911E-005
  4.718124390714459E-007 -8.063344991208029E-007
         217  5.903230381289247E-005  1.420903005000109E-004
 -1.861273796616035E-005  9.806359836038449E-006
  3.305844559135706E-007 -8.776565706981215E-007
         218  1.592810369433789E-004 -5.270596043589464E-005
  9.631454777029386E-006  1.786764314711983E-005
  1.976006824185514E-007 -8.526254722663612E-007
         219 -4.286919413119566E-005 -1.777877483271872E-004
  1.718596033851903E-005 -1.518140556496711E-005
  1.490911675349196E-007 -8.164891277829836E-007
         220 -1.934321493402651E-004  2.977170361480412E-005
 -2.598929238494600E-005 -2.304488814815265E-005
  1.002404435699770E-007 -8.498351632913926E-007
         221  1.598712621539027E-005  2.028521629431997E-004
 -3.758119181239337E-005  3.323242508748912E-005
 -1.849693944419560E-008 -8.580997215584427E-007
         222  2.051050923273326E-004 -5.191843843202954E-006
  3.088992062758744E-005  5.263941138886996E-005
 -1.014802265967135E-007 -7.903062271311725E-007
         223 -7.232291058299136E-007 -2.017470160202148E-004
  5.987508721361012E-005 -2.412077073462140E-005
 -1.027512697487589E-007 -7.575166027769535E-007
         224 -1.956926614411660E-004  3.923279336342957E-006
 -2.034229031804922E-005 -6.047083437531351E-005
 -1.522284421133283E-007 -8.127620292265209E-007
         225  1.357748666085366E-005  1.900117930289081E-004
 -5.948732944467808E-005  1.947071839303821E-005
 -3.039798093483937E-007 -7.988976012279376E-007
         226  1.867230506083876E-004 -2.677324693128498E-005
  1.890307732079705E-005  5.588193179591824E-005
 -3.731192854009473E-007 -6.617605347919892E-007
         227 -4.040786659017938E-005 -1.859460315958678E-004
  4.700468612410390E-005 -2.167984008799659E-005
 -3.063240338614673E-007 -6.093155204215325E-007
         228 -1.859470446689068E-004  5.217490878129798E-005
 -3.196848519433236E-005 -3.754257615989302E-005
 -3.240120438498733E-007 -6.959599898236210E-007
         229  6.134529965160707E-005  1.843574868460808E-004
 -3.483576852923823E-005  4.572593398228831E-005
 -4.797753029062416E-007 -7.001877623651220E-007
         230  1.790761990064044E-004 -6.900399043132802E-005
  5.466585776371931E-005  3.768744871208483E-005
 -5.594859066165443E-007 -5.691268682216598E-007
         231 -7.726503103384494E-005 -1.689966705078922E-004
  3.888903171133533E-005 -5.744012818304373E-005
 -5.215053320901905E-007 -5.107403933193281E-007
         232 -1.545994757544873E-004  8.821574491704649E-005
 -5.943995369444050E-005 -3.693040903229667E-005
 -5.560089715650096E-007 -5.414578033651354E-007
         233  1.034029224021336E-004  1.379729306562149E-004
 -3.595877065428642E-005  6.174828588202802E-005
 -6.551634649361734E-007 -4.960110599047869E-007
         234  1.218927615587991E-004 -1.233845498905701E-004
  5.990022303619962E-005  3.558645430194847E-005
 -6.732706789544591E-007 -4.087630604665072E-007
         235 -1.472690156329485E-004 -1.089556919751747E-004
  2.975611075756319E-005 -5.444714257885015E-005
 -6.747516035151581E-007 -4.179633676733547E-007
         236 -1.009781014652885E-004  1.728386229306499E-004
 -5.300914077980205E-005 -1.761537857001860E-005
 -8.065783393884086E-007 -4.264687657041629E-007
         237  1.971517474513114E-004  9.836055468907382E-005
 -6.529058191798022E-006  5.881551700985759E-005
 -9.446809883300883E-007 -2.672521727384109E-007
         238  9.978560266242709E-005 -2.171884866185638E-004
  6.581893187929678E-005  1.364293867186677E-006
 -9.012177510103937E-007 -8.492469951242793E-008
         239 -2.306185034517329E-004 -1.025099422950087E-004
 -1.748992274021506E-006 -6.943645964795242E-005
 -8.316320987000507E-007 -7.250137164842593E-008
         240 -1.030951049086239E-004  2.367204646795006E-004
 -7.320121884906797E-005  6.459578781739879E-006
 -9.289501328500290E-007 -7.727179974388129E-008
         241  2.367894898616105E-004  9.814030941107453E-005
  8.468552181350524E-006  7.997368913390542E-005
 -1.046834015894374E-006  9.731419044781498E-008
         242  8.537269867902595E-005 -2.338164264183927E-004
  8.406918054165657E-005 -3.935557249338258E-006
 -9.921291160213412E-007  3.166240973690218E-007
         243 -2.316736706308504E-004 -6.444088930790299E-005
  1.148739444923049E-006 -7.924531900263509E-005
 -8.834309311155895E-007  4.032570352792957E-007
         244 -3.726610146831045E-005  2.337801064041426E-004
 -6.925531975848269E-005  1.726195185115217E-006
 -8.721336529313728E-007  4.763003948225792E-007
         245  2.419414314161916E-004  7.718143342079628E-006
  1.143954967511180E-005  6.269639233320065E-005
 -8.106196873890297E-007  6.560848812709729E-007
         246 -1.961158101038119E-005 -2.556395524582272E-004
  6.082914476354623E-005 -2.085093841663013E-005
 -6.035017552782993E-007  7.552149105890397E-007
         247 -2.718488272230651E-004  4.080676621112412E-005
 -2.865423269303240E-005 -5.887639054668846E-005
 -4.627468534445676E-007  6.893469050247201E-007
         248  5.376584303182082E-005  2.860560707200386E-004
 -5.730047338102877E-005  3.858903739377333E-005
 -4.703146647321948E-007  6.741801169278824E-007
         249  2.936744391263216E-004 -5.908909241406898E-005
  4.907832903031200E-005  6.158844588519765E-005
 -4.201559325810988E-007  7.877289253295352E-007
         250 -5.983466138170735E-005 -2.912134628691434E-004
  7.078878128975830E-005 -5.253882555657309E-005
 -2.351033336678581E-007  8.299004815928857E-007
         251 -2.772471339994790E-004  6.015349737673172E-005
 -4.689080276497561E-005 -7.615930095665016E-005
 -1.177002669636002E-007  7.308290905258539E-007
         252  6.392495612447147E-005  2.530140840742233E-004
 -7.254912637409837E-005  3.903617082022178E-005
 -1.207698781970141E-007  6.857070519904677E-007
         253  2.217112865070836E-004 -7.376569043651132E-005
  3.479319656569238E-005  6.358777684864166E-005
 -6.487801087199694E-008  7.219865119913224E-007
         254 -9.005725101734774E-005 -1.873513551204182E-004
  5.280510016594189E-005 -3.273147524852223E-005
  4.557902508843120E-008  6.706684111012673E-007
         255 -1.539086270289064E-004  1.109309888431063E-004
 -3.159716892071339E-005 -3.839124998484030E-005
  3.422623808101059E-008  5.720405470920006E-007
         256  1.331843386624436E-004  1.243396862753905E-004
 -1.989062303395320E-005  3.592292224257181E-005
 -2.440299792873015E-008  6.180015686903605E-007
