   409.600000000000     
         256           1           3
  1.124309127438499E-002   41.7932744676992        114.716098428475     
   39.0000000000000        116.000000000000        6351.00000000000     
           0  0.000000000000000E+000  0.000000000000000E+000
  0.000000000000000E+000  0.000000000000000E+000
  0.000000000000000E+000  0.000000000000000E+000
           1  2.685290143773864E-007 -1.435853894889314E-007
  7.794101293584410E-007  9.014803207720485E-008
  3.162450276087711E-006 -1.953974609517876E-007
           2  1.788974055137171E-007 -5.496038109242894E-007
  1.027224553649330E-006  2.120309264520970E-007
  3.264517120499624E-006 -5.329690828359021E-007
           3 -6.646616647837978E-007 -8.087169390298342E-007
  1.467641778289611E-006 -9.951649973108729E-008
  3.222819780991585E-006 -1.010995513575820E-006
           4 -1.611004184257006E-006  2.977007491352391E-007
  1.349820439281669E-006 -7.476258378206833E-007
  2.931207069010924E-006 -1.434762579060443E-006
           5 -7.162529380407451E-007  2.141286300739485E-006
  8.414502486284304E-007 -7.123613307589998E-007
  2.551577374645606E-006 -1.620988556980124E-006
           6  1.870134798520879E-006  2.109153958430503E-006
  1.313995720966628E-006 -2.723087213320616E-007
  2.305558407719976E-006 -1.584296567247251E-006
           7  3.173617501848766E-006 -5.940744243402924E-007
  2.537696159098927E-006 -1.301956830602424E-006
  2.291341267948884E-006 -1.623702311698637E-006
           8  1.258403024742868E-006 -3.159822670975479E-006
  1.939542186778359E-006 -4.123471563752820E-006
  2.182603283684990E-006 -1.847169393998347E-006
           9 -1.818046712837925E-006 -2.740714009524467E-006
 -2.053895286719850E-006 -5.613130829357921E-006
  1.927615878101531E-006 -1.803083577463904E-006
          10 -2.927356025083163E-006 -2.719775571828064E-007
 -6.514053141652664E-006 -2.374285876598416E-006
  2.067471593663276E-006 -1.552200228703771E-006
          11 -1.948024012608072E-006  1.550637734834437E-006
 -6.382883740598297E-006  4.112489237352711E-006
  2.753336314115056E-006 -1.687946982048733E-006
          12 -6.736449222276012E-007  2.154697147431579E-006
 -4.981387053542482E-007  8.314971715057115E-006
  3.498689604699010E-006 -2.850035664228478E-006
          13  6.778381295131744E-007  2.392077818341640E-006
  7.102329869036805E-006  6.139459478168944E-006
  2.687257957597976E-006 -4.797564124967424E-006
          14  2.430276205798889E-006  1.576884294587105E-006
  1.071848799710778E-005 -1.788782856039533E-006
  3.882095391162495E-007 -5.460861147659578E-006
          15  3.017713946915015E-006 -6.219941016917021E-007
  6.464583721563370E-006 -1.088328531622524E-005
 -1.431848967970580E-006 -3.863200635399958E-006
          16  1.924097033222166E-006 -2.312193400460131E-006
 -5.055785526843116E-006 -1.342659246003054E-005
 -7.251021263234460E-007 -1.822643454938309E-006
          17  7.434999066170917E-007 -3.291895648605701E-006
 -1.495211801243462E-005 -3.972603663196646E-006
  1.054914545555031E-006 -2.206648640879334E-006
          18 -1.806885117009779E-006 -4.967373009000489E-006
 -1.117349703771018E-005  1.074347079476800E-005
  1.180021169689321E-006 -4.119596744495280E-006
          19 -8.278937515287556E-006 -3.027623099611732E-006
  3.996567238118524E-006  1.369727566984277E-005
 -6.613169432351713E-007 -5.024983834874441E-006
          20 -1.023459180024561E-005  8.762066252696792E-006
  1.169694760887471E-005  1.925384492490286E-006
 -2.103228145897644E-006 -4.062809401087785E-006
          21  5.680396863304118E-006  1.781358771848847E-005
  5.067892816386933E-006 -6.425490754437108E-006
 -2.055865152287768E-006 -3.465097578688982E-006
          22  2.368636982764939E-005  1.591804649433518E-007
  5.471145170487109E-007 -3.989059734134209E-006
 -2.761974974433393E-006 -3.555093085916431E-006
          23  6.734097015273940E-006 -2.671001983271596E-005
  2.004797329641956E-006 -6.535990699406273E-006
 -3.978803536695086E-006 -2.331282006661607E-006
          24 -2.702493936629992E-005 -1.156778188055183E-005
 -8.873948504255198E-006 -1.110422464982574E-005
 -3.196823045325730E-006 -2.102409360663615E-007
          25 -1.268630028954023E-005  2.575520541699014E-005
 -1.943965172450092E-005  7.271586878856930E-006
 -7.639229136822484E-007 -6.541910377924930E-007
          26  2.432507956924499E-005  9.180243158991647E-006
  4.376166094433897E-006  2.435147736946172E-005
 -1.385964729616309E-006 -3.129099755304143E-006
          27  1.263584077675211E-006 -2.367567497474775E-005
  2.571647698695149E-005 -3.019079861680328E-006
 -4.052836234192109E-006 -2.421750395938409E-006
          28 -2.369908156782826E-005  9.930641032162679E-006
 -4.177752309141332E-006 -2.429429226367980E-005
 -3.408710116789599E-006 -2.122489809914648E-008
          29  2.254924512612283E-005  2.332766815968675E-005
 -2.007736254026786E-005  7.714204439708182E-006
 -1.904120802383136E-006 -9.079815165685864E-007
          30  2.112853229479427E-005 -3.447249652690133E-005
  1.355479661786946E-005  1.343661156470642E-005
 -3.618846379702375E-006 -1.584074874000697E-006
          31 -4.365376791224980E-005 -1.587716905562528E-005
  5.772182991460847E-006 -2.071610902412263E-005
 -3.944087008168786E-006  7.778395719474362E-007
          32 -7.261541209476591E-006  4.835865427450630E-005
 -2.636209269693157E-005  1.476748794488716E-006
 -1.665706381662786E-006  7.773059025709734E-007
          33  4.751706505616693E-005 -3.774430727740853E-006
  8.304165815993920E-006  2.783437395868965E-005
 -2.415939603049139E-006 -1.053469358025721E-006
          34 -1.524795902758710E-005 -4.089455200302586E-005
  2.465669772218757E-005 -1.507005520564437E-005
 -3.950320168668530E-006  4.143449155352535E-007
          35 -2.893956348176440E-005  2.477121596049449E-005
 -2.090896701266634E-005 -1.805476764927725E-005
 -2.323382822058485E-006  1.548700693152687E-006
          36  3.017083763106888E-005  1.270122556060699E-005
 -8.923441066084627E-006  2.408887189730318E-005
 -2.083677845286003E-006  2.982761768562658E-008
          37 -6.081998562602506E-006 -3.035322388741190E-005
  2.382623266365234E-005 -1.820288892677533E-006
 -3.657307057957789E-006  7.946549782910740E-007
          38 -2.566570688513238E-005  2.515563122113588E-005
 -1.247677744249587E-005 -2.054602496591177E-005
 -2.461209868279673E-006  2.338044672656108E-006
          39  4.186327197724468E-005  1.755035796129737E-005
 -1.440952889112831E-005  2.103702512245881E-005
 -1.511978291469292E-006  1.027241540305646E-006
          40  7.757288801845035E-006 -5.345810059154254E-005
  2.682370385346873E-005  5.712053121647033E-006
 -3.113605067269840E-006  9.640069077936343E-007
          41 -5.774927308769985E-005  2.291994064100979E-006
 -3.857321476996399E-006 -3.013061834543032E-005
 -2.820199635267781E-006  2.922639672616771E-006
          42  1.188658597694933E-005  5.408272670366856E-005
 -3.050327240076945E-005  1.150579172708856E-005
 -1.098413178666571E-006  2.642647140979862E-006
          43  4.365771353759464E-005 -2.081318828436457E-005
  1.605949483785645E-005  2.651501758070786E-005
 -1.617972398209119E-006  1.749625936026347E-006
          44 -2.854774129786496E-005 -2.924800904418316E-005
  1.776307467162621E-005 -1.847459316221135E-005
 -1.855901741579022E-006  2.907239465296273E-006
          45 -1.415158424233644E-005  3.379861822352908E-005
 -2.019765478480660E-005 -6.247791755078023E-006
 -4.467407476233229E-007  2.891155737082947E-006
          46  3.475197394431608E-005  7.535823767794490E-007
  5.227241378246315E-006  2.141486825459639E-005
 -6.888272942267450E-007  1.796674529688428E-006
          47 -1.043036214483945E-005 -3.000980754071469E-005
  2.163848249910803E-005 -1.455081557891064E-005
 -1.494969311657078E-006  2.575310179228680E-006
          48 -1.974563847853870E-005  2.044193854985384E-005
 -2.048803695258664E-005 -2.033709568528800E-005
 -4.720011452209933E-007  3.417811434970867E-006
          49  3.060533385820175E-005  6.389224502610284E-006
 -1.656942556376813E-005  2.226543898573754E-005
  3.238890755728343E-007  2.638470070882100E-006
          50 -6.122921816715076E-006 -4.102199938231203E-005
  2.088697044083769E-005  9.200627055404823E-006
 -2.339276448058054E-007  2.450806768998464E-006
          51 -4.971113069468881E-005  1.418213426508175E-005
 -1.337506808578356E-006 -1.917120448076789E-005
  2.333223539336683E-007  3.217690939716084E-006
          52  1.639214880408878E-005  5.325016321812407E-005
 -1.948439592377881E-005  1.185042857738171E-005
  1.231902836956980E-006  2.563345789080651E-006
          53  4.875749161804863E-005 -1.441560805528353E-005
  1.848021153512745E-005  2.110389523906388E-005
  7.079004287005392E-007  1.822872375597183E-006
          54 -1.216199552331383E-005 -3.596914954968196E-005
  2.104822931989011E-005 -1.968118271597844E-005
  3.754829531790999E-007  2.426308676151464E-006
          55 -1.799731858959408E-005  1.345515388280872E-005
 -1.704257683377642E-005 -1.690346644300958E-005
  1.157250844501018E-006  2.595556607711719E-006
          56  1.956169508832773E-005  2.950548343382906E-007
 -8.416405046825055E-006  1.341459312159902E-005
  1.245086095567828E-006  1.968503798240653E-006
          57 -1.193355960214586E-005 -2.821986578830998E-005
  1.152625645930945E-005 -2.888316312749894E-006
  8.498281085642742E-007  2.301434229649003E-006
          58 -3.472781629199418E-005  1.647569983366896E-005
 -1.404688350853272E-005 -1.312301945425891E-005
  1.716750291214486E-006  2.824086667812558E-006
          59  1.524417600045662E-005  3.456814628738288E-005
 -1.791056553566793E-005  2.108154307170001E-005
  2.548932450680368E-006  1.909882858244952E-006
          60  2.621127307489723E-005 -1.303920770624686E-005
  2.120283054230120E-005  2.249471617156351E-005
  1.962545074666633E-006  1.163472319022843E-006
          61 -1.477293211641442E-005 -1.235170669486179E-005
  2.229343160021550E-005 -1.547753588213938E-005
  1.623566879437607E-006  1.609115404471174E-006
          62  1.388140239519611E-006  2.252743065521464E-005
 -8.658562343131835E-006 -1.514622439230659E-005
  2.225918623973124E-006  1.803084812192163E-006
          63  3.415578575629355E-005 -9.360217014299167E-006
 -3.313552289853907E-006  5.435070117127458E-006
  2.469144908290988E-006  1.264574815855660E-006
          64 -8.850251837731450E-006 -4.439518232352699E-005
  7.591029841408493E-006 -8.605195651397088E-006
  2.238641662425816E-006  1.283369457946008E-006
          65 -4.779429681969778E-005  1.509510578423387E-006
 -1.654173827453165E-005 -1.370041419894027E-005
  2.830074749565400E-006  1.621369543765606E-006
          66 -7.566664244639904E-006  4.163491922963921E-005
 -2.077065708394019E-005  1.823215887045632E-005
  3.731811619572081E-006  9.169002018273616E-007
          67  2.738542893495862E-005  1.274878951687912E-005
  1.359410610408049E-005  2.486711491544995E-005
  3.633645619915966E-006 -1.902381459067041E-007
          68  1.077479306793009E-005 -1.003856347622588E-005
  2.278070442393850E-005 -5.379082837805584E-006
  3.131804161172481E-006 -6.213652842889176E-007
          69  4.531946898220033E-006 -2.244225213991940E-006
  1.350473218247249E-006 -1.394384789404376E-005
  2.887667684003446E-006 -8.146777309534077E-007
          70  8.858822524414419E-006 -1.240122130636316E-005
 -1.857154113485218E-006 -2.730054277282102E-006
  2.630929009514569E-006 -9.766260274577688E-007
          71 -1.313647850164073E-005 -1.736090212599396E-005
  1.466421771216516E-006 -8.402578861992155E-006
  2.589646232730166E-006 -9.191176685436420E-007
          72 -1.955786902765867E-005  9.563674275523667E-006
 -1.375247460395273E-005 -8.152508821532682E-006
  2.867983068932886E-006 -1.216354930123590E-006
          73  6.094248598161221E-006  1.463275785583506E-005
 -1.396403681883623E-005  1.428616814939570E-005
  2.782862233058136E-006 -1.992424290730826E-006
          74  4.611291085801687E-006 -6.342601528371955E-006
  1.153634638208531E-005  1.656847865602792E-005
  2.010615943916076E-006 -2.409005219841263E-006
          75 -1.173938362953606E-005  6.852630764343318E-006
  1.499539745382465E-005 -7.427694633033922E-006
  1.557748044960108E-006 -2.182867412073203E-006
          76  1.631999833032304E-005  2.139766670296960E-005
 -4.487804222091192E-006 -9.361090543045011E-006
  1.532923911779140E-006 -2.300831509583643E-006
          77  3.290278613584497E-005 -2.188906359623424E-005
 -1.633629754467664E-006  4.905447666189277E-006
  1.000410376364824E-006 -2.572461462884721E-006
          78 -2.336403220733490E-005 -4.352028327179888E-005
  8.874887478552156E-006 -5.268863114494784E-006
  3.788768078233849E-007 -2.120420286807373E-006
          79 -5.138988639472441E-005  2.174153219405431E-005
 -9.323260061186831E-006 -1.442081701676850E-005
  7.216772893230877E-007 -1.552551752291980E-006
          80  1.855443253973058E-005  5.580936701625791E-005
 -1.953304863648351E-005  1.061329088516468E-005
  1.240009327310256E-006 -2.071413740660278E-006
          81  5.696714319282492E-005 -1.513677567958391E-005
  1.001750079972615E-005  2.325319721046110E-005
  5.408633318651008E-007 -2.784395334186678E-006
          82 -1.231698973480416E-005 -5.555648395809046E-005
  2.521561316963612E-005 -8.054465560385183E-006
 -3.417487756671068E-007 -2.311269472833216E-006
          83 -5.243476620843699E-005  1.053972092168559E-005
 -5.363803583136796E-006 -2.480584077399243E-005
 -1.320228414326407E-007 -1.560951020497855E-006
          84  1.001478437419356E-005  4.828359301484070E-005
 -2.195433527014832E-005  3.320412521920180E-006
  3.718614213389123E-007 -1.768079829008520E-006
          85  4.365419535380733E-005 -1.068256686905110E-005
  3.072695217834642E-006  1.763095697967368E-005
  2.652196869736820E-008 -2.249296302470023E-006
          86 -1.233581889336217E-005 -3.902307825905220E-005
  1.325305447868676E-005 -4.514813512957553E-006
 -4.148907394613534E-007 -1.909909806211510E-006
          87 -3.470894296666444E-005  1.464165724096830E-005
 -7.089391300144870E-006 -9.475643347390262E-006
 -9.273422197744118E-008 -1.668533262447176E-006
          88  1.717781493558651E-005  3.083393813003469E-005
 -6.497488624733650E-006  1.060984424461167E-005
 -3.909116767596669E-008 -2.216870501033833E-006
          89  2.735878141762643E-005 -1.960876406132352E-005
  1.482817838637882E-005  4.920239192321677E-006
 -7.912657441865888E-007 -2.386562316787444E-006
          90 -2.188538382398224E-005 -2.406422495149427E-005
  5.391040472191202E-006 -1.861337742762312E-005
 -1.174707449824101E-006 -1.656733010949782E-006
          91 -2.066496815698806E-005  2.425337123823007E-005
 -2.078482485509713E-005 -7.406821209307267E-006
 -5.691803235627726E-007 -1.279941433880882E-006
          92  2.715749928374574E-005  1.702807667638921E-005
 -9.587232262205206E-006  2.109796784049576E-005
 -2.312167589359061E-007 -1.954196991832932E-006
          93  1.336245906478910E-005 -3.109175697168381E-005
  2.019358491560615E-005  1.122289483701680E-005
 -9.479530585319155E-007 -2.422702285474707E-006
          94 -3.634352368943549E-005 -1.019543417728499E-005
  1.231739314123969E-005 -1.854582281910155E-005
 -1.562194914920995E-006 -1.961314015732087E-006
          95 -8.261137309117636E-006  4.269606320238090E-005
 -1.641070636450030E-005 -1.262079289795349E-005
 -1.356677898024497E-006 -1.537266546394211E-006
          96  4.942458629410024E-005  8.237193628603933E-006
 -1.162935550101494E-005  1.440278488022968E-005
 -1.185135698992991E-006 -1.852409373900875E-006
          97  1.031004682125420E-005 -5.550255646752656E-005
  1.340280443376600E-005  9.941570804062687E-006
 -1.771641602098565E-006 -2.136629986154207E-006
          98 -5.989453348711719E-005 -1.394154615335927E-005
  8.777262364259744E-006 -1.335146929381995E-005
 -2.315162091749522E-006 -1.692984959274387E-006
          99 -1.807038757456497E-005  6.205529094396822E-005
 -1.294454900183967E-005 -8.498710362451323E-006
 -2.270786711797992E-006 -1.304135981855186E-006
         100  6.225474769239247E-005  2.145549539168770E-005
 -7.937337588508574E-006  1.132149732666582E-005
 -2.373569942994362E-006 -1.327993519132992E-006
         101  2.325540618204279E-005 -6.135683118125527E-005
  9.059116742887564E-006  5.969530091654917E-006
 -2.806568256022786E-006 -1.098135890588540E-006
         102 -6.033391329743602E-005 -2.351261756284979E-005
  2.438621236563623E-006 -7.411394300862470E-006
 -2.885912079932839E-006 -5.218797109167287E-007
         103 -2.305176061937768E-005  5.970130015214680E-005
 -6.981096663366861E-006  2.108991658068927E-006
 -2.667729471574564E-006 -3.794279587070160E-007
         104  5.905400419998621E-005  2.279606946525861E-005
  7.097449430545427E-006  8.422176510441390E-006
 -3.006058485414469E-006 -4.324622567928556E-007
         105  2.314410394892922E-005 -5.718222396443115E-005
  1.239180709321965E-005 -1.141973936410725E-005
 -3.486069742590745E-006  2.561571788893604E-007
         106 -5.291953653473090E-005 -2.345472905790521E-005
 -1.318971210504165E-005 -1.847359893950571E-005
 -3.127704578152870E-006  1.137477923377342E-006
         107 -2.218280282153658E-005  4.596349629999809E-005
 -2.410467765545133E-005  1.124658194225811E-005
 -2.496221283798248E-006  1.256711455133089E-006
         108  3.727999517225131E-005  1.775758584957509E-005
  6.823821672849076E-006  2.661971538535440E-005
 -2.470377002971904E-006  1.140146025716343E-006
         109  9.734253747124988E-006 -2.882935704674669E-005
  2.527344792611833E-005 -2.957359623395068E-006
 -2.568747369234227E-006  1.505742813543691E-006
         110 -2.265388529550231E-005  7.149897006917625E-007
 -1.637441005694163E-006 -2.151405850821555E-005
 -2.191936430524984E-006  1.935343524770195E-006
         111  1.116054496672014E-005  1.960845013631089E-005
 -1.730111289940218E-005  2.892094701911909E-006
 -1.813403573352530E-006  1.867144018797770E-006
         112  1.878407556121225E-005 -1.900468746688623E-005
  5.670224317287156E-006  1.406593239248725E-005
 -1.885501690716235E-006  1.937218088181272E-006
         113 -2.282451238023604E-005 -1.790206187087231E-005
  1.251411400803453E-005 -8.664484968547450E-006
 -1.619979302791324E-006  2.357582528847351E-006
         114 -1.452472105817521E-005  2.314973941770749E-005
 -9.942999341781975E-006 -1.228121280119611E-005
 -1.078857951930872E-006  2.308902947270022E-006
         115  2.207349814649773E-005  7.360090157504676E-006
 -1.147290995003748E-005  8.166088498095050E-006
 -1.085892512400882E-006  2.018035416591098E-006
         116 -2.950266039090665E-006 -2.200101090590308E-005
  4.323040737761325E-006  7.466740912477172E-006
 -1.251468540912952E-006  2.344972584908133E-006
         117 -2.429405414930671E-005  1.424158579026483E-005
 -5.231950159823027E-007 -1.520459814908931E-006
 -7.109943116958939E-007  2.754893022809502E-006
         118  2.407298234111235E-005  2.846434659909626E-005
 -2.328229042428274E-006  1.031861096709720E-005
 -1.709389406673513E-007  2.319793938335178E-006
         119  3.255412778233095E-005 -3.103919954092486E-005
  1.851889897171172E-005  6.802302978530104E-006
 -5.731080571011902E-007  1.995622066180486E-006
         120 -3.544385827186177E-005 -3.439772677427550E-005
  1.294073036548735E-005 -2.301048433915030E-005
 -7.782632053550013E-007  2.682802324005667E-006
         121 -3.293471105054849E-005  3.895324192368953E-005
 -2.332594907886739E-005 -1.822477637340361E-005
  6.773778780832086E-008  3.148526891588553E-006
         122  4.338510282599591E-005  2.878287090944303E-005
 -2.047068314995984E-005  2.027015339779494E-005
  7.194389528843522E-007  2.541099323542900E-006
         123  2.384074361191637E-005 -4.946825208571935E-005
  1.602285156183052E-005  1.827213100683138E-005
  3.502598750370691E-007  2.197783965455671E-006
         124 -5.637999598469176E-005 -2.006855122527641E-005
  1.212379908463689E-005 -1.367021982418721E-005
  3.773675373921512E-007  2.753745641701208E-006
         125 -1.827327361359841E-005  6.215788318330043E-005
 -1.503556302655865E-005 -4.832099035721241E-006
  1.214440073465252E-006  2.744732498363920E-006
         126  6.482417259958904E-005  1.769747227847341E-005
  3.723094897973709E-007  1.910596921363161E-005
  1.366118225204454E-006  2.041356115187959E-006
         127  1.654764210951661E-005 -6.359870278017209E-005
  2.306031260173790E-005 -2.500253175465040E-006
  9.122263468637985E-007  2.083195009875105E-006
         128 -5.932783780680986E-005 -1.296287250540317E-005
 -2.884391253442255E-006 -2.488126804746009E-005
  1.275365657021268E-006  2.679973171888496E-006
         129 -6.131181931034326E-006  5.391950688310497E-005
 -2.434777166000875E-005  3.354363915041548E-006
  2.220984551896852E-006  2.405672240380515E-006
         130  4.940246341415950E-005 -3.250333556198327E-006
  4.977947966146155E-006  2.220573679716946E-005
  2.268802791304878E-006  1.566629495814099E-006
         131 -1.348308662564099E-005 -4.695110815982790E-005
  1.958730369141527E-005 -8.334545708420608E-006
  1.883964594038417E-006  1.566412042416898E-006
         132 -4.638079502382986E-005  2.275110332413303E-005
 -1.319193425376438E-005 -1.818531664860042E-005
  2.333599436265065E-006  1.835210327777321E-006
         133  2.985519953400359E-005  4.654963016234486E-005
 -1.943443924066170E-005  1.789590449975061E-005
  2.930010095262025E-006  1.208591866385024E-006
         134  4.633229586101954E-005 -3.470728500893332E-005
  1.983829310223028E-005  2.275264509256957E-005
  2.566310923486854E-006  4.490071932778750E-007
         135 -3.816613207267382E-005 -4.521492213828373E-005
  2.567117626981524E-005 -1.781936670670964E-005
  2.071342757799284E-006  6.471795882929444E-007
         136 -4.359739496423535E-005  4.118238071424877E-005
 -1.309956566254690E-005 -2.579649118065869E-005
  2.467906610297948E-006  9.602410714204303E-007
         137  4.413209829587960E-005  4.261464386003721E-005
 -2.255311737682092E-005  7.985628982805088E-006
  2.943213346033697E-006  4.661793229737320E-007
         138  4.339045170539514E-005 -4.649267520669716E-005
  4.093595552223178E-006  1.663630138314036E-005
  2.728157226934584E-006 -7.941480573377059E-008
         139 -4.694027992119966E-005 -4.633256399019815E-005
  9.225204406936778E-006 -2.462824767582642E-006
  2.514232497837491E-006 -4.955660627554519E-008
         140 -5.081933773479134E-005  4.393345455273428E-005
 -3.924963077680455E-006 -1.975258765845674E-006
  2.802317191891439E-006 -1.241064761435315E-007
         141  3.654154437496652E-005  5.530692973068971E-005
  2.764758115822573E-006  8.039282981121184E-006
  2.897250618186905E-006 -6.906586339725561E-007
         142  5.782236645602690E-005 -2.495258858152148E-005
  1.260730544541259E-005 -3.471799453407140E-006
  2.476328274796102E-006 -1.052829947691153E-006
         143 -1.059614507749366E-005 -5.674244398799901E-005
 -8.831612151595847E-007 -1.505729958423157E-005
  2.215942875189981E-006 -8.942329002383674E-007
         144 -5.140600707309916E-005 -4.245134874426182E-006
 -1.447982476467035E-005 -2.804947721196791E-006
  2.451117986383229E-006 -8.297449816507388E-007
         145 -1.717967317755507E-005  4.234119229952271E-005
 -6.004364400966765E-006  1.150744463018445E-005
  2.658110190852754E-006 -1.208269865904590E-006
         146  3.105882924165295E-005  2.654776605750597E-005
  7.108456312421304E-006  8.118332493098310E-006
  2.532128622831643E-006 -1.637345897732646E-006
         147  3.183962714002469E-005 -1.952049802836552E-005
  8.576391697271563E-006 -2.079722198094438E-006
  2.308972992359242E-006 -1.848899136732285E-006
         148 -9.367064589487686E-006 -3.358449023662361E-005
  2.320126351102177E-006 -7.203157871977946E-006
  2.244292256872966E-006 -1.978738946076278E-006
         149 -3.290241977002110E-005  1.417461429023197E-006
 -5.174186782496558E-006 -4.824141592989391E-006
  2.242923303314459E-006 -2.310398744406622E-006
         150 -4.319816888143094E-006  3.080322855208681E-005
 -5.589687781918813E-006  4.322760907116775E-006
  2.015061422453940E-006 -2.730920491443262E-006
         151  2.768016757397178E-005  8.268924204446564E-006
  5.002280189238337E-006  6.256530934230385E-006
  1.620452003039417E-006 -2.971367806779988E-006
         152  1.077164760021447E-005 -2.332833748591861E-005
  7.895292652942827E-006 -5.970961291138266E-006
  1.371683948739346E-006 -3.035141261378253E-006
         153 -1.739999959232915E-005 -1.166131240851764E-005
 -6.124907053792490E-006 -9.732852780680850E-006
  1.315314301711215E-006 -3.313914446014290E-006
         154 -1.034260501482757E-005  9.914395895901154E-006
 -1.072200426407571E-005  5.670264401649142E-006
  8.746702623224537E-007 -3.875860133512692E-006
         155  1.606942378303668E-006  6.263035049865715E-006
  5.278686488019977E-006  1.093889854187806E-005
  2.267596298905693E-008 -4.008370308057903E-006
         156 -6.044655704843214E-007  6.220849093708154E-006
  1.067829781286070E-005 -5.147264548077495E-006
 -5.162842870478296E-007 -3.708332776715664E-006
         157  1.232337708348835E-005  9.518056486177073E-006
 -5.362375308506158E-006 -9.483484508356721E-006
 -7.156767128893455E-007 -3.594179385471555E-006
         158  1.914040940487712E-005 -1.608952706400960E-005
 -7.318632828617572E-006  6.738705414498814E-006
 -1.199069514635200E-006 -3.774288559919226E-006
         159 -1.777332655230727E-005 -2.811882870578975E-005
  9.856954881440808E-006  5.338532156995029E-006
 -2.044513702186254E-006 -3.503043682766935E-006
         160 -3.564469473770442E-005  1.825154681931889E-005
  4.644470093193533E-006 -1.360666376804047E-005
 -2.418044215270140E-006 -2.701284381767430E-006
         161  1.843826086188818E-005  4.162436279141897E-005
 -1.618321360835490E-005 -4.793725383058226E-006
 -2.185891777382071E-006 -2.275591067900311E-006
         162  4.643505712623415E-005 -1.877973282685566E-005
 -4.392922410037208E-006  1.746622570991358E-005
 -2.290412302699369E-006 -2.416706640892416E-006
         163 -1.917756110986582E-005 -5.041618834241354E-005
  1.874791786216858E-005  2.937979292350038E-006
 -2.931103083660638E-006 -2.126927864961856E-006
         164 -5.351607873732580E-005  1.935415469301265E-005
  1.408411185667349E-006 -2.064950551029644E-005
 -3.031570415050317E-006 -1.242743772695021E-006
         165  1.934271677882297E-005  5.537606549444815E-005
 -2.253972454721725E-005 -6.124979387764667E-007
 -2.487005919431717E-006 -9.185451203753729E-007
         166  5.580677667702752E-005 -1.977003182769927E-005
 -2.686106911710590E-007  2.382392453317835E-005
 -2.459227008115284E-006 -1.215646930286398E-006
         167 -2.159731264090093E-005 -5.521999875244613E-005
  2.446866065837873E-005 -1.672110078428350E-007
 -3.013584481452553E-006 -9.853532815029359E-007
         168 -5.472078153031710E-005  2.542398153747413E-005
 -7.338450202668842E-007 -2.435684164534315E-005
 -2.966222271611962E-006 -1.700794746683815E-007
         169  3.090503201026496E-005  5.572360357712475E-005
 -2.333170120957133E-005  1.962399170209875E-006
 -2.309049093866340E-006 -1.635608064899744E-008
         170  5.914306181360730E-005 -3.672860335807400E-005
  4.892632126926642E-006  2.219173950607859E-005
 -2.339399934452679E-006 -4.689299216463966E-007
         171 -4.113762594822294E-005 -6.473744674857244E-005
  2.284824604964898E-005 -9.381725067819782E-006
 -2.938227020820785E-006 -2.019424753603243E-007
         172 -7.116002573652149E-005  4.281587361344178E-005
 -1.319576696801427E-005 -2.640236299951485E-005
 -2.767497383818785E-006  6.014258515303131E-007
         173  4.173606074788769E-005  7.663243286953989E-005
 -3.169340291744170E-005  1.389124155871442E-005
 -2.072986507327067E-006  5.885339644857366E-007
         174  7.978985512987139E-005 -3.915866298300723E-005
  1.100998685791582E-005  3.610019148102918E-005
 -2.217893096791905E-006  6.323816963560600E-008
         175 -3.684484298763204E-005 -8.045579914545433E-005
  3.762428602333963E-005 -5.885515248203385E-006
 -2.855742834272616E-006  3.749140038138502E-007
         176 -7.968580976725671E-005  3.604306696984045E-005
 -4.196516648910471E-007 -3.547133794062084E-005
 -2.683226245074083E-006  1.140706204268199E-006
         177  3.676887536307127E-005  7.897302795770809E-005
 -2.973329645995053E-005 -3.344851796644406E-006
 -2.134552190642829E-006  1.124865577233401E-006
         178  7.916379291566404E-005 -3.773771684734528E-005
 -3.305790982800017E-006  2.175997567091436E-005
 -2.380038748934412E-006  8.623676784030782E-007
         179 -3.715112275879947E-005 -7.983494865196857E-005
  1.447360138114254E-005 -1.260086764877746E-006
 -2.728797082492419E-006  1.441728246552089E-006
         180 -7.932671195089725E-005  3.394962312325996E-005
 -8.529318722699895E-006 -1.064962210760996E-005
 -2.181006749019891E-006  2.012638318839322E-006
         181  2.855591419332253E-005  7.547825913723387E-005
 -1.049983768830617E-005  1.523584531447583E-005
 -1.742974374037895E-006  1.642427957332526E-006
         182  6.682641290711142E-005 -2.281309230836992E-005
  1.942258162817816E-005  1.192429024110408E-005
 -2.304664757855484E-006  1.460724546685026E-006
         183 -1.922116377518431E-005 -5.346598990709456E-005
  1.279653920671030E-005 -2.144747086715403E-005
 -2.657234889458730E-006  2.360713178906791E-006
         184 -3.699972658343684E-005  1.977873529200466E-005
 -2.255831348188955E-005 -1.233476915591061E-005
 -1.917255922886676E-006  3.090689193446133E-006
         185  2.501238227874416E-005  1.984768359247824E-005
 -1.047273456995642E-005  2.372044066635838E-005
 -1.357318516317691E-006  2.841085868309598E-006
         186  4.216369814769717E-006 -3.396437553677067E-005
  2.585503495456136E-005  7.629681324090651E-006
 -1.607921198865927E-006  2.900607042252743E-006
         187 -4.489806069360050E-005  8.853407961057846E-006
  5.249684861366386E-006 -2.956831895002903E-005
 -1.394762651836650E-006  3.736345040587976E-006
         188  1.963337258133975E-005  5.621009013481916E-005
 -3.366938297282020E-005 -5.302700821083902E-006
 -3.325803490381915E-007  4.023113157288876E-006
         189  6.723050630766451E-005 -2.900931865040643E-005
 -7.945739451982181E-006  3.528252180111050E-005
  1.977102135537416E-007  3.471442390371832E-006
         190 -3.755261301010142E-005 -7.839009494696582E-005
  3.239980662045883E-005  1.047908517584144E-005
  4.382381659807534E-008  3.488232135426169E-006
         191 -9.054177087354226E-005  4.484347649527317E-005
  9.547236156109815E-006 -2.609789908126554E-005
  5.887548295021860E-007  4.008021131580344E-006
         192  4.934563252361895E-005  1.039894785920572E-004
 -1.957783929413723E-005 -3.868048779216828E-006
  1.574881816071515E-006  3.721017620111586E-006
         193  1.178064218244721E-004 -4.918889586281083E-005
  5.615453977314874E-006  1.572903263011488E-005
  1.783127465338969E-006  2.997256951382358E-006
         194 -4.328749636005207E-005 -1.296782526678519E-004
  1.621362920833128E-005 -1.692352183394587E-005
  1.598292006053269E-006  3.022516443318635E-006
         195 -1.366009857662829E-004  3.212496768699229E-005
 -2.725328711797231E-005 -2.191644588778241E-005
  2.278226380327212E-006  3.307492388082585E-006
         196  1.789217024579931E-005  1.361648557665450E-004
 -3.203918531204577E-005  3.302314505981926E-005
  3.160935993426226E-006  2.576991070412494E-006
         197  1.275587620534666E-004 -3.894153908801608E-006
  3.154673511907071E-005  4.303396462028165E-005
  2.983374821001784E-006  1.588890961156266E-006
         198  6.730410273935954E-006 -1.119097886425348E-004
  5.009263137436894E-005 -2.341926558836473E-005
  2.524550712558295E-006  1.544121367372249E-006
         199 -9.184923814672666E-005 -1.211363780435463E-005
 -1.233757640604460E-005 -5.046610763426723E-005
  2.863590834823124E-006  1.687295376447860E-006
         200 -1.205924990387206E-005  7.041525094479718E-005
 -4.453099940256416E-005  2.255693723480628E-006
  3.251136114842596E-006  1.109291106694017E-006
         201  4.984508812444093E-005  7.684940113438331E-006
 -4.740662313107402E-006  3.418506474899615E-005
  2.935271653648787E-006  5.872178358892661E-007
         202  5.824200347738366E-007 -3.108104963754279E-005
  2.124474325661904E-005  7.797599790964110E-006
  2.777498899214934E-006  7.322689357783129E-007
         203 -1.408918404494719E-005  8.140623178452631E-006
  6.536380871687704E-006 -7.579651899302130E-006
  3.255163583554978E-006  6.031494453929544E-007
         204  1.822794840764037E-005 -1.365559966177291E-006
  4.860837504319113E-006 -1.494382624982056E-006
  3.341608093731938E-006 -1.845765346715054E-007
         205 -1.493429352545310E-005 -2.980538383541626E-005
  5.800021959040284E-006 -1.507314845637964E-005
  2.739013926778651E-006 -4.943226828577827E-007
         206 -4.260799029182414E-005  2.544192722716122E-005
 -2.326215762111407E-005 -1.457039991133484E-005
  2.682707635613511E-006 -1.252627508858413E-007
         207  3.156680815797589E-005  5.538804740717139E-005
 -2.546360287615294E-005  2.921839924874913E-005
  3.295968289867793E-006 -3.705478155458209E-007
         208  6.596210535349587E-005 -3.289944741537805E-005
  3.086749625735028E-005  3.863738764600758E-005
  3.259247770172098E-006 -1.325407667647346E-006
         209 -3.064671859054921E-005 -7.210622363133128E-005
  5.172562450621406E-005 -2.577972329515364E-005
  2.464181577462685E-006 -1.675391680994182E-006
         210 -7.286402609262882E-005  2.754917578665878E-005
 -1.387499512025935E-005 -6.069136066344733E-005
  2.176243652270128E-006 -1.274423865394443E-006
         211  2.675863391654525E-005  6.927935721335193E-005
 -6.224813683536822E-005 -1.918710267784279E-006
  2.588366357569734E-006 -1.291427610574523E-006
         212  6.429205214749777E-005 -3.014686592404574E-005
 -1.745034912378632E-005  5.514038701695485E-005
  2.657715203909814E-006 -1.957356465416228E-006
         213 -3.721080157358589E-005 -6.155572352391009E-005
  4.027493544542437E-005  2.846178436152463E-005
  2.143303466933865E-006 -2.385963937107006E-006
         214 -6.365711003940114E-005  4.509984162691089E-005
  3.118481797875659E-005 -2.093838084983042E-005
  1.782075948049371E-006 -2.343699848664443E-006
         215  4.980281381869646E-005  7.074549964921483E-005
 -2.845664719006457E-006 -2.408016494068556E-005
  1.740539598344735E-006 -2.470852444115212E-006
         216  8.044916057701585E-005 -4.804035957254049E-005
 -9.935688810667035E-006 -8.078092703069337E-006
  1.454727539813522E-006 -2.832259827738680E-006
         217 -3.894149536318586E-005 -8.895089049415146E-005
 -9.179797612759377E-006 -5.087153713816964E-006
  9.105160273978581E-007 -2.927804400896670E-006
         218 -9.271844499782284E-005  2.441785819090117E-005
 -1.516568122749357E-005  2.601850072813739E-006
  5.587009443482640E-007 -2.702529996628873E-006
         219  8.151111282028032E-006  9.015869431228914E-005
 -6.923889586954582E-006  1.765627957225622E-005
  5.468014327946931E-007 -2.581837729472466E-006
         220  8.225766676732295E-005  6.090768913096875E-006
  1.313674980107270E-005  1.480612358236453E-005
  4.778182867707196E-007 -2.799389512479015E-006
         221  1.606425648506602E-005 -7.182081847262423E-005
  1.775209527378781E-005 -4.231318173632240E-006
  5.074061517211638E-008 -2.986262752617442E-006
         222 -6.199331231934674E-005 -2.187947933940347E-005
  5.010283558239158E-006 -1.432825614155189E-005
 -4.125448106196811E-007 -2.816276215909654E-006
         223 -2.548480750852007E-005  5.489372303686644E-005
 -6.096610129645901E-006 -1.029881012849738E-005
 -5.573988977377276E-007 -2.523304998164510E-006
         224  5.075052849232727E-005  2.929058972216290E-005
 -9.441058065798375E-006 -2.638060032299883E-006
 -5.553583987505174E-007 -2.506833035377705E-006
         225  3.493043746133863E-005 -4.808398181547933E-005
 -7.536552364393159E-006  3.884002005015361E-006
 -8.283031081258022E-007 -2.606506301834567E-006
         226 -4.477065484075442E-005 -4.248503222560118E-005
 -2.751309305807675E-006  6.873277162709647E-006
 -1.199380199884322E-006 -2.394789700460136E-006
         227 -5.047099970013911E-005  3.913788558827746E-005
  1.517253057297435E-006  7.301200132580603E-006
 -1.213786763082859E-006 -2.063296644192396E-006
         228  3.063630180755232E-005  5.662045259576587E-005
  8.036182718421443E-006  6.672624722671056E-006
 -1.083201861908112E-006 -2.141756650614101E-006
         229  5.889366628397904E-005 -2.006134179185501E-005
  1.536381778276755E-005 -4.127102322247077E-006
 -1.430606313142396E-006 -2.390818983621435E-006
         230 -9.243209860137825E-006 -5.611734391022920E-005
  4.047700799562314E-006 -2.166301978690508E-005
 -1.989073408281529E-006 -2.084016350316483E-006
         231 -4.823237416264119E-005  3.675220511448513E-007
 -2.318410393391338E-005 -1.407111641778414E-005
 -1.949859412921640E-006 -1.534470694740932E-006
         232 -4.665907340012110E-006  3.627377659948740E-005
 -2.233014523882031E-005  1.978428897746659E-005
 -1.648127481480443E-006 -1.584516315039612E-006
         233  2.206156199057104E-005  4.622173294692241E-006
  1.348825434964077E-005  2.630715858856237E-005
 -1.953275027068642E-006 -1.920864383925725E-006
         234 -7.714981659528873E-007 -7.713855230996345E-006
  2.546748436088016E-005 -6.829041371506685E-006
 -2.579617034519505E-006 -1.638090685069973E-006
         235  4.740310387287091E-006  1.068375116384240E-005
 -1.826945218932832E-006 -2.025048976274977E-005
 -2.594119166968185E-006 -1.028629850119123E-006
         236  2.342999386036678E-005 -1.377622860072279E-005
 -1.169414766744176E-005  4.279918438830632E-007
 -2.337475204138217E-006 -1.025743919985236E-006
         237 -1.884575711207262E-005 -3.686558922952832E-005
  4.264682101587554E-006  2.282221706622117E-006
 -2.737460033261867E-006 -1.218169972974206E-006
         238 -4.892119755094689E-005  2.051338107963077E-005
 -4.305080431964384E-006 -1.307243756498095E-005
 -3.303037209732128E-006 -6.935629741531062E-007
         239  2.023588919228604E-005  5.823893694315448E-005
 -2.400685731231039E-005  5.488979239498496E-006
 -3.165457041707734E-006  1.079855992381118E-008
         240  6.460198189022746E-005 -1.989977949092635E-005
  1.317556457718374E-006  3.344361077443333E-005
 -2.890392391978686E-006  7.315186200933716E-008
         241 -2.110309310523634E-005 -6.884391323301349E-005
  3.911669264098991E-005  6.315360442728499E-006
 -3.257401413688300E-006  1.143141467089442E-007
         242 -7.251416144723403E-005  2.451817774305697E-005
  1.519447407774765E-005 -4.005025127791143E-005
 -3.589234497151182E-006  8.973658470638595E-007
         243  2.974217501074337E-005  7.721327282419639E-005
 -3.586892848488020E-005 -2.288846407474885E-005
 -3.089199222407256E-006  1.720316808721366E-006
         244  8.392029488410809E-005 -3.553557175532525E-005
 -2.658790600438864E-005  2.745462739947034E-005
 -2.466085381430483E-006  1.750991165016355E-006
         245 -4.033659421810960E-005 -9.264364592136965E-005
  1.781591410372700E-005  2.432963047638013E-005
 -2.521793566042850E-006  1.708082340700092E-006
         246 -1.025505605477982E-004  4.293743312545857E-005
  1.673172660280766E-005 -1.057519974995163E-005
 -2.518908076140963E-006  2.315770928935757E-006
         247  4.292856027854232E-005  1.123130102977420E-004
 -7.731258422428972E-006 -6.538446038031249E-006
 -1.781119656961858E-006  2.801338143759041E-006
         248  1.207123753311151E-004 -4.070830945677248E-005
  3.627772996209590E-006  9.176399109542507E-006
 -1.125857757626039E-006  2.509874710296051E-006
         249 -3.724025591128395E-005 -1.271547820245117E-004
  1.410033360816344E-005 -1.226523664750570E-005
 -1.174852174484175E-006  2.270037072510827E-006
         250 -1.317940051844873E-004  3.359662174909392E-005
 -1.818188030686395E-005 -2.156690229861647E-005
 -1.085659488567921E-006  2.638624135043368E-006
         251  3.039624568119653E-005  1.353315146043494E-004
 -2.998434574237422E-005  2.030619447626472E-005
 -4.055777468269299E-007  2.736817051042539E-006
         252  1.386163198429741E-004 -2.754905324223101E-005
  1.878616672250326E-005  3.720125430628645E-005
 -6.898327168311858E-008  2.194645571858776E-006
         253 -2.438079069015560E-005 -1.420848162006326E-004
  4.202963384595108E-005 -1.512932973998050E-005
 -4.003849400467999E-007  2.008552692300742E-006
         254 -1.453721740421428E-004  2.002419132686732E-005
 -1.070753819276514E-005 -4.483184476948490E-005
 -3.491428418822701E-007  2.479925575418892E-006
         255  1.399132087630633E-005  1.474147347711988E-004
 -4.619988189935198E-005  5.714586666963054E-006
  3.406990548105419E-007  2.522923253286522E-006
         256  1.469192813938183E-004 -6.706301818271897E-006
  8.684734543475500E-008  4.577267538150548E-005
  5.980826777263023E-007  1.927617517113089E-006
