   409.600000000000     
         256           1           3
  1.124309127438499E-002   37.3690775925256        115.458970356541     
   39.0000000000000        116.000000000000        6351.00000000000     
           0  0.000000000000000E+000  0.000000000000000E+000
  0.000000000000000E+000  0.000000000000000E+000
  0.000000000000000E+000  0.000000000000000E+000
           1  7.111462405606223E-007 -1.987782389794424E-007
 -3.340597529876038E-006  1.343538867563186E-007
 -8.567267569510442E-006  3.414402637379764E-007
           2  9.380114030535259E-007 -7.225853096808898E-007
 -3.313619826392279E-006  3.872185451747314E-007
 -8.947810652867387E-006  8.833815903140882E-007
           3  6.945246810117600E-007 -1.890308177056225E-006
 -2.976390873679113E-006  5.106414865054291E-007
 -9.387147076978938E-006  1.782248372004079E-006
           4 -9.201851322448837E-007 -3.047392129707127E-006
 -2.652574763218583E-006 -3.412820798561486E-008
 -9.646143949715375E-006  3.050253296607607E-006
           5 -3.800734385199877E-006 -2.625968381837087E-006
 -3.328782884790316E-006 -1.164651781089910E-006
 -9.535511026135368E-006  4.593890781042786E-006
           6 -6.216682064010642E-006  4.740207275282424E-007
 -5.646962424405834E-006 -1.576200866186254E-006
 -8.877447134850873E-006  6.156435977548838E-006
           7 -5.731615224942115E-006  5.479228934046560E-006
 -8.744279001551578E-006  4.693346086391655E-007
 -7.797751124449211E-006  7.489826681083581E-006
           8 -1.049123197811050E-006  9.511666797511477E-006
 -1.006778093544678E-005  5.666835778421115E-006
 -6.379366156442530E-006  8.536787280350315E-006
           9  6.219919045667404E-006  9.062237270123209E-006
 -6.607375814507127E-006  1.206597964977911E-005
 -4.676372171043755E-006  9.012006970498739E-006
          10  1.176951206775297E-005  2.803641359774794E-006
  2.185789845976364E-006  1.500538952136777E-005
 -3.103235209377091E-006  8.890822383978539E-006
          11  1.094835047080455E-005 -6.527781535474549E-006
  1.256591169207471E-005  1.023426942982601E-005
 -1.927396617968823E-006  8.298149386275405E-006
          12  2.691233370757100E-006 -1.274167251652175E-005
  1.778911965300070E-005 -2.512406800103619E-006
 -1.545738638252827E-006  7.595488857363444E-006
          13 -8.548312380365499E-006 -1.014270985547783E-005
  1.190926201082476E-005 -1.767282721241009E-005
 -1.320497899770427E-006  7.607917755121393E-006
          14 -1.406764973313357E-005  1.940933696449996E-006
 -4.943811315953705E-006 -2.605794756199175E-005
 -8.117212667464256E-007  7.779603396762644E-006
          15 -6.247289228502073E-006  1.576792522706508E-005
 -2.566840846344463E-005 -2.000805038961304E-005
  1.127841016528425E-008  7.670946198111078E-006
          16  1.325829244636864E-005  1.794933337549891E-005
 -3.784378386271457E-005  7.506629994156955E-007
  4.353075849537474E-007  7.100369916266810E-006
          17  3.048943754822019E-005  6.621102629467229E-008
 -3.182226104243902E-005  2.594099325249213E-005
  5.350127039580111E-007  7.121421015603718E-006
          18  2.641124768532889E-005 -3.161578012906673E-005
 -8.224764608806374E-006  3.962492965780170E-005
  7.298850212525637E-007  6.871163327184349E-006
          19 -7.940538167008587E-006 -5.325580339450436E-005
  1.725980525039449E-005  3.033234748237331E-005
  2.563068022522754E-007  6.978547385534232E-006
          20 -5.642542579700731E-005 -3.800623377722763E-005
  2.422916194373791E-005  5.050051453407849E-006
 -1.305643728261593E-007  8.298730946831702E-006
          21 -8.066811150269886E-005  1.972249942310933E-005
  5.485921227767174E-006 -1.371453377762042E-005
  5.820056134074055E-007  1.093828925516083E-005
          22 -4.585907621571414E-005  8.657111230483059E-005
 -2.247210070636443E-005 -3.315483266308616E-006
  4.336409248245821E-006  1.327642168822636E-005
          23  4.131553357604682E-005  1.040312385358930E-004
 -2.658892916415943E-005  3.359708627982704E-005
  9.790818008440184E-006  1.259945731914919E-005
          24  1.184642834673465E-004  3.641794017922263E-005
  1.159366197052875E-005  6.297251298956976E-005
  1.447904125158131E-005  8.331847578219351E-006
          25  1.074924785607276E-004 -7.892658588628934E-005
  6.988952075649291E-005  4.337246887173772E-005
  1.552236574629598E-005  1.292201716562853E-006
          26 -5.123570150399962E-006 -1.401382330615924E-004
  9.043128593549853E-005 -2.841206006890457E-005
  1.168368562019053E-005 -4.753606339674651E-006
          27 -1.268261076177152E-004 -7.201118524588387E-005
  3.551662847106757E-005 -9.507372391700765E-005
  4.832667977108460E-006 -6.342229601453711E-006
          28 -1.306196770650977E-004  7.836755868228790E-005
 -5.985808977958225E-005 -8.520353316285526E-005
 -4.409239327198940E-007 -2.388395171267604E-006
          29  8.123148561161736E-006  1.612019127555923E-004
 -1.051805328881207E-004  7.264252444106788E-006
 -2.817128096406989E-007  3.559851641781171E-006
          30  1.571188170920951E-004  7.329154161375856E-005
 -4.585854440544270E-005  9.697696922179855E-005
  4.316319927513904E-006  6.516047228660713E-006
          31  1.499404071089405E-004 -1.107730530546024E-004
  6.473648366653010E-005  8.835989875470361E-005
  8.910659825415007E-006  4.473144923160004E-006
          32 -2.414640785595322E-005 -1.959542337456518E-004
  1.097457389701407E-004 -1.644676358432874E-005
  9.587457530945620E-006  2.124246644771784E-007
          33 -1.873799898493888E-004 -7.962447793403139E-005
  3.442412733494146E-005 -1.065672062135856E-004
  7.028930965514115E-006 -1.755403176255110E-006
          34 -1.624867249749235E-004  1.221320178107220E-004
 -8.354089613796337E-005 -7.906932817883054E-005
  5.361633393038315E-006 -2.382670379083850E-007
          35  2.603518634740526E-005  1.947039341408608E-004
 -1.139668429148457E-004  4.196362799411428E-005
  7.274276089230411E-006  1.524903446861672E-006
          36  1.736122194517696E-004  6.419823755648171E-005
 -1.930038046443161E-005  1.270644111834120E-004
  1.077703392029308E-005 -2.257230266061719E-007
          37  1.251169600112939E-004 -1.193399547755832E-004
  1.004862161430418E-004  8.392260675506190E-005
  1.155470688109256E-005 -5.367368408948736E-006
          38 -5.384180240951731E-005 -1.545366778240865E-004
  1.183086698752154E-004 -3.842671516263035E-005
  7.550127211792951E-006 -9.456080180974992E-006
          39 -1.588062090334396E-004 -1.314821076917640E-005
  2.347143107636285E-005 -1.067556466775774E-004
  2.203512484503157E-006 -8.899639094410699E-006
          40 -7.843252389293367E-005  1.381593388593439E-004
 -7.276855607937775E-005 -5.502785677403095E-005
 -1.603431958891547E-007 -4.999543246389436E-006
          41  8.868981798846332E-005  1.317571850742351E-004
 -6.529411368906682E-005  4.809802179589500E-005
  1.742800858761623E-006 -1.627176519774708E-006
          42  1.552718980432874E-004 -1.672456878030869E-005
  3.021417917879193E-005  8.091973595646400E-005
  4.918042988013328E-006 -1.997679350294410E-006
          43  5.561485937212563E-005 -1.386732090809926E-004
  1.002985970147137E-004  6.185031682478822E-006
  6.017928317272859E-006 -4.766737390285218E-006
          44 -9.176785842156242E-005 -1.045233894435547E-004
  6.311171064452756E-005 -9.321085231882393E-005
  4.457123857377410E-006 -7.269068561181696E-006
          45 -1.229929194019460E-004  3.702130319035843E-005
 -4.575769332804515E-005 -1.081627130023178E-004
  1.662182299746894E-006 -7.205958693313051E-006
          46 -1.115602372236268E-005  1.219224193784125E-004
 -1.132550652588687E-004 -1.980125201814272E-005
  7.638917889288878E-007 -5.474266527535903E-006
          47  1.116853523037964E-004  5.593858272602314E-005
 -7.180132615147529E-005  8.249200498274762E-005
  1.947098849422925E-006 -4.439203844485248E-006
          48  1.044479933426834E-004 -8.658755550168582E-005
  3.520319127277375E-005  9.827392944576409E-005
  3.500496068988251E-006 -5.736952315598545E-006
          49 -3.209087279577346E-005 -1.470430317961059E-004
  1.000035384598027E-004  1.607122910268523E-005
  2.603100427734204E-006 -8.503639405375284E-006
          50 -1.564829347704806E-004 -5.139226718509858E-005
  6.271327240030523E-005 -7.638398028244986E-005
 -2.255707274657543E-007 -9.595701108530311E-006
          51 -1.356126420644468E-004  1.110223634261146E-004
 -3.181222399669902E-005 -8.987855651118827E-005
 -3.023538234303595E-006 -8.426749024691413E-006
          52  1.831272452067738E-005  1.799186481988162E-004
 -8.826765141226293E-005 -1.731672637149248E-005
 -3.984012675987024E-006 -5.923590890897299E-006
          53  1.607927382653019E-004  8.511899094396831E-005
 -5.411038682055371E-005  6.436833386099528E-005
 -2.902556011532731E-006 -4.544560762414802E-006
          54  1.579529663942887E-004 -8.683028186117926E-005
  2.999595781427042E-005  7.500794212557521E-005
 -1.981022466506127E-006 -4.730986029716189E-006
          55  1.212551211097208E-005 -1.773066788027292E-004
  7.999032886964736E-005  9.841271185976992E-006
 -2.194166667138128E-006 -5.772143805381148E-006
          56 -1.421087492615091E-004 -1.047355364809860E-004
  4.952720176486556E-005 -6.377297530552039E-005
 -3.823435774615051E-006 -6.141735917443670E-006
          57 -1.663489308909603E-004  6.285548885855491E-005
 -2.664558658306596E-005 -7.354093743428279E-005
 -5.207552876959381E-006 -4.755038046438566E-006
          58 -4.203618789334027E-005  1.761871373187963E-004
 -7.180320416376134E-005 -1.477774876234897E-005
 -5.181823556120014E-006 -2.758693429101642E-006
          59  1.207414152311322E-004  1.399895103519423E-004
 -4.354118657224705E-005  5.266654828445333E-005
 -3.456275048818289E-006 -1.711935540139481E-006
          60  1.865431890235788E-004 -1.051174115396590E-005
  2.875430103627526E-005  6.125252706315786E-005
 -1.729283431818879E-006 -2.816172244311492E-006
          61  1.087024345430834E-004 -1.499224683002823E-004
  7.305048602831623E-005  3.343406638103046E-006
 -1.888807497704748E-006 -4.973014307540168E-006
          62 -4.196673042316112E-005 -1.737906795040626E-004
  4.835902131320230E-005 -6.588382279703024E-005
 -3.878717354780024E-006 -6.549236470021700E-006
          63 -1.476737106419533E-004 -7.844635502905698E-005
 -2.306976487571861E-005 -8.453429000218938E-005
 -6.616724186700967E-006 -6.264327506683642E-006
          64 -1.424609331336212E-004  5.083171541892690E-005
 -7.804937393870036E-005 -3.855873491774840E-005
 -8.500076223310382E-006 -4.458787997202827E-006
          65 -5.208044776912645E-005  1.213514987441196E-004
 -7.415604333844968E-005  2.799676148319880E-005
 -9.204680623334762E-006 -2.382844863720732E-006
          66  4.457712176652667E-005  1.016082452876275E-004
 -2.405201446062460E-005  6.121045901535344E-005
 -9.017368633488393E-006 -5.878399954800701E-007
          67  8.473346711280635E-005  2.991181831669075E-005
  2.456188043561977E-005  4.197845977737112E-005
 -8.563838117926680E-006  6.369979512015060E-007
          68  6.274795315425762E-005 -3.283590574920588E-005
  3.263284813190625E-005 -1.225523866235811E-006
 -8.252270573835743E-006  1.563239056458404E-006
          69  1.425850778637407E-005 -5.380995546309149E-005
  3.643581450684030E-006 -2.455068420049504E-005
 -8.012374688640451E-006  2.731962562887999E-006
          70 -2.491895525193202E-005 -3.827549666950943E-005
 -2.652656602945821E-005 -9.587136523470626E-006
 -7.288394471910559E-006  4.011859467200196E-006
          71 -4.096105012501634E-005 -7.026392221175606E-006
 -2.514325358110562E-005  2.372697292515348E-005
 -6.040620639972017E-006  5.010539055677080E-006
          72 -3.550566275001910E-005  2.520101096267563E-005
  6.040139846082809E-006  3.842114281460276E-005
 -4.433158883584295E-006  5.306468700067630E-006
          73 -1.017735692428524E-005  5.034080897865169E-005
  3.597608274296781E-005  1.910345187063114E-005
 -3.242518489609750E-006  4.782471192260213E-006
          74  3.305479786131683E-005  5.520222461432678E-005
  3.726982293585772E-005 -1.691627085981551E-005
 -2.742684559301995E-006  3.890934030679611E-006
          75  7.839626086135713E-005  2.322665796494770E-005
  1.032672854280004E-005 -3.752526002496097E-005
 -3.018873664059276E-006  3.383991575538410E-006
          76  9.107763081571140E-005 -4.611547778471341E-005
 -1.781698567738192E-005 -2.995519793655030E-005
 -3.382653925365674E-006  3.541135548862629E-006
          77  4.025535509943252E-005 -1.167782553855098E-004
 -2.647276899995953E-005 -8.941333937641921E-006
 -3.520357308022008E-006  3.834411871703704E-006
          78 -6.284643092578532E-005 -1.298385288131701E-004
 -1.727802493859078E-005  3.300220761912708E-006
 -3.531996957894128E-006  4.285119004231009E-006
          79 -1.543001004053512E-004 -5.223295216572144E-005
 -1.109729366267928E-005 -1.942341640118268E-006
 -3.651691446355048E-006  4.922105332442511E-006
          80 -1.583412013652734E-004  8.282914290550969E-005
 -2.234349356372635E-005 -6.915823027655456E-006
 -3.467328463432504E-006  6.091695478782508E-006
          81 -4.949465296414921E-005  1.838136767394996E-004
 -3.933521230972270E-005  8.274076037794178E-006
 -2.272261775782136E-006  7.311991119801611E-006
          82  1.081396523163298E-004  1.654607869515453E-004
 -3.671374989983075E-005  4.247219454875428E-005
 -4.293430305975629E-007  7.857909148929240E-006
          83  1.998901980608241E-004  2.666285177608076E-005
  1.064340495746265E-007  6.754952291532057E-005
  1.555588795284928E-006  7.284411916878696E-006
          84  1.495215198477299E-004 -1.383407360071170E-004
  5.046367809235224E-005  5.382477831884009E-005
  2.937609565530978E-006  5.743480569276790E-006
          85 -1.557060762574357E-005 -2.045324601349298E-004
  7.535815230000542E-005  1.402616725083758E-006
  3.217931002868184E-006  3.884886617940500E-006
          86 -1.732264089671003E-004 -1.129795320594883E-004
  4.911216014113675E-005 -5.498328848352948E-005
  2.334026533803542E-006  2.306757289472187E-006
          87 -1.973993491700860E-004  7.135547000747678E-005
 -1.292989366683667E-005 -7.011170116618292E-005
  7.936448140114345E-007  1.827592413394901E-006
          88 -6.309993303953703E-005  2.054305851514680E-004
 -6.420362163563107E-005 -3.009857513528505E-005
 -4.515646927743762E-007  2.629423937825925E-006
          89  1.291715661926505E-004  1.795489537550239E-004
 -6.307973233058387E-005  3.621879502978982E-005
 -7.192024580028800E-007  3.965100694145410E-006
          90  2.275565945441605E-004  7.341695624480486E-006
 -7.358526811244815E-006  7.453341060945028E-005
 -1.994181959963839E-008  4.974861262718690E-006
          91  1.490647979150006E-004 -1.790593846479237E-004
  5.664180351547557E-005  5.096368310621559E-005
  8.726683746785396E-007  5.343906141964867E-006
          92 -4.931771669738340E-005 -2.310904808345888E-004
  7.483725567226286E-005 -1.633346336197605E-005
  1.487327379786305E-006  5.479792679085299E-006
          93 -2.132613009400833E-004 -1.044074627528791E-004
  2.901384720828521E-005 -7.120421550066082E-005
  2.188603583694542E-006  5.714629955318252E-006
          94 -2.123435001236588E-004  1.040189330641951E-004
 -4.358752850682502E-005 -6.498152954784033E-005
  3.224987541123031E-006  5.915513407292715E-006
          95 -4.559270808056237E-005  2.296468800080982E-004
 -8.176577460997991E-005 -1.452809021056224E-006
  4.577365032405192E-006  5.628695586938970E-006
          96  1.550422680802042E-004  1.719333148792864E-004
 -5.175697408183692E-005  6.808159468956218E-005
  5.792259475463404E-006  4.496380154989289E-006
          97  2.284176039635878E-004 -2.313395707484950E-005
  2.290739473937104E-005  8.420592706484443E-005
  6.221757842554818E-006  2.878472347603150E-006
          98  1.155718575650986E-004 -1.978444869810942E-004
  7.929210827459407E-005  3.282191607522088E-005
  5.520734380904845E-006  1.404058854703001E-006
          99 -9.151480430328803E-005 -2.111216062948489E-004
  6.994381490882007E-005 -4.319714243632697E-005
  4.069245268842131E-006  1.073960654373185E-006
         100 -2.257059887963325E-004 -5.373089591878191E-005
  1.214482520474773E-006 -7.851330048046615E-005
  3.193013006122485E-006  2.215178863160940E-006
         101 -1.813735244985528E-004  1.475137751997227E-004
 -6.717152598184046E-005 -4.086390794174912E-005
  3.888407162968666E-006  3.904695175647037E-006
         102  4.105366856047348E-006  2.338950338564890E-004
 -7.526783344239655E-005  3.810840627550584E-005
  6.210077887067018E-006  4.636608635937644E-006
         103  1.832087489138395E-004  1.411477192795044E-004
 -1.378007422132245E-005  9.227879131404730E-005
  8.945805450629223E-006  3.387597601928158E-006
         104  2.191814800386779E-004 -5.254784777679125E-005
  6.819163325858608E-005  7.384464075149058E-005
  1.047690041804159E-005  3.494417408068985E-007
         105  9.284173389842143E-005 -1.956283288132188E-004
  1.027577992153357E-004 -3.556058074826530E-006
  9.748669333840632E-006 -3.090343246378165E-006
         106 -9.043779611510368E-005 -1.843806879125402E-004
  6.205305909380194E-005 -7.706222168087169E-005
  7.219836898164077E-006 -5.107410643119585E-006
         107 -1.888783331424424E-004 -3.915474954779109E-005
 -1.930956223087012E-005 -8.773663167343688E-005
  4.532605478762272E-006 -4.974858232239757E-006
         108 -1.360213599503405E-004  1.188421274773489E-004
 -7.277078713057408E-005 -2.977671218057029E-005
  3.248355117634697E-006 -3.489949065950904E-006
         109  1.347047948685132E-005  1.696669106606610E-004
 -5.557857737261191E-005  4.400175069837282E-005
  3.619510183727813E-006 -2.065610004904593E-006
         110  1.379291677479719E-004  8.594720461929877E-005
  1.402632343214080E-005  6.940114710899493E-005
  4.956165140384796E-006 -1.822558803563492E-006
         111  1.470545879530053E-004 -5.656175638542214E-005
  7.314169725436018E-005  2.423417770899611E-005
  6.100266552400151E-006 -2.962205345604123E-006
         112  4.546635264607559E-005 -1.478581473034106E-004
  6.806783382912872E-005 -5.110185588195705E-005
  6.178271796190844E-006 -4.890194384804144E-006
         113 -8.376112091427208E-005 -1.270205062710122E-004
  1.541030948669010E-006 -9.185047849724515E-005
  4.839473324488670E-006 -6.493457966980631E-006
         114 -1.470582313157054E-004 -1.979812836542992E-005
 -7.319394645998396E-005 -6.185967342382975E-005
  3.070866888363009E-006 -6.917224054876573E-006
         115 -1.095192017418095E-004  9.111874860591224E-005
 -9.547138124672369E-005  1.667035893425941E-005
  1.754106951572328E-006 -6.493407360774318E-006
         116 -9.771773153272400E-006  1.335400891493153E-004
 -4.951417241945821E-005  8.298816409190495E-005
  1.122839740475343E-006 -5.767842929213864E-006
         117  8.013754715230172E-005  9.326948690378802E-005
  2.883131733192233E-005  9.030022682635617E-005
  1.024349439660462E-006 -5.439817118794378E-006
         118  1.094699210773361E-004  1.052365933470910E-005
  8.153563951800363E-005  3.796993574833085E-005
  8.541657256788144E-007 -5.380267155975424E-006
         119  7.638371351394274E-005 -5.809381226207317E-005
  7.540944443804063E-005 -2.827515300513828E-005
  6.732677911243227E-007 -5.366079075199402E-006
         120  1.573740849417280E-005 -8.084059374371479E-005
  2.816760901125940E-005 -6.008981110099201E-005
  4.116317509423753E-007 -5.423367431554063E-006
         121 -3.550887019346937E-005 -6.124977573513246E-005
 -1.498127159500060E-005 -4.435079721889226E-005
  3.008583482075231E-007 -5.465623686361616E-006
         122 -5.909245495095273E-005 -1.914367935569735E-005
 -2.121973571593003E-005 -1.041555702976556E-005
  1.780113829843781E-007 -5.757484351035577E-006
         123 -5.058812914216609E-005  2.447348791938476E-005
  9.026114565856736E-007  2.856744779700633E-006
 -1.333332200533041E-007 -6.287053264663606E-006
         124 -1.693665245074639E-005  5.170407226785057E-005
  1.791834136068447E-005 -1.486621718345347E-005
 -9.250989977072532E-007 -6.989073555926573E-006
         125  2.954104773791183E-005  4.942718754505244E-005
  4.625784370567081E-006 -4.092979815105835E-005
 -2.295434467434706E-006 -7.157683577457948E-006
         126  6.523922674501942E-005  9.867569642981194E-006
 -3.008129405074118E-005 -4.312795203486900E-005
 -3.585151037906225E-006 -6.680400743929195E-006
         127  5.916533216763808E-005 -5.311900160417020E-005
 -5.546280518246752E-005 -1.438531891567840E-005
 -4.509256245508897E-006 -5.777794580197798E-006
         128 -2.827007311453699E-006 -9.699807006119420E-005
 -4.982007564558081E-005  2.555837045184802E-005
 -4.859719943067695E-006 -4.812780713040562E-006
         129 -9.047996406813030E-005 -7.435980398112367E-005
 -1.712774378762761E-005  4.617805509300183E-005
 -5.060809949538744E-006 -4.078932599810984E-006
         130 -1.362811894985433E-004  2.169262340477704E-005
  1.517779120439864E-005  3.662703044343690E-005
 -5.058894056073425E-006 -3.370516436083227E-006
         131 -8.523494529019176E-005  1.331639767324583E-004
  2.663714884223253E-005  1.239892118254696E-005
 -4.890986833450488E-006 -2.908495945520503E-006
         132  4.847378375327159E-005  1.690911681287669E-004
  1.874782367240932E-005 -4.089545430964026E-006
 -4.725062484257120E-006 -2.659387714187801E-006
         133  1.723742671508770E-004  8.025790353925843E-005
  1.063550124511346E-005 -5.360434705793251E-006
 -4.688084885970596E-006 -2.684827839084658E-006
         134  1.826458100136359E-004 -8.378091374100220E-005
  1.371868304965373E-005 -4.739965129717976E-006
 -4.910745130879884E-006 -2.773507687945440E-006
         135  5.376788078188122E-005 -2.018702457268900E-004
  1.948991586436703E-005 -1.689875739779929E-005
 -5.431365731301774E-006 -2.878012549042787E-006
         136 -1.278168500569547E-004 -1.727165141334442E-004
  8.421719843182926E-006 -3.899715465980573E-005
 -6.368308776288521E-006 -2.679006124808388E-006
         137 -2.198449891301285E-004 -4.408241914910588E-006
 -2.625257586469269E-005 -4.679039280833859E-005
 -7.363001909204354E-006 -1.837077019248905E-006
         138 -1.389599567462191E-004  1.769211378932663E-004
 -6.288823185476477E-005 -1.918289636960601E-005
 -7.917037675923476E-006 -4.030126363103471E-007
         139  6.010613899551249E-005  2.229148392801491E-004
 -6.610888918799381E-005  3.712216107313325E-005
 -7.657731736778900E-006  1.152314676075209E-006
         140  2.205991229412509E-004  8.821732115758294E-005
 -1.677114595259758E-005  8.270497617186646E-005
 -6.752906413140834E-006  2.219598928386208E-006
         141  2.092254479768885E-004 -1.254653200878086E-004
  6.023730935903961E-005  7.153738731710770E-005
 -5.750494330810365E-006  2.516161192147614E-006
         142  2.937808964572388E-005 -2.466434055260961E-004
  1.057197230101202E-004 -4.424372027984372E-006
 -5.221401708523202E-006  2.312168161588484E-006
         143 -1.765518976702716E-004 -1.761613545091544E-004
  7.260321945200072E-005 -9.806438285591364E-005
 -5.270252849656642E-006  2.157739420772705E-006
         144 -2.441589011017925E-004  2.902454900662956E-005
 -3.024857327192404E-005 -1.367826246921611E-004
 -5.583994833354691E-006  2.452774849201486E-006
         145 -1.232505496998917E-004  2.029415853650750E-004
 -1.343424882301724E-004 -7.970708576692073E-005
 -5.605349295986817E-006  3.128059473349739E-006
         146  8.199781048569469E-005  2.090965688448483E-004
 -1.617954032560866E-004  4.248573497036951E-005
 -5.277930839691365E-006  3.687788355308099E-006
         147  2.021848930953187E-004  5.280943423101677E-005
 -8.659535376287480E-005  1.473781145498678E-004
 -4.903197423387519E-006  3.919350639896096E-006
         148  1.458199900429778E-004 -1.272608482972730E-004
  4.200075716118803E-005  1.604656167696167E-004
 -4.903075270258884E-006  3.900673666429895E-006
         149 -2.833591076692161E-005 -1.795733459482313E-004
  1.336501419121588E-004  7.503165896921445E-005
 -5.412623158444301E-006  4.261689755476850E-006
         150 -1.642426467035831E-004 -6.541628095688915E-005
  1.281395733395772E-004 -4.319642943486415E-005
 -5.948468231137938E-006  5.295797153990324E-006
         151 -1.428662256562912E-004  1.097267403356967E-004
  4.037098720825885E-005 -1.070995492980831E-004
 -6.013758763918159E-006  7.103016707315020E-006
         152  1.724195927691602E-005  1.898639013268688E-004
 -5.169204793629053E-005 -7.841760199603239E-005
 -4.842997488254382E-006  9.181198118647587E-006
         153  1.789810534429213E-004  1.004795885700936E-004
 -7.658745332074827E-005  2.435284511003128E-006
 -2.573586329804093E-006  1.046078042475165E-005
         154  2.006972267272283E-004 -9.075441710992515E-005
 -2.599640754548594E-005  5.802139706596404E-005
 -7.998438696087210E-009  1.034432742445399E-005
         155  5.372027143945273E-005 -2.260981577537394E-004
  4.093304719212308E-005  4.005903450702900E-005
  1.676383966332403E-006  9.159591728410604E-006
         156 -1.483286718275438E-004 -1.887875643105069E-004
  5.511598817753054E-005 -2.679776553367698E-005
  2.352204765201498E-006  8.021346003660986E-006
         157 -2.426848354806897E-004 -1.962444827279933E-006
 -2.215319769949359E-007 -7.546326352752630E-005
  2.509948001836082E-006  7.296479184625192E-006
         158 -1.503378277684458E-004  1.876870852085503E-004
 -7.854844600043558E-005 -5.164171708324453E-005
  2.642956529788088E-006  7.219942699779481E-006
         159  5.670223030673964E-005  2.275189659155073E-004
 -1.063754560520692E-004  3.365580013653877E-005
  3.243598039967337E-006  7.402595250384215E-006
         160  2.095581990263416E-004  8.499122081530003E-005
 -5.206013348922877E-005  1.136532554983930E-004
  4.395964227755621E-006  7.437595442788450E-006
         161  1.826288195621674E-004 -1.189863041449639E-004
  4.999216089587256E-005  1.207360259731674E-004
  5.826117104937072E-006  6.638201419563629E-006
         162  2.721641143936940E-006 -2.126180920500014E-004
  1.195795114805059E-004  4.381590575096383E-005
  6.548946457799810E-006  5.165596608922703E-006
         163 -1.751108612463876E-004 -1.183951677116400E-004
  1.021528129257622E-004 -5.706591205297897E-005
  6.411382003174229E-006  3.850846593908309E-006
         164 -1.975968645067313E-004  8.140654698675226E-005
  1.319866405737422E-005 -1.025584686833070E-004
  5.906607335666318E-006  3.251728398823608E-006
         165 -4.508479394112000E-005  2.129079205336144E-004
 -7.217389777069233E-005 -5.734009223336816E-005
  5.773385356799964E-006  3.243850363222192E-006
         166  1.497049701528392E-004  1.623345552599026E-004
 -8.213408456927492E-005  3.623504473543587E-005
  6.235637265685827E-006  3.223773731248600E-006
         167  2.197085680508429E-004 -2.516534165276296E-005
 -9.506742804829820E-006  9.612164889413308E-005
  7.018823935469561E-006  2.709482894213119E-006
         168  1.082864126649343E-004 -1.878147945374423E-004
  8.275935387123728E-005  6.810863978793465E-005
  7.581924420691434E-006  1.617624837582133E-006
         169 -8.307758857552087E-005 -1.895248665405829E-004
  1.134279248624088E-004 -2.669834983024010E-005
  7.573730335055271E-006  2.951997199966655E-007
         170 -1.877380917402240E-004 -3.987090618943890E-005
  5.319835544425238E-005 -1.107763240257257E-004
  6.987992237307443E-006 -8.150147536878678E-007
         171 -1.251974894110530E-004  1.199017298414282E-004
 -5.351627793752051E-005 -1.144090633504243E-004
  6.134348279387904E-006 -1.402137298705598E-006
         172  3.142126954309060E-005  1.505598754002295E-004
 -1.239367073252693E-004 -3.189906787085215E-005
  5.405790216956487E-006 -1.496985384218748E-006
         173  1.306335000279968E-004  4.033116579674824E-005
 -1.051700629977959E-004  7.467014928396270E-005
  5.020650485485412E-006 -1.335878271741304E-006
         174  8.607339662945985E-005 -9.176800160866323E-005
 -1.354656755583469E-005  1.283808943504127E-004
  4.970381458347120E-006 -1.202116320302568E-006
         175 -4.638337990667594E-005 -1.146024070790224E-004
  8.338894448530440E-005  9.546742036987241E-005
  5.096846003792293E-006 -1.226381076264577E-006
         176 -1.294512517839650E-004 -9.199143548108399E-006
  1.200927285615243E-004  6.335140317020210E-006
  5.253462547133039E-006 -1.399075718117745E-006
         177 -7.663504609216612E-005  1.186537315549912E-004
  8.111743981909369E-005 -7.271610757996376E-005
  5.403768864457222E-006 -1.603052661851312E-006
         178  6.698244958044754E-005  1.394440571652901E-004
  5.622562463757808E-006 -9.326208404373428E-005
  5.696033425915793E-006 -1.826854859189586E-006
         179  1.662713500554788E-004  2.320684985496690E-005
 -5.009998309447884E-005 -5.615642439641913E-005
  6.165935940174598E-006 -2.285186719391135E-006
         180  1.227691486350231E-004 -1.312193409160885E-004
 -5.669380725197267E-005 -1.833977033263788E-006
  6.621853259039713E-006 -3.154451087219344E-006
         181 -3.504394854009723E-005 -1.865630607317812E-004
 -2.779012703820803E-005  2.881320982115893E-005
  6.735777206963771E-006 -4.423144760588054E-006
         182 -1.772470871037626E-004 -8.797141567229495E-005
  1.953211048669283E-006  2.600543232983991E-005
  6.291351580888331E-006 -5.746888647014073E-006
         183 -1.828259072305941E-004  8.862706804054747E-005
  1.045617266406952E-005  9.737861933465155E-006
  5.450265100896930E-006 -6.859396406885927E-006
         184 -4.481306196958456E-005  2.006675234542320E-004
  3.338480290300733E-006  3.825742820553042E-006
  4.322834668281949E-006 -7.677740799249603E-006
         185  1.272110262936740E-004  1.607441051110522E-004
  7.035839233180373E-007  1.299682512451167E-005
  3.053804968398854E-006 -8.067979830150412E-006
         186  2.010789999013863E-004  4.101938430234846E-006
  1.543392231545359E-005  2.342214539238908E-005
  1.908814688813697E-006 -8.032376266406418E-006
         187  1.270241099855326E-004 -1.465494042381307E-004
  4.156537915228334E-005  1.480503323628789E-005
  1.132895754978997E-006 -7.770711895416403E-006
         188 -2.989038592663781E-005 -1.809611863151349E-004
  5.594699813642704E-005 -1.785522927872023E-005
  6.651194276789314E-007 -7.670396100276559E-006
         189 -1.474836654872829E-004 -8.470252315188750E-005
  4.102301535891032E-005 -5.740968508892019E-005
  1.639455289494572E-007 -7.768077776714281E-006
         190 -1.433856067059026E-004  5.729116761416871E-005
 -1.884323397078729E-006 -7.801039758500407E-005
 -4.142740616294607E-007 -7.934604985538783E-006
         191 -3.644957719641008E-005  1.333158454728770E-004
 -4.966966519565748E-005 -6.264527116210648E-005
 -1.090841591625495E-006 -8.108124019449869E-006
         192  7.904019173639579E-005  9.528893271976801E-005
 -7.402117214985033E-005 -1.917089937287090E-005
 -1.903799795032008E-006 -8.354755480866152E-006
         193  1.120252922659101E-004 -1.376535253953998E-005
 -6.287769625763962E-005  2.683730451292335E-005
 -3.056022152519088E-006 -8.500077630961867E-006
         194  4.393057828416339E-005 -9.783486895127077E-005
 -2.780462637967054E-005  4.928276160150109E-005
 -4.377003649020658E-006 -8.263468723334758E-006
         195 -6.082550413810762E-005 -8.873379159739811E-005
  5.106806206376121E-006  4.296521712798088E-005
 -5.704732686516001E-006 -7.659258456929704E-006
         196 -1.126532650284186E-004  2.530295833427007E-006
  1.834795299792219E-005  2.367803126294486E-005
 -6.884499590274408E-006 -6.599220375159893E-006
         197 -6.709208835688600E-005  9.962241333383297E-005
  1.610140820398668E-005  1.317477859244219E-005
 -7.593644886263640E-006 -5.231065827388088E-006
         198  4.148918237075864E-005  1.199697008172282E-004
  1.857498951208092E-005  1.451151625451076E-005
 -7.832485518344962E-006 -3.865387799431001E-006
         199  1.239154599992036E-004  4.291718618343824E-005
  3.424964221782986E-005  1.162879921417204E-005
 -7.679991391025220E-006 -2.696251988996789E-006
         200  1.115283038637918E-004 -7.010290308260482E-005
  5.230484447952734E-005 -1.196368907239072E-005
 -7.334324265213955E-006 -1.848334737178519E-006
         201  1.444365551888934E-005 -1.276415810233284E-004
  4.751620617961733E-005 -5.528272657098326E-005
 -6.969078513691767E-006 -1.297565470547759E-006
         202 -8.719817238468949E-005 -8.468182095065066E-005
  4.637065988538095E-006 -9.161652137436967E-005
 -6.740189675971802E-006 -1.008145145376176E-006
         203 -1.102014618090504E-004  1.887153522894975E-005
 -6.377783001804364E-005 -8.838835322158075E-005
 -6.788244229177466E-006 -7.808374347170391E-007
         204 -4.125650926068337E-005  9.220803100506152E-005
 -1.188570417934149E-004 -3.016886865100542E-005
 -7.018415474837408E-006 -3.665467835852034E-007
         205  5.261196249480913E-005  7.471665834762259E-005
 -1.166445177456756E-004  5.965208102836850E-005
 -7.189405865152945E-006  2.680742064491137E-007
         206  8.412376813115060E-005 -1.125435944081316E-005
 -4.560234683742366E-005  1.259907414048001E-004
 -7.205145683807951E-006  9.571046979493216E-007
         207  2.543967512276622E-005 -7.885642619207206E-005
  5.616082978395210E-005  1.200236833931552E-004
 -7.173404291667351E-006  1.645288382290129E-006
         208 -6.248220740890998E-005 -5.858795664645672E-005
  1.224343898866088E-004  4.000350894630612E-005
 -7.074845953240881E-006  2.437382513613392E-006
         209 -8.672622160419052E-005  3.286444624149450E-005
  1.084308942949398E-004 -6.243187222211390E-005
 -6.744757338655559E-006  3.318093326378877E-006
         210 -1.140753039338575E-005  1.031759578380095E-004
  2.567425189541500E-005 -1.197456214682564E-004
 -6.107426329591340E-006  4.070660075741833E-006
         211  9.839485858806187E-005  6.752374004265783E-005
 -6.764405067653445E-005 -9.870226168937504E-005
 -5.288343583540087E-006  4.477094461931965E-006
         212  1.264926568419842E-004 -6.102507887245823E-005
 -1.125243740855968E-004 -2.293863887794674E-005
 -4.617548369613917E-006  4.452169524014945E-006
         213  1.845891728707835E-005 -1.672678158476099E-004
 -9.245530891577429E-005  5.282080632471086E-005
 -4.395449175339491E-006  4.269156833874620E-006
         214 -1.540361545950267E-004 -1.326489626900415E-004
 -3.538228108945420E-005  8.660800049911496E-005
 -4.638995308566759E-006  4.282467175877776E-006
         215 -2.381039025328633E-004  5.383095521986847E-005
  1.414591614690176E-005  7.614597821308631E-005
 -5.128964935761601E-006  4.967501442127690E-006
         216 -1.243872914624380E-004  2.600892080631905E-004
  3.597347766813373E-005  5.227166713753900E-005
 -5.125242671274758E-006  6.409214058643229E-006
         217  1.394114978132401E-004  3.025726275276891E-004
  4.580277711427583E-005  3.916424586963697E-005
 -4.131327571680858E-006  8.016100481598530E-006
         218  3.612230115415803E-004  1.034665692332650E-004
  6.774545599572243E-005  2.906805546606493E-005
 -2.160519105082978E-006  9.044955322961798E-006
         219  3.478750674619816E-004 -2.228794761323623E-004
  9.963254933993808E-005 -8.689605603040273E-006
  1.446421141586601E-007  8.863770292504433E-006
         220  6.966284690047179E-005 -4.365132935833891E-004
  1.004938425180766E-004 -8.665060963136109E-005
  1.910123871247106E-006  7.552681146532118E-006
         221 -2.898557744105415E-004 -3.570918050215012E-004
  2.882606153586569E-005 -1.660245723699590E-004
  2.512594993680489E-006  5.678304126452893E-006
         222 -4.650104746850434E-004 -2.175390847425544E-005
 -1.061822211677484E-004 -1.753963862170743E-004
  1.851156261324670E-006  4.259795616937185E-006
         223 -3.180522904583505E-004  3.296888487180358E-004
 -2.283032051337480E-004 -7.090530820217138E-005
  6.923996120000347E-007  3.958973490029013E-006
         224  4.263863025986353E-005  4.359628537958681E-004
 -2.439673588930431E-004  1.106963313583463E-004
 -4.871609647967608E-008  4.736763774307349E-006
         225  3.396956760515791E-004  2.246865031279777E-004
 -1.164773517946903E-004  2.634656763326712E-004
  2.165776396446189E-007  5.856354729303726E-006
         226  3.485930680703529E-004 -1.238406629282234E-004
  9.148702991802517E-005  2.818602131892169E-004
  1.193078888414638E-006  6.527080566882448E-006
         227  8.215616224791201E-005 -3.222780081155972E-004
  2.522863203356540E-004  1.460567290411870E-004
  2.366158325348329E-006  6.608287430355388E-006
         228 -2.173550422990420E-004 -2.128099341652528E-004
  2.678314754140545E-004 -5.798107407448662E-005
  3.352847309266557E-006  6.206528158064080E-006
         229 -2.803577689525002E-004  9.315006507786370E-005
  1.402737166571796E-004 -2.010496816629212E-004
  3.983840791028414E-006  5.681678397371264E-006
         230 -4.819672729020498E-005  3.085714406963866E-004
 -3.135143475800952E-005 -2.045566798915985E-004
  4.468419117331854E-006  5.252618093654796E-006
         231  2.730317909436714E-004  2.205405689491939E-004
 -1.302688392058804E-004 -9.696886104285935E-005
  5.003491030964540E-006  4.921850361991267E-006
         232  3.829099740301384E-004 -1.210451435403297E-004
 -1.120148217611954E-004  1.896870642302749E-005
  5.744714348213505E-006  4.435452767828680E-006
         233  1.465034110031547E-004 -4.301824697836698E-004
 -3.094212046550261E-005  5.426975604217140E-005
  6.421222509294950E-006  3.492419697716876E-006
         234 -2.730480533520096E-004 -4.222506484250558E-004
  1.550893976257252E-005  6.385669233346443E-006
  6.563310062018476E-006  2.237233744570163E-006
         235 -5.390508039121482E-004 -6.230182618023210E-005
 -2.338855767964791E-005 -4.588761265233081E-005
  5.987566556670648E-006  1.237536457444007E-006
         236 -4.151223797097521E-004  3.916162255221331E-004
 -1.041307444162898E-004 -1.803369007589297E-005
  5.156042009822951E-006  1.028674435717288E-006
         237  3.098487043758254E-005  5.842911848449250E-004
 -1.267282646451750E-004  9.422918880651710E-005
  4.770169826892592E-006  1.535049740215438E-006
         238  4.665631469424121E-004  3.540123352044040E-004
 -3.161386565426708E-005  2.020820964687734E-004
  5.228934732577255E-006  2.231957355527402E-006
         239  5.588809374449089E-004 -1.283040628147771E-004
  1.382162921581578E-004  1.992652158606111E-004
  6.478401720041660E-006  2.421077995925999E-006
         240  2.440074037134410E-004 -4.934378249865927E-004
  2.628133179835927E-004  5.557096977396283E-005
  7.951192886411893E-006  1.685980127677019E-006
         241 -2.228921902292466E-004 -4.695834458475119E-004
  2.403316994542746E-004 -1.459571896286161E-004
  9.029100423000407E-006  8.691567180615483E-008
         242 -4.754891023974915E-004 -9.797242336084928E-005
  7.440100246241072E-005 -2.705804431697792E-004
  9.286354926825945E-006 -1.962498381226057E-006
         243 -3.315844970189411E-004  3.078108259392911E-004
 -1.277670356523569E-004 -2.361639752866496E-004
  8.666626620154956E-006 -3.930002076619273E-006
         244  6.680364322860934E-005  4.204792578836309E-004
 -2.360922109843087E-004 -7.323247624138727E-005
  7.413964489753200E-006 -5.411201586638162E-006
         245  3.758023603230781E-004  1.635631157031901E-004
 -1.945253351441917E-004  1.020833148396091E-004
  5.875615547936919E-006 -6.249911211501380E-006
         246  3.362086106664079E-004 -2.300459413969745E-004
 -5.464621236314540E-005  1.805733217711433E-004
  4.421741903626874E-006 -6.440793237631976E-006
         247 -1.262170081333760E-005 -4.175448545509966E-004
  7.558716067989240E-005  1.355865861706038E-004
  3.279463266635480E-006 -6.290186970585393E-006
         248 -3.700227583200198E-004 -2.328768959032725E-004
  1.163294178223809E-004  2.988991927797302E-005
  2.392469091406780E-006 -5.925126516506442E-006
         249 -4.257297476069144E-004  1.755613696564531E-004
  6.981514448978308E-005 -4.617620867922155E-005
  1.886724473034064E-006 -5.419706768243208E-006
         250 -1.196911794238568E-004  4.672863157549421E-004
  2.010153385366903E-006 -4.696372783582299E-005
  1.790469680242809E-006 -5.068218993887440E-006
         251  3.055462952705671E-004  3.944100986907780E-004
 -1.948065657983208E-005  1.163281002118725E-006
  1.863444754542206E-006 -5.167245073096276E-006
         252  5.075035875098825E-004  7.157840430565102E-006
  1.724582942945455E-005  3.355952323838409E-005
  1.607706734724637E-006 -5.643209691706070E-006
         253  3.236734939525713E-004 -3.896314767803052E-004
  6.768416010684090E-005  8.675570336645710E-006
  8.693945545855125E-007 -6.020146745153049E-006
         254 -9.760251307954782E-005 -4.857935951192644E-004
  7.325304784491131E-005 -5.908473712159998E-005
 -8.665147650850379E-008 -5.962202868327689E-006
         255 -4.227025663621400E-004 -2.177673301485999E-004
  1.414851633021010E-005 -1.111316371650951E-004
 -8.337801361807357E-007 -5.431047789502784E-006
         256 -4.077035460122640E-004  1.880189634301635E-004
 -7.175179664257478E-005 -9.799750217458870E-005
 -1.124395965691122E-006 -4.761200045524165E-006
