   5120.00000000000     
         256           1           3
  8.994473019507991E-004   38.3873421759233        112.368922712751     
   18.8300000000000        145.590000000000        6160.02000000000     
           0  0.000000000000000E+000  0.000000000000000E+000
  0.000000000000000E+000  0.000000000000000E+000
  0.000000000000000E+000  0.000000000000000E+000
           1  0.000000000000000E+000  0.000000000000000E+000
  5.013181111141718E-009 -1.592384345027571E-010
 -1.920841886890054E-008  2.895770093741961E-012
           2  0.000000000000000E+000  0.000000000000000E+000
  4.987105541088170E-009 -3.043218232802719E-010
 -2.145406292348023E-008 -9.773926078870932E-010
           3  0.000000000000000E+000  0.000000000000000E+000
  4.951240783135767E-009 -3.424878178342718E-010
 -2.636086217349542E-008  6.339982481876315E-010
           4  0.000000000000000E+000  0.000000000000000E+000
  5.041329320403153E-009 -1.552274836715796E-010
 -3.235433453328020E-008  8.353943909485277E-009
           5  0.000000000000000E+000  0.000000000000000E+000
  5.732145308555038E-009  1.329560611751153E-010
 -3.202681804665297E-008  2.413941053767325E-008
           6  0.000000000000000E+000  0.000000000000000E+000
  7.187665370092275E-009 -7.511902259318211E-010
 -1.566086073160681E-008  3.985880650007764E-008
           7  0.000000000000000E+000  0.000000000000000E+000
  6.781770598115078E-009 -2.342289776571883E-009
  1.397186316225451E-008  3.905915916413605E-008
           8  0.000000000000000E+000  0.000000000000000E+000
  6.625712459607170E-009 -2.967646354330962E-009
  3.956234678424031E-008  7.068704812232439E-009
           9  0.000000000000000E+000  0.000000000000000E+000
  6.382449477551280E-009 -3.997569522131109E-009
  2.349144015982279E-008 -4.469006847393975E-008
          10  0.000000000000000E+000  0.000000000000000E+000
  5.979215310794140E-009 -4.882563941593130E-009
 -4.330405206621488E-008 -6.330361361471204E-008
          11  0.000000000000000E+000  0.000000000000000E+000
  5.140591631953699E-009 -7.848710154661410E-009
 -1.100652797038920E-007 -5.994732970691748E-009
          12  0.000000000000000E+000  0.000000000000000E+000
 -1.785976093692282E-009 -5.926751162524773E-009
 -9.349067245678017E-008  1.108936997688342E-007
          13  0.000000000000000E+000  0.000000000000000E+000
  1.929291072677494E-010  9.254938797187485E-010
  4.435940397514048E-008  1.575264814761666E-007
          14  0.000000000000000E+000  0.000000000000000E+000
  6.503815766329352E-009  1.260683171150155E-009
  1.657121414464045E-007  4.567420116564032E-008
          15  0.000000000000000E+000  0.000000000000000E+000
  1.024111701417786E-008 -3.779833209390103E-009
  1.256233504672949E-007 -1.340873236940462E-007
          16  0.000000000000000E+000  0.000000000000000E+000
  9.052679486242566E-009 -1.200727135513557E-008
 -7.201678379622351E-008 -1.982073582133880E-007
          17  0.000000000000000E+000  0.000000000000000E+000
 -4.578606672914611E-009 -1.421129118323231E-008
 -2.451482831788754E-007 -3.262152906622356E-008
          18  0.000000000000000E+000  0.000000000000000E+000
 -7.988446251108019E-009 -1.721131918459437E-009
 -1.680633318086358E-007  2.101649580690484E-007
          19  0.000000000000000E+000  0.000000000000000E+000
 -3.070009176697673E-010  4.672704942059653E-009
  8.773723637956496E-008  2.647771876664818E-007
          20  0.000000000000000E+000  0.000000000000000E+000
  8.012599748781250E-009  2.369606434652765E-009
  2.745711207650163E-007  6.524696548983703E-008
          21  0.000000000000000E+000  0.000000000000000E+000
  1.213928509662839E-008 -5.484325558946244E-009
  1.941082880563091E-007 -2.119605392537029E-007
          22  0.000000000000000E+000  0.000000000000000E+000
  6.228260404868486E-009 -1.803184351812389E-008
 -1.075368428788577E-007 -2.829686379138758E-007
          23  0.000000000000000E+000  0.000000000000000E+000
 -9.736157971393725E-009 -1.079260746304634E-008
 -3.040786144624324E-007 -3.372864519559707E-008
          24  0.000000000000000E+000  0.000000000000000E+000
 -5.716161664579073E-009  9.448851018205349E-010
 -1.929544501802457E-007  2.370643782304878E-007
          25  0.000000000000000E+000  0.000000000000000E+000
  2.708880284256623E-009  1.896692337549222E-009
  8.601278962352523E-008  2.923061485203230E-007
          26  0.000000000000000E+000  0.000000000000000E+000
  7.857011644733042E-009 -3.243510081351694E-009
  2.809991945211174E-007  8.589774775987352E-008
          27  0.000000000000000E+000  0.000000000000000E+000
  7.478079041475054E-009 -1.375237472433083E-008
  1.989758491131513E-007 -1.868867161247687E-007
          28  0.000000000000000E+000  0.000000000000000E+000
 -1.053266084610036E-008 -1.345085821007071E-008
 -5.791309572822213E-008 -2.286071544045347E-007
          29  0.000000000000000E+000  0.000000000000000E+000
 -6.830274356384529E-009  1.397704945718779E-009
 -2.137493604929172E-007 -8.368046078569500E-008
          30  0.000000000000000E+000  0.000000000000000E+000
  2.440317168672082E-009  1.952909214127302E-010
 -2.037171463681590E-007  1.391271947571353E-007
          31  0.000000000000000E+000  0.000000000000000E+000
  4.347702148001926E-009 -5.754278989044618E-009
  1.731584671355597E-009  2.562633432886204E-007
          32  0.000000000000000E+000  0.000000000000000E+000
  2.377513319431344E-009 -1.122819329241648E-008
  2.037119288342229E-007  1.343696892650882E-007
          33  0.000000000000000E+000  0.000000000000000E+000
 -1.034604715300455E-008 -1.452294799937529E-008
  1.985351545820113E-007 -7.492167980111631E-008
          34  0.000000000000000E+000  0.000000000000000E+000
 -1.185233410645375E-008  2.454905927809116E-009
  5.348410566942218E-008 -2.014091507546686E-007
          35  0.000000000000000E+000  0.000000000000000E+000
 -4.828506599684310E-011  4.288725087739378E-009
 -1.602088465378948E-007 -1.383883457671655E-007
          36  0.000000000000000E+000  0.000000000000000E+000
  4.461152978892273E-009 -2.188990504155414E-009
 -1.910223322963041E-007  8.798498776711171E-008
          37  0.000000000000000E+000  0.000000000000000E+000
  3.285621249864249E-009 -8.090684446856541E-009
 -9.223418304243377E-009  2.010413254637579E-007
          38  0.000000000000000E+000  0.000000000000000E+000
 -1.614022498943389E-009 -1.399284100749325E-008
  1.485247091626892E-007  9.985104361496520E-008
          39  0.000000000000000E+000  0.000000000000000E+000
 -1.528784177908565E-008 -7.711377980443842E-009
  1.517388232822522E-007 -5.459826568562045E-008
          40  0.000000000000000E+000  0.000000000000000E+000
 -8.617002059815655E-009  3.742433939091931E-009
  6.207586992737528E-009 -1.542389175535827E-007
          41  0.000000000000000E+000  0.000000000000000E+000
 -1.438854889824312E-009  2.472622449634420E-009
 -1.381096625966261E-007 -3.204920156486502E-008
          42  0.000000000000000E+000  0.000000000000000E+000
  1.644831503732031E-009 -1.052377912453813E-009
 -6.042582575249039E-008  1.283651649734915E-007
          43  0.000000000000000E+000  0.000000000000000E+000
  2.642406077454771E-009 -6.896408620547020E-009
  1.007190344428247E-007  9.958546664761638E-008
          44  0.000000000000000E+000  0.000000000000000E+000
 -6.851459148964125E-009 -1.219032663611828E-008
  1.276550991593924E-007 -4.515358384370528E-008
          45  0.000000000000000E+000  0.000000000000000E+000
 -1.003744269001344E-008 -3.658593161651539E-009
 -3.418667531491494E-009 -1.514764479704334E-007
          46  0.000000000000000E+000  0.000000000000000E+000
 -8.911896838529364E-009 -1.375030993650219E-009
 -1.713805328074931E-007 -2.440240429744892E-008
          47  0.000000000000000E+000  0.000000000000000E+000
 -7.463920248210494E-009  2.124761628559113E-009
 -8.367506085428371E-008  1.840359778317416E-007
          48  0.000000000000000E+000  0.000000000000000E+000
 -2.212932459872752E-009  2.623599486725950E-009
  1.491436191397842E-007  1.722799175424135E-007
          49  0.000000000000000E+000  0.000000000000000E+000
 -6.346455479089113E-010 -3.217221689599363E-009
  2.372124378216944E-007 -4.717151533769553E-008
          50  0.000000000000000E+000  0.000000000000000E+000
 -4.188474247702328E-009 -4.505365916439161E-009
  7.997366581496850E-008 -2.420939629684094E-007
          51  0.000000000000000E+000  0.000000000000000E+000
 -7.348378911403069E-009 -4.700391466278200E-009
 -1.887118017064284E-007 -1.800378226404846E-007
          52  0.000000000000000E+000  0.000000000000000E+000
 -1.009884314594655E-008 -1.028137807726177E-009
 -2.515994608257425E-007  9.671894275011718E-008
          53  0.000000000000000E+000  0.000000000000000E+000
 -8.157802239466149E-009  3.234604893991408E-009
 -3.456348733366220E-008  2.874414710568474E-007
          54  0.000000000000000E+000  0.000000000000000E+000
 -4.022196785383045E-009  3.654242825241143E-009
  2.472385555845051E-007  1.913500612338042E-007
          55  0.000000000000000E+000  0.000000000000000E+000
 -1.886537408709275E-009  4.844396688417261E-010
  3.064275139570715E-007 -1.124270881975164E-007
          56  0.000000000000000E+000  0.000000000000000E+000
 -4.235431836949334E-009 -2.240930781554040E-009
  6.607896403433806E-008 -3.171768908537787E-007
          57  0.000000000000000E+000  0.000000000000000E+000
 -6.996380074884082E-009 -1.368557512931862E-009
 -2.357330675424911E-007 -2.162236721076850E-007
          58  0.000000000000000E+000  0.000000000000000E+000
 -8.019638435989808E-009  8.540275965603267E-010
 -3.102687921320236E-007  1.047007597668803E-007
          59  0.000000000000000E+000  0.000000000000000E+000
 -7.531913006316303E-009  3.061694336417991E-009
 -5.809936389569499E-008  3.434384031249705E-007
          60  0.000000000000000E+000  0.000000000000000E+000
 -5.463502876128418E-009  5.230165948330323E-009
  2.913922758301304E-007  2.335461470965695E-007
          61  0.000000000000000E+000  0.000000000000000E+000
 -1.784087463202844E-009  1.731463210828319E-009
  3.544960023022964E-007 -1.316900045017599E-007
          62  0.000000000000000E+000  0.000000000000000E+000
 -5.078844265079648E-009  7.339146805113510E-010
  9.570983696181644E-008 -3.733072676715210E-007
          63  0.000000000000000E+000  0.000000000000000E+000
 -5.813937107611123E-009  8.952649577613532E-010
 -2.898555301956613E-007 -2.852285860524209E-007
          64  0.000000000000000E+000  0.000000000000000E+000
 -8.641391248079420E-009  2.128771479131559E-009
 -3.969617916648524E-007  1.452088084838363E-007
          65  0.000000000000000E+000  0.000000000000000E+000
 -9.002475060006439E-009  8.239449375845824E-009
 -3.013713830275256E-008  4.377326777643167E-007
          66  0.000000000000000E+000  0.000000000000000E+000
  1.303972495412723E-009  9.204602384520557E-009
  3.796521912197173E-007  2.264589382542995E-007
          67  0.000000000000000E+000  0.000000000000000E+000
  8.517285719652433E-011  2.579942028729397E-009
  4.243559634723976E-007 -2.145881112443613E-007
          68  0.000000000000000E+000  0.000000000000000E+000
 -1.257501840640372E-009 -8.672548221546748E-010
 -3.123274302211460E-009 -5.144447045857632E-007
          69  0.000000000000000E+000  0.000000000000000E+000
 -8.781912869591601E-009 -1.458089345168144E-009
 -4.653685248082332E-007 -2.013084767972839E-007
          70  0.000000000000000E+000  0.000000000000000E+000
 -1.281756217209326E-008  7.763891562747479E-009
 -3.500578675713799E-007  3.266959443755352E-007
          71  0.000000000000000E+000  0.000000000000000E+000
 -2.251754263077433E-009  1.747094545402704E-008
  1.357859206355280E-007  4.262037765484343E-007
          72  0.000000000000000E+000  0.000000000000000E+000
  5.794701426704777E-009  6.515051091808108E-009
  4.359278426751921E-007  1.128900215448895E-007
          73  0.000000000000000E+000  0.000000000000000E+000
  4.578557229985403E-009  5.462325579936201E-010
  3.266564965974012E-007 -3.687829397787558E-007
          74  0.000000000000000E+000  0.000000000000000E+000
 -3.672797983168892E-009 -5.056344649130365E-009
 -1.911372747929481E-007 -4.309240254501178E-007
          75  0.000000000000000E+000  0.000000000000000E+000
 -1.332687772044359E-008  2.384082071222327E-009
 -4.072368544230209E-007 -1.644715804635501E-008
          76  0.000000000000000E+000  0.000000000000000E+000
 -1.042812567770564E-008  1.617804216048585E-008
 -1.707261207609784E-007  2.942589909366939E-007
          77  0.000000000000000E+000  0.000000000000000E+000
  7.504971502601357E-009  1.526407977148293E-008
  1.285956413581948E-007  2.674587163734279E-007
          78  0.000000000000000E+000  0.000000000000000E+000
  7.519884740458061E-009  5.298897987359777E-009
  3.335200977528258E-007  2.531183759091167E-008
          79  0.000000000000000E+000  0.000000000000000E+000
  3.504344106904171E-009 -3.057199272554751E-009
  1.376728534719692E-007 -2.677464432455846E-007
          80  0.000000000000000E+000  0.000000000000000E+000
 -8.416402106460618E-009 -4.531584115973145E-010
 -9.718000704761627E-008 -1.858967043817457E-007
          81  0.000000000000000E+000  0.000000000000000E+000
 -9.329738490898215E-009  1.241973946666096E-008
 -1.306389448449453E-007 -7.087492139703839E-008
          82  0.000000000000000E+000  0.000000000000000E+000
  6.256641105972591E-009  1.770621384922549E-008
 -1.667595273526600E-007  1.047819988296436E-008
          83  0.000000000000000E+000  0.000000000000000E+000
  8.879850740949632E-009  5.714334041641707E-009
 -6.228130158777582E-008  1.724885201027851E-007
          84  0.000000000000000E+000  0.000000000000000E+000
  6.064437834506960E-009 -7.652889437181761E-010
  7.080726541461233E-008  1.149095459095552E-007
          85  0.000000000000000E+000  0.000000000000000E+000
 -3.316330568668329E-009  1.491029954468670E-010
  1.624027050744762E-007  5.569580070949592E-008
          86  0.000000000000000E+000  0.000000000000000E+000
 -3.939748046865040E-009  8.798227604121103E-009
  1.803814891191671E-007 -1.500620138631208E-007
          87  0.000000000000000E+000  0.000000000000000E+000
  3.569874118324180E-009  1.366113818862131E-008
 -5.238073876567540E-008 -2.630952042605732E-007
          88  0.000000000000000E+000  0.000000000000000E+000
  1.010072055847534E-008  4.790263262583044E-009
 -2.408477002059054E-007 -5.902530125854466E-008
          89  0.000000000000000E+000  0.000000000000000E+000
  7.189667355413476E-009  8.371641404707261E-010
 -1.366421868980297E-007  9.865359687433109E-008
          90  0.000000000000000E+000  0.000000000000000E+000
  1.440436988390036E-009 -1.585034673390250E-009
 -2.859747179796658E-008  1.577405639784210E-007
          91  0.000000000000000E+000  0.000000000000000E+000
 -2.288190940645216E-009  3.751633577301050E-009
  1.205855424512415E-007  9.686061149108514E-008
          92  0.000000000000000E+000  0.000000000000000E+000
  1.448027488222085E-010  8.177554554552680E-009
  1.203606017554544E-007 -4.925103262219156E-008
          93  0.000000000000000E+000  0.000000000000000E+000
  6.354581053525043E-009  1.005951882258026E-008
  3.290266466925350E-008 -9.062350723264329E-008
          94  0.000000000000000E+000  0.000000000000000E+000
  8.331837176439045E-009  4.182101855431084E-009
  2.763268372900119E-008 -7.320672039987273E-008
          95  0.000000000000000E+000  0.000000000000000E+000
  8.009347154593671E-009  2.850678006583971E-010
 -5.244947709613780E-008 -1.549618771755398E-007
          96  0.000000000000000E+000  0.000000000000000E+000
  2.751957263827696E-009 -1.053068567595201E-009
 -1.837331184861524E-007 -5.727762199807059E-008
          97  0.000000000000000E+000  0.000000000000000E+000
  5.777133976580711E-010  2.302717562616577E-009
 -1.880281812726263E-007  1.025088184824835E-007
          98  0.000000000000000E+000  0.000000000000000E+000
  1.013977859871098E-009  6.244965274031400E-009
 -4.811569915961335E-008  2.610468681088103E-007
          99  0.000000000000000E+000  0.000000000000000E+000
  5.741893974044754E-009  6.923631233822565E-009
  2.511934082573488E-007  2.294630249170744E-007
         100  0.000000000000000E+000  0.000000000000000E+000
  9.022708550985566E-009  5.724558314501728E-009
  3.864993419949822E-007 -1.657974927266510E-007
         101  0.000000000000000E+000  0.000000000000000E+000
  9.668202362331478E-009  1.329011760967843E-009
  4.598561754841322E-008 -4.646654386774710E-007
         102  0.000000000000000E+000  0.000000000000000E+000
  7.959365085264667E-009 -1.386406349961909E-009
 -4.140951058555657E-007 -3.237480212132468E-007
         103  0.000000000000000E+000  0.000000000000000E+000
  3.998183798015812E-009 -2.233572647982857E-009
 -5.334190936587695E-007  2.131140093575679E-007
         104  0.000000000000000E+000  0.000000000000000E+000
  2.096228821692370E-009  1.136181339308299E-009
 -6.350344403575346E-008  5.899733286167296E-007
         105  0.000000000000000E+000  0.000000000000000E+000
  3.930638366623191E-009  4.793583912385084E-009
  4.998698354024757E-007  3.135168673525257E-007
         106  0.000000000000000E+000  0.000000000000000E+000
  8.413972974535094E-009  4.395993099670213E-009
  4.984565367351582E-007 -2.988971156136388E-007
         107  0.000000000000000E+000  0.000000000000000E+000
  1.066884916986147E-008  7.596749291944858E-010
 -2.980986761032057E-008 -5.830617256944898E-007
         108  0.000000000000000E+000  0.000000000000000E+000
  9.354087976695788E-009 -3.215131387217074E-009
 -5.178234759962206E-007 -2.524290419301768E-007
         109  0.000000000000000E+000  0.000000000000000E+000
  5.623289148028893E-009 -4.621204840842463E-009
 -4.518411135945605E-007  3.077041435784985E-007
         110  0.000000000000000E+000  0.000000000000000E+000
  2.929092733454316E-009 -2.158461370650713E-009
  3.883033280670772E-008  4.965216157628202E-007
         111  0.000000000000000E+000  0.000000000000000E+000
  3.618140954157509E-009  1.070094598594231E-009
  4.188301238998161E-007  1.835718760051279E-007
         112  0.000000000000000E+000  0.000000000000000E+000
  7.061661844252025E-009  1.548619376162886E-009
  3.122912594830005E-007 -2.823984923002174E-007
         113  0.000000000000000E+000  0.000000000000000E+000
  8.975395940841078E-009 -4.474003013690061E-010
 -1.168290391488824E-007 -3.659897730356485E-007
         114  0.000000000000000E+000  0.000000000000000E+000
  1.008015666583623E-008 -3.494064234153352E-009
 -3.443339425925653E-007 -6.059679339298811E-008
         115  0.000000000000000E+000  0.000000000000000E+000
  6.505595664355403E-009 -7.518392640354014E-009
 -1.962251957678408E-007  2.414938055854776E-007
         116  0.000000000000000E+000  0.000000000000000E+000
  2.459408929256024E-009 -5.385601403309046E-009
  1.005045315954108E-007  2.564950316390154E-007
         117  0.000000000000000E+000  0.000000000000000E+000
  3.463133170804537E-009 -9.516935768620604E-010
  2.587923377252005E-007 -2.487537244222850E-008
         118  0.000000000000000E+000  0.000000000000000E+000
  6.598154556510099E-009 -1.383416526497613E-009
  1.483301313397453E-008 -2.305604429585705E-007
         119  0.000000000000000E+000  0.000000000000000E+000
  9.552957469227845E-009 -2.995280585631195E-009
 -2.024549065381437E-007 -8.580097056631635E-008
         120  0.000000000000000E+000  0.000000000000000E+000
  8.894374360162345E-009 -1.085008120349872E-008
 -1.860857523378951E-007  1.513782770121916E-007
         121  0.000000000000000E+000  0.000000000000000E+000
 -2.618465954051058E-012 -1.022981768694772E-008
  4.972684076538265E-008  2.710781749116678E-007
         122  0.000000000000000E+000  0.000000000000000E+000
 -1.272127587939659E-009 -2.093480389750332E-009
  3.493920840700424E-007  4.095482285510568E-008
         123  0.000000000000000E+000  0.000000000000000E+000
  4.626231647521557E-009 -9.436931786043639E-010
  1.202728310479735E-007 -3.646029439941981E-007
         124  0.000000000000000E+000  0.000000000000000E+000
  8.553110121372548E-009 -2.789450067889812E-009
 -3.166946767655841E-007 -2.730515690000230E-007
         125  0.000000000000000E+000  0.000000000000000E+000
  1.064709412474935E-008 -1.167711492173414E-008
 -4.687483070700667E-007  1.794435065236476E-007
         126  0.000000000000000E+000  0.000000000000000E+000
 -2.174723711349955E-009 -1.530018007789209E-008
 -5.460001960207919E-008  5.928215135986591E-007
         127  0.000000000000000E+000  0.000000000000000E+000
 -7.228755851049211E-009 -4.381718821216284E-009
  6.157893379766486E-007  3.410851175557654E-007
         128  0.000000000000000E+000  0.000000000000000E+000
  1.661303991458868E-009  9.472135672821702E-010
  5.474088404471687E-007 -5.289153879145267E-007
         129  0.000000000000000E+000  0.000000000000000E+000
  6.215248758033789E-009 -2.246499355505968E-009
 -2.945116395470239E-007 -7.047718777163299E-007
         130  0.000000000000000E+000  0.000000000000000E+000
  1.018961571030610E-008 -7.985237968811858E-009
 -8.121318467799076E-007 -5.435165570779169E-008
         131  0.000000000000000E+000  0.000000000000000E+000
  2.761554712392236E-009 -1.892763227310612E-008
 -4.533963162760016E-007  7.883196503679933E-007
         132  0.000000000000000E+000  0.000000000000000E+000
 -9.352142430286537E-009 -1.103839403945383E-008
  5.720455004226962E-007  8.104246430524960E-007
         133  0.000000000000000E+000  0.000000000000000E+000
 -3.916158398965627E-009 -3.770003628841412E-010
  1.030909204127973E-006 -2.724895230091884E-007
         134  0.000000000000000E+000  0.000000000000000E+000
  2.155779397096518E-009 -3.757720102093502E-009
  9.434314462369534E-008 -1.030162256525494E-006
         135  0.000000000000000E+000  0.000000000000000E+000
  4.453449016950608E-009 -6.559771601879644E-009
 -8.972274864032381E-007 -5.202745520457378E-007
         136  0.000000000000000E+000  0.000000000000000E+000
  2.054250805500143E-009 -1.576999782283434E-008
 -9.222171307437130E-007  6.440413808408281E-007
         137  0.000000000000000E+000  0.000000000000000E+000
 -1.049002335187995E-008 -1.139562894089724E-008
  2.394054252572662E-007  1.181661817297248E-006
         138  0.000000000000000E+000  0.000000000000000E+000
 -6.165949503513277E-009 -9.887346077144487E-010
  1.228408915034928E-006  2.111837701246538E-007
         139  0.000000000000000E+000  0.000000000000000E+000
 -5.230302369330258E-010 -5.588467908103173E-009
  6.002202418896762E-007 -9.940341506562493E-007
         140  0.000000000000000E+000  0.000000000000000E+000
 -2.586625216734671E-009 -7.205380965910418E-009
 -6.106054432660132E-007 -9.209033606452762E-007
         141  0.000000000000000E+000  0.000000000000000E+000
 -3.560240921681620E-009 -9.209874077545356E-009
 -1.109829493681517E-006  1.702350320791079E-007
         142  0.000000000000000E+000  0.000000000000000E+000
 -1.010383761092896E-008 -7.224347783030625E-009
 -2.914321355387180E-007  1.090181704218355E-006
         143  0.000000000000000E+000  0.000000000000000E+000
 -7.001414793561373E-009  6.196079477740165E-011
  8.498458740758746E-007  6.970397336580463E-007
         144  0.000000000000000E+000  0.000000000000000E+000
 -8.250607828688682E-010 -3.646757075848843E-009
  8.865786327169279E-007 -4.413574809855186E-007
         145  0.000000000000000E+000  0.000000000000000E+000
 -4.952686293432441E-009 -6.850522921860058E-009
  3.032576411667559E-008 -8.654806514383952E-007
         146  0.000000000000000E+000  0.000000000000000E+000
 -6.161380384885080E-009 -4.431347392223130E-009
 -6.957693856689557E-007 -4.152238581557101E-007
         147  0.000000000000000E+000  0.000000000000000E+000
 -5.778222525126325E-009 -4.766483907787418E-009
 -6.523496292922370E-007  4.246559897590628E-007
         148  0.000000000000000E+000  0.000000000000000E+000
 -7.474026127175796E-009 -2.865132622292914E-009
  9.126334788889906E-008  7.155969470132317E-007
         149  0.000000000000000E+000  0.000000000000000E+000
 -4.786743662279592E-009 -1.783089110181554E-009
  6.030761515734592E-007  2.112129720136363E-007
         150  0.000000000000000E+000  0.000000000000000E+000
 -5.473427453936461E-009 -5.026614372473643E-009
  3.718896135104634E-007 -3.336347373951280E-007
         151  0.000000000000000E+000  0.000000000000000E+000
 -8.280407474420341E-009 -2.576078074316417E-009
 -5.690897899685147E-008 -3.849566275686811E-007
         152  0.000000000000000E+000  0.000000000000000E+000
 -5.983873604974918E-009 -7.494887620558890E-010
 -2.987993808005285E-007 -1.088367514026439E-007
         153  0.000000000000000E+000  0.000000000000000E+000
 -5.389291439658510E-009 -2.397761197381588E-009
 -1.660209971397260E-007  1.790046876176583E-007
         154  0.000000000000000E+000  0.000000000000000E+000
 -5.596252907159904E-009 -2.593644891952581E-009
  5.771718070119323E-008  1.497091103334493E-007
         155  0.000000000000000E+000  0.000000000000000E+000
 -6.673325551144252E-009 -4.507038823187833E-009
  5.695710203921863E-008  2.893050191726906E-008
         156  0.000000000000000E+000  0.000000000000000E+000
 -1.086353774076428E-008 -2.935220707027096E-009
  3.684588355946795E-008  5.396587182807858E-008
         157  0.000000000000000E+000  0.000000000000000E+000
 -1.075215274938413E-008  1.816855139252659E-009
  9.483468535938667E-008  5.021724129008015E-008
         158  0.000000000000000E+000  0.000000000000000E+000
 -7.139211231266850E-009  3.913345299155130E-009
  1.444031391632554E-007 -3.389658412118479E-008
         159  0.000000000000000E+000  0.000000000000000E+000
 -3.867757414768626E-009  2.111990185974416E-009
  7.584714371528316E-008 -1.553403743486889E-007
         160  0.000000000000000E+000  0.000000000000000E+000
 -4.037595927096314E-009 -1.399941033920762E-009
 -7.996527879096355E-008 -1.533555508972516E-007
         161  0.000000000000000E+000  0.000000000000000E+000
 -7.480755880095837E-009 -3.376771093490040E-009
 -1.796209729847518E-007 -2.738016842173768E-008
         162  0.000000000000000E+000  0.000000000000000E+000
 -1.193443627165344E-008 -8.766384198983140E-010
 -1.319502432937267E-007  1.584850913049070E-007
         163  0.000000000000000E+000  0.000000000000000E+000
 -1.216206049628009E-008  4.994922353367598E-009
  6.533996093653458E-008  2.149472895377984E-007
         164  0.000000000000000E+000  0.000000000000000E+000
 -6.907690244233857E-009  7.773717531949623E-009
  2.180183918389396E-007  9.747275302380538E-008
         165  0.000000000000000E+000  0.000000000000000E+000
 -3.395667610066405E-009  5.359491899659099E-009
  2.355105710711289E-007 -9.484942173134050E-008
         166  0.000000000000000E+000  0.000000000000000E+000
 -2.290978428548339E-009  1.974582971829157E-009
  9.695562596021605E-008 -2.707795116052731E-007
         167  0.000000000000000E+000  0.000000000000000E+000
 -6.451952522277693E-009 -2.190336277424302E-009
 -1.809539518642433E-007 -2.165069662187922E-007
         168  0.000000000000000E+000  0.000000000000000E+000
 -1.273101813582761E-008  1.661932108668672E-009
 -2.284702625259882E-007  1.785038869343615E-008
         169  0.000000000000000E+000  0.000000000000000E+000
 -1.123274950324799E-008  9.650799180638199E-009
 -1.495118844141013E-007  1.620543056595667E-007
         170  0.000000000000000E+000  0.000000000000000E+000
 -4.606912216463334E-009  1.022010667055684E-008
  3.048100620345548E-008  2.722612875158321E-007
         171  0.000000000000000E+000  0.000000000000000E+000
 -2.029864455647324E-009  7.937451699919876E-009
  3.050125372466078E-007  1.635558746077360E-007
         172  0.000000000000000E+000  0.000000000000000E+000
 -1.496733528621620E-009  2.538145660217547E-009
  2.951572826834312E-007 -1.696847838105643E-007
         173  0.000000000000000E+000  0.000000000000000E+000
 -8.970127924807259E-009  2.661777537187845E-009
  1.226519988862268E-007 -2.974066985940306E-007
         174  0.000000000000000E+000  0.000000000000000E+000
 -9.317027510074026E-009  1.110221101805956E-008
 -1.574724643319018E-007 -3.803954163088621E-007
         175  0.000000000000000E+000  0.000000000000000E+000
 -1.027842238856943E-009  1.221729272797658E-008
 -4.634040239876518E-007 -7.133758866504402E-008
         176  0.000000000000000E+000  0.000000000000000E+000
  8.010511323240614E-010  7.871852427154136E-009
 -3.049161830730109E-007  3.777012328881795E-007
         177  0.000000000000000E+000  0.000000000000000E+000
  5.376597778398911E-010  3.166820880358078E-009
  1.030411087369687E-007  4.799979260002997E-007
         178  0.000000000000000E+000  0.000000000000000E+000
 -7.467053308008111E-009  3.581162072831189E-009
  5.892016034172145E-007  2.938183608661447E-007
         179  0.000000000000000E+000  0.000000000000000E+000
 -7.438607798468403E-009  1.244828727925350E-008
  6.652905120030081E-007 -4.958061990572240E-007
         180  0.000000000000000E+000  0.000000000000000E+000
  2.242030357272336E-009  1.544481929599354E-008
 -1.596181076866470E-007 -8.769553262955521E-007
         181  0.000000000000000E+000  0.000000000000000E+000
  6.379375991821886E-009  6.982244653541840E-009
 -8.552219706903006E-007 -2.896183223298972E-007
         182  0.000000000000000E+000  0.000000000000000E+000
  2.739093474894931E-009  2.272395593690492E-009
 -6.764450302983560E-007  5.880726814707973E-007
         183  0.000000000000000E+000  0.000000000000000E+000
 -5.017424775241970E-009  1.535958868584732E-009
  1.958234498761525E-007  9.697440543368433E-007
         184  0.000000000000000E+000  0.000000000000000E+000
 -7.368712964623472E-009  1.101850096523109E-008
  1.064537761208165E-006  2.119718610084040E-007
         185  0.000000000000000E+000  0.000000000000000E+000
 -6.110085610067943E-011  1.664628490507786E-008
  6.056986857862621E-007 -8.862015359681070E-007
         186  0.000000000000000E+000  0.000000000000000E+000
  8.866188905086663E-009  1.162607260094367E-008
 -4.686852888434584E-007 -8.826735633002404E-007
         187  0.000000000000000E+000  0.000000000000000E+000
  6.575571061712561E-009  4.385807990753539E-009
 -9.268032951104825E-007 -2.953696450463720E-008
         188  0.000000000000000E+000  0.000000000000000E+000
  1.468757757176051E-009  2.140378349606475E-009
 -4.865782177019820E-007  7.811935011564788E-007
         189  0.000000000000000E+000  0.000000000000000E+000
 -3.205415494942903E-009  8.578942497213659E-009
  5.659692828347322E-007  7.589846377252193E-007
         190  0.000000000000000E+000  0.000000000000000E+000
  2.572232682376692E-009  1.414296876002674E-008
  8.421807287803289E-007 -2.556638828973679E-007
         191  0.000000000000000E+000  0.000000000000000E+000
  1.045569076255117E-008  1.076904827746756E-008
  1.254759590012697E-007 -7.752359059167493E-007
         192  0.000000000000000E+000  0.000000000000000E+000
  8.769488458834577E-009  3.784543459963780E-009
 -5.618585368789156E-007 -4.523438597900563E-007
         193  0.000000000000000E+000  0.000000000000000E+000
  4.616818016069704E-009  2.874281365780169E-009
 -6.413500879019178E-007  2.659071726686504E-007
         194  0.000000000000000E+000  0.000000000000000E+000
  2.558418297168047E-009  7.601866617535744E-009
  3.336074454054515E-008  6.362142965428100E-007
         195  0.000000000000000E+000  0.000000000000000E+000
  7.941269402175748E-009  8.939220772309701E-009
  4.848780524911953E-007  1.428067742025773E-007
         196  0.000000000000000E+000  0.000000000000000E+000
  1.063131168409084E-008  5.510488420286371E-009
  2.863243516965888E-007 -2.813240554725680E-007
         197  0.000000000000000E+000  0.000000000000000E+000
  8.921565046398019E-009  9.294330661406858E-010
 -5.320596068914951E-008 -3.632656183963374E-007
         198  0.000000000000000E+000  0.000000000000000E+000
  5.257424101828599E-009  1.753367814982387E-009
 -3.113409488519963E-007 -1.768560867625144E-007
         199  0.000000000000000E+000  0.000000000000000E+000
  4.716781026012394E-009  4.291229192590398E-009
 -3.041459748217941E-007  1.624698969619165E-007
         200  0.000000000000000E+000  0.000000000000000E+000
  7.973637752522402E-009  5.689941424935880E-009
 -2.237105198057460E-008  2.775255555915375E-007
         201  0.000000000000000E+000  0.000000000000000E+000
  9.404286093584681E-009  2.730774458883209E-009
  1.761729576822540E-007  1.734186314095647E-007
         202  0.000000000000000E+000  0.000000000000000E+000
  8.770337619656647E-009  1.515755590928937E-009
  2.706958414241292E-007 -5.490969600009404E-008
         203  0.000000000000000E+000  0.000000000000000E+000
  7.776031116863314E-009  6.408345033410302E-010
  9.215135658505179E-008 -2.992398767954777E-007
         204  0.000000000000000E+000  0.000000000000000E+000
  7.382442701899013E-009  1.114715615615229E-009
 -2.262692324082194E-007 -2.450731313118668E-007
         205  0.000000000000000E+000  0.000000000000000E+000
  7.781837442241675E-009  1.399772690679197E-009
 -3.087551619092486E-007  5.677833944786941E-008
         206  0.000000000000000E+000  0.000000000000000E+000
  8.877229663800824E-009  5.309189435137360E-010
 -1.237732942837656E-007  2.507028867415462E-007
         207  0.000000000000000E+000  0.000000000000000E+000
  8.187899244411160E-009 -8.607639615186044E-010
  1.274233887773314E-007  2.177808300219139E-007
         208  0.000000000000000E+000  0.000000000000000E+000
  7.415185121986209E-009 -5.197857551155394E-010
  2.218485437673675E-007 -8.764815530418292E-009
         209  0.000000000000000E+000  0.000000000000000E+000
  7.994773754946637E-009 -1.735118716439714E-012
  8.610674098352060E-008 -1.762357606352230E-007
         210  0.000000000000000E+000  0.000000000000000E+000
  9.447390956825560E-009 -6.612707446956529E-010
 -9.593455502811713E-008 -1.560269209632714E-007
         211  0.000000000000000E+000  0.000000000000000E+000
  1.007706839469898E-008 -2.522980563274061E-009
 -1.493935426685040E-007 -3.772522082462015E-009
         212  0.000000000000000E+000  0.000000000000000E+000
  9.302513216873723E-009 -5.543820723632594E-009
 -6.585869969978909E-008  4.504983259934787E-008
         213  0.000000000000000E+000  0.000000000000000E+000
  5.328389374716445E-009 -5.697218364778878E-009
 -7.171693495196638E-008  2.600956295014283E-008
         214  0.000000000000000E+000  0.000000000000000E+000
  4.390362210871631E-009 -3.066913038608884E-009
 -9.033012874575256E-008  9.647653556146053E-008
         215  0.000000000000000E+000  0.000000000000000E+000
  6.229224100482145E-009 -1.164839524668156E-009
  9.333849768404906E-009  1.722999616358265E-007
         216  0.000000000000000E+000  0.000000000000000E+000
  8.513627294295832E-009 -1.520430867015432E-009
  1.994835123262843E-007  1.496878432234100E-007
         217  0.000000000000000E+000  0.000000000000000E+000
  1.207778857204311E-008 -4.687416940142997E-009
  3.039706109569331E-007 -1.846526071037697E-007
         218  0.000000000000000E+000  0.000000000000000E+000
  7.991283530856836E-009 -1.144175982147040E-008
 -8.348965810092205E-008 -4.150744353699910E-007
         219  0.000000000000000E+000  0.000000000000000E+000
  2.063720929690660E-009 -8.794386850321480E-009
 -4.316560131747275E-007 -1.274684049166165E-007
         220  0.000000000000000E+000  0.000000000000000E+000
  1.627624358523924E-009 -4.346149851084282E-009
 -3.487404699660088E-007  2.948413153112497E-007
         221  0.000000000000000E+000  0.000000000000000E+000
  4.933325048286386E-009 -2.708326699760230E-009
  5.243344210871191E-009  4.692678125451389E-007
         222  0.000000000000000E+000  0.000000000000000E+000
  9.099915350191233E-009 -3.477071526064921E-009
  4.468186410662140E-007  2.546102678746633E-007
         223  0.000000000000000E+000  0.000000000000000E+000
  1.022854710409281E-008 -1.226034081619849E-008
  3.729898307973151E-007 -2.827408511142199E-007
         224  0.000000000000000E+000  0.000000000000000E+000
  3.657402870379566E-010 -1.315647081265367E-008
 -3.998755819704296E-008 -3.709104114906596E-007
         225  0.000000000000000E+000  0.000000000000000E+000
 -1.196129595172011E-009 -7.178403721685016E-009
 -2.651530626291917E-007 -1.971969148487267E-007
         226  0.000000000000000E+000  0.000000000000000E+000
  2.299697148891560E-009 -5.104365487167317E-009
 -3.631013865376803E-007  3.502460892364930E-008
         227  0.000000000000000E+000  0.000000000000000E+000
  4.537339278736810E-009 -6.080201095398853E-009
 -1.874081453660161E-007  3.388236705249649E-007
         228  0.000000000000000E+000  0.000000000000000E+000
  6.338200776477956E-009 -1.253915305016651E-008
  5.884727789570456E-008  2.964774816065103E-007
         229  0.000000000000000E+000  0.000000000000000E+000
 -4.599497772850911E-009 -1.441374194403436E-008
  2.404085773323819E-007  3.021475345163827E-007
         230  0.000000000000000E+000  0.000000000000000E+000
 -6.050861491274175E-009 -4.921077021656696E-009
  5.368872231022930E-007 -2.245607800202717E-008
         231  0.000000000000000E+000  0.000000000000000E+000
  6.392306503234026E-010 -1.924516368530846E-009
  2.847401512502838E-007 -5.933733869595692E-007
         232  0.000000000000000E+000  0.000000000000000E+000
  4.118319066243722E-009 -5.991555092246335E-009
 -4.191080125640894E-007 -5.692599152147953E-007
         233  0.000000000000000E+000  0.000000000000000E+000
  4.899917825429246E-009 -1.170043275768625E-008
 -8.014734146729295E-007  1.539495231138923E-008
         234  0.000000000000000E+000  0.000000000000000E+000
 -4.910606408531741E-009 -1.729131899952161E-008
 -4.815183484220463E-007  8.576171762982418E-007
         235  0.000000000000000E+000  0.000000000000000E+000
 -1.181189484527904E-008 -5.848679379949493E-009
  6.276954119764434E-007  8.866609472870262E-007
         236  0.000000000000000E+000  0.000000000000000E+000
 -4.037625949185830E-009  8.768872475351312E-010
  1.064021626711679E-006 -1.744030472923222E-007
         237  0.000000000000000E+000  0.000000000000000E+000
  2.945644208916922E-009 -3.148323946038827E-009
  2.902270589500541E-007 -9.675064594863607E-007
         238  0.000000000000000E+000  0.000000000000000E+000
  3.193978466289101E-009 -8.557963280531089E-009
 -6.392301298474891E-007 -6.852167057326318E-007
         239  0.000000000000000E+000  0.000000000000000E+000
 -6.002516429783335E-010 -1.515476847220844E-008
 -9.430675277671646E-007  2.147464903285736E-007
         240  0.000000000000000E+000  0.000000000000000E+000
 -1.179915793843645E-008 -1.198571063100625E-008
 -2.110632697115586E-007  9.501234553227244E-007
         241  0.000000000000000E+000  0.000000000000000E+000
 -9.725178951620633E-009 -2.217295704785536E-009
  6.833523959528040E-007  5.382867253091460E-007
         242  0.000000000000000E+000  0.000000000000000E+000
 -3.388124780690843E-009 -1.995644812918795E-009
  6.565579966799536E-007 -2.892585654328299E-007
         243  0.000000000000000E+000  0.000000000000000E+000
 -2.193332216576287E-009 -5.345368093819593E-009
  8.519260846454792E-008 -5.593268736315491E-007
         244  0.000000000000000E+000  0.000000000000000E+000
 -2.774153045302807E-009 -9.100309098103050E-009
 -3.953451927508113E-007 -3.149770318603475E-007
         245  0.000000000000000E+000  0.000000000000000E+000
 -9.923596078653409E-009 -9.570997368772963E-009
 -3.619752820108015E-007  2.216322989430624E-007
         246  0.000000000000000E+000  0.000000000000000E+000
 -1.011331417502392E-008 -2.783184126038205E-009
  4.215265563190198E-008  2.786675254805128E-007
         247  0.000000000000000E+000  0.000000000000000E+000
 -6.377888170318378E-009 -2.463205106250809E-009
  1.154734535855790E-007  7.555952695155856E-008
         248  0.000000000000000E+000  0.000000000000000E+000
 -6.901761764358053E-009 -4.256262153641033E-009
  7.244649603400234E-008  6.946655827674265E-008
         249  0.000000000000000E+000  0.000000000000000E+000
 -7.776780648857579E-009 -3.727777686167197E-009
  1.409176438056275E-007  3.527292454053366E-008
         250  0.000000000000000E+000  0.000000000000000E+000
 -9.083249812169041E-009 -3.168373100882925E-009
  1.687344046784939E-007 -6.831003489793515E-008
         251  0.000000000000000E+000  0.000000000000000E+000
 -8.715646218797305E-009 -3.043723081287967E-010
  5.829893364569879E-008 -2.409503566254647E-007
         252  0.000000000000000E+000  0.000000000000000E+000
 -6.381597527746905E-009 -8.405096335240684E-010
 -2.415563930494894E-007 -1.656476396128107E-007
         253  0.000000000000000E+000  0.000000000000000E+000
 -7.174531804377707E-009 -2.404251280997393E-009
 -2.595627472468280E-007  1.890389510883277E-007
         254  0.000000000000000E+000  0.000000000000000E+000
 -8.925839425926071E-009 -1.485795042413198E-009
  7.796504014428937E-008  3.249310936892978E-007
         255  0.000000000000000E+000  0.000000000000000E+000
 -8.851692970858851E-009  1.324476397385882E-010
  3.106041280921829E-007  8.383681198483789E-008
         256  0.000000000000000E+000  0.000000000000000E+000
 -8.186096589373650E-009  8.838926406711606E-010
  2.153903983816885E-007 -2.033880635654246E-007
