   5120.00000000000     
         256           1           3
  8.994473019507991E-004   37.9869100784947        113.469016029609     
   18.8300000000000        145.590000000000        6160.02000000000     
           0  0.000000000000000E+000  0.000000000000000E+000
  0.000000000000000E+000  0.000000000000000E+000
  0.000000000000000E+000  0.000000000000000E+000
           1  0.000000000000000E+000  0.000000000000000E+000
  5.294425505437927E-009 -1.710027760343660E-010
 -2.023177846341563E-008  1.280198700493617E-012
           2  0.000000000000000E+000  0.000000000000000E+000
  5.271940656335398E-009 -3.313060591427174E-010
 -2.245784791645806E-008 -1.038309661193332E-009
           3  0.000000000000000E+000  0.000000000000000E+000
  5.235696555281177E-009 -3.945461770931505E-010
 -2.743293805184019E-008  3.368400859770561E-010
           4  0.000000000000000E+000  0.000000000000000E+000
  5.303948894014301E-009 -2.363845925234069E-010
 -3.391560465353385E-008  7.669307687271356E-009
           5  0.000000000000000E+000  0.000000000000000E+000
  5.941776813533661E-009  5.068302067177907E-011
 -3.493061201230524E-008  2.349187514433063E-008
           6  0.000000000000000E+000  0.000000000000000E+000
  7.353315935077141E-009 -7.612083055427404E-010
 -2.035721739970894E-008  4.100522472855493E-008
           7  0.000000000000000E+000  0.000000000000000E+000
  7.001442026596054E-009 -2.227326065826527E-009
  9.393009303207571E-009  4.455564335230391E-008
           8  0.000000000000000E+000  0.000000000000000E+000
  7.057050751181733E-009 -2.775556157906468E-009
  4.043273377414963E-008  1.693640564584463E-008
           9  0.000000000000000E+000  0.000000000000000E+000
  7.131756394671734E-009 -3.974682130509448E-009
  3.471259717901238E-008 -3.748948653464341E-008
          10  0.000000000000000E+000  0.000000000000000E+000
  6.838225493414071E-009 -5.357071519234538E-009
 -2.689043152297492E-008 -7.053756194086850E-008
          11  0.000000000000000E+000  0.000000000000000E+000
  5.616260985807558E-009 -8.859904446105015E-009
 -1.062499812944175E-007 -3.021305599830378E-008
          12  0.000000000000000E+000  0.000000000000000E+000
 -2.206844463132077E-009 -7.008715450255460E-009
 -1.185482691423383E-007  8.882506236057233E-008
          13  0.000000000000000E+000  0.000000000000000E+000
 -8.892027965192552E-010  7.819964868112167E-010
  2.717508860792801E-009  1.694707918656274E-007
          14  0.000000000000000E+000  0.000000000000000E+000
  5.972215358621803E-009  2.320745664535509E-009
  1.501371101846566E-007  9.734260747119158E-008
          15  0.000000000000000E+000  0.000000000000000E+000
  1.119715935402592E-008 -2.537006177087438E-009
  1.684099468695799E-007 -8.512374731978039E-008
          16  0.000000000000000E+000  0.000000000000000E+000
  1.111149371409330E-008 -1.206985070989048E-008
  3.866139329148909E-009 -2.111241171294556E-007
          17  0.000000000000000E+000  0.000000000000000E+000
 -3.168013166554997E-009 -1.618520049067127E-008
 -2.131365731158912E-007 -1.167807769234444E-007
          18  0.000000000000000E+000  0.000000000000000E+000
 -8.731277256655022E-009 -4.014441144435661E-009
 -2.326123633279878E-007  1.291795587631815E-007
          19  0.000000000000000E+000  0.000000000000000E+000
 -2.412169379625922E-009  4.090040074954717E-009
 -2.952788479071948E-008  2.801524703653720E-007
          20  0.000000000000000E+000  0.000000000000000E+000
  6.646607579294173E-009  3.845076320888961E-009
  2.204125266249005E-007  1.866654065615417E-007
          21  0.000000000000000E+000  0.000000000000000E+000
  1.294809203631377E-008 -3.527435813977372E-009
  2.776045613487297E-007 -9.031254515125829E-008
          22  0.000000000000000E+000  0.000000000000000E+000
  8.667261390812564E-009 -1.782971515940233E-008
  5.342750259425421E-008 -2.930715074115326E-007
          23  0.000000000000000E+000  0.000000000000000E+000
 -8.318475593382444E-009 -1.285808909217766E-008
 -2.251696734883416E-007 -1.881652312707254E-007
          24  0.000000000000000E+000  0.000000000000000E+000
 -6.468616653842106E-009 -1.082266721945145E-009
 -2.907429812206111E-007  7.970268779183072E-008
          25  0.000000000000000E+000  0.000000000000000E+000
  1.127854591185304E-009  1.497922344999980E-009
 -1.115454762981860E-007  2.940060034058318E-007
          26  0.000000000000000E+000  0.000000000000000E+000
  7.226897517133689E-009 -2.334069929936599E-009
  1.740429773297785E-007  2.655225687081564E-007
          27  0.000000000000000E+000  0.000000000000000E+000
  8.381678295859152E-009 -1.323349480493078E-008
  3.014483049510754E-007  6.243198474758652E-009
          28  0.000000000000000E+000  0.000000000000000E+000
 -9.853477885550639E-009 -1.461206440587296E-008
  1.664028545189799E-007 -2.150322317260357E-007
          29  0.000000000000000E+000  0.000000000000000E+000
 -7.649488745755722E-009  4.865762808868821E-010
 -8.023529698916562E-008 -2.716713541291322E-007
          30  0.000000000000000E+000  0.000000000000000E+000
  1.585592606548550E-009  5.740865566725323E-010
 -2.980021170201726E-007 -7.905644516821846E-008
          31  0.000000000000000E+000  0.000000000000000E+000
  4.681416485868644E-009 -4.841130551039741E-009
 -2.397645224676503E-007  2.253389631272329E-007
          32  0.000000000000000E+000  0.000000000000000E+000
  3.949107841081526E-009 -1.125857725659332E-008
  5.188255581946575E-008  3.299117890933730E-007
          33  0.000000000000000E+000  0.000000000000000E+000
 -9.204112987628656E-009 -1.668220979368163E-008
  2.892730637658899E-007  1.564699635623778E-007
          34  0.000000000000000E+000  0.000000000000000E+000
 -1.332313197584291E-008  7.847717790885188E-011
  3.000042169447080E-007 -1.602976292383243E-007
          35  0.000000000000000E+000  0.000000000000000E+000
 -2.765224254858072E-009  4.053969060216473E-009
 -2.497444837038616E-009 -3.326492671937093E-007
          36  0.000000000000000E+000  0.000000000000000E+000
  2.700276018396643E-009 -1.870485400808765E-010
 -2.839622817836540E-007 -1.422463670589452E-007
          37  0.000000000000000E+000  0.000000000000000E+000
  4.092281985083952E-009 -5.392393133041792E-009
 -2.527302512787451E-007  1.735806402351262E-007
          38  0.000000000000000E+000  0.000000000000000E+000
  1.597674106906694E-009 -1.331076329608102E-008
  1.220058298155558E-008  2.971461652837664E-007
          39  0.000000000000000E+000  0.000000000000000E+000
 -1.290424942991965E-008 -1.053863248598868E-008
  2.593263872075985E-007  1.544341593297071E-007
          40  0.000000000000000E+000  0.000000000000000E+000
 -9.419601524440532E-009  3.472096104800201E-011
  2.390598457389920E-007 -1.555063267822985E-007
          41  0.000000000000000E+000  0.000000000000000E+000
 -4.880960490756510E-009  4.740424938701355E-010
 -4.017491733900918E-008 -2.401782516317977E-007
          42  0.000000000000000E+000  0.000000000000000E+000
 -2.236119377046739E-009  4.025668008772284E-010
 -2.060718574537722E-007 -4.480982854597145E-008
          43  0.000000000000000E+000  0.000000000000000E+000
  1.697167266074723E-009 -2.825313937592020E-009
 -1.165088387013585E-007  1.605683901510898E-007
          44  0.000000000000000E+000  0.000000000000000E+000
 -3.875606137579976E-009 -9.421891089620215E-009
  9.290342667142005E-008  1.815735839361353E-007
          45  0.000000000000000E+000  0.000000000000000E+000
 -5.868477710070487E-009 -4.563884325861120E-009
  1.961333906748094E-007 -2.143046092672724E-008
          46  0.000000000000000E+000  0.000000000000000E+000
 -7.021849771665713E-009 -5.997901766238337E-009
  3.610128969458059E-008 -1.585380249695390E-007
          47  0.000000000000000E+000  0.000000000000000E+000
 -1.058561405902132E-008 -2.533914039155051E-009
 -1.203762188093930E-007 -6.941586284830627E-008
          48  0.000000000000000E+000  0.000000000000000E+000
 -8.020273606180169E-009  2.599635355232748E-009
 -1.083621802736325E-007  9.245875559149982E-008
          49  0.000000000000000E+000  0.000000000000000E+000
 -3.738829653638850E-009  1.416267530353033E-009
  3.951436399628808E-008  1.607620758979978E-007
          50  0.000000000000000E+000  0.000000000000000E+000
 -2.015264727778498E-009  3.581850190775895E-010
  1.818598049224861E-007  4.808564271175730E-008
          51  0.000000000000000E+000  0.000000000000000E+000
 -2.113804797186383E-009 -4.348834661225604E-009
  1.358254738688449E-007 -1.331081564007412E-007
          52  0.000000000000000E+000  0.000000000000000E+000
 -7.334616802687145E-009 -5.571626083702286E-009
 -4.415885354249006E-008 -1.830422995937915E-007
          53  0.000000000000000E+000  0.000000000000000E+000
 -1.075672504561490E-008 -1.537825251157870E-009
 -1.892549558850540E-007 -4.854006922331723E-008
          54  0.000000000000000E+000  0.000000000000000E+000
 -9.379004932095571E-009  3.277597899997941E-009
 -1.438029703641369E-007  1.623729361374880E-007
          55  0.000000000000000E+000  0.000000000000000E+000
 -4.872721688855572E-009  4.498347816664162E-009
  7.881703655723692E-008  2.343388954303147E-007
          56  0.000000000000000E+000  0.000000000000000E+000
 -2.514732667187227E-009  1.816982575858425E-009
  2.673309605392379E-007  7.097674736824357E-008
          57  0.000000000000000E+000  0.000000000000000E+000
 -3.052262558273906E-009 -1.124444089281006E-009
  2.241950671587581E-007 -1.991753603517853E-007
          58  0.000000000000000E+000  0.000000000000000E+000
 -6.215331826899975E-009 -2.571279267051165E-009
 -5.702350658653857E-008 -3.061634742710190E-007
          59  0.000000000000000E+000  0.000000000000000E+000
 -9.904813317399582E-009 -2.500852347576339E-010
 -3.029021511491909E-007 -9.713060025846479E-008
          60  0.000000000000000E+000  0.000000000000000E+000
 -9.677069724152296E-009  5.705709051945829E-009
 -2.323740064351519E-007  2.321942269032560E-007
          61  0.000000000000000E+000  0.000000000000000E+000
 -3.290557149646100E-009  5.372003077874763E-009
  8.715813095944687E-008  3.410737950854322E-007
          62  0.000000000000000E+000  0.000000000000000E+000
 -3.057752133698326E-009  3.543595689317782E-009
  3.884786087214375E-007  1.104087235145663E-007
          63  0.000000000000000E+000  0.000000000000000E+000
 -2.383421640739053E-009  3.353899155728962E-010
  2.988250695874568E-007 -3.099951786039617E-007
          64  0.000000000000000E+000  0.000000000000000E+000
 -7.796566182690643E-009 -1.764105548597695E-009
 -1.302903473571010E-007 -4.020399060854781E-007
          65  0.000000000000000E+000  0.000000000000000E+000
 -1.284697406255775E-008  5.441292658448167E-009
 -3.931378923869524E-007 -6.915703753291150E-008
          66  0.000000000000000E+000  0.000000000000000E+000
 -3.264344123447375E-009  1.149199352787025E-008
 -2.514863739078554E-007  3.045326496325932E-007
          67  0.000000000000000E+000  0.000000000000000E+000
 -8.138850903423644E-010  7.731861849622706E-009
  1.854289086298264E-007  3.952294236179487E-007
          68  0.000000000000000E+000  0.000000000000000E+000
  3.156841225693898E-009  2.952698500759879E-009
  4.363146561121832E-007 -7.811956302969582E-009
          69  0.000000000000000E+000  0.000000000000000E+000
 -3.111838013449771E-009 -4.172039201079415E-009
  1.930854997799665E-007 -3.521858966857003E-007
          70  0.000000000000000E+000  0.000000000000000E+000
 -1.319738400390426E-008  1.076932743584218E-009
 -1.657769727310167E-007 -3.241571560015984E-007
          71  0.000000000000000E+000  0.000000000000000E+000
 -8.715987586482249E-009  1.489589235114927E-008
 -3.429416482656985E-007 -5.361023948041161E-008
          72  0.000000000000000E+000  0.000000000000000E+000
  1.573062805596054E-011  1.041222710027869E-008
 -2.274822167249706E-007  2.975765150227455E-007
          73  0.000000000000000E+000  0.000000000000000E+000
  4.615731915329417E-009  8.230983983691844E-009
  1.701143581701061E-007  3.086438922243915E-007
          74  0.000000000000000E+000  0.000000000000000E+000
  3.268152714790561E-009 -1.538971524471207E-009
  3.187891126028204E-007  3.240805061919625E-008
          75  0.000000000000000E+000  0.000000000000000E+000
 -7.647019952217126E-009 -2.151150649174467E-009
  2.427515956658486E-007 -2.204565467433987E-007
          76  0.000000000000000E+000  0.000000000000000E+000
 -1.213334880335154E-008  9.707847384535006E-009
 -1.121189239598040E-008 -3.653665699450453E-007
          77  0.000000000000000E+000  0.000000000000000E+000
  1.662996347605777E-009  1.373090324980901E-008
 -3.561635984503555E-007 -2.138906577466866E-007
          78  0.000000000000000E+000  0.000000000000000E+000
  2.515134893234673E-009  9.442211988007836E-009
 -3.258620844622563E-007  2.009260857116820E-007
          79  0.000000000000000E+000  0.000000000000000E+000
  4.997185014512127E-009  3.252532513897561E-009
 -4.718120531900101E-008  3.679199171444080E-007
          80  0.000000000000000E+000  0.000000000000000E+000
 -3.314317168131828E-009  5.991833312896181E-010
  3.301450885479362E-007  3.035683728978442E-007
          81  0.000000000000000E+000  0.000000000000000E+000
 -7.203317235957053E-009  9.514022074643790E-009
  5.150548811505925E-007 -1.660636878434323E-007
          82  0.000000000000000E+000  0.000000000000000E+000
  5.295463236176681E-009  1.563289627391546E-008
  9.703918329905994E-008 -5.951229478717763E-007
          83  0.000000000000000E+000  0.000000000000000E+000
  6.416629393474431E-009  5.325476635207897E-009
 -4.433202388766569E-007 -3.572170198667217E-007
          84  0.000000000000000E+000  0.000000000000000E+000
  5.164182299380530E-009  1.591000740182729E-009
 -5.581703187636276E-007  1.558726373167339E-007
          85  0.000000000000000E+000  0.000000000000000E+000
 -2.094104462868011E-009  1.240658225146782E-009
 -1.326186433974875E-007  6.015983411633360E-007
          86  0.000000000000000E+000  0.000000000000000E+000
 -3.317382385068406E-009  8.723045487486813E-009
  4.927975547954942E-007  3.718431948616168E-007
          87  0.000000000000000E+000  0.000000000000000E+000
  3.773351326349558E-009  1.376777079115950E-008
  5.257366139820333E-007 -2.760928181101412E-007
          88  0.000000000000000E+000  0.000000000000000E+000
  1.012888788310363E-008  4.380993067767409E-009
  4.800820497563367E-009 -5.245404962676176E-007
          89  0.000000000000000E+000  0.000000000000000E+000
  6.233637458561178E-009  1.772586778128333E-009
 -3.781173093238610E-007 -2.920391927233578E-007
          90  0.000000000000000E+000  0.000000000000000E+000
  2.270422879310682E-009  5.364614566492691E-011
 -4.283560777292544E-007  1.624348895819020E-007
          91  0.000000000000000E+000  0.000000000000000E+000
 -4.984312559123005E-010  4.162322094958122E-009
 -3.837725055482691E-008  3.922504436738069E-007
          92  0.000000000000000E+000  0.000000000000000E+000
  1.767700591315943E-009  7.063706593180514E-009
  2.677552432365541E-007  1.593729318126926E-007
          93  0.000000000000000E+000  0.000000000000000E+000
  6.359060346580954E-009  7.731535566088179E-009
  1.942272152497716E-007 -1.290127919174441E-007
          94  0.000000000000000E+000  0.000000000000000E+000
  5.208560950696887E-009  2.619903722541052E-009
  1.596094752616792E-008 -1.475314960218120E-007
          95  0.000000000000000E+000  0.000000000000000E+000
  4.707688118902098E-009  3.299970919969377E-009
 -7.420200513641030E-008 -1.000829037762265E-007
          96  0.000000000000000E+000  0.000000000000000E+000
  3.521872282489226E-009  3.856678727031029E-009
 -5.586742255486999E-008  2.639026892752157E-009
          97  0.000000000000000E+000  0.000000000000000E+000
  5.461430256249847E-009  5.112413410144930E-009
  1.760472426318573E-009 -5.432171865196939E-008
          98  0.000000000000000E+000  0.000000000000000E+000
  6.794625051470329E-009  3.635636203363845E-009
 -1.239128189224198E-007 -9.004514474315597E-008
          99  0.000000000000000E+000  0.000000000000000E+000
  6.569852873119637E-009 -1.203494067909138E-010
 -2.011648661954654E-007  1.051570443738922E-007
         100  0.000000000000000E+000  0.000000000000000E+000
  2.725833682960154E-009  1.775715423468737E-009
 -8.851659998968953E-010  2.434504862788111E-007
         101  0.000000000000000E+000  0.000000000000000E+000
  2.825102012814317E-009  4.995483467090489E-009
  2.343190026927499E-007  1.577031660789693E-007
         102  0.000000000000000E+000  0.000000000000000E+000
  7.428796847322978E-009  7.188891252861630E-009
  3.046675082813867E-007 -1.608813104743103E-007
         103  0.000000000000000E+000  0.000000000000000E+000
  1.151286262637894E-008  3.130581845746005E-009
  9.454817444467320E-009 -3.921572206693635E-007
         104  0.000000000000000E+000  0.000000000000000E+000
  1.071747932934575E-008 -2.405647509634091E-009
 -3.456382436661568E-007 -2.364866601099645E-007
         105  0.000000000000000E+000  0.000000000000000E+000
  5.285025036557322E-009 -3.852502682434121E-009
 -4.012602698336894E-007  1.378852385954394E-007
         106  0.000000000000000E+000  0.000000000000000E+000
  2.236927567028282E-009 -8.195371742745464E-010
 -1.315057900074734E-007  4.179563509227247E-007
         107  0.000000000000000E+000  0.000000000000000E+000
  3.390349063129765E-009  3.365682413655282E-009
  2.831994805302860E-007  3.478985378649541E-007
         108  0.000000000000000E+000  0.000000000000000E+000
  7.887560653081655E-009  4.250527643017672E-009
  4.622183538937878E-007 -5.603257037262345E-008
         109  0.000000000000000E+000  0.000000000000000E+000
  1.098709105434791E-008  6.248632064545900E-010
  2.127640197211878E-007 -4.519723294072053E-007
         110  0.000000000000000E+000  0.000000000000000E+000
  1.005341022258501E-008 -3.437798904701954E-009
 -2.942113010014784E-007 -4.602580386837428E-007
         111  0.000000000000000E+000  0.000000000000000E+000
  6.345378305476593E-009 -4.982882015054001E-009
 -5.750461152824536E-007  1.064866303253207E-008
         112  0.000000000000000E+000  0.000000000000000E+000
  4.052677335479263E-009 -3.274465826852783E-009
 -3.040126367844150E-007  4.934923950105034E-007
         113  0.000000000000000E+000  0.000000000000000E+000
  4.002619609132351E-009 -4.651099215734592E-010
  2.636914146525535E-007  5.214776510505954E-007
         114  0.000000000000000E+000  0.000000000000000E+000
  7.783549097468752E-009  6.247324613049055E-010
  5.914195483667021E-007  1.487845326143705E-008
         115  0.000000000000000E+000  0.000000000000000E+000
  8.966363424312583E-009 -3.512732300162961E-009
  2.806303512763783E-007 -5.367750812931624E-007
         116  0.000000000000000E+000  0.000000000000000E+000
  7.216120145257107E-009 -5.556739905080238E-009
 -3.832787705003886E-007 -4.891201735406989E-007
         117  0.000000000000000E+000  0.000000000000000E+000
  5.348469096214879E-009 -4.391004312553469E-009
 -5.847327407309210E-007  1.074226810973739E-007
         118  0.000000000000000E+000  0.000000000000000E+000
  5.308481078644664E-009 -4.234289861483312E-009
 -1.974712477834810E-007  5.572995201290263E-007
         119  0.000000000000000E+000  0.000000000000000E+000
  6.841944510719435E-009 -2.902412873878633E-009
  4.253994278408348E-007  4.093484650203867E-007
         120  0.000000000000000E+000  0.000000000000000E+000
  8.750579497107710E-009 -8.236372262378375E-009
  5.103364536651324E-007 -2.558663501331824E-007
         121  0.000000000000000E+000  0.000000000000000E+000
  3.135581959216095E-009 -9.628368124441012E-009
 -1.015899708880356E-007 -5.475297073427363E-007
         122  0.000000000000000E+000  0.000000000000000E+000
 -1.031785415540204E-010 -4.960824165623845E-009
 -4.987111053905211E-007 -8.283092228589011E-008
         123  0.000000000000000E+000  0.000000000000000E+000
  3.073615030855467E-009 -2.920210394723318E-009
 -3.041371672345882E-007  4.087850504254995E-007
         124  0.000000000000000E+000  0.000000000000000E+000
  5.994817394153121E-009 -2.066660710935126E-009
  2.812013742928102E-007  4.512083026249934E-007
         125  0.000000000000000E+000  0.000000000000000E+000
  1.108114894347686E-008 -8.465758687921095E-009
  4.975985337474350E-007 -1.369532239854049E-007
         126  0.000000000000000E+000  0.000000000000000E+000
  1.693312366955776E-009 -1.470796763205914E-008
  5.121347109930882E-009 -5.028525728074548E-007
         127  0.000000000000000E+000  0.000000000000000E+000
 -5.313878456005101E-009 -8.159620253298031E-009
 -4.493562540578396E-007 -1.411189621660013E-007
         128  0.000000000000000E+000  0.000000000000000E+000
 -3.764447092898430E-011 -1.456338380544045E-009
 -3.389062033636606E-007  2.946580716695770E-007
         129  0.000000000000000E+000  0.000000000000000E+000
  4.066280803073136E-009 -2.629651997855014E-009
  9.855533634451371E-008  4.915836529214254E-007
         130  0.000000000000000E+000  0.000000000000000E+000
  9.177273469877369E-009 -6.283105350417554E-009
  5.090982061871676E-007  9.169240282666048E-008
         131  0.000000000000000E+000  0.000000000000000E+000
  4.342818288325665E-009 -1.809887399341099E-008
  2.441454476932356E-007 -4.222070522565651E-007
         132  0.000000000000000E+000  0.000000000000000E+000
 -8.422238292482100E-009 -1.263909422590251E-008
 -2.973058678468467E-007 -3.520383454439642E-007
         133  0.000000000000000E+000  0.000000000000000E+000
 -5.498644473899546E-009 -4.630707116512425E-010
 -3.979029170690494E-007  6.818330538138257E-008
         134  0.000000000000000E+000  0.000000000000000E+000
  3.187576881970374E-009 -2.390717618527010E-009
 -2.074557909642673E-007  4.155062288065530E-007
         135  0.000000000000000E+000  0.000000000000000E+000
  6.757167244597251E-009 -7.207805603849842E-009
  3.158712348205348E-007  3.950259978293644E-007
         136  0.000000000000000E+000  0.000000000000000E+000
  3.783904717531663E-009 -1.927742730595008E-008
  4.468715967065648E-007 -1.079331629087532E-007
         137  0.000000000000000E+000  0.000000000000000E+000
 -1.344853247505757E-008 -1.612186474917968E-008
  1.080486665624858E-007 -3.890753742449016E-007
         138  0.000000000000000E+000  0.000000000000000E+000
 -1.310293713149881E-008  1.103629458467821E-010
 -2.304354049915104E-007 -3.178854543598653E-007
         139  0.000000000000000E+000  0.000000000000000E+000
 -1.417056094177258E-009  1.282066023883419E-009
 -5.176750719609202E-007  5.567618658482550E-008
         140  0.000000000000000E+000  0.000000000000000E+000
  3.112987923219838E-009 -3.675122939200960E-009
 -1.783650227878285E-007  5.733266531456594E-007
         141  0.000000000000000E+000  0.000000000000000E+000
  2.949373647464405E-009 -1.294684943685337E-008
  4.323584093942318E-007  4.547114108679702E-007
         142  0.000000000000000E+000  0.000000000000000E+000
 -1.054536207815938E-008 -1.551890948899176E-008
  6.571771486732818E-007 -1.446793749248873E-007
         143  0.000000000000000E+000  0.000000000000000E+000
 -1.469668552255863E-008 -3.414885270018889E-009
  2.108674049440386E-007 -7.010167434039555E-007
         144  0.000000000000000E+000  0.000000000000000E+000
 -6.257614220278836E-009  1.411023913450899E-009
 -6.355382810516359E-007 -5.681805260038227E-007
         145  0.000000000000000E+000  0.000000000000000E+000
 -3.253073475387581E-009 -1.397825512988965E-009
 -8.386458399548197E-007  4.161869427468812E-007
         146  0.000000000000000E+000  0.000000000000000E+000
 -1.364318906985160E-009 -3.500907546569502E-009
  1.727868370696110E-008  9.669113988725270E-007
         147  0.000000000000000E+000  0.000000000000000E+000
 -2.910764894166866E-009 -8.647938788981499E-009
  8.741211498369432E-007  4.615579553574737E-007
         148  0.000000000000000E+000  0.000000000000000E+000
 -9.748153978546396E-009 -6.885033359183669E-009
  8.479833928171962E-007 -5.544454949364322E-007
         149  0.000000000000000E+000  0.000000000000000E+000
 -8.840809476051262E-009 -1.335446569853283E-009
 -8.422560184332608E-008 -1.029584068667743E-006
         150  0.000000000000000E+000  0.000000000000000E+000
 -5.768372578154696E-009 -2.215911825491443E-009
 -9.930137535293038E-007 -3.816841031295374E-007
         151  0.000000000000000E+000  0.000000000000000E+000
 -6.400957212672554E-009 -2.273658098505525E-009
 -7.592936911106260E-007  7.183492737817258E-007
         152  0.000000000000000E+000  0.000000000000000E+000
 -5.226880029792748E-009 -2.832131954650576E-009
  2.527646443282961E-007  9.783279874537524E-007
         153  0.000000000000000E+000  0.000000000000000E+000
 -7.622020407278740E-009 -4.564191494219411E-009
  9.433751307691973E-007  2.770818057907250E-007
         154  0.000000000000000E+000  0.000000000000000E+000
 -9.094364561922217E-009 -1.344908701098545E-009
  6.843844692506038E-007 -6.417739457363518E-007
         155  0.000000000000000E+000  0.000000000000000E+000
 -6.803089277881505E-009 -5.815788450960759E-010
 -2.180070667156209E-007 -8.423945255774342E-007
         156  0.000000000000000E+000  0.000000000000000E+000
 -7.291958196328485E-009 -1.524652677341984E-009
 -7.428546096911055E-007 -1.767034752830696E-007
         157  0.000000000000000E+000  0.000000000000000E+000
 -7.690174550425465E-009 -1.012822581698829E-009
 -4.584665361492255E-007  4.822530809970990E-007
         158  0.000000000000000E+000  0.000000000000000E+000
 -8.081598510006115E-009 -8.776569119673690E-010
  1.409963173091127E-007  5.654090456571833E-007
         159  0.000000000000000E+000  0.000000000000000E+000
 -8.884037920492831E-009 -1.632675732387327E-010
  4.577332468025164E-007  1.840617147836563E-007
         160  0.000000000000000E+000  0.000000000000000E+000
 -9.217574242042585E-009  1.374522486232415E-009
  3.640685531237217E-007 -1.771220242319801E-007
         161  0.000000000000000E+000  0.000000000000000E+000
 -8.193782878303902E-009  2.501725225841265E-009
  1.215407781867296E-007 -3.276036550865540E-007
         162  0.000000000000000E+000  0.000000000000000E+000
 -7.570331521346222E-009  2.735174543600261E-009
 -1.262506601931665E-007 -2.871680888290667E-007
         163  0.000000000000000E+000  0.000000000000000E+000
 -6.823785202341197E-009  3.213195380595815E-009
 -2.859815017291824E-007 -1.113280211244135E-007
         164  0.000000000000000E+000  0.000000000000000E+000
 -5.486202960017533E-009  1.810053317728477E-009
 -2.954918485257841E-007  1.692730120324346E-007
         165  0.000000000000000E+000  0.000000000000000E+000
 -8.085153476020028E-009  4.134602307304553E-010
 -2.811358209162862E-008  3.915098638108068E-007
         166  0.000000000000000E+000  0.000000000000000E+000
 -9.469329787482434E-009  3.370919211068000E-009
  3.676588210608797E-007  2.375443720953671E-007
         167  0.000000000000000E+000  0.000000000000000E+000
 -8.975814613348964E-009  3.934906534483923E-009
  3.677735540663912E-007 -1.813599014971469E-007
         168  0.000000000000000E+000  0.000000000000000E+000
 -1.006508033075402E-008  6.575081220223436E-009
  6.913812734951887E-008 -3.623852939892394E-007
         169  0.000000000000000E+000  0.000000000000000E+000
 -6.177076309389953E-009  1.043598697408016E-008
 -2.519359819440057E-007 -2.386651335614232E-007
         170  0.000000000000000E+000  0.000000000000000E+000
 -1.643358212100520E-009  6.345747798510878E-009
 -2.819035979641805E-007  1.308146485157944E-007
         171  0.000000000000000E+000  0.000000000000000E+000
 -4.221316757510414E-009  3.768525617281369E-009
  7.071972965349096E-008  2.720555958565096E-007
         172  0.000000000000000E+000  0.000000000000000E+000
 -5.016678813649474E-009  2.328822314526432E-009
  2.042305582738886E-007 -5.423417877318837E-008
         173  0.000000000000000E+000  0.000000000000000E+000
 -1.173064207081463E-008  3.673007002419327E-009
 -1.897671733009400E-008 -1.229584967431406E-007
         174  0.000000000000000E+000  0.000000000000000E+000
 -1.133687178677522E-008  1.418738465640106E-008
 -1.045139849109036E-007  5.353000690017273E-009
         175  0.000000000000000E+000  0.000000000000000E+000
 -3.521131486506537E-010  1.562879070957527E-008
  9.942033523529872E-009  1.890888409324566E-007
         176  0.000000000000000E+000  0.000000000000000E+000
  3.071739448900884E-009  1.005993214623123E-008
  3.323149308964058E-007  6.852438361035898E-008
         177  0.000000000000000E+000  0.000000000000000E+000
  4.902239973612164E-009  3.545030031841726E-009
  2.103974072405677E-007 -4.405023940104671E-007
         178  0.000000000000000E+000  0.000000000000000E+000
 -5.062889142259469E-009 -1.919402028449851E-009
 -3.554263131946486E-007 -3.361339385483490E-007
         179  0.000000000000000E+000  0.000000000000000E+000
 -1.243120242576020E-008  8.179052878324225E-009
 -4.217023645487781E-007  1.306123177432115E-007
         180  0.000000000000000E+000  0.000000000000000E+000
 -3.843578904616858E-009  1.786033457506777E-008
 -1.206008821674250E-007  4.489386949364799E-007
         181  0.000000000000000E+000  0.000000000000000E+000
  4.873917975743861E-009  1.343873924607772E-008
  3.821255089802248E-007  3.488005974639637E-007
         182  0.000000000000000E+000  0.000000000000000E+000
  7.206058065791101E-009  7.397131430078083E-009
  5.306637014455551E-007 -2.234134466930071E-007
         183  0.000000000000000E+000  0.000000000000000E+000
  1.549840372355604E-009 -8.268010927442097E-010
  5.969696836197127E-009 -5.082159218613897E-007
         184  0.000000000000000E+000  0.000000000000000E+000
 -8.410837451728153E-009  5.180988664998612E-009
 -2.878051608751972E-007 -2.504489703109128E-007
         185  0.000000000000000E+000  0.000000000000000E+000
 -4.810703199785746E-009  1.650159997984078E-008
 -3.708788221015502E-007  5.155721585962189E-009
         186  0.000000000000000E+000  0.000000000000000E+000
  7.051102632718207E-009  1.523943586843404E-008
 -2.097926182982653E-007  3.270452343055306E-007
         187  0.000000000000000E+000  0.000000000000000E+000
  8.472560012258282E-009  7.483272250520118E-009
  1.863334579500403E-007  3.257509287910744E-007
         188  0.000000000000000E+000  0.000000000000000E+000
  5.278435083228422E-009  1.534262649100047E-009
  2.886615855768028E-007  8.646255122992553E-009
         189  0.000000000000000E+000  0.000000000000000E+000
 -4.392091827839088E-009  4.656914577992788E-009
  2.733521953906661E-007 -1.344121120558354E-007
         190  0.000000000000000E+000  0.000000000000000E+000
 -1.797171364610621E-009  1.586206219699501E-008
  9.584486901454200E-008 -4.401927247027398E-007
         191  0.000000000000000E+000  0.000000000000000E+000
  1.075580017605745E-008  1.584602818502210E-008
 -3.741507455885066E-007 -3.438645795297023E-007
         192  0.000000000000000E+000  0.000000000000000E+000
  1.344486599171118E-008  6.169926099201214E-009
 -4.976222586307118E-007  1.231419416039479E-007
         193  0.000000000000000E+000  0.000000000000000E+000
  9.442002389834930E-009 -1.117229177695808E-010
 -2.099409686160553E-007  4.947731361064249E-007
         194  0.000000000000000E+000  0.000000000000000E+000
  7.695278329593593E-010  1.626439493454320E-009
  4.224259345385049E-007  5.137657984589522E-007
         195  0.000000000000000E+000  0.000000000000000E+000
  1.864394087876631E-009  9.605978209361142E-009
  7.115779937073441E-007 -2.523990011438105E-007
         196  0.000000000000000E+000  0.000000000000000E+000
  9.309426579013812E-009  1.100478926436604E-008
  4.948830285940823E-008 -7.746628975007441E-007
         197  0.000000000000000E+000  0.000000000000000E+000
  1.256213629259461E-008  4.455780824424706E-009
 -6.605219342252467E-007 -4.044191935479457E-007
         198  0.000000000000000E+000  0.000000000000000E+000
  9.410351753024083E-009  1.004696855429981E-009
 -6.611023735231411E-007  3.720204821300843E-007
         199  0.000000000000000E+000  0.000000000000000E+000
  5.955353901974669E-009  1.040412379331102E-009
  1.544690204871167E-008  7.697274670721558E-007
         200  0.000000000000000E+000  0.000000000000000E+000
  5.949725021852912E-009  4.454181381489571E-009
  7.202577041192689E-007  2.929772078168377E-007
         201  0.000000000000000E+000  0.000000000000000E+000
  8.739522088446516E-009  4.137125168715689E-009
  5.425279808422292E-007 -5.264810055497081E-007
         202  0.000000000000000E+000  0.000000000000000E+000
  9.751195360026649E-009  2.087288565509896E-009
 -2.026258321548640E-007 -7.053549943897099E-007
         203  0.000000000000000E+000  0.000000000000000E+000
  8.198489588580317E-009  2.283698887587320E-010
 -6.978033497146831E-007 -1.895196767193650E-007
         204  0.000000000000000E+000  0.000000000000000E+000
  6.996623627443232E-009  1.231099596109852E-009
 -5.181669464196960E-007  4.806486805516635E-007
         205  0.000000000000000E+000  0.000000000000000E+000
  7.599445378503100E-009  2.441909894172174E-009
  1.547888089821446E-007  6.723094879767049E-007
         206  0.000000000000000E+000  0.000000000000000E+000
  1.006236224081599E-008  2.156635575134088E-009
  6.321479143204706E-007  1.708809945186314E-007
         207  0.000000000000000E+000  0.000000000000000E+000
  1.084378630270043E-008 -7.392122975477756E-010
  4.435891306947407E-007 -4.440653485484270E-007
         208  0.000000000000000E+000  0.000000000000000E+000
  9.193279906408178E-009 -2.546012024556773E-009
 -1.370912625003690E-007 -6.064571048153145E-007
         209  0.000000000000000E+000  0.000000000000000E+000
  7.502703628547203E-009 -2.333477281448542E-009
 -5.734893554392441E-007 -2.253797144655223E-007
         210  0.000000000000000E+000  0.000000000000000E+000
  7.597102513463244E-009 -1.306711500971569E-009
 -5.053465764454653E-007  3.138450768953840E-007
         211  0.000000000000000E+000  0.000000000000000E+000
  8.531465147120444E-009 -1.421528074355550E-009
 -5.575090544977352E-008  5.856552038330582E-007
         212  0.000000000000000E+000  0.000000000000000E+000
  9.235240684008369E-009 -3.036592966999836E-009
  4.534641436483231E-007  3.673864363514427E-007
         213  0.000000000000000E+000  0.000000000000000E+000
  7.825588462284782E-009 -3.669461870669548E-009
  5.385395294233188E-007 -1.856619715380658E-007
         214  0.000000000000000E+000  0.000000000000000E+000
  8.023367264142101E-009 -3.659759299243049E-009
  1.314591767050807E-007 -5.537228530332653E-007
         215  0.000000000000000E+000  0.000000000000000E+000
  8.441097486687063E-009 -4.203044319847255E-009
 -3.985716407851121E-007 -4.420355754663658E-007
         216  0.000000000000000E+000  0.000000000000000E+000
  7.594428597165088E-009 -5.658697112848839E-009
 -6.188849628847981E-007  1.240314342771919E-007
         217  0.000000000000000E+000  0.000000000000000E+000
  7.782508902521284E-009 -5.518499793898566E-009
 -1.713355104880124E-007  5.450854852667920E-007
         218  0.000000000000000E+000  0.000000000000000E+000
  6.065605692920729E-009 -7.964910267056343E-009
  2.837701063171860E-007  3.512631896595188E-007
         219  0.000000000000000E+000  0.000000000000000E+000
  4.183834212036110E-009 -5.796709368120544E-009
  3.576564463395514E-007 -7.402044746503670E-009
         220  0.000000000000000E+000  0.000000000000000E+000
  5.012020387866875E-009 -4.319707848036263E-009
  1.845858044119387E-007 -2.348051445542497E-007
         221  0.000000000000000E+000  0.000000000000000E+000
  7.484718818724803E-009 -5.044141771435506E-009
 -9.769448062100997E-008 -2.555716424059524E-007
         222  0.000000000000000E+000  0.000000000000000E+000
  8.387402168308403E-009 -6.534814495294829E-009
 -1.572991424382489E-007 -3.957570084894242E-008
         223  0.000000000000000E+000  0.000000000000000E+000
  9.011694669886028E-009 -1.238010588945334E-008
 -1.333747544927482E-007 -6.299247585950416E-008
         224  0.000000000000000E+000  0.000000000000000E+000
  7.978996728640831E-010 -1.378778685933821E-008
 -2.809135546104313E-007  7.604456975907028E-008
         225  0.000000000000000E+000  0.000000000000000E+000
 -2.184928660403758E-009 -8.692875605657636E-009
 -1.401333208192432E-007  3.555403805684839E-007
         226  0.000000000000000E+000  0.000000000000000E+000
  3.927380148330294E-010 -4.477741812734763E-009
  2.018880685124996E-007  3.448701413577285E-007
         227  0.000000000000000E+000  0.000000000000000E+000
  3.700316079640996E-009 -4.077156262868416E-009
  4.663676357682473E-007  1.202150701123715E-007
         228  0.000000000000000E+000  0.000000000000000E+000
  8.896908497998065E-009 -9.030275579699595E-009
  4.125349693923867E-007 -4.690810849501488E-007
         229  0.000000000000000E+000  0.000000000000000E+000
  1.749943531951334E-009 -1.627385913555027E-008
 -3.139808960964458E-007 -6.011541918750947E-007
         230  0.000000000000000E+000  0.000000000000000E+000
 -4.896271454742295E-009 -1.250888082171872E-008
 -6.727927725703994E-007  1.677628709739713E-008
         231  0.000000000000000E+000  0.000000000000000E+000
 -5.514910823755259E-009 -6.388099348944519E-009
 -3.177616601957114E-007  5.458465399147068E-007
         232  0.000000000000000E+000  0.000000000000000E+000
 -2.483053406204373E-009 -3.430731262525645E-009
  2.544598834866829E-007  5.811699796436079E-007
         233  0.000000000000000E+000  0.000000000000000E+000
  4.188006447779671E-009 -3.974276930721071E-009
  6.135939188999337E-007  2.360575017823915E-008
         234  0.000000000000000E+000  0.000000000000000E+000
  2.744982332632849E-009 -1.421829415812906E-008
  1.852003873779160E-007 -4.226673349208427E-007
         235  0.000000000000000E+000  0.000000000000000E+000
 -6.743305042087579E-009 -1.168839926593064E-008
 -1.599595190195881E-007 -2.163008412248830E-007
         236  0.000000000000000E+000  0.000000000000000E+000
 -6.596908214651757E-009 -5.170183339698932E-009
 -1.343986064910057E-007 -4.290620525708385E-008
         237  0.000000000000000E+000  0.000000000000000E+000
 -1.700336321306628E-009 -3.790985999415535E-009
 -1.651995634828054E-007 -3.080080734943516E-008
         238  0.000000000000000E+000  0.000000000000000E+000
  7.188957929104012E-010 -6.019118540356435E-009
 -1.732430866667921E-007  1.209052893307429E-007
         239  0.000000000000000E+000  0.000000000000000E+000
  1.242811159900104E-009 -1.263499830892670E-008
 -1.285246862407123E-007  2.226926107332397E-007
         240  0.000000000000000E+000  0.000000000000000E+000
 -9.765593404649580E-009 -1.408103124447567E-008
  1.115274931367443E-007  4.264391541598779E-007
         241  0.000000000000000E+000  0.000000000000000E+000
 -1.166765094783009E-008 -4.007701832471108E-009
  5.678003933416229E-007  1.461423561420639E-007
         242  0.000000000000000E+000  0.000000000000000E+000
 -4.800378513583110E-009 -3.016811700808341E-010
  4.321517486433649E-007 -5.009608915788505E-007
         243  0.000000000000000E+000  0.000000000000000E+000
 -5.722599793680895E-010 -4.233410323228092E-009
 -2.463506765142272E-007 -6.172475202152906E-007
         244  0.000000000000000E+000  0.000000000000000E+000
 -2.835795680852394E-010 -1.037275029289364E-008
 -7.091275324792296E-007 -1.362347576285778E-007
         245  0.000000000000000E+000  0.000000000000000E+000
 -9.878903315804425E-009 -1.423231490117124E-008
 -5.285319684185978E-007  6.572491650595413E-007
         246  0.000000000000000E+000  0.000000000000000E+000
 -1.533894170797638E-008 -5.075028738259339E-009
  3.906297549450575E-007  8.085682944092850E-007
         247  0.000000000000000E+000  0.000000000000000E+000
 -1.047683256674454E-008  1.326502847572151E-009
  8.740007002108232E-007  1.336344216173989E-008
         248  0.000000000000000E+000  0.000000000000000E+000
 -5.214236153949768E-009  1.541929398100138E-010
  3.865694223496842E-007 -6.907276825160671E-007
         249  0.000000000000000E+000  0.000000000000000E+000
 -3.466653106725289E-009 -3.464473830503284E-009
 -3.878712327657448E-007 -6.240341108007313E-007
         250  0.000000000000000E+000  0.000000000000000E+000
 -7.018069569678854E-009 -7.413160846803054E-009
 -6.877938915053118E-007  8.887547009508615E-008
         251  0.000000000000000E+000  0.000000000000000E+000
 -1.190023467119143E-008 -3.908824820856097E-009
 -1.734214606129817E-007  5.963462733030940E-007
         252  0.000000000000000E+000  0.000000000000000E+000
 -1.024901232038557E-008  1.513775990219822E-010
  3.773466787086469E-007  3.672422212668004E-007
         253  0.000000000000000E+000  0.000000000000000E+000
 -7.806267016971140E-009  1.716121803509835E-010
  4.162039278450949E-007 -9.601120136509707E-008
         254  0.000000000000000E+000  0.000000000000000E+000
 -7.869223208705480E-009 -7.511322495147503E-010
  1.381704307526272E-007 -3.087134207480804E-007
         255  0.000000000000000E+000  0.000000000000000E+000
 -8.491951295036086E-009 -4.812080372928716E-010
 -1.371182465781475E-007 -2.358094471694268E-007
         256  0.000000000000000E+000  0.000000000000000E+000
 -8.857683575668772E-009  3.599288627633777E-010
 -2.215621002465005E-007 -1.102363315282030E-008
