   5120.00000000000     
         256           1           3
  8.994473019507991E-004   37.7644478021455        114.080178983419     
   18.8300000000000        145.590000000000        6160.02000000000     
           0  0.000000000000000E+000  0.000000000000000E+000
  0.000000000000000E+000  0.000000000000000E+000
  0.000000000000000E+000  0.000000000000000E+000
           1  0.000000000000000E+000  0.000000000000000E+000
  5.454045930289187E-009 -1.771039705291295E-010
 -2.084093623884503E-008  9.618595389103365E-013
           2  0.000000000000000E+000  0.000000000000000E+000
  5.433689051631254E-009 -3.446666281630186E-010
 -2.305461168984654E-008 -1.071274646113713E-009
           3  0.000000000000000E+000  0.000000000000000E+000
  5.398169138045854E-009 -4.205613575981478E-010
 -2.806200520429884E-008  1.707742498643853E-010
           4  0.000000000000000E+000  0.000000000000000E+000
  5.456537976645429E-009 -2.781549051746594E-010
 -3.480518406371681E-008  7.272288327613621E-009
           5  0.000000000000000E+000  0.000000000000000E+000
  6.067287999928770E-009  6.112686679833523E-012
 -3.656932410339853E-008  2.306268192692174E-008
           6  0.000000000000000E+000  0.000000000000000E+000
  7.453012174231217E-009 -7.700209418180833E-010
 -2.308343689936529E-008  4.148543651809634E-008
           7  0.000000000000000E+000  0.000000000000000E+000
  7.123857913168341E-009 -2.167647920643259E-009
  6.468133599661409E-009  4.746599466363664E-008
           8  0.000000000000000E+000  0.000000000000000E+000
  7.288776189897343E-009 -2.662231227407908E-009
  4.023054918498990E-008  2.267477535693715E-008
           9  0.000000000000000E+000  0.000000000000000E+000
  7.548366087090025E-009 -3.932536531587988E-009
  4.048682439411334E-008 -3.238925920245579E-008
          10  0.000000000000000E+000  0.000000000000000E+000
  7.354019647265543E-009 -5.581070167013963E-009
 -1.690520215580910E-008 -7.293816493663691E-008
          11  0.000000000000000E+000  0.000000000000000E+000
  5.965046826136512E-009 -9.419925598708631E-009
 -1.014350724217935E-007 -4.331087749910192E-008
          12  0.000000000000000E+000  0.000000000000000E+000
 -2.360570402032067E-009 -7.693952746984061E-009
 -1.298642177359839E-007  7.364989885205034E-008
          13  0.000000000000000E+000  0.000000000000000E+000
 -1.512920750766938E-009  5.574812925594412E-010
 -2.182472222474484E-008  1.708033915048760E-007
          14  0.000000000000000E+000  0.000000000000000E+000
  5.517505371782280E-009  2.835075738275241E-009
  1.344123566337951E-007  1.237377621642588E-007
          15  0.000000000000000E+000  0.000000000000000E+000
  1.155100322880007E-008 -1.731888050212442E-009
  1.845687665052067E-007 -5.172986183609239E-008
          16  0.000000000000000E+000  0.000000000000000E+000
  1.225933441157117E-008 -1.184873994592257E-008
  4.751937178572831E-008 -2.057951253450219E-007
          17  0.000000000000000E+000  0.000000000000000E+000
 -2.122140978613958E-009 -1.711886125231485E-008
 -1.810683007724043E-007 -1.567902359430808E-007
          18  0.000000000000000E+000  0.000000000000000E+000
 -8.818960390656494E-009 -5.437379278180599E-009
 -2.521619518977516E-007  7.358563876686536E-008
          19  0.000000000000000E+000  0.000000000000000E+000
 -3.516145921954402E-009  3.376750799578736E-009
 -9.523654172008105E-008  2.651844492574924E-007
          20  0.000000000000000E+000  0.000000000000000E+000
  5.579741226620599E-009  4.377690739839331E-009
  1.660461815156910E-007  2.400143603521386E-007
          21  0.000000000000000E+000  0.000000000000000E+000
  1.297245537484149E-008 -2.327617324733241E-009
  2.949199286283950E-007 -7.058544447899798E-009
          22  0.000000000000000E+000  0.000000000000000E+000
  9.896235553591155E-009 -1.727406658773075E-008
  1.407424699072324E-007 -2.603214428810891E-007
          23  0.000000000000000E+000  0.000000000000000E+000
 -7.198696592699105E-009 -1.366507527072043E-008
 -1.451066083532575E-007 -2.490533595602806E-007
          24  0.000000000000000E+000  0.000000000000000E+000
 -6.420023187911825E-009 -2.318756829636594E-009
 -2.996016443321853E-007 -2.800450932954257E-008
          25  0.000000000000000E+000  0.000000000000000E+000
  3.953269745369233E-010  8.290636548823366E-010
 -2.142605154671775E-007  2.395560205476069E-007
          26  0.000000000000000E+000  0.000000000000000E+000
  6.581245893579976E-009 -2.162934153436758E-009
  6.607718574967069E-008  3.265508182534550E-007
          27  0.000000000000000E+000  0.000000000000000E+000
  8.488302609793417E-009 -1.284779401109870E-008
  2.940855929476328E-007  1.371766888620600E-007
          28  0.000000000000000E+000  0.000000000000000E+000
 -9.534105108838819E-009 -1.490768366347646E-008
  2.767419571782678E-007 -1.341181384508698E-007
          29  0.000000000000000E+000  0.000000000000000E+000
 -7.837051778987684E-009  1.330163202518629E-010
  5.409029757808515E-008 -3.217675114110992E-007
          30  0.000000000000000E+000  0.000000000000000E+000
  1.324452475898102E-009  5.887872705077296E-010
 -2.669020056149813E-007 -2.256059591601863E-007
          31  0.000000000000000E+000  0.000000000000000E+000
  4.734150095106372E-009 -4.602991603558067E-009
 -3.513614936094692E-007  1.174924051835278E-007
          32  0.000000000000000E+000  0.000000000000000E+000
  4.492121301400723E-009 -1.121138660406689E-008
 -1.030329298271572E-007  3.688288712198510E-007
          33  0.000000000000000E+000  0.000000000000000E+000
 -8.607015156700713E-009 -1.747986671292152E-008
  2.383916953920027E-007  3.118841634925440E-007
          34  0.000000000000000E+000  0.000000000000000E+000
 -1.369391816026977E-008 -1.016736276888494E-009
  4.076268450508767E-007 -3.143876260038055E-008
          35  0.000000000000000E+000  0.000000000000000E+000
 -3.764281365597578E-009  3.556322988545502E-009
  1.656877085713550E-007 -3.582566448333570E-007
          36  0.000000000000000E+000  0.000000000000000E+000
  1.643495277629869E-009  1.509545917832554E-010
 -2.196546636883554E-007 -3.004136380521869E-007
          37  0.000000000000000E+000  0.000000000000000E+000
  3.696603439497667E-009 -4.288232577037899E-009
 -3.561249446011551E-007  3.848645866189120E-008
          38  0.000000000000000E+000  0.000000000000000E+000
  2.476944069095128E-009 -1.232171999193053E-008
 -1.556195085382649E-007  3.177181429663008E-007
          39  0.000000000000000E+000  0.000000000000000E+000
 -1.151513363889341E-008 -1.086458113930068E-008
  1.927310895277643E-007  3.092114094572265E-007
          40  0.000000000000000E+000  0.000000000000000E+000
 -8.635565106024915E-009 -1.334861419385933E-009
  3.409869476610096E-007 -2.255379539787551E-008
          41  0.000000000000000E+000  0.000000000000000E+000
 -5.383517670716679E-009 -1.387107155367260E-009
  1.221948660120103E-007 -2.655837781494696E-007
          42  0.000000000000000E+000  0.000000000000000E+000
 -4.248327515724583E-009 -5.760528122996249E-010
 -1.524195694163808E-007 -1.959106541397298E-007
          43  0.000000000000000E+000  0.000000000000000E+000
 -4.024452040450262E-010 -1.761538758917015E-009
 -2.226387576987046E-007  4.498915911241249E-008
          44  0.000000000000000E+000  0.000000000000000E+000
 -4.235125892374364E-009 -7.153114484429611E-009
 -5.706512619775191E-008  2.221662001497457E-007
          45  0.000000000000000E+000  0.000000000000000E+000
 -4.064626563454957E-009 -2.825424546798150E-009
  1.654814169042462E-007  1.309370774222306E-007
          46  0.000000000000000E+000  0.000000000000000E+000
 -4.232109248364381E-009 -6.823426181884643E-009
  1.576857953863354E-007 -6.293672838824389E-008
          47  0.000000000000000E+000  0.000000000000000E+000
 -9.774952625714853E-009 -5.721234405903666E-009
  2.106751111945855E-008 -1.339033377797632E-007
          48  0.000000000000000E+000  0.000000000000000E+000
 -1.037261318008410E-008 -1.770965658316651E-011
 -1.009196134882059E-007 -6.552854997354099E-008
          49  0.000000000000000E+000  0.000000000000000E+000
 -7.279284776975706E-009  1.785830512812434E-009
 -1.023580824516052E-007  7.909749665108582E-008
          50  0.000000000000000E+000  0.000000000000000E+000
 -3.722233056915959E-009  3.444350064256130E-009
  3.787310070427911E-008  1.410034306664938E-007
          51  0.000000000000000E+000  0.000000000000000E+000
 -4.275550218552966E-010 -1.418331423966709E-009
  1.510594813974439E-007  4.666669462653902E-008
          52  0.000000000000000E+000  0.000000000000000E+000
 -4.078238861638252E-009 -5.612059773782816E-009
  1.312540753032287E-007 -1.061672052349394E-007
          53  0.000000000000000E+000  0.000000000000000E+000
 -9.171686074617417E-009 -4.385734632658084E-009
 -2.760575307074962E-008 -1.727765817074152E-007
          54  0.000000000000000E+000  0.000000000000000E+000
 -1.097408643912094E-008  3.586519925467204E-010
 -1.761280434565771E-007 -5.218161714570760E-008
          55  0.000000000000000E+000  0.000000000000000E+000
 -8.159707189331432E-009  4.165761302054773E-009
 -1.368128348279632E-007  1.530498386139142E-007
          56  0.000000000000000E+000  0.000000000000000E+000
 -4.573101409161464E-009  4.181430274634221E-009
  7.952660337051497E-008  2.281104190757038E-007
          57  0.000000000000000E+000  0.000000000000000E+000
 -2.260183875231135E-009  1.649838784549282E-009
  2.711087038341852E-007  5.665624938440958E-008
          58  0.000000000000000E+000  0.000000000000000E+000
 -3.614171223454742E-009 -1.984285821420276E-009
  2.029596352925223E-007 -2.154803184587135E-007
          59  0.000000000000000E+000  0.000000000000000E+000
 -8.289233908836005E-009 -2.297099821620572E-009
 -8.470433118465068E-008 -2.870481260014845E-007
          60  0.000000000000000E+000  0.000000000000000E+000
 -1.081477722748727E-008  3.282338157849108E-009
 -2.914863880804353E-007 -6.464439511773914E-008
          61  0.000000000000000E+000  0.000000000000000E+000
 -5.947680871181426E-009  5.055490158925734E-009
 -2.126094378931091E-007  2.405137307676986E-007
          62  0.000000000000000E+000  0.000000000000000E+000
 -4.912645091881705E-009  5.606741462331080E-009
  1.423674527085715E-007  3.318041525924181E-007
          63  0.000000000000000E+000  0.000000000000000E+000
 -1.466542243157939E-009  2.987639692930547E-009
  3.751366654236919E-007  2.441105499613901E-008
          64  0.000000000000000E+000  0.000000000000000E+000
 -5.065488203702922E-009 -1.587523819806744E-009
  2.074383964098701E-007 -3.018395639905038E-007
          65  0.000000000000000E+000  0.000000000000000E+000
 -1.172635777108727E-008  2.907186376952541E-009
 -1.329076500401960E-007 -3.188098187458915E-007
          66  0.000000000000000E+000  0.000000000000000E+000
 -5.122996729873861E-009  9.260848827252034E-009
 -3.403176692914984E-007 -5.428688275837771E-008
          67  0.000000000000000E+000  0.000000000000000E+000
 -4.236632493490495E-009  8.175111873492886E-009
 -1.797576989290401E-007  2.950691317072960E-007
          68  0.000000000000000E+000  0.000000000000000E+000
  1.837780703697090E-009  6.592700785211704E-009
  1.674502049459502E-007  2.636523835400212E-007
          69  0.000000000000000E+000  0.000000000000000E+000
 -4.471713260629150E-010 -1.410313128849260E-009
  2.932957303120735E-007  2.106478117047552E-008
          70  0.000000000000000E+000  0.000000000000000E+000
 -9.752615483321239E-009 -4.797737573808830E-011
  2.139847997307684E-007 -2.169635251845471E-007
          71  0.000000000000000E+000  0.000000000000000E+000
 -8.112498340108731E-009  1.149192048640321E-008
 -4.727364814339579E-008 -3.331036595599166E-007
          72  0.000000000000000E+000  0.000000000000000E+000
 -2.764221002444484E-009  7.779294770977176E-009
 -3.234457744861284E-007 -1.109058601953312E-007
          73  0.000000000000000E+000  0.000000000000000E+000
  5.261135798498062E-010  9.614738038702955E-009
 -2.374078440374165E-007  1.824966225332930E-007
          74  0.000000000000000E+000  0.000000000000000E+000
  2.474564888870387E-009  2.594073861521311E-009
 -8.797010408363245E-009  3.213300133339731E-007
          75  0.000000000000000E+000  0.000000000000000E+000
 -4.966006580370490E-009  4.671798719452258E-010
  3.203814395340949E-007  2.267463832149265E-007
          76  0.000000000000000E+000  0.000000000000000E+000
 -8.945665545859319E-009  9.154258060241370E-009
  4.310991079398302E-007 -1.924639508207069E-007
          77  0.000000000000000E+000  0.000000000000000E+000
  3.141725505350202E-009  1.095741991227779E-008
  3.467044242968113E-008 -5.193000673124382E-007
          78  0.000000000000000E+000  0.000000000000000E+000
  4.976768800014533E-010  6.719292861914034E-009
 -3.888337922479076E-007 -3.045468334304570E-007
          79  0.000000000000000E+000  0.000000000000000E+000
  1.972475416559082E-009  3.666942817691281E-009
 -5.249262283072161E-007  1.453690734801460E-007
          80  0.000000000000000E+000  0.000000000000000E+000
 -4.905929264465522E-009  2.810846353118049E-009
 -1.307091834863555E-007  6.079023251624076E-007
          81  0.000000000000000E+000  0.000000000000000E+000
 -6.951505761193853E-009  1.230510460995719E-008
  5.433652905465580E-007  4.092466809520884E-007
          82  0.000000000000000E+000  0.000000000000000E+000
  7.873693919571571E-009  1.749008235437871E-008
  6.230042297594949E-007 -3.233177289925253E-007
          83  0.000000000000000E+000  0.000000000000000E+000
  9.058281110696571E-009  3.995439901518642E-009
  6.402822641931982E-008 -6.732486963787754E-007
          84  0.000000000000000E+000  0.000000000000000E+000
  5.615590503903753E-009 -8.646588289513415E-010
 -5.646203605807622E-007 -4.506847988250793E-007
          85  0.000000000000000E+000  0.000000000000000E+000
 -4.004324497794529E-009 -7.046375701201768E-010
 -6.639619282273666E-007  2.968809153945731E-007
          86  0.000000000000000E+000  0.000000000000000E+000
 -6.317839177259079E-009  9.633173394760360E-009
 -3.081869207360492E-008  6.759071956330521E-007
          87  0.000000000000000E+000  0.000000000000000E+000
  3.209034926389956E-009  1.712938384582514E-008
  5.230050165837304E-007  3.111490204352571E-007
          88  0.000000000000000E+000  0.000000000000000E+000
  1.278817730771134E-008  6.104245479454420E-009
  4.830346449669802E-007 -2.321471258557105E-007
          89  0.000000000000000E+000  0.000000000000000E+000
  8.430914360693198E-009  6.879235357956113E-010
  1.007553656481619E-007 -5.326340013441525E-007
          90  0.000000000000000E+000  0.000000000000000E+000
  2.354034884809835E-009 -2.128013898681419E-009
 -3.897541092682940E-007 -3.451109898371392E-007
          91  0.000000000000000E+000  0.000000000000000E+000
 -2.599265479800823E-009  3.476686579864868E-009
 -4.232099370813444E-007  1.218248955467686E-007
          92  0.000000000000000E+000  0.000000000000000E+000
  4.433078431035433E-010  9.126746682098538E-009
 -1.197729547537891E-007  3.293220087986619E-007
          93  0.000000000000000E+000  0.000000000000000E+000
  8.072782062114488E-009  9.888204881638766E-009
  1.415781635355157E-007  2.387953105735740E-007
          94  0.000000000000000E+000  0.000000000000000E+000
  7.734977961326994E-009  1.623836469877531E-009
  2.592696079116368E-007  6.013212130208821E-008
          95  0.000000000000000E+000  0.000000000000000E+000
  4.800478087653161E-009  7.556742445108264E-010
  1.831677517606269E-007 -1.856720110104035E-007
          96  0.000000000000000E+000  0.000000000000000E+000
  8.670949416133113E-010  2.544538318732169E-009
 -1.461966599401694E-008 -2.066854992164098E-007
          97  0.000000000000000E+000  0.000000000000000E+000
  2.611795700854002E-009  7.504440038165417E-009
 -1.094424227362768E-007 -1.516085489836389E-007
          98  0.000000000000000E+000  0.000000000000000E+000
  7.820046406195852E-009  7.981724387757795E-009
 -2.012979736046384E-007 -6.445781471441399E-008
          99  0.000000000000000E+000  0.000000000000000E+000
  1.133577823133888E-008  1.112374593221372E-009
 -2.029270014826038E-007  1.247499325094687E-007
         100  0.000000000000000E+000  0.000000000000000E+000
  6.228186646751409E-009 -1.636347277380367E-009
 -1.890143333395092E-008  2.069464116971854E-007
         101  0.000000000000000E+000  0.000000000000000E+000
  1.705276084691836E-009  5.189904118113559E-011
  1.285545294408618E-007  1.556012779671339E-007
         102  0.000000000000000E+000  0.000000000000000E+000
  2.304997295268853E-009  5.797313837122637E-009
  2.179371137529842E-007 -1.533177686458116E-008
         103  0.000000000000000E+000  0.000000000000000E+000
  7.682610322627646E-009  7.129466892985792E-009
  1.146098035943760E-007 -1.902678961826334E-007
         104  0.000000000000000E+000  0.000000000000000E+000
  1.218050826589209E-008  3.132346336521945E-009
 -6.134456586527362E-008 -2.108172807296315E-007
         105  0.000000000000000E+000  0.000000000000000E+000
  1.070587129820788E-008 -1.836150791967042E-009
 -1.888722584438993E-007 -1.355220346961904E-007
         106  0.000000000000000E+000  0.000000000000000E+000
  7.070769381050783E-009 -4.046757621806643E-009
 -2.731195191912788E-007  3.300318467775468E-008
         107  0.000000000000000E+000  0.000000000000000E+000
  3.441898213681831E-009 -2.308711170384021E-009
 -1.793612636508424E-007  2.550865290021882E-007
         108  0.000000000000000E+000  0.000000000000000E+000
  3.285825878076688E-009  1.253310275312898E-009
  1.026270030551815E-007  3.345924885337190E-007
         109  0.000000000000000E+000  0.000000000000000E+000
  6.083269232538274E-009  2.960230046517613E-009
  3.801080116682906E-007  1.106908412057910E-007
         110  0.000000000000000E+000  0.000000000000000E+000
  9.476205989465380E-009  2.047578870303277E-009
  3.263300091137148E-007 -3.090625606443476E-007
         111  0.000000000000000E+000  0.000000000000000E+000
  1.061372724743850E-008 -1.496775002570427E-009
 -1.036548747537094E-007 -4.835629287031972E-007
         112  0.000000000000000E+000  0.000000000000000E+000
  9.297012952891056E-009 -4.715395351401519E-009
 -5.088967538212811E-007 -1.986755828089918E-007
         113  0.000000000000000E+000  0.000000000000000E+000
  5.691322272751099E-009 -5.412117908630742E-009
 -4.737948678681695E-007  3.517254708870777E-007
         114  0.000000000000000E+000  0.000000000000000E+000
  4.716903412942927E-009 -3.058222386568383E-009
  6.901263312456994E-008  6.001028106531355E-007
         115  0.000000000000000E+000  0.000000000000000E+000
  4.725492917196398E-009 -2.656463161765685E-009
  5.558010267417527E-007  2.178568788696041E-007
         116  0.000000000000000E+000  0.000000000000000E+000
  6.272547769184137E-009 -1.820853093505640E-009
  4.198828696340126E-007 -3.810400347756038E-007
         117  0.000000000000000E+000  0.000000000000000E+000
  7.801537946705710E-009 -1.847618396465007E-009
 -1.145751410645951E-007 -5.542378108983013E-007
         118  0.000000000000000E+000  0.000000000000000E+000
  8.694845748430783E-009 -4.986946093986033E-009
 -5.754293680065514E-007 -1.681351854740067E-007
         119  0.000000000000000E+000  0.000000000000000E+000
  7.635534198064895E-009 -5.794176956011779E-009
 -3.945350067864152E-007  4.315948826297695E-007
         120  0.000000000000000E+000  0.000000000000000E+000
  7.128960952100391E-009 -9.640839750435422E-009
  1.838958896283531E-007  4.865107468242946E-007
         121  0.000000000000000E+000  0.000000000000000E+000
  2.167645432478374E-009 -8.933026278369447E-009
  4.205494548786665E-007  4.818828890246809E-008
         122  0.000000000000000E+000  0.000000000000000E+000
  3.139972706666758E-011 -4.350840592088785E-009
  2.488370983408326E-007 -2.923090497155390E-007
         123  0.000000000000000E+000  0.000000000000000E+000
  3.897883420698950E-009 -2.866948229244725E-009
 -1.779691888139328E-007 -3.594388556275356E-007
         124  0.000000000000000E+000  0.000000000000000E+000
  6.143091882004040E-009 -2.859299871405845E-009
 -3.714131211399612E-007  2.289426769688498E-008
         125  0.000000000000000E+000  0.000000000000000E+000
  1.071427462271191E-008 -8.459973085594612E-009
 -1.570345342383658E-007  2.827033592686594E-007
         126  0.000000000000000E+000  0.000000000000000E+000
  2.131444307468304E-009 -1.444217962252391E-008
  1.110702120272317E-007  2.667518651848893E-007
         127  0.000000000000000E+000  0.000000000000000E+000
 -4.932402446154363E-009 -9.011622040611610E-009
  2.951422571650403E-007  1.024775440350593E-007
         128  0.000000000000000E+000  0.000000000000000E+000
 -5.170356602953565E-010 -1.634482734971922E-009
  2.277365245997276E-007 -2.902136374601780E-007
         129  0.000000000000000E+000  0.000000000000000E+000
  4.061298194113105E-009 -2.466774296377034E-009
 -2.079840785887943E-007 -2.999260470140567E-007
         130  0.000000000000000E+000  0.000000000000000E+000
  9.585682153136061E-009 -5.919655362669450E-009
 -3.616599292581387E-007  3.559121051575670E-008
         131  0.000000000000000E+000  0.000000000000000E+000
  5.672919264789913E-009 -1.857692870137022E-008
 -1.962001497884835E-007  3.549558869135961E-007
         132  0.000000000000000E+000  0.000000000000000E+000
 -7.972995575809526E-009 -1.487338813331174E-008
  2.126135349228122E-007  4.097896099134435E-007
         133  0.000000000000000E+000  0.000000000000000E+000
 -7.979794381771118E-009 -1.858408499752080E-009
  5.549713898819189E-007 -4.495137634908468E-008
         134  0.000000000000000E+000  0.000000000000000E+000
  1.167575243659280E-009 -8.288943512952037E-010
  1.176935450310953E-007 -5.417060528223466E-007
         135  0.000000000000000E+000  0.000000000000000E+000
  7.014454896176450E-009 -4.472206890999587E-009
 -4.340622463871029E-007 -3.312965885418003E-007
         136  0.000000000000000E+000  0.000000000000000E+000
  7.139418610314111E-009 -1.800488712827806E-008
 -5.644093331361972E-007  2.529383998393226E-007
         137  0.000000000000000E+000  0.000000000000000E+000
 -1.024252115389992E-008 -1.914228988768722E-008
 -2.882749146118338E-008  7.195025823751732E-007
         138  0.000000000000000E+000  0.000000000000000E+000
 -1.464516390364286E-008 -4.365576562218232E-009
  7.601737402909100E-007  3.325421372747545E-007
         139  0.000000000000000E+000  0.000000000000000E+000
 -5.356056897472515E-009  2.990469158908562E-010
  5.485791252149073E-007 -6.078873842098621E-007
         140  0.000000000000000E+000  0.000000000000000E+000
  1.306990728768665E-010 -1.358803210650279E-009
 -3.386406391404975E-007 -7.247875477180059E-007
         141  0.000000000000000E+000  0.000000000000000E+000
  3.497436501222276E-009 -9.376544392478429E-009
 -8.614972956369884E-007  2.376962127491270E-008
         142  0.000000000000000E+000  0.000000000000000E+000
 -7.465581511237352E-009 -1.450312906520149E-008
 -3.375380691010211E-007  8.870984849288388E-007
         143  0.000000000000000E+000  0.000000000000000E+000
 -1.252178443327875E-008 -5.324762998996358E-009
  7.408742801004708E-007  7.135879491923834E-007
         144  0.000000000000000E+000  0.000000000000000E+000
 -5.982207127969295E-009 -9.589373790666118E-010
  9.430598740872942E-007 -4.395571925698932E-007
         145  0.000000000000000E+000  0.000000000000000E+000
 -4.623051580980088E-009 -3.771360771774029E-009
 -2.011105891741278E-008 -9.959613113891858E-007
         146  0.000000000000000E+000  0.000000000000000E+000
 -4.297229399638903E-009 -4.012278913383700E-009
 -9.083928313622387E-007 -4.237371840549679E-007
         147  0.000000000000000E+000  0.000000000000000E+000
 -4.957994875620673E-009 -6.828153729695605E-009
 -8.246944181145402E-007  6.646326854005841E-007
         148  0.000000000000000E+000  0.000000000000000E+000
 -9.641633944509259E-009 -4.364277842213549E-009
  2.408477083786535E-007  1.084652185205081E-006
         149  0.000000000000000E+000  0.000000000000000E+000
 -6.857592663595608E-009  5.908956016212690E-011
  1.110791167626536E-006  2.835814191636177E-007
         150  0.000000000000000E+000  0.000000000000000E+000
 -3.128767159628228E-009 -3.231354184796782E-009
  7.278479676686719E-007 -8.392232689811631E-007
         151  0.000000000000000E+000  0.000000000000000E+000
 -6.034418786818857E-009 -5.351556028969601E-009
 -3.600998651819040E-007 -9.943498159088553E-007
         152  0.000000000000000E+000  0.000000000000000E+000
 -7.475854245868639E-009 -4.702858757233873E-009
 -1.032405362783193E-006 -1.715269876900988E-007
         153  0.000000000000000E+000  0.000000000000000E+000
 -1.014929602093569E-008 -4.066985890155012E-009
 -6.424467292484938E-007  8.283112447550800E-007
         154  0.000000000000000E+000  0.000000000000000E+000
 -1.005949890596799E-008  5.692856406988516E-010
  4.032325859272272E-007  9.481328883626801E-007
         155  0.000000000000000E+000  0.000000000000000E+000
 -5.833502895978624E-009  8.486284032234549E-010
  9.596046113857445E-007  1.284939077355359E-007
         156  0.000000000000000E+000  0.000000000000000E+000
 -6.114768381817857E-009 -2.033378792857905E-009
  5.847765361230332E-007 -6.645983056062839E-007
         157  0.000000000000000E+000  0.000000000000000E+000
 -8.009625078315894E-009 -1.973867087851169E-009
 -2.096268553195090E-007 -7.862483070887648E-007
         158  0.000000000000000E+000  0.000000000000000E+000
 -8.892012626307664E-009 -7.433648794002750E-010
 -7.068776299165216E-007 -2.317319653439141E-007
         159  0.000000000000000E+000  0.000000000000000E+000
 -8.681306617497648E-009  4.789451385403706E-010
 -5.464212554005905E-007  4.228877478503372E-007
         160  0.000000000000000E+000  0.000000000000000E+000
 -8.332482242333201E-009  8.559688485188694E-010
  2.705702539096183E-008  6.668442377175018E-007
         161  0.000000000000000E+000  0.000000000000000E+000
 -8.459434362152478E-009  7.972359193946820E-010
  5.378672488479119E-007  3.565223252226331E-007
         162  0.000000000000000E+000  0.000000000000000E+000
 -9.820898735203824E-009  1.706927558917728E-009
  5.773050354099721E-007 -1.946709714513258E-007
         163  0.000000000000000E+000  0.000000000000000E+000
 -9.392078728586810E-009  4.798355544232296E-009
  1.951649736192614E-007 -5.407726291985518E-007
         164  0.000000000000000E+000  0.000000000000000E+000
 -5.512734261333219E-009  4.954795280540098E-009
 -2.990588461514506E-007 -4.430726797421048E-007
         165  0.000000000000000E+000  0.000000000000000E+000
 -5.485333922397017E-009  1.970831598911048E-009
 -4.908890726801103E-007  1.776425483351833E-009
         166  0.000000000000000E+000  0.000000000000000E+000
 -6.996251199781414E-009  2.101241930615203E-009
 -2.244476199347149E-007  3.594408307294175E-007
         167  0.000000000000000E+000  0.000000000000000E+000
 -8.392531229519706E-009  9.783921816259519E-010
  1.041045587973535E-007  3.592226004394280E-007
         168  0.000000000000000E+000  0.000000000000000E+000
 -1.252384484505349E-008  3.977339022338546E-009
  3.510453619024970E-007  1.799085786555882E-007
         169  0.000000000000000E+000  0.000000000000000E+000
 -9.935525140239269E-009  1.092343878844946E-008
  3.650322581735059E-007 -1.710311009392344E-007
         170  0.000000000000000E+000  0.000000000000000E+000
 -3.755869473516020E-009  9.321200969760883E-009
  8.950994560811047E-008 -3.509673976940946E-007
         171  0.000000000000000E+000  0.000000000000000E+000
 -3.847311418505074E-009  7.268933296934251E-009
 -1.470824914617363E-007 -2.497107774367556E-007
         172  0.000000000000000E+000  0.000000000000000E+000
 -1.714433279194250E-009  4.854559719596013E-009
 -2.901898342293411E-007 -1.223384589027346E-007
         173  0.000000000000000E+000  0.000000000000000E+000
 -7.563599644402871E-009  1.845663194643305E-009
 -2.914267894453058E-007  2.305754144469235E-007
         174  0.000000000000000E+000  0.000000000000000E+000
 -1.077592462864256E-008  9.686584625853260E-009
  7.626403746699232E-008  3.498727630635364E-007
         175  0.000000000000000E+000  0.000000000000000E+000
 -3.937359426021743E-009  1.218199102461391E-008
  3.190977203125560E-007  1.448301532047779E-007
         176  0.000000000000000E+000  0.000000000000000E+000
 -2.702446175022812E-009  1.107232567118775E-008
  3.529730538453768E-007 -1.650178272255660E-007
         177  0.000000000000000E+000  0.000000000000000E+000
  2.657696833122046E-009  9.895696386613553E-009
  3.242702174007105E-008 -4.867176147765816E-007
         178  0.000000000000000E+000  0.000000000000000E+000
 -7.692590735308114E-010  2.553137657729852E-009
 -4.409612407183528E-007 -1.509521795677647E-007
         179  0.000000000000000E+000  0.000000000000000E+000
 -7.430484564231063E-009  7.145442057958611E-009
 -1.948366534646946E-007  3.004605561867697E-007
         180  0.000000000000000E+000  0.000000000000000E+000
 -2.157379660388350E-009  1.362134201683214E-008
  1.879209244125949E-007  2.240338766374043E-007
         181  0.000000000000000E+000  0.000000000000000E+000
  2.086122647034219E-009  1.011197610260905E-008
  2.701921741245228E-007 -1.146684110425094E-007
         182  0.000000000000000E+000  0.000000000000000E+000
  3.132144160894125E-009  8.508228112329680E-009
 -1.369131402413749E-008 -3.440254655510571E-007
         183  0.000000000000000E+000  0.000000000000000E+000
  1.143113978109660E-009  2.281137623059960E-009
 -4.314109660615157E-007 -3.300464313039267E-008
         184  0.000000000000000E+000  0.000000000000000E+000
 -7.482229529669644E-009  6.440371048692172E-009
 -5.173317798863981E-008  4.801578027578149E-007
         185  0.000000000000000E+000  0.000000000000000E+000
 -3.983550094054105E-009  1.731156540787162E-008
  4.942671306522314E-007  1.505447220788906E-007
         186  0.000000000000000E+000  0.000000000000000E+000
  7.996739402899260E-009  1.543288891395359E-008
  3.639163412344378E-007 -4.264553446745450E-007
         187  0.000000000000000E+000  0.000000000000000E+000
  9.045965501703866E-009  7.467259423227435E-009
 -2.117201751667117E-007 -5.798249342809070E-007
         188  0.000000000000000E+000  0.000000000000000E+000
  6.562415182343222E-009  1.379039575009162E-009
 -7.305729534658038E-007 -1.190569473324067E-007
         189  0.000000000000000E+000  0.000000000000000E+000
 -4.334996365930470E-009  2.432744765206428E-009
 -3.916334887183382E-007  7.356574516387091E-007
         190  0.000000000000000E+000  0.000000000000000E+000
 -4.377021350096325E-009  1.536750249425712E-008
  5.651600105097670E-007  5.994838814559999E-007
         191  0.000000000000000E+000  0.000000000000000E+000
  9.080307798940563E-009  1.801319976918805E-008
  7.691830835714300E-007 -2.567846647203773E-007
         192  0.000000000000000E+000  0.000000000000000E+000
  1.416912576937290E-008  9.004198386554554E-009
  1.418862784094757E-007 -8.255157670745269E-007
         193  0.000000000000000E+000  0.000000000000000E+000
  1.254229567456242E-008  1.089824844104279E-009
 -7.163320208244707E-007 -5.449159486260127E-007
         194  0.000000000000000E+000  0.000000000000000E+000
  2.727425398884274E-009 -8.526817263471483E-010
 -7.502362516342421E-007  4.638515297958083E-007
         195  0.000000000000000E+000  0.000000000000000E+000
  1.859410129653998E-010  7.963633227379938E-009
  1.373171033747841E-007  7.421857903537313E-007
         196  0.000000000000000E+000  0.000000000000000E+000
  7.908277925656810E-009  1.224308378477391E-008
  6.202689987405156E-007  1.637214451187448E-007
         197  0.000000000000000E+000  0.000000000000000E+000
  1.335812251650428E-008  6.085785870389127E-009
  3.961512944236853E-007 -4.322580829941735E-007
         198  0.000000000000000E+000  0.000000000000000E+000
  1.115115991819870E-008  9.175202135716919E-010
 -1.635715123207037E-007 -5.292526259266527E-007
         199  0.000000000000000E+000  0.000000000000000E+000
  6.443384056142292E-009 -7.645494142962817E-010
 -5.056356774099676E-007 -1.010107803846197E-007
         200  0.000000000000000E+000  0.000000000000000E+000
  3.873112880746391E-009  3.718083378029036E-009
 -2.719709507192910E-007  3.069962558269898E-007
         201  0.000000000000000E+000  0.000000000000000E+000
  7.338731650972702E-009  6.429793287898853E-009
  4.932925675396935E-008  3.119003862147295E-007
         202  0.000000000000000E+000  0.000000000000000E+000
  1.138159773627667E-008  4.662595739415770E-009
  2.468171454780483E-007  1.615910749827364E-007
         203  0.000000000000000E+000  0.000000000000000E+000
  1.140713397825811E-008  3.635226984322421E-010
  3.001802121170631E-007 -1.111527799312841E-007
         204  0.000000000000000E+000  0.000000000000000E+000
  9.015790298464495E-009 -1.226632220259414E-009
  8.862562709956277E-008 -3.582833302345359E-007
         205  0.000000000000000E+000  0.000000000000000E+000
  6.678564025200677E-009 -5.973264955655178E-010
 -2.653868541416809E-007 -3.098441066420304E-007
         206  0.000000000000000E+000  0.000000000000000E+000
  6.996289989840017E-009  1.552469820918798E-009
 -4.531168465226319E-007  1.567477701826822E-008
         207  0.000000000000000E+000  0.000000000000000E+000
  8.821172934801608E-009  1.633341597223517E-009
 -2.772189270842621E-007  4.224450418600462E-007
         208  0.000000000000000E+000  0.000000000000000E+000
  1.000008916037667E-008  5.669897894670977E-010
  2.335416890548377E-007  4.894007829706292E-007
         209  0.000000000000000E+000  0.000000000000000E+000
  1.048248647427966E-008 -9.226107847722206E-010
  5.764266924759409E-007  3.827314761745674E-008
         210  0.000000000000000E+000  0.000000000000000E+000
  1.066233555286055E-008 -2.482255775036858E-009
  3.397453537291041E-007 -5.371701223486456E-007
         211  0.000000000000000E+000  0.000000000000000E+000
  9.699804862318737E-009 -4.476290270072999E-009
 -3.366810240126872E-007 -5.969882455266268E-007
         212  0.000000000000000E+000  0.000000000000000E+000
  7.601072314181434E-009 -5.605290084980568E-009
 -6.971638655431182E-007 -1.832601529369743E-008
         213  0.000000000000000E+000  0.000000000000000E+000
  5.097615154324742E-009 -3.761607532373885E-009
 -3.897488333197833E-007  5.658313755989003E-007
         214  0.000000000000000E+000  0.000000000000000E+000
  6.502863582715786E-009 -1.546700016853018E-009
  2.536079714623512E-007  6.054751430164802E-007
         215  0.000000000000000E+000  0.000000000000000E+000
  9.317296419697053E-009 -1.534691653878585E-009
  6.076236272062441E-007  7.418330337013227E-008
         216  0.000000000000000E+000  0.000000000000000E+000
  1.047792625668616E-008 -4.994787161100199E-009
  3.089180020386436E-007 -4.059165138474837E-007
         217  0.000000000000000E+000  0.000000000000000E+000
  9.549341575755837E-009 -7.061040371096501E-009
 -7.924870455597699E-008 -4.271313884187437E-007
         218  0.000000000000000E+000  0.000000000000000E+000
  6.476330655384547E-009 -9.475037788033129E-009
 -3.701946162217697E-007 -2.683062569927279E-007
         219  0.000000000000000E+000  0.000000000000000E+000
  4.063662586788486E-009 -7.130580287694788E-009
 -4.911978217039346E-007  1.033669756892895E-007
         220  0.000000000000000E+000  0.000000000000000E+000
  4.139484315319132E-009 -5.469734996601516E-009
 -2.504774308138008E-007  4.691533137613392E-007
         221  0.000000000000000E+000  0.000000000000000E+000
  6.294663669182133E-009 -5.269262674303198E-009
  1.617833785391724E-007  4.912230669604445E-007
         222  0.000000000000000E+000  0.000000000000000E+000
  6.822810936209368E-009 -6.063215137122783E-009
  5.483184334237345E-007  2.583212339606153E-007
         223  0.000000000000000E+000  0.000000000000000E+000
  8.426719079532067E-009 -9.670163765076740E-009
  5.898830333413684E-007 -4.097046843934503E-007
         224  0.000000000000000E+000  0.000000000000000E+000
  3.732456494836604E-009 -1.155532825321603E-008
 -1.053663416208614E-007 -7.525107585237000E-007
         225  0.000000000000000E+000  0.000000000000000E+000
  1.781583330511389E-009 -1.020547024549581E-008
 -7.139397924754858E-007 -2.867885619194063E-007
         226  0.000000000000000E+000  0.000000000000000E+000
  1.783179774407639E-009 -8.619017095204152E-009
 -6.465801212443933E-007  4.118886522978073E-007
         227  0.000000000000000E+000  0.000000000000000E+000
  1.050788888571903E-009 -8.362698517358349E-009
 -1.707057525959865E-008  8.461721400285806E-007
         228  0.000000000000000E+000  0.000000000000000E+000
  3.608779983233648E-009 -8.510445437603288E-009
  7.512053214344380E-007  3.635083047709027E-007
         229  0.000000000000000E+000  0.000000000000000E+000
  3.471423936138815E-010 -1.177472203387157E-008
  5.283946575362124E-007 -4.460803380727010E-007
         230  0.000000000000000E+000  0.000000000000000E+000
 -1.990730814723175E-009 -9.705724211230437E-009
 -1.273107052649081E-007 -5.239247997146315E-007
         231  0.000000000000000E+000  0.000000000000000E+000
 -2.124449658717426E-009 -7.092627735821985E-009
 -3.964218670548833E-007 -1.227549188216241E-007
         232  0.000000000000000E+000  0.000000000000000E+000
 -1.057154290057788E-009 -6.485803618150742E-009
 -2.529920470856924E-007  2.583768427780276E-007
         233  0.000000000000000E+000  0.000000000000000E+000
  2.654464601632971E-009 -5.943737987385460E-009
  1.415188746191923E-007  1.775625218470952E-007
         234  0.000000000000000E+000  0.000000000000000E+000
  2.085012524686233E-009 -1.434586282965884E-008
 -2.919196487572269E-008 -1.054209823188879E-007
         235  0.000000000000000E+000  0.000000000000000E+000
 -7.186889774364945E-009 -1.294480033835126E-008
 -2.088514516614077E-007  1.814189140883849E-007
         236  0.000000000000000E+000  0.000000000000000E+000
 -8.952329733682694E-009 -5.890749627197608E-009
  1.485086643585353E-007  3.948607064889796E-007
         237  0.000000000000000E+000  0.000000000000000E+000
 -3.774490593060051E-009 -1.591956357769641E-009
  4.805494701800974E-007  4.665763142532502E-008
         238  0.000000000000000E+000  0.000000000000000E+000
  1.419146866429939E-009 -2.835730364126547E-009
  3.535179959494847E-007 -4.099546037388082E-007
         239  0.000000000000000E+000  0.000000000000000E+000
  5.273383025132482E-009 -1.095729494786623E-008
 -2.392258669975530E-007 -6.407752672546842E-007
         240  0.000000000000000E+000  0.000000000000000E+000
 -5.414161565837740E-009 -1.771898020799028E-008
 -7.933562537064672E-007 -3.020516583982236E-008
         241  0.000000000000000E+000  0.000000000000000E+000
 -1.291369651667741E-008 -1.018660375858382E-008
 -3.833414535818472E-007  7.335774789363128E-007
         242  0.000000000000000E+000  0.000000000000000E+000
 -1.069917334470808E-008 -2.362544774393966E-009
  4.404602819115815E-007  6.738771563525908E-007
         243  0.000000000000000E+000  0.000000000000000E+000
 -5.219618365515814E-009 -8.405831382728593E-010
  7.705068322157490E-007  2.119935903239783E-008
         244  0.000000000000000E+000  0.000000000000000E+000
  1.585856254184363E-010 -4.613831231617932E-009
  4.142448589984417E-007 -6.669986782288306E-007
         245  0.000000000000000E+000  0.000000000000000E+000
 -4.495364286057065E-009 -1.236709454711963E-008
 -4.150409730775891E-007 -6.025335322221983E-007
         246  0.000000000000000E+000  0.000000000000000E+000
 -1.175710745444204E-008 -8.908664921039616E-009
 -6.163351072530397E-007  1.037063953903077E-007
         247  0.000000000000000E+000  0.000000000000000E+000
 -1.191247339372850E-008 -3.027993074242670E-009
 -1.802419540331454E-007  4.889170427338555E-007
         248  0.000000000000000E+000  0.000000000000000E+000
 -8.820198659603772E-009 -9.596391523798556E-010
  2.419751921912004E-007  3.738275687289566E-007
         249  0.000000000000000E+000  0.000000000000000E+000
 -5.812379792831156E-009 -1.553547356432843E-009
  3.779308643839421E-007  1.328153183906933E-008
         250  0.000000000000000E+000  0.000000000000000E+000
 -6.515305425072038E-009 -5.590157182509203E-009
  1.626367701253156E-007 -1.942263933113772E-007
         251  0.000000000000000E+000  0.000000000000000E+000
 -1.116278248512777E-008 -4.013249556187637E-009
  3.245711394332247E-008 -1.596615005032220E-007
         252  0.000000000000000E+000  0.000000000000000E+000
 -1.054334071158598E-008 -3.416555273995254E-011
 -5.522502175881630E-008 -1.740122427737172E-007
         253  0.000000000000000E+000  0.000000000000000E+000
 -7.866609722560666E-009  6.591522874468709E-010
 -2.179856923505234E-007 -8.140592343657200E-008
         254  0.000000000000000E+000  0.000000000000000E+000
 -7.229806033954075E-009 -6.819327795140848E-010
 -2.111425742137980E-007  1.815107296995521E-007
         255  0.000000000000000E+000  0.000000000000000E+000
 -7.996105734286214E-009 -1.281809507124646E-009
  5.077058334040474E-008  3.125557495737667E-007
         256  0.000000000000000E+000  0.000000000000000E+000
 -9.289547922763143E-009 -9.133907026746506E-010
  3.221925459234383E-007  1.465982587668156E-007
