   5120.00000000000     
         256           1           3
  8.994473019507991E-004   36.4296741440502        117.747156706279     
   18.8300000000000        145.590000000000        6160.02000000000     
           0  0.000000000000000E+000  0.000000000000000E+000
  0.000000000000000E+000  0.000000000000000E+000
  0.000000000000000E+000  0.000000000000000E+000
           1  0.000000000000000E+000  0.000000000000000E+000
  6.443755633019163E-009 -2.054465109510317E-010
 -2.522912192725733E-008  9.278346666998059E-012
           2  0.000000000000000E+000  0.000000000000000E+000
  6.435144068969496E-009 -3.954834226864381E-010
 -2.734431641234300E-008 -1.253222900891118E-009
           3  0.000000000000000E+000  0.000000000000000E+000
  6.413389544588515E-009 -5.210772926931306E-010
 -3.246113834984977E-008 -8.306473459841560E-010
           4  0.000000000000000E+000  0.000000000000000E+000
  6.443664991917140E-009 -4.527412206195380E-010
 -4.057010985221871E-008  4.666747366189823E-009
           5  0.000000000000000E+000  0.000000000000000E+000
  6.936098250782132E-009 -1.970780747284372E-010
 -4.675097218099398E-008  1.945514513798662E-008
           6  0.000000000000000E+000  0.000000000000000E+000
  8.175641936711836E-009 -8.098195999611532E-010
 -4.089134538583859E-008  4.175563585388800E-008
           7  0.000000000000000E+000  0.000000000000000E+000
  7.915117218943469E-009 -1.831051762581849E-009
 -1.653694748919381E-008  6.160248713329997E-008
           8  0.000000000000000E+000  0.000000000000000E+000
  8.610777499225486E-009 -1.906751225366243E-009
  2.752090175962738E-008  5.841368945106349E-008
           9  0.000000000000000E+000  0.000000000000000E+000
  1.000753040642096E-008 -3.295679537086087E-009
  6.291673812308401E-008  1.273669646276489E-008
          10  0.000000000000000E+000  0.000000000000000E+000
  1.086399189180770E-008 -6.262269974145991E-009
  4.696226570768057E-008 -5.846609910387822E-008
          11  0.000000000000000E+000  0.000000000000000E+000
  9.252598492167321E-009 -1.240522159341034E-008
 -3.599310161253217E-008 -9.995331793850248E-008
          12  0.000000000000000E+000  0.000000000000000E+000
 -1.687344954772609E-009 -1.261059234285043E-008
 -1.415341115384370E-007 -4.021443272070842E-008
          13  0.000000000000000E+000  0.000000000000000E+000
 -4.687901299294055E-009 -3.014443293949800E-009
 -1.492378512436267E-007  9.696243508603461E-008
          14  0.000000000000000E+000  0.000000000000000E+000
  1.091265926007264E-009  3.739654944817136E-009
 -3.425525529825490E-008  1.965226522079215E-007
          15  0.000000000000000E+000  0.000000000000000E+000
  1.039364929601081E-008  3.248889576434225E-009
  1.333649275933815E-007  1.636458691577779E-007
          16  0.000000000000000E+000  0.000000000000000E+000
  1.707883948466434E-008 -7.178654273400804E-009
  2.169001380599866E-007 -7.904828218394993E-009
          17  0.000000000000000E+000  0.000000000000000E+000
  6.061821658997814E-009 -1.840874237241819E-008
  1.159384698321482E-007 -1.838514875009567E-007
          18  0.000000000000000E+000  0.000000000000000E+000
 -3.983934069633714E-009 -1.285781427296602E-008
 -8.253209574857143E-008 -2.185146018770102E-007
          19  0.000000000000000E+000  0.000000000000000E+000
 -5.512318339151124E-009 -4.959343806871764E-009
 -2.535264661385734E-007 -8.155830478760984E-008
          20  0.000000000000000E+000  0.000000000000000E+000
 -1.307510409018252E-009  9.378838538379903E-010
 -2.552653585925891E-007  1.577041215238957E-007
          21  0.000000000000000E+000  0.000000000000000E+000
  7.199945858550846E-009  1.157996201862057E-009
 -5.357039747238783E-008  3.195617480320578E-007
          22  0.000000000000000E+000  0.000000000000000E+000
  1.065415457192278E-008 -1.107193828639832E-008
  2.058889617713869E-007  2.574277807511984E-007
          23  0.000000000000000E+000  0.000000000000000E+000
 -1.783792313295764E-009 -1.134847743938947E-008
  3.435689396982003E-007  2.426192319127800E-008
          24  0.000000000000000E+000  0.000000000000000E+000
 -9.563333434123483E-010 -4.548028722843400E-009
  2.487442172995943E-007 -2.762471913912754E-007
          25  0.000000000000000E+000  0.000000000000000E+000
  3.235670725587788E-009 -4.350099133351253E-009
 -8.434945860781894E-008 -3.928670506757111E-007
          26  0.000000000000000E+000  0.000000000000000E+000
  5.933622880421395E-009 -7.489793330544077E-009
 -3.984437906389046E-007 -1.829316223225098E-007
          27  0.000000000000000E+000  0.000000000000000E+000
  6.147715627496109E-009 -1.641953936763113E-008
 -4.331712411619319E-007  2.161500160774136E-007
          28  0.000000000000000E+000  0.000000000000000E+000
 -1.326554351708721E-008 -1.769239518036169E-008
 -1.167768768977157E-007  5.348062159994378E-007
          29  0.000000000000000E+000  0.000000000000000E+000
 -1.259533521323621E-008  1.337632736624505E-009
  3.824950541030541E-007  4.336724011493853E-007
          30  0.000000000000000E+000  0.000000000000000E+000
  4.032596886585742E-010  4.784205338684057E-009
  5.732041226381503E-007 -4.356631195123496E-008
          31  0.000000000000000E+000  0.000000000000000E+000
  8.144841473726689E-009 -2.004894668355214E-009
  3.061159666332288E-007 -4.763755388439410E-007
          32  0.000000000000000E+000  0.000000000000000E+000
  9.494924176073828E-009 -1.259403383526058E-008
 -2.029505916876847E-007 -5.316327994618471E-007
          33  0.000000000000000E+000  0.000000000000000E+000
 -5.649863763735885E-009 -2.360331187512218E-008
 -5.706442788161374E-007 -1.417637945266600E-007
          34  0.000000000000000E+000  0.000000000000000E+000
 -1.675693960154839E-008 -6.926901165284882E-009
 -4.436906953626082E-007  3.753985470635041E-007
          35  0.000000000000000E+000  0.000000000000000E+000
 -8.175267771697176E-009  1.973258137810739E-009
  2.883787459508387E-009  5.727647887716596E-007
          36  0.000000000000000E+000  0.000000000000000E+000
 -1.166942686855074E-009  5.146726558292332E-010
  4.305173130446650E-007  3.722752206801149E-007
          37  0.000000000000000E+000  0.000000000000000E+000
  1.985506736808709E-009 -3.518446692284583E-009
  5.556758167804388E-007 -8.578401825887523E-008
          38  0.000000000000000E+000  0.000000000000000E+000
  1.816103552390704E-009 -1.138489035586130E-008
  2.721038795700289E-007 -4.758567891077877E-007
          39  0.000000000000000E+000  0.000000000000000E+000
 -1.235203148753380E-008 -1.039638012776965E-008
 -1.939075660192909E-007 -4.789973334464930E-007
          40  0.000000000000000E+000  0.000000000000000E+000
 -7.944621863614153E-009  1.249086977754788E-009
 -4.871679210054660E-007 -1.673018004094740E-007
          41  0.000000000000000E+000  0.000000000000000E+000
 -4.022709645345237E-010 -1.347598461761310E-009
 -4.648955045907772E-007  2.856203818083098E-007
          42  0.000000000000000E+000  0.000000000000000E+000
 -2.982650727900755E-010 -6.899553849093023E-009
 -7.262244787500947E-008  5.731558756887461E-007
          43  0.000000000000000E+000  0.000000000000000E+000
 -3.146734987172594E-009 -1.069601245917966E-008
  4.122804331819689E-007  4.316239559409625E-007
          44  0.000000000000000E+000  0.000000000000000E+000
 -1.398070783797662E-008 -1.235922479565316E-008
  5.987690423708237E-007 -3.501180979942832E-008
          45  0.000000000000000E+000  0.000000000000000E+000
 -1.505544867906157E-008  2.503312326712467E-009
  3.586109030086387E-007 -5.055468197313787E-007
          46  0.000000000000000E+000  0.000000000000000E+000
 -5.164510242319639E-009  4.445766874635843E-009
 -2.116276674145896E-007 -5.835841651195695E-007
          47  0.000000000000000E+000  0.000000000000000E+000
 -1.277913006497145E-009 -5.715280047697960E-011
 -5.922205843104916E-007 -1.478120843812251E-007
          48  0.000000000000000E+000  0.000000000000000E+000
 -1.215419463004447E-009 -4.440708406063758E-009
 -4.558532335063931E-007  3.996040575478934E-007
          49  0.000000000000000E+000  0.000000000000000E+000
 -5.413075252850310E-009 -9.153817684302001E-009
  5.210678473510615E-008  6.086949859661721E-007
          50  0.000000000000000E+000  0.000000000000000E+000
 -1.165070705225302E-008 -5.169696830922865E-009
  5.219686097970797E-007  3.233600795242037E-007
          51  0.000000000000000E+000  0.000000000000000E+000
 -1.140592792917723E-008 -1.375875172689758E-009
  5.525703522457942E-007 -2.116848951019949E-007
          52  0.000000000000000E+000  0.000000000000000E+000
 -1.090424410081919E-008  1.282459758590564E-009
  1.617972246079830E-007 -5.360640288271727E-007
          53  0.000000000000000E+000  0.000000000000000E+000
 -8.741066318466294E-009  3.820215387297117E-009
 -3.157461100910677E-007 -4.279103178418078E-007
          54  0.000000000000000E+000  0.000000000000000E+000
 -5.177452740791762E-009  4.129890749016888E-009
 -5.142871112648574E-007  7.746925322225910E-009
          55  0.000000000000000E+000  0.000000000000000E+000
 -2.364309709044882E-009  1.325844587552562E-009
 -2.895642042527411E-007  4.201684262707461E-007
          56  0.000000000000000E+000  0.000000000000000E+000
 -3.882663838239063E-009 -2.762466844916421E-009
  1.669557916628877E-007  4.925323568053010E-007
          57  0.000000000000000E+000  0.000000000000000E+000
 -7.753244297588711E-009 -3.487630762920462E-009
  5.067380482295315E-007  1.713257774285090E-007
          58  0.000000000000000E+000  0.000000000000000E+000
 -1.090562577294707E-008 -1.502007278368473E-009
  4.474287326391272E-007 -2.997987613341072E-007
          59  0.000000000000000E+000  0.000000000000000E+000
 -1.254593679498455E-008  2.254076714472901E-009
  2.762641914163049E-008 -5.278437968510620E-007
          60  0.000000000000000E+000  0.000000000000000E+000
 -1.089490361237264E-008  8.032092277164058E-009
 -3.996079447543797E-007 -3.206066064564811E-007
          61  0.000000000000000E+000  0.000000000000000E+000
 -2.993575967724980E-009  6.664298466794251E-009
 -4.987999097836240E-007  1.466142819331578E-007
          62  0.000000000000000E+000  0.000000000000000E+000
 -4.746153465371544E-009  3.399344785873304E-009
 -1.405319265421581E-007  5.281825836549812E-007
          63  0.000000000000000E+000  0.000000000000000E+000
 -4.016037850059637E-009  3.096161680008712E-009
  3.817811387653685E-007  4.044079042546445E-007
          64  0.000000000000000E+000  0.000000000000000E+000
 -5.773319759462367E-009  9.988001832934362E-011
  5.430100840386580E-007 -8.355504882560025E-008
          65  0.000000000000000E+000  0.000000000000000E+000
 -1.155819353077192E-008  3.040955125422066E-009
  2.520727945229047E-007 -4.709400107056174E-007
          66  0.000000000000000E+000  0.000000000000000E+000
 -5.200673183794532E-009  8.467796071228815E-009
 -2.322075999266962E-007 -4.737192032171897E-007
          67  0.000000000000000E+000  0.000000000000000E+000
 -8.123812785908026E-009  5.492599348633166E-009
 -4.793532832109528E-007 -3.207324636426254E-008
          68  0.000000000000000E+000  0.000000000000000E+000
 -4.284678767837588E-009  1.057981304275112E-008
 -2.458633457931206E-007  3.209265637133936E-007
          69  0.000000000000000E+000  0.000000000000000E+000
  1.607223704649929E-010  5.296697277519284E-009
  8.588548496851799E-008  3.581060904398288E-007
          70  0.000000000000000E+000  0.000000000000000E+000
 -5.771482081980949E-009  1.628497302639101E-009
  3.329824792617725E-007  1.726732676541545E-007
          71  0.000000000000000E+000  0.000000000000000E+000
 -6.431522827835390E-009  1.032582804816657E-008
  3.642330467362778E-007 -1.615688796398596E-007
          72  0.000000000000000E+000  0.000000000000000E+000
 -3.290694392776901E-009  4.135953146473349E-009
  8.383559409100758E-008 -3.493138542459284E-007
          73  0.000000000000000E+000  0.000000000000000E+000
 -5.623869297875455E-009  1.023885138612753E-008
 -1.446126896537608E-007 -2.935296328977777E-007
          74  0.000000000000000E+000  0.000000000000000E+000
  1.424172634302551E-009  8.575838325458002E-009
 -3.435314515728224E-007 -1.099384851991811E-007
          75  0.000000000000000E+000  0.000000000000000E+000
 -1.670242526643656E-009  2.049448161670486E-009
 -3.080016585592801E-007  2.457411211556724E-007
          76  0.000000000000000E+000  0.000000000000000E+000
 -9.364015365744481E-009  7.557984343576482E-009
  6.639372523475529E-008  4.085464620558403E-007
          77  0.000000000000000E+000  0.000000000000000E+000
  1.834683684998977E-009  1.192123529005992E-008
  3.684328359814076E-007  1.501890165298234E-007
          78  0.000000000000000E+000  0.000000000000000E+000
 -3.276061278510271E-009  8.034260070104099E-009
  3.889480025669421E-007 -1.819071477863092E-007
          79  0.000000000000000E+000  0.000000000000000E+000
  2.102094756263224E-009  1.093509495711697E-008
  6.687442078592989E-008 -5.036511389487879E-007
          80  0.000000000000000E+000  0.000000000000000E+000
  1.509317598961061E-009  4.164355113467315E-009
 -4.281787645061840E-007 -2.948119090701981E-007
          81  0.000000000000000E+000  0.000000000000000E+000
 -6.616032943912428E-009  7.855351871684047E-009
 -4.111972819594448E-007  2.392470590002105E-007
          82  0.000000000000000E+000  0.000000000000000E+000
  4.027930139576617E-009  1.877611270716245E-008
  2.846433283102093E-008  4.072849386888404E-007
          83  0.000000000000000E+000  0.000000000000000E+000
  7.070278722554891E-009  6.790360102102632E-009
  3.756396692063974E-007  1.940745903895682E-007
          84  0.000000000000000E+000  0.000000000000000E+000
  7.485019288219914E-009  5.367561552932551E-009
  3.596330109920577E-007 -3.142404263965132E-007
          85  0.000000000000000E+000  0.000000000000000E+000
  2.656487444739071E-009 -1.641264698962231E-009
 -1.552772823098904E-007 -4.431004056813776E-007
          86  0.000000000000000E+000  0.000000000000000E+000
 -8.148788358672656E-009  3.599436397129262E-009
 -4.139149702993970E-007 -4.498338740730765E-008
          87  0.000000000000000E+000  0.000000000000000E+000
 -4.596080894054268E-009  2.001010880567146E-008
 -1.990414166122884E-007  2.913824799364273E-007
          88  0.000000000000000E+000  0.000000000000000E+000
  1.323479942234578E-008  1.482655439879031E-008
  1.229627741248663E-007  3.130013855212668E-007
          89  0.000000000000000E+000  0.000000000000000E+000
  1.463912568502182E-008  6.947604519460330E-009
  3.922480936392266E-007  3.321641853775751E-008
          90  0.000000000000000E+000  0.000000000000000E+000
  1.295190545400676E-008 -3.937524286334904E-009
  2.091071626801012E-007 -3.557736989392949E-007
          91  0.000000000000000E+000  0.000000000000000E+000
 -3.649505997915513E-010 -7.617421275269311E-009
 -1.758464196636947E-007 -3.564058243502311E-007
          92  0.000000000000000E+000  0.000000000000000E+000
 -9.910508740716054E-009  3.538090908457175E-009
 -3.662374139728100E-007 -8.762076307969991E-008
          93  0.000000000000000E+000  0.000000000000000E+000
 -1.288858113943195E-009  1.834397087032190E-008
 -3.125055093723860E-007  2.041606812349801E-007
          94  0.000000000000000E+000  0.000000000000000E+000
  9.470371354108457E-009  1.302974090786376E-008
 -3.898874087116581E-008  4.236052466952476E-007
          95  0.000000000000000E+000  0.000000000000000E+000
  1.492051057368669E-008  8.247252586784645E-009
  3.517863415219769E-007  2.607040312027370E-007
          96  0.000000000000000E+000  0.000000000000000E+000
  1.299326142239918E-008 -2.195120521804229E-009
  4.220916004408592E-007 -1.129711482889710E-007
          97  0.000000000000000E+000  0.000000000000000E+000
  3.184836298493250E-009 -3.639307106247619E-009
  2.278143423249637E-007 -4.280318151407514E-007
          98  0.000000000000000E+000  0.000000000000000E+000
 -6.763693397385891E-010  4.759884622260941E-009
 -1.994602698836871E-007 -5.357506036918528E-007
          99  0.000000000000000E+000  0.000000000000000E+000
  6.328663845763241E-009  6.417987627744632E-009
 -6.317050027166704E-007 -1.933357669531929E-007
         100  0.000000000000000E+000  0.000000000000000E+000
  6.700681812453247E-009  6.177059796551829E-009
 -5.502401227252097E-007  4.041332307877565E-007
         101  0.000000000000000E+000  0.000000000000000E+000
  8.746737323231241E-009  4.183710839815465E-009
 -2.740199512406210E-008  7.197867291770509E-007
         102  0.000000000000000E+000  0.000000000000000E+000
  7.812729805116054E-009  3.631424956619911E-009
  6.234796287931349E-007  4.707115175332361E-007
         103  0.000000000000000E+000  0.000000000000000E+000
  9.306010809005012E-009  4.460267737874949E-009
  7.823598485856861E-007 -2.820109684271211E-007
         104  0.000000000000000E+000  0.000000000000000E+000
  1.275420662645690E-008  1.473232650708107E-009
  2.089773794342661E-007 -8.363135719162773E-007
         105  0.000000000000000E+000  0.000000000000000E+000
  9.594530360219319E-009 -2.659601109994351E-009
 -5.526335399239526E-007 -6.723897742913635E-007
         106  0.000000000000000E+000  0.000000000000000E+000
  6.463744436545607E-009 -2.202195145190358E-009
 -8.751568735788854E-007  2.537030001572228E-008
         107  0.000000000000000E+000  0.000000000000000E+000
  5.287844143548487E-009  2.129742005840977E-010
 -5.045863709632980E-007  6.914848535811568E-007
         108  0.000000000000000E+000  0.000000000000000E+000
  7.118422209117807E-009  2.026634237739513E-009
  2.245662581416699E-007  7.900145505994330E-007
         109  0.000000000000000E+000  0.000000000000000E+000
  9.224426530756593E-009  9.427228991937124E-010
  7.362475111944330E-007  2.970445449077948E-007
         110  0.000000000000000E+000  0.000000000000000E+000
  9.904234969737056E-009 -2.402170658992088E-010
  6.739061819914408E-007 -4.047947177265265E-007
         111  0.000000000000000E+000  0.000000000000000E+000
  9.499546033366352E-009 -1.976952591077902E-009
  8.448495785253549E-008 -7.731868237192361E-007
         112  0.000000000000000E+000  0.000000000000000E+000
  9.488167108873251E-009 -2.089659842386203E-009
 -5.450440424947946E-007 -5.590916872158520E-007
         113  0.000000000000000E+000  0.000000000000000E+000
  9.997428939934930E-009 -3.653136627769818E-009
 -7.948635922056060E-007  6.041918386201010E-008
         114  0.000000000000000E+000  0.000000000000000E+000
  9.134666971116681E-009 -5.663583852186433E-009
 -4.540497558475911E-007  6.632507348063520E-007
         115  0.000000000000000E+000  0.000000000000000E+000
  5.048537405755280E-009 -6.475116724524902E-009
  2.573563888202671E-007  7.455013759595248E-007
         116  0.000000000000000E+000  0.000000000000000E+000
  5.879142388691400E-009 -2.783334187138362E-009
  6.978730736474645E-007  2.007001970363847E-007
         117  0.000000000000000E+000  0.000000000000000E+000
  7.088911011175944E-009 -1.703589125221137E-009
  5.603408772353238E-007 -4.118157830828650E-007
         118  0.000000000000000E+000  0.000000000000000E+000
  1.120414239808386E-008 -3.501872661088290E-009
 -3.329698541540410E-008 -7.067711299844516E-007
         119  0.000000000000000E+000  0.000000000000000E+000
  1.058811105979267E-008 -8.576431140489509E-009
 -6.023894668793388E-007 -3.274247063731247E-007
         120  0.000000000000000E+000  0.000000000000000E+000
  5.510619588391504E-009 -1.185614504744181E-008
 -5.300114682253074E-007  2.970689456940450E-007
         121  0.000000000000000E+000  0.000000000000000E+000
  3.140995899111297E-009 -5.442888520249388E-009
 -7.021889325008306E-008  4.598784561919547E-007
         122  0.000000000000000E+000  0.000000000000000E+000
  5.153352313670255E-009 -5.440416035618342E-009
  2.366230624650104E-007  3.120503350281945E-007
         123  0.000000000000000E+000  0.000000000000000E+000
  8.323574049139651E-009 -7.108471218334751E-009
  2.864006752522956E-007 -2.572844663477669E-008
         124  0.000000000000000E+000  0.000000000000000E+000
  5.373089372703227E-009 -1.148436369950428E-008
  7.422155173812165E-008 -1.074712889199998E-007
         125  0.000000000000000E+000  0.000000000000000E+000
  2.017486272619360E-009 -1.074120646046952E-008
  7.686011183527240E-008 -4.388746355413063E-008
         126  0.000000000000000E+000  0.000000000000000E+000
 -1.512962896724669E-009 -5.587257039076349E-009
  9.572542106897431E-008 -2.086255596995001E-007
         127  0.000000000000000E+000  0.000000000000000E+000
  4.279085555765007E-009 -5.195979942568063E-009
 -2.237170477146739E-007 -2.496328424872039E-007
         128  0.000000000000000E+000  0.000000000000000E+000
  6.684060877006851E-009 -6.379860729617980E-009
 -3.673196612910862E-007  5.061963877804867E-009
         129  0.000000000000000E+000  0.000000000000000E+000
  6.231603247985883E-009 -1.237466017005258E-008
 -3.321286820678158E-007  3.502498396488371E-007
         130  0.000000000000000E+000  0.000000000000000E+000
  1.505750000948094E-009 -1.261336406794268E-008
  1.287752856559415E-007  5.881553210896713E-007
         131  0.000000000000000E+000  0.000000000000000E+000
 -1.383360994041970E-009 -1.339315081870688E-008
  6.335720682988144E-007  2.030452210579747E-007
         132  0.000000000000000E+000  0.000000000000000E+000
 -1.670057953134403E-009 -8.095374384079927E-009
  4.559070478065732E-007 -4.784721344332209E-007
         133  0.000000000000000E+000  0.000000000000000E+000
 -1.451138524852614E-009 -7.293367799738092E-009
 -1.257812110964086E-007 -5.824875950894613E-007
         134  0.000000000000000E+000  0.000000000000000E+000
  2.146827507816280E-009 -8.854649976138781E-009
 -6.050616286468033E-007 -2.695863610295027E-007
         135  0.000000000000000E+000  0.000000000000000E+000
 -4.293865209575065E-010 -1.107854771805796E-008
 -5.802500131660892E-007  4.282500340379674E-007
         136  0.000000000000000E+000  0.000000000000000E+000
 -5.225921441875111E-010 -1.261425903674000E-008
  6.577426051145178E-008  6.862970893777871E-007
         137  0.000000000000000E+000  0.000000000000000E+000
 -4.249381507130247E-009 -1.135402437418268E-008
  4.926343575851055E-007  2.878116314650639E-007
         138  0.000000000000000E+000  0.000000000000000E+000
 -6.846001398081826E-009 -1.105162743227481E-008
  4.908199452328704E-007 -7.094372231209869E-008
         139  0.000000000000000E+000  0.000000000000000E+000
 -6.237058873317188E-009 -8.564447967360449E-009
  2.874558042762995E-007 -4.409658942525252E-007
         140  0.000000000000000E+000  0.000000000000000E+000
 -7.730758008414618E-009 -7.047464425141235E-009
 -1.501307946255486E-007 -4.793862710384271E-007
         141  0.000000000000000E+000  0.000000000000000E+000
 -3.651158843425567E-009 -4.986106916012726E-009
 -4.703360290864499E-007 -2.573017041211459E-007
         142  0.000000000000000E+000  0.000000000000000E+000
 -4.859928117443584E-009 -9.314839294487206E-009
 -6.301612267895238E-007  2.024731949513584E-007
         143  0.000000000000000E+000  0.000000000000000E+000
 -8.124592212383287E-009 -9.871668496266372E-009
 -3.010101526039694E-007  8.106922547976601E-007
         144  0.000000000000000E+000  0.000000000000000E+000
 -9.910713898995351E-009 -4.910244731033206E-009
  6.119706327636568E-007  7.954729165160198E-007
         145  0.000000000000000E+000  0.000000000000000E+000
 -7.775003225172490E-009 -3.398872794173506E-009
  1.056703550052920E-006 -4.802694912252064E-008
         146  0.000000000000000E+000  0.000000000000000E+000
 -5.324549093747395E-009 -2.099284396374499E-009
  6.193361071737461E-007 -9.419603978133447E-007
         147  0.000000000000000E+000  0.000000000000000E+000
 -1.881165616848357E-009 -6.658237222606255E-009
 -4.721841632255431E-007 -1.118171144368032E-006
         148  0.000000000000000E+000  0.000000000000000E+000
 -7.801930849175837E-009 -1.001901158237088E-008
 -1.280387200473503E-006 -2.205440213098726E-007
         149  0.000000000000000E+000  0.000000000000000E+000
 -1.304534858308064E-008 -6.752899369488372E-009
 -9.070265049118432E-007  1.035946703126698E-006
         150  0.000000000000000E+000  0.000000000000000E+000
 -1.150466208503750E-008 -8.216388945338472E-010
  3.680443904898947E-007  1.333460037597229E-006
         151  0.000000000000000E+000  0.000000000000000E+000
 -8.228583250580614E-009  4.919648795060384E-010
  1.305018709472904E-006  4.887885491683238E-007
         152  0.000000000000000E+000  0.000000000000000E+000
 -4.205390354720392E-009 -5.172198282936775E-010
  1.159561320889325E-006 -7.894844694351562E-007
         153  0.000000000000000E+000  0.000000000000000E+000
 -4.613797891334639E-009 -6.371853368956421E-009
 -7.962013310969760E-009 -1.372760054745830E-006
         154  0.000000000000000E+000  0.000000000000000E+000
 -9.880676776815845E-009 -7.126265341638365E-009
 -1.104003281550252E-006 -7.106344657932910E-007
         155  0.000000000000000E+000  0.000000000000000E+000
 -1.274665646679049E-008 -3.209275418818223E-009
 -1.132928466571089E-006  4.804136742882996E-007
         156  0.000000000000000E+000  0.000000000000000E+000
 -1.201262063146744E-008 -4.291971797153937E-010
 -2.640937020623746E-007  1.150374337937959E-006
         157  0.000000000000000E+000  0.000000000000000E+000
 -1.056764253083827E-008  1.310548884222846E-009
  7.334120085145751E-007  8.560216640033414E-007
         158  0.000000000000000E+000  0.000000000000000E+000
 -8.901767816654375E-009  1.112286223731128E-009
  1.050035814959270E-006 -4.776372154108355E-008
         159  0.000000000000000E+000  0.000000000000000E+000
 -8.997461224323963E-009  4.677500438468432E-010
  5.771613488116887E-007 -7.803822430887583E-007
         160  0.000000000000000E+000  0.000000000000000E+000
 -9.715531973370517E-009  7.037322882881202E-010
 -2.347071879525450E-007 -8.597381952454523E-007
         161  0.000000000000000E+000  0.000000000000000E+000
 -9.613131489492538E-009  1.638993829836354E-009
 -7.495317409560498E-007 -3.032406663517042E-007
         162  0.000000000000000E+000  0.000000000000000E+000
 -9.781485304750992E-009  1.449241888135838E-009
 -6.364595693642752E-007  3.886799091875362E-007
         163  0.000000000000000E+000  0.000000000000000E+000
 -1.092704947128430E-008  3.216776218283035E-009
 -4.802468482181635E-008  6.950999426930636E-007
         164  0.000000000000000E+000  0.000000000000000E+000
 -8.239224022121255E-009  4.276115783795218E-009
  4.898105961119438E-007  4.046082567283787E-007
         165  0.000000000000000E+000  0.000000000000000E+000
 -8.183705608232253E-009  1.857684741496652E-009
  5.178983100314017E-007 -1.358393930275203E-007
         166  0.000000000000000E+000  0.000000000000000E+000
 -1.216000194770359E-008  2.459559189523830E-009
  1.847053971491120E-007 -3.398662217863278E-007
         167  0.000000000000000E+000  0.000000000000000E+000
 -1.217701606840192E-008  6.420537273163560E-009
 -5.362942311822917E-008 -2.794669143376311E-007
         168  0.000000000000000E+000  0.000000000000000E+000
 -1.159157433094120E-008  8.990205311603470E-009
 -1.420596864348882E-007 -1.159541413195506E-007
         169  0.000000000000000E+000  0.000000000000000E+000
 -6.582586313927805E-009  1.399543213631297E-008
 -8.239790596957807E-008 -5.675548378446148E-008
         170  0.000000000000000E+000  0.000000000000000E+000
  1.340916113044811E-009  7.151266526104724E-009
 -1.548782228487974E-007 -9.241000183956194E-008
         171  0.000000000000000E+000  0.000000000000000E+000
 -4.838361382964733E-009 -2.222110735574932E-009
 -3.258393715562705E-007  1.387914265893468E-007
         172  0.000000000000000E+000  0.000000000000000E+000
 -1.439175855802050E-008  2.539845685766219E-009
 -1.700272981387329E-008  4.667737307355282E-007
         173  0.000000000000000E+000  0.000000000000000E+000
 -1.653938131402666E-008  1.041656129689570E-008
  4.323134733385376E-007  3.390336502432005E-007
         174  0.000000000000000E+000  0.000000000000000E+000
 -1.155523326508411E-008  2.273603979574921E-008
  6.707177659042467E-007 -1.735979552990252E-007
         175  0.000000000000000E+000  0.000000000000000E+000
  7.271818212207874E-009  1.997979316479204E-008
  2.515394207991890E-007 -7.864196871929963E-007
         176  0.000000000000000E+000  0.000000000000000E+000
  7.655308198407521E-009  2.349748260416256E-009
 -6.407824156063621E-007 -6.283993912275109E-007
         177  0.000000000000000E+000  0.000000000000000E+000
 -5.254741056694924E-009  6.730094059790630E-010
 -7.608713201537261E-007  2.753069961655966E-007
         178  0.000000000000000E+000  0.000000000000000E+000
 -9.761155874971469E-009  5.996587425106897E-009
 -1.503734131737996E-007  7.187025670639645E-007
         179  0.000000000000000E+000  0.000000000000000E+000
 -1.112560645744862E-008  1.539500855483741E-008
  5.556544962969693E-007  4.889115787840091E-007
         180  0.000000000000000E+000  0.000000000000000E+000
  2.936159889419808E-009  2.113822571016929E-008
  6.642079682646068E-007 -2.772495573221797E-007
         181  0.000000000000000E+000  0.000000000000000E+000
  8.430339813938646E-009  7.519273532050591E-009
  3.359815635726295E-008 -6.429159721119287E-007
         182  0.000000000000000E+000  0.000000000000000E+000
 -2.848952905756260E-009  3.578259945862355E-009
 -3.961157765827523E-007 -2.015135555254671E-007
         183  0.000000000000000E+000  0.000000000000000E+000
 -3.808027183961619E-009  1.075026011959510E-008
 -2.335039095345376E-007  9.252402928958757E-008
         184  0.000000000000000E+000  0.000000000000000E+000
 -2.854475048193355E-009  1.247685613651012E-008
 -6.317753513138656E-008  1.799274889850392E-007
         185  0.000000000000000E+000  0.000000000000000E+000
  1.307840989939214E-009  1.854029947449667E-008
  1.150481797452944E-007  6.841029105345138E-008
         186  0.000000000000000E+000  0.000000000000000E+000
  1.177323821000550E-008  1.094368677287039E-008
  1.342015047532558E-008 -6.607798733957909E-008
         187  0.000000000000000E+000  0.000000000000000E+000
  3.177051950507904E-009  1.175161991032226E-009
 -6.187040068003057E-008  1.042456567466931E-007
         188  0.000000000000000E+000  0.000000000000000E+000
 -3.693222229152004E-009  9.911616591313067E-009
  2.591134612302358E-007  7.200875426251628E-008
         189  0.000000000000000E+000  0.000000000000000E+000
  3.259716678398040E-010  1.414482954710647E-008
  1.788474431425654E-007 -2.864514487495140E-007
         190  0.000000000000000E+000  0.000000000000000E+000
  4.361107599176334E-009  1.857620560853810E-008
 -1.352767483630062E-007 -3.566894252839759E-007
         191  0.000000000000000E+000  0.000000000000000E+000
  1.633202316848947E-008  1.374503456461992E-008
 -4.579353802868832E-007 -1.162551123288518E-007
         192  0.000000000000000E+000  0.000000000000000E+000
  1.150355856633272E-008  1.390803669462459E-009
 -3.648797073672201E-007  4.314069342821551E-007
         193  0.000000000000000E+000  0.000000000000000E+000
  3.555953598209246E-009  6.155708193213540E-009
  3.431515884932855E-007  5.041633695536644E-007
         194  0.000000000000000E+000  0.000000000000000E+000
  6.897053830926463E-009  8.811401020947777E-009
  5.581276211312588E-007 -1.418496034236881E-007
         195  0.000000000000000E+000  0.000000000000000E+000
  7.593200238079486E-009  8.836613309894308E-009
  1.592946125591259E-007 -5.409344334628297E-007
         196  0.000000000000000E+000  0.000000000000000E+000
  1.169575419261874E-008  9.055838626830391E-009
 -3.779647064892963E-007 -4.432393773423862E-007
         197  0.000000000000000E+000  0.000000000000000E+000
  1.175322144835691E-008  3.221183696495063E-009
 -5.570171495402960E-007  8.136427114141189E-008
         198  0.000000000000000E+000  0.000000000000000E+000
  7.273540420553501E-009  3.974038042666908E-009
 -1.786955226172495E-007  4.688558759078414E-007
         199  0.000000000000000E+000  0.000000000000000E+000
  1.016889755991385E-008  6.201717964993338E-009
  2.308290383626862E-007  2.982033091358957E-007
         200  0.000000000000000E+000  0.000000000000000E+000
  1.093800120488102E-008  3.062126478461925E-009
  3.000839472100487E-007  3.312973619571486E-008
         201  0.000000000000000E+000  0.000000000000000E+000
  9.174324832798311E-009  3.024923597315937E-009
  2.462231825124898E-007 -1.922696753987448E-007
         202  0.000000000000000E+000  0.000000000000000E+000
  1.062162368600224E-008  3.507715769488016E-009
  2.571975476332902E-008 -3.391572280108264E-007
         203  0.000000000000000E+000  0.000000000000000E+000
  1.059758913827030E-008  1.875069523196341E-009
 -2.375930781291782E-007 -2.737107058327927E-007
         204  0.000000000000000E+000  0.000000000000000E+000
  1.039419470139561E-008  2.303689504832585E-009
 -3.736338418293871E-007 -4.399140825240674E-008
         205  0.000000000000000E+000  0.000000000000000E+000
  1.189940511674101E-008  9.107974929686436E-010
 -3.381775230565962E-007  2.486227411516565E-007
         206  0.000000000000000E+000  0.000000000000000E+000
  1.070611429047408E-008 -1.014596875203029E-009
 -2.162843394014945E-008  4.577003135822325E-007
         207  0.000000000000000E+000  0.000000000000000E+000
  9.269512790294905E-009 -6.655022254835931E-010
  3.728896939178631E-007  2.910555820188001E-007
         208  0.000000000000000E+000  0.000000000000000E+000
  9.504895067674011E-009  4.657629877699871E-010
  4.676350693159937E-007 -1.513850923488898E-007
         209  0.000000000000000E+000  0.000000000000000E+000
  1.115884142583578E-008  5.854098515517183E-010
  1.400618411466123E-007 -5.007914207743535E-007
         210  0.000000000000000E+000  0.000000000000000E+000
  1.292202430636775E-008 -5.117814353362031E-010
 -3.305778478229039E-007 -4.101602048744631E-007
         211  0.000000000000000E+000  0.000000000000000E+000
  1.452032934952954E-008 -3.887007078359599E-009
 -5.160771590478089E-007 -6.505523266690888E-009
         212  0.000000000000000E+000  0.000000000000000E+000
  1.170847666149026E-008 -8.635495099736229E-009
 -3.175970253724726E-007  3.679639597576395E-007
         213  0.000000000000000E+000  0.000000000000000E+000
  6.341744326321914E-009 -7.463128022309547E-009
  5.935714336001034E-008  4.095131097168156E-007
         214  0.000000000000000E+000  0.000000000000000E+000
  5.774019643152864E-009 -4.381588838296742E-009
  2.548583307850703E-007  1.998738410266141E-007
         215  0.000000000000000E+000  0.000000000000000E+000
  5.937991608823179E-009 -1.372859289292709E-009
  3.146430212332354E-007  3.614373614107857E-008
         216  0.000000000000000E+000  0.000000000000000E+000
  1.212393044573363E-008  4.456625329769591E-010
  3.040253177431219E-007 -2.707912002907341E-007
         217  0.000000000000000E+000  0.000000000000000E+000
  1.664827682927486E-008 -6.928876737383996E-009
 -5.732622480557287E-008 -4.625887824345257E-007
         218  0.000000000000000E+000  0.000000000000000E+000
  1.057644110452739E-008 -1.388822210630638E-008
 -4.318605243005533E-007 -2.749310762479701E-007
         219  0.000000000000000E+000  0.000000000000000E+000
  4.865565832189072E-009 -1.183476300069172E-008
 -5.533733644760008E-007  1.686222358804187E-007
         220  0.000000000000000E+000  0.000000000000000E+000
  2.102857284533656E-009 -9.205823993197157E-009
 -2.394066401968095E-007  6.223622733163377E-007
         221  0.000000000000000E+000  0.000000000000000E+000
  4.017917797271299E-009 -2.464853187676058E-009
  4.637833301065831E-007  5.266841733527863E-007
         222  0.000000000000000E+000  0.000000000000000E+000
  1.263095653230849E-008 -5.354750851428756E-009
  5.884171604282043E-007 -1.668255639815328E-007
         223  0.000000000000000E+000  0.000000000000000E+000
  1.044755026903088E-008 -1.545551527423362E-008
  1.306907471745437E-007 -5.018533871789546E-007
         224  0.000000000000000E+000  0.000000000000000E+000
  1.531050806941812E-009 -1.429425488459142E-008
 -3.475970025700128E-007 -3.586925905093395E-007
         225  0.000000000000000E+000  0.000000000000000E+000
  7.284994433284844E-010 -1.031714872856830E-008
 -4.967026595763396E-007  1.422404722456423E-007
         226  0.000000000000000E+000  0.000000000000000E+000
  1.327526986598255E-009 -5.682693881925862E-009
 -4.383340412417985E-009  4.893160714592167E-007
         227  0.000000000000000E+000  0.000000000000000E+000
  1.012730167500889E-008 -7.681469578692256E-009
  3.259915388435920E-007  5.595302298486757E-008
         228  0.000000000000000E+000  0.000000000000000E+000
  7.790861305435629E-009 -1.992774441957495E-008
  4.615458332947332E-008 -1.891028302332287E-007
         229  0.000000000000000E+000  0.000000000000000E+000
 -6.504547006141991E-009 -1.967675502207846E-008
 -1.863017026580303E-007 -5.908172431404176E-008
         230  0.000000000000000E+000  0.000000000000000E+000
 -9.696620381633244E-009 -8.950279313170206E-009
 -1.576032990671326E-007  2.260381476523810E-007
         231  0.000000000000000E+000  0.000000000000000E+000
 -5.786610319113967E-009 -7.521576485029135E-010
  2.390792702578645E-007  3.174269070738089E-007
         232  0.000000000000000E+000  0.000000000000000E+000
  7.387815863969699E-009 -3.411223414928376E-010
  3.840730984124635E-007 -2.178720495389547E-007
         233  0.000000000000000E+000  0.000000000000000E+000
  1.103637273125998E-008 -1.469409384373521E-008
 -1.438570725455381E-007 -3.660990740145306E-007
         234  0.000000000000000E+000  0.000000000000000E+000
 -1.814431767011665E-009 -2.345821088241848E-008
 -3.329133142228621E-007  2.063879434976174E-008
         235  0.000000000000000E+000  0.000000000000000E+000
 -1.305048404130451E-008 -1.452595817147188E-008
 -1.250006067515021E-007  2.759768832504544E-007
         236  0.000000000000000E+000  0.000000000000000E+000
 -1.131569207240275E-008 -4.715596656649635E-009
  1.549412003065242E-007  2.303454102502875E-007
         237  0.000000000000000E+000  0.000000000000000E+000
 -3.092328778027456E-009  8.668768459179874E-010
  2.676038848464718E-007 -9.218540456860099E-008
         238  0.000000000000000E+000  0.000000000000000E+000
  5.845464524401473E-009 -6.806999626848288E-009
 -1.468108273286816E-007 -2.454197081922368E-007
         239  0.000000000000000E+000  0.000000000000000E+000
  9.580437128054285E-010 -1.726026429383258E-008
 -2.728663643105822E-007  2.071586977928514E-007
         240  0.000000000000000E+000  0.000000000000000E+000
 -1.063166909544684E-008 -1.593438850480861E-008
  1.461521967918221E-007  3.677143106763677E-007
         241  0.000000000000000E+000  0.000000000000000E+000
 -1.198517135704437E-008 -7.201690745180518E-009
  4.341543438618493E-007  4.337164086974418E-008
         242  0.000000000000000E+000  0.000000000000000E+000
 -7.934183585297749E-009 -2.901478062720611E-009
  3.122145547326474E-007 -3.966089227806871E-007
         243  0.000000000000000E+000  0.000000000000000E+000
 -1.121240064530577E-009 -5.880211982392560E-009
 -3.004145064307876E-007 -5.716185538345746E-007
         244  0.000000000000000E+000  0.000000000000000E+000
 -4.281105750646933E-009 -1.387422322431158E-008
 -7.304993219324179E-007  9.665383099964095E-008
         245  0.000000000000000E+000  0.000000000000000E+000
 -1.385990740395999E-008 -1.273819278119340E-008
 -2.462525376818187E-007  7.210687569908465E-007
         246  0.000000000000000E+000  0.000000000000000E+000
 -1.537779061417848E-008 -3.933824480781257E-009
  4.809838804100955E-007  5.980169154941893E-007
         247  0.000000000000000E+000  0.000000000000000E+000
 -1.061010844116060E-008  5.604927512893342E-011
  7.623979550595611E-007 -5.912904641364520E-008
         248  0.000000000000000E+000  0.000000000000000E+000
 -5.077591275927616E-009 -1.986254106162992E-009
  3.149524739648043E-007 -6.605872757025518E-007
         249  0.000000000000000E+000  0.000000000000000E+000
 -6.662721010243502E-009 -7.368786135837278E-009
 -3.620602295519667E-007 -4.895572764723752E-007
         250  0.000000000000000E+000  0.000000000000000E+000
 -1.164795228935158E-008 -7.198926219852524E-009
 -4.717496429973133E-007  2.623349770132073E-008
         251  0.000000000000000E+000  0.000000000000000E+000
 -1.363625037916626E-008 -2.794937754670031E-009
 -2.365813712011852E-007  3.077620372326529E-007
         252  0.000000000000000E+000  0.000000000000000E+000
 -1.132950047414338E-008 -2.166551032406761E-010
  3.490765431756657E-008  3.454607305113051E-007
         253  0.000000000000000E+000  0.000000000000000E+000
 -9.702087973716316E-009 -4.368929244344677E-010
  2.404557258083739E-007  2.304394083332709E-007
         254  0.000000000000000E+000  0.000000000000000E+000
 -9.923576467971076E-009 -1.530774614050883E-009
  3.222327855212194E-007  3.902655269441863E-008
         255  0.000000000000000E+000  0.000000000000000E+000
 -1.158579989876946E-008 -5.898456406082966E-010
  3.006265770189603E-007 -1.817771945208367E-007
         256  0.000000000000000E+000  0.000000000000000E+000
 -1.116722786408455E-008  1.570742845959855E-009
  8.116801441026210E-008 -3.741142044625771E-007
