   5120.00000000000     
         256           1           3
  8.994473019507991E-004   37.5814160932574        114.290411290202     
   18.8300000000000        145.590000000000        6160.02000000000     
           0  0.000000000000000E+000  0.000000000000000E+000
  0.000000000000000E+000  0.000000000000000E+000
  0.000000000000000E+000  0.000000000000000E+000
           1  0.000000000000000E+000  0.000000000000000E+000
  5.650875117591068E-009 -1.929298086308142E-010
 -2.109436693220202E-008  8.694792478668517E-014
           2  0.000000000000000E+000  0.000000000000000E+000
  5.634609365222414E-009 -3.886482757245930E-010
 -2.330182275876233E-008 -1.087387112038990E-009
           3  0.000000000000000E+000  0.000000000000000E+000
  5.595109410136347E-009 -5.032255744720464E-010
 -2.832187615489221E-008  9.433047194956821E-011
           4  0.000000000000000E+000  0.000000000000000E+000
  5.624066917334997E-009 -4.040718568621737E-010
 -3.517706959570182E-008  7.089021841937225E-009
           5  0.000000000000000E+000  0.000000000000000E+000
  6.173027601122634E-009 -1.420340859470271E-010
 -3.727142337300498E-008  2.285168258882004E-008
           6  0.000000000000000E+000  0.000000000000000E+000
  7.487708043629106E-009 -8.909382475394601E-010
 -2.428109959953630E-008  4.165317169422460E-008
           7  0.000000000000000E+000  0.000000000000000E+000
  7.116183474435654E-009 -2.201137763213056E-009
  5.127100218813526E-009  4.869514093573484E-008
           8  0.000000000000000E+000  0.000000000000000E+000
  7.344044735075643E-009 -2.578045465882905E-009
  4.000597397815037E-008  2.521783616578799E-008
           9  0.000000000000000E+000  0.000000000000000E+000
  7.782754442678866E-009 -3.829044707366005E-009
  4.289715913753300E-008 -2.993407626159830E-008
          10  0.000000000000000E+000  0.000000000000000E+000
  7.748680275020913E-009 -5.650605343422148E-009
 -1.237493129865462E-008 -7.360296226716116E-008
          11  0.000000000000000E+000  0.000000000000000E+000
  6.317468117558818E-009 -9.801870388423021E-009
 -9.871044094092072E-008 -4.885931215076972E-008
          12  0.000000000000000E+000  0.000000000000000E+000
 -2.390705765405268E-009 -8.249664824515759E-009
 -1.340599884464095E-007  6.644502750243103E-008
          13  0.000000000000000E+000  0.000000000000000E+000
 -1.927383954011019E-009  2.761613215965800E-010
 -3.260067627985079E-008  1.700808225657382E-007
          14  0.000000000000000E+000  0.000000000000000E+000
  5.126089592233427E-009  3.063717470081991E-009
  1.260601685057226E-007  1.343570389117690E-007
          15  0.000000000000000E+000  0.000000000000000E+000
  1.164052102095798E-008 -1.218725156908806E-009
  1.895613266776209E-007 -3.617993423673940E-008
          16  0.000000000000000E+000  0.000000000000000E+000
  1.291423466868489E-008 -1.162076196172233E-008
  6.618149694963237E-008 -2.005680783932285E-007
          17  0.000000000000000E+000  0.000000000000000E+000
 -1.454648333004123E-009 -1.759303243423727E-008
 -1.642613548760359E-007 -1.718563129644470E-007
          18  0.000000000000000E+000  0.000000000000000E+000
 -8.741267880703916E-009 -6.267442513358268E-009
 -2.563358311076544E-007  4.802002903407815E-008
          19  0.000000000000000E+000  0.000000000000000E+000
 -4.060941735319512E-009  2.831478218498833E-009
 -1.223614030943433E-007  2.533821089955538E-007
          20  0.000000000000000E+000  0.000000000000000E+000
  4.917906300908414E-009  4.515533144644015E-009
  1.380386213123839E-007  2.583544617019693E-007
          21  0.000000000000000E+000  0.000000000000000E+000
  1.283887512722498E-008 -1.704747937301390E-009
  2.948760337344237E-007  3.039049649099336E-008
          22  0.000000000000000E+000  0.000000000000000E+000
  1.046938903012190E-008 -1.690287447224147E-008
  1.752254200496907E-007 -2.378619227072175E-007
          23  0.000000000000000E+000  0.000000000000000E+000
 -6.571507498616774E-009 -1.396283346000444E-008
 -1.044900444298780E-007 -2.671252650083819E-007
          24  0.000000000000000E+000  0.000000000000000E+000
 -6.222163281822088E-009 -2.960293752607340E-009
 -2.918529611145087E-007 -7.524931495669513E-008
          25  0.000000000000000E+000  0.000000000000000E+000
  1.196092917275464E-010  3.073969844539838E-010
 -2.522875760284139E-007  2.046163810470310E-007
          26  0.000000000000000E+000  0.000000000000000E+000
  6.168335479168277E-009 -2.263602360073886E-009
  1.250349170194856E-008  3.400749440423870E-007
          27  0.000000000000000E+000  0.000000000000000E+000
  8.372040947752775E-009 -1.270552510288296E-008
  2.748237016540391E-007  1.926168071375898E-007
          28  0.000000000000000E+000  0.000000000000000E+000
 -9.510973325267514E-009 -1.493232932162011E-008
  3.139372137980102E-007 -8.495580932119577E-008
          29  0.000000000000000E+000  0.000000000000000E+000
 -7.822699715765588E-009  1.049879853053678E-010
  1.191240491534242E-007 -3.254750509249678E-007
          30  0.000000000000000E+000  0.000000000000000E+000
  1.389909000598980E-009  5.156590188240811E-010
 -2.329369100867083E-007 -2.849902319584094E-007
          31  0.000000000000000E+000  0.000000000000000E+000
  4.783681708035972E-009 -4.728249635781510E-009
 -3.842583390503606E-007  5.434768734908727E-008
          32  0.000000000000000E+000  0.000000000000000E+000
  4.568088957996655E-009 -1.135468822248780E-008
 -1.763361359668829E-007  3.623853939048969E-007
          33  0.000000000000000E+000  0.000000000000000E+000
 -8.577354675796444E-009 -1.780728969671923E-008
  1.918289413408784E-007  3.717931917459492E-007
          34  0.000000000000000E+000  0.000000000000000E+000
 -1.389528833714483E-008 -1.278392384951783E-009
  4.339699145804687E-007  4.238149417633736E-008
          35  0.000000000000000E+000  0.000000000000000E+000
 -3.984509930794352E-009  3.416043270625307E-009
  2.437088037095992E-007 -3.412047589786569E-007
          36  0.000000000000000E+000  0.000000000000000E+000
  1.370172373589784E-009  8.356706569718826E-011
 -1.637569778575090E-007 -3.583877940919382E-007
          37  0.000000000000000E+000  0.000000000000000E+000
  3.431998421667275E-009 -4.134425764246897E-009
 -3.764733121311047E-007 -3.950347730619320E-008
          38  0.000000000000000E+000  0.000000000000000E+000
  2.516737564686659E-009 -1.203329390546494E-008
 -2.328049937098149E-007  2.944954699307747E-007
          39  0.000000000000000E+000  0.000000000000000E+000
 -1.124810413123090E-008 -1.077487832644000E-008
  1.327510377379188E-007  3.633885384761846E-007
          40  0.000000000000000E+000  0.000000000000000E+000
 -8.223226231214613E-009 -1.529144775947717E-009
  3.574575127635750E-007  5.630139999430113E-008
          41  0.000000000000000E+000  0.000000000000000E+000
 -5.186760073073014E-009 -2.088087644782371E-009
  1.974184200825353E-007 -2.408332829385395E-007
          42  0.000000000000000E+000  0.000000000000000E+000
 -4.780973738820995E-009 -1.357762495699187E-009
 -9.455833770172767E-008 -2.476344495691917E-007
          43  0.000000000000000E+000  0.000000000000000E+000
 -1.429375800130286E-009 -1.861031101135589E-009
 -2.386923724290744E-007 -2.931170234895754E-008
          44  0.000000000000000E+000  0.000000000000000E+000
 -4.984557705458194E-009 -6.434741599617252E-009
 -1.289213163977873E-007  2.004035960262290E-007
          45  0.000000000000000E+000  0.000000000000000E+000
 -3.837888625003204E-009 -1.723114234421606E-009
  1.130387853192118E-007  1.834565302551198E-007
          46  0.000000000000000E+000  0.000000000000000E+000
 -3.038509251622255E-009 -6.542855086537188E-009
  1.784469132244206E-007  7.407614829329435E-009
          47  0.000000000000000E+000  0.000000000000000E+000
 -8.876160211011153E-009 -6.763650996719306E-009
  9.275220310916548E-008 -1.181900364140125E-007
          48  0.000000000000000E+000  0.000000000000000E+000
 -1.078793988006017E-008 -1.485029223927625E-009
 -5.230567749701789E-008 -1.214106829652949E-007
          49  0.000000000000000E+000  0.000000000000000E+000
 -8.783186747148655E-009  1.183384226842665E-009
 -1.291513290568408E-007  8.238113646602345E-009
          50  0.000000000000000E+000  0.000000000000000E+000
 -5.116093557286405E-009  4.298184343113585E-009
 -3.953029305918623E-008  1.310205025431189E-007
          51  0.000000000000000E+000  0.000000000000000E+000
 -4.942135983165586E-010  1.069573827383612E-010
  1.034200522880420E-007  1.126173469459876E-007
          52  0.000000000000000E+000  0.000000000000000E+000
 -2.899784702759612E-009 -4.838675325650252E-009
  1.680834567062357E-007 -2.885311862686815E-008
          53  0.000000000000000E+000  0.000000000000000E+000
 -7.948553643659667E-009 -5.033445437085645E-009
  6.275832452599588E-008 -1.674152869512205E-007
          54  0.000000000000000E+000  0.000000000000000E+000
 -1.090353146064018E-008 -1.090982902218349E-009
 -1.247820821352075E-007 -1.329354753958846E-007
          55  0.000000000000000E+000  0.000000000000000E+000
 -9.362179999083366E-009  3.241208836444041E-009
 -1.846899927000140E-007  6.386497630204703E-008
          56  0.000000000000000E+000  0.000000000000000E+000
 -6.047314002673442E-009  4.570063983728013E-009
 -2.758526251786681E-008  2.258320535727853E-007
          57  0.000000000000000E+000  0.000000000000000E+000
 -2.792583956777103E-009  2.998113827672511E-009
  2.131713505548603E-007  1.541023749221091E-007
          58  0.000000000000000E+000  0.000000000000000E+000
 -2.830217960392701E-009 -9.351679800757351E-010
  2.620553714311141E-007 -1.115168991825202E-007
          59  0.000000000000000E+000  0.000000000000000E+000
 -7.111075426409400E-009 -2.525852344258733E-009
  4.082734444984086E-008 -2.862923168835972E-007
          60  0.000000000000000E+000  0.000000000000000E+000
 -1.054132848011352E-008  2.123272795087132E-009
 -2.251285475788530E-007 -1.778083918578171E-007
          61  0.000000000000000E+000  0.000000000000000E+000
 -6.842055696769919E-009  4.152802799937567E-009
 -2.800367555523045E-007  1.213456355175098E-007
          62  0.000000000000000E+000  0.000000000000000E+000
 -6.328394856303885E-009  5.880799205249435E-009
 -3.012677165417210E-010  3.314683535106613E-007
          63  0.000000000000000E+000  0.000000000000000E+000
 -1.956394131913346E-009  4.366993149646741E-009
  3.021308822172300E-007  1.517691127101451E-007
          64  0.000000000000000E+000  0.000000000000000E+000
 -4.151913878430737E-009 -6.265940507552859E-010
  2.827650523867363E-007 -1.716646127863429E-007
          65  0.000000000000000E+000  0.000000000000000E+000
 -1.063000019598906E-008  2.479433245445209E-009
  2.114014320463017E-008 -3.177760302489334E-007
          66  0.000000000000000E+000  0.000000000000000E+000
 -5.027803344649571E-009  8.054980944468373E-009
 -2.589162059953520E-007 -1.903233661485942E-007
          67  0.000000000000000E+000  0.000000000000000E+000
 -5.564215587255392E-009  7.403205553720234E-009
 -2.583737228338599E-007  1.536711674843611E-007
          68  0.000000000000000E+000  0.000000000000000E+000
  4.256558916229063E-010  7.540054393169613E-009
  3.951553612236340E-009  2.590170756552147E-007
          69  0.000000000000000E+000  0.000000000000000E+000
 -3.451944464681087E-010  2.104905614920544E-010
  2.025779566216994E-007  1.614505316078313E-007
          70  0.000000000000000E+000  0.000000000000000E+000
 -8.488769433535965E-009  6.361748213075551E-010
  2.895093597515418E-007 -6.098764020461422E-008
          71  0.000000000000000E+000  0.000000000000000E+000
 -6.947548892832291E-009  1.087177475730505E-008
  1.330447575990287E-007 -3.170206648189783E-007
          72  0.000000000000000E+000  0.000000000000000E+000
 -2.772912721376954E-009  6.247576555630263E-009
 -2.141075326501287E-007 -2.635556689647758E-007
          73  0.000000000000000E+000  0.000000000000000E+000
 -9.982948061843289E-010  8.964045565177008E-009
 -3.134375836593242E-007  4.841044524717157E-009
          74  0.000000000000000E+000  0.000000000000000E+000
  1.125928241500575E-009  3.489005094321493E-009
 -2.085077086643519E-007  2.916095174410735E-007
          75  0.000000000000000E+000  0.000000000000000E+000
 -5.186883538905121E-009  1.992289085569277E-009
  1.842774412242907E-007  3.910163720299008E-007
          76  0.000000000000000E+000  0.000000000000000E+000
 -8.039625341462212E-009  1.035739447816472E-008
  5.068542546724296E-007  1.974282720653554E-008
          77  0.000000000000000E+000  0.000000000000000E+000
  4.768397981361716E-009  1.095567031863400E-008
  2.664313060049475E-007 -4.752665766181381E-007
          78  0.000000000000000E+000  0.000000000000000E+000
  1.110515579363386E-009  5.365463853304073E-009
 -2.255146109521731E-007 -4.865734115142665E-007
          79  0.000000000000000E+000  0.000000000000000E+000
  1.288248489452705E-009  2.514812264334229E-009
 -5.981881792405482E-007 -1.015800908335768E-007
          80  0.000000000000000E+000  0.000000000000000E+000
 -6.425824079726794E-009  2.533325108394990E-009
 -3.942682769653554E-007  5.408144292284784E-007
          81  0.000000000000000E+000  0.000000000000000E+000
 -8.391248873526110E-009  1.358305668649384E-008
  3.448417018552041E-007  6.109148003839300E-007
          82  0.000000000000000E+000  0.000000000000000E+000
  8.218044660654933E-009  1.968950623776102E-008
  6.984332929023347E-007 -4.359586714531885E-008
          83  0.000000000000000E+000  0.000000000000000E+000
  1.090905134018692E-008  4.812032343023906E-009
  3.468803697716945E-007 -5.916925624265771E-007
          84  0.000000000000000E+000  0.000000000000000E+000
  7.319171823139569E-009 -1.752703145795444E-009
 -3.431137074867087E-007 -6.548944190639405E-007
          85  0.000000000000000E+000  0.000000000000000E+000
 -3.942747391479741E-009 -2.691134376180082E-009
 -7.270750488499760E-007 -5.543497263601282E-010
          86  0.000000000000000E+000  0.000000000000000E+000
 -8.172521810084278E-009  8.747114731120441E-009
 -3.151219417538158E-007  5.780838783049975E-007
          87  0.000000000000000E+000  0.000000000000000E+000
  1.597801926702422E-009  1.849952795031960E-008
  2.957181498676086E-007  4.979123538298143E-007
          88  0.000000000000000E+000  0.000000000000000E+000
  1.322461271615230E-008  7.974862140900666E-009
  5.180026128793084E-007  5.260802876774403E-008
          89  0.000000000000000E+000  0.000000000000000E+000
  9.986182263063970E-009  1.382269875702826E-009
  3.552670591047364E-007 -4.114329892189318E-007
          90  0.000000000000000E+000  0.000000000000000E+000
  3.639516162574057E-009 -3.034978461115221E-009
 -1.597510705418809E-007 -4.923169024723424E-007
          91  0.000000000000000E+000  0.000000000000000E+000
 -2.955876492179541E-009  2.148555551769800E-009
 -4.248091687452807E-007 -1.376943374531685E-007
          92  0.000000000000000E+000  0.000000000000000E+000
 -8.358712405281331E-010  9.146827769012035E-009
 -3.255705174857969E-007  1.978435345909005E-007
          93  0.000000000000000E+000  0.000000000000000E+000
  7.735128300127077E-009  1.116573079626190E-008
 -6.721710511095753E-008  3.321142042387058E-007
          94  0.000000000000000E+000  0.000000000000000E+000
  8.679551373130881E-009  2.373531948343936E-009
  2.247359232922380E-007  2.707042774032428E-007
          95  0.000000000000000E+000  0.000000000000000E+000
  5.890690623037770E-009  3.652171612816176E-010
  3.293145943255885E-007 -5.556336301353394E-008
          96  0.000000000000000E+000  0.000000000000000E+000
  8.797252247115464E-010  1.341257904826029E-009
  1.518751706417092E-007 -2.536461530600886E-007
          97  0.000000000000000E+000  0.000000000000000E+000
  1.309735899179600E-009  7.158581987152149E-009
 -6.327101069630773E-008 -2.941383639222465E-007
          98  0.000000000000000E+000  0.000000000000000E+000
  6.890720528086796E-009  9.307256385992913E-009
 -2.793134280492826E-007 -1.653194372801262E-007
          99  0.000000000000000E+000  0.000000000000000E+000
  1.218066952521787E-008  2.711601802825151E-009
 -3.079952711858090E-007  1.317161116594997E-007
         100  0.000000000000000E+000  0.000000000000000E+000
  8.102417321179312E-009 -1.358969447631080E-009
 -5.714120171936719E-008  2.773647450060943E-007
         101  0.000000000000000E+000  0.000000000000000E+000
  3.045328200412331E-009 -1.432132604971861E-009
  1.528550614526081E-007  2.014029192635044E-007
         102  0.000000000000000E+000  0.000000000000000E+000
  1.680059826563057E-009  3.919533365866623E-009
  2.419962821841799E-007 -1.179954221326944E-008
         103  0.000000000000000E+000  0.000000000000000E+000
  5.739195307876609E-009  6.778893864434991E-009
  1.122752775023148E-007 -1.861376846148871E-007
         104  0.000000000000000E+000  0.000000000000000E+000
  1.082016011106091E-008  4.700630830832127E-009
 -4.982928669173260E-008 -1.763450431327043E-007
         105  0.000000000000000E+000  0.000000000000000E+000
  1.124966130952469E-008  3.869074680945608E-010
 -1.201574536455595E-007 -1.188003084458543E-007
         106  0.000000000000000E+000  0.000000000000000E+000
  9.378242971972544E-009 -3.081442382340059E-009
 -1.992552233872710E-007 -4.262202217894133E-008
         107  0.000000000000000E+000  0.000000000000000E+000
  5.660402876727508E-009 -3.625602408003184E-009
 -2.152759408469196E-007  1.192697630172916E-007
         108  0.000000000000000E+000  0.000000000000000E+000
  3.484405608029290E-009 -1.282953726787185E-009
 -6.545160710598533E-008  2.863082808349357E-007
         109  0.000000000000000E+000  0.000000000000000E+000
  4.098913249724643E-009  1.476916383513993E-009
  2.290171686688042E-007  2.535101651029336E-007
         110  0.000000000000000E+000  0.000000000000000E+000
  7.220528912197238E-009  3.029431656048999E-009
  3.803081037787075E-007 -7.693349425817384E-008
         111  0.000000000000000E+000  0.000000000000000E+000
  1.027318252531842E-008  9.963546123804697E-010
  1.503889924368387E-007 -4.048839893208522E-007
         112  0.000000000000000E+000  0.000000000000000E+000
  1.128794596434293E-008 -2.965809408350466E-009
 -2.934991794960199E-007 -3.964409917549577E-007
         113  0.000000000000000E+000  0.000000000000000E+000
  8.286596788686860E-009 -6.079813916053132E-009
 -5.437330268187855E-007  4.294514019901585E-008
         114  0.000000000000000E+000  0.000000000000000E+000
  5.574535929457161E-009 -5.418439382089030E-009
 -2.532101346617947E-007  5.032970441797202E-007
         115  0.000000000000000E+000  0.000000000000000E+000
  3.372160977326389E-009 -4.411678439407210E-009
  3.028319885501377E-007  4.622047008049871E-007
         116  0.000000000000000E+000  0.000000000000000E+000
  4.448045358358998E-009 -1.585492889990224E-009
  5.120123665041096E-007 -3.049678837249692E-008
         117  0.000000000000000E+000  0.000000000000000E+000
  7.134905656257538E-009 -2.538895048055887E-010
  2.463762045321370E-007 -4.606925128199791E-007
         118  0.000000000000000E+000  0.000000000000000E+000
  9.813691889041629E-009 -3.695514173497983E-009
 -3.155967446291030E-007 -4.483068859361898E-007
         119  0.000000000000000E+000  0.000000000000000E+000
  9.152286718404405E-009 -6.052631947521284E-009
 -5.226768858417426E-007  6.796169919466273E-008
         120  0.000000000000000E+000  0.000000000000000E+000
  7.739710197326751E-009 -1.073686662368504E-008
 -1.966794651306776E-007  4.296511886737497E-007
         121  0.000000000000000E+000  0.000000000000000E+000
  1.983032449211016E-009 -9.813754209535563E-009
  1.910379051928601E-007  3.548135267142710E-007
         122  0.000000000000000E+000  0.000000000000000E+000
 -6.662537114900437E-010 -4.766790350075989E-009
  4.119531988439753E-007  5.863178384734369E-008
         123  0.000000000000000E+000  0.000000000000000E+000
  3.479761671011452E-009 -2.526941291701085E-009
  2.139532381376202E-007 -3.453412351494360E-007
         124  0.000000000000000E+000  0.000000000000000E+000
  6.214679260028620E-009 -2.487274445129803E-009
 -1.815900743427052E-007 -3.214924560084628E-007
         125  0.000000000000000E+000  0.000000000000000E+000
  1.117599596077581E-008 -8.204465664644845E-009
 -3.775409513643148E-007 -4.629756774734636E-008
         126  0.000000000000000E+000  0.000000000000000E+000
  2.822472006055815E-009 -1.471940522965446E-008
 -2.912851770076507E-007  3.119550997776669E-007
         127  0.000000000000000E+000  0.000000000000000E+000
 -4.797954257043021E-009 -1.000827520897068E-008
  1.453113644305002E-007  4.976193218714480E-007
         128  0.000000000000000E+000  0.000000000000000E+000
 -1.241496604625219E-009 -1.998455033922891E-009
  5.318235911016197E-007  3.204595551454559E-008
         129  0.000000000000000E+000  0.000000000000000E+000
  3.613419346558538E-009 -2.110099215917010E-009
  2.275090357632379E-007 -4.377055470504369E-007
         130  0.000000000000000E+000  0.000000000000000E+000
  9.808365179410105E-009 -5.254539879568519E-009
 -2.883783892592390E-007 -4.289943081476370E-007
         131  0.000000000000000E+000  0.000000000000000E+000
  6.735647134378368E-009 -1.853679172293331E-008
 -5.937796966242539E-007  6.895143920778636E-008
         132  0.000000000000000E+000  0.000000000000000E+000
 -7.181474989408705E-009 -1.608629167645135E-008
 -2.438668231669638E-007  6.485349253421723E-007
         133  0.000000000000000E+000  0.000000000000000E+000
 -8.829330792979490E-009 -3.177330541455375E-009
  5.722986586028157E-007  4.988786960163724E-007
         134  0.000000000000000E+000  0.000000000000000E+000
 -1.123693460441190E-010 -8.288249979674117E-010
  6.336639480453750E-007 -3.171191059011504E-007
         135  0.000000000000000E+000  0.000000000000000E+000
  6.327117566742547E-009 -3.445754529710915E-009
  6.579162458228688E-009 -7.061015817180545E-007
         136  0.000000000000000E+000  0.000000000000000E+000
  7.938495037834322E-009 -1.690454106592100E-008
 -7.119276383581683E-007 -3.304137547008706E-007
         137  0.000000000000000E+000  0.000000000000000E+000
 -8.765742580366310E-009 -1.951402232509846E-008
 -6.463739573868764E-007  5.945322383559064E-007
         138  0.000000000000000E+000  0.000000000000000E+000
 -1.440824830107175E-008 -5.819764010771520E-009
  3.729461075432302E-007  8.635841350258868E-007
         139  0.000000000000000E+000  0.000000000000000E+000
 -6.008838728487807E-009 -5.910201004866729E-010
  8.794927491261956E-007 -2.247014689822831E-008
         140  0.000000000000000E+000  0.000000000000000E+000
 -7.930796461719457E-010 -1.632814612567015E-009
  3.465006741597600E-007 -7.772421902420962E-007
         141  0.000000000000000E+000  0.000000000000000E+000
  2.891590473415841E-009 -9.071964097083869E-009
 -6.111511916336420E-007 -6.383986187467133E-007
         142  0.000000000000000E+000  0.000000000000000E+000
 -7.778976306295179E-009 -1.419357857936759E-008
 -8.497406926694169E-007  3.668584973685506E-007
         143  0.000000000000000E+000  0.000000000000000E+000
 -1.274959128663957E-008 -4.827859097066967E-009
  3.453543990738368E-008  9.706076197929718E-007
         144  0.000000000000000E+000  0.000000000000000E+000
 -5.413140175879661E-009 -1.244915581734203E-010
  8.793766580595946E-007  3.256622511755578E-007
         145  0.000000000000000E+000  0.000000000000000E+000
 -3.221442401771985E-009 -4.110858015469511E-009
  6.545963787770437E-007 -5.989617260817411E-007
         146  0.000000000000000E+000  0.000000000000000E+000
 -3.762336683490821E-009 -5.687209738840847E-009
 -2.366398294273275E-007 -8.639535545170560E-007
         147  0.000000000000000E+000  0.000000000000000E+000
 -6.100621291116780E-009 -8.527413107840135E-009
 -9.228293199071619E-007 -1.556009623415327E-007
         148  0.000000000000000E+000  0.000000000000000E+000
 -1.191806327710687E-008 -4.473552002992172E-009
 -5.565582383093010E-007  7.978397351097261E-007
         149  0.000000000000000E+000  0.000000000000000E+000
 -8.291979862049485E-009  1.969842887835938E-009
  4.816160200464276E-007  8.768700619755653E-007
         150  0.000000000000000E+000  0.000000000000000E+000
 -2.067094258076130E-009 -1.064099095660089E-009
  9.661931904176851E-007  1.177665269205906E-009
         151  0.000000000000000E+000  0.000000000000000E+000
 -3.709247263418022E-009 -5.358230942002299E-009
  4.985091702047456E-007 -8.054126723847925E-007
         152  0.000000000000000E+000  0.000000000000000E+000
 -6.306033692244199E-009 -6.722079106727594E-009
 -4.537099212735299E-007 -8.384381107276803E-007
         153  0.000000000000000E+000  0.000000000000000E+000
 -1.124135288663552E-008 -6.226049303446491E-009
 -9.480025997065211E-007  3.390327360092829E-009
         154  0.000000000000000E+000  0.000000000000000E+000
 -1.241189931475585E-008  2.779490844067154E-010
 -4.526322493085981E-007  8.157733544713367E-007
         155  0.000000000000000E+000  0.000000000000000E+000
 -7.159603523229101E-009  2.492775073215535E-009
  4.359877596216967E-007  7.871353909182002E-007
         156  0.000000000000000E+000  0.000000000000000E+000
 -5.496019471947910E-009 -5.137703732750006E-010
  8.769951526192708E-007  9.203674355320627E-008
         157  0.000000000000000E+000  0.000000000000000E+000
 -6.771008388253867E-009 -1.920774124639506E-009
  5.552581022167590E-007 -6.548439255384923E-007
         158  0.000000000000000E+000  0.000000000000000E+000
 -8.492719401350839E-009 -1.692249278084407E-009
 -2.239372780448147E-007 -7.843249479507284E-007
         159  0.000000000000000E+000  0.000000000000000E+000
 -9.296289268256261E-009 -1.770866900046729E-010
 -7.446041011104184E-007 -2.341853936134970E-007
         160  0.000000000000000E+000  0.000000000000000E+000
 -9.020282185997839E-009  1.010035705105561E-009
 -5.848983079133107E-007  4.926198552191928E-007
         161  0.000000000000000E+000  0.000000000000000E+000
 -8.523818135784176E-009  1.190571391156840E-009
  9.596285905213671E-008  7.373790324076525E-007
         162  0.000000000000000E+000  0.000000000000000E+000
 -9.629684719809491E-009  1.534533749421749E-009
  6.352549091340808E-007  3.310061572705939E-007
         163  0.000000000000000E+000  0.000000000000000E+000
 -9.781864593217223E-009  4.329468977691807E-009
  6.102679700488707E-007 -3.060545840924980E-007
         164  0.000000000000000E+000  0.000000000000000E+000
 -6.382308166659096E-009  4.984001592683749E-009
  9.497088311227531E-008 -6.136542149894771E-007
         165  0.000000000000000E+000  0.000000000000000E+000
 -6.140802870570748E-009  2.733109190323326E-009
 -3.894026809009523E-007 -3.729336646817526E-007
         166  0.000000000000000E+000  0.000000000000000E+000
 -6.877556569200153E-009  3.211899477986855E-009
 -4.248120512088389E-007  6.810894113474603E-008
         167  0.000000000000000E+000  0.000000000000000E+000
 -7.223049535528709E-009  1.461702674948875E-009
 -2.286862241006188E-007  3.130494287249618E-007
         168  0.000000000000000E+000  0.000000000000000E+000
 -1.158432481040140E-008  3.005729826682909E-009
  9.305642146590255E-008  4.011137273321333E-007
         169  0.000000000000000E+000  0.000000000000000E+000
 -1.034504829241018E-008  9.520563030923372E-009
  3.751488723019747E-007  1.806493593450114E-007
         170  0.000000000000000E+000  0.000000000000000E+000
 -5.320722712019914E-009  8.627897337609419E-009
  3.860385757183455E-007 -1.385912173669348E-007
         171  0.000000000000000E+000  0.000000000000000E+000
 -5.753091786046217E-009  8.072467818154573E-009
  2.112310704180254E-007 -3.670701328380301E-007
         172  0.000000000000000E+000  0.000000000000000E+000
 -2.216889513877801E-009  7.200614642505389E-009
 -1.748189740930415E-007 -5.026032448686829E-007
         173  0.000000000000000E+000  0.000000000000000E+000
 -5.967495080511163E-009  3.385858687420844E-009
 -5.678595559953491E-007 -8.075918084007089E-008
         174  0.000000000000000E+000  0.000000000000000E+000
 -8.851122650761442E-009  9.353303806247619E-009
 -3.334186415371394E-007  4.371696444399662E-007
         175  0.000000000000000E+000  0.000000000000000E+000
 -3.151609132121665E-009  1.032803789759841E-008
  1.979249976735542E-007  5.392553200425236E-007
         176  0.000000000000000E+000  0.000000000000000E+000
 -4.123490239540651E-009  9.336379786359010E-009
  6.383116640353632E-007  1.234879538501740E-007
         177  0.000000000000000E+000  0.000000000000000E+000
  4.546996385063468E-010  1.049355662897922E-008
  4.159488959721323E-007 -6.188338555192456E-007
         178  0.000000000000000E+000  0.000000000000000E+000
 -1.378136525436574E-009  4.236073562717848E-009
 -4.235004216726545E-007 -5.484737924042391E-007
         179  0.000000000000000E+000  0.000000000000000E+000
 -7.005106713783169E-009  8.494667465193749E-009
 -5.457753690502178E-007  1.577943022914907E-007
         180  0.000000000000000E+000  0.000000000000000E+000
 -1.077043630655737E-009  1.427718154376283E-008
 -5.131672889747235E-008  4.988796616849177E-007
         181  0.000000000000000E+000  0.000000000000000E+000
  3.005773569608195E-009  9.856210647569309E-009
  4.578391326173117E-007  1.985513747948154E-007
         182  0.000000000000000E+000  0.000000000000000E+000
  3.446976845505355E-009  8.042729208025445E-009
  3.626028121389324E-007 -4.295774084690790E-007
         183  0.000000000000000E+000  0.000000000000000E+000
  1.432670593611786E-009  1.533136159641197E-009
 -3.961187686539284E-007 -4.556267073754524E-007
         184  0.000000000000000E+000  0.000000000000000E+000
 -8.465823369898273E-009  5.367466267272761E-009
 -4.749771125066635E-007  3.012263277578141E-007
         185  0.000000000000000E+000  0.000000000000000E+000
 -5.779739698377128E-009  1.786759185723171E-008
  1.569827342919059E-007  5.047787859731199E-007
         186  0.000000000000000E+000  0.000000000000000E+000
  7.346203941434213E-009  1.733913195869848E-008
  5.688048177571745E-007  5.261107068013693E-008
         187  0.000000000000000E+000  0.000000000000000E+000
  1.003589705240294E-008  9.292249616535092E-009
  3.438999705020418E-007 -5.637391426630235E-007
         188  0.000000000000000E+000  0.000000000000000E+000
  8.859791472364305E-009  1.856168198461893E-009
 -4.620260917170768E-007 -6.504390753996153E-007
         189  0.000000000000000E+000  0.000000000000000E+000
 -2.927910280482834E-009  4.661076718351543E-010
 -7.806454864890023E-007  2.527930727866411E-007
         190  0.000000000000000E+000  0.000000000000000E+000
 -5.608679473029495E-009  1.361463900284762E-008
 -3.770743975413230E-008  7.449180745059171E-007
         191  0.000000000000000E+000  0.000000000000000E+000
  7.139554997028965E-009  1.834069617964297E-008
  6.292316260164125E-007  3.388562685514685E-007
         192  0.000000000000000E+000  0.000000000000000E+000
  1.341176324219586E-008  1.088228850422345E-008
  5.994144181952510E-007 -4.353273042193778E-007
         193  0.000000000000000E+000  0.000000000000000E+000
  1.386638683390250E-008  2.807279460836171E-009
 -1.757055111838666E-007 -7.722436092167697E-007
         194  0.000000000000000E+000  0.000000000000000E+000
  4.517756391741586E-009 -1.391612809508260E-009
 -7.167930766061759E-007 -8.642277575513977E-008
         195  0.000000000000000E+000  0.000000000000000E+000
  1.307372247900271E-010  6.753409098609848E-009
 -2.885076764263640E-007  4.799523868116032E-007
         196  0.000000000000000E+000  0.000000000000000E+000
  7.086097452508962E-009  1.223876724564558E-008
  2.206654059515500E-007  3.759250812182655E-007
         197  0.000000000000000E+000  0.000000000000000E+000
  1.320723640100311E-008  6.953714382185864E-009
  3.702813705074730E-007 -2.026104019734973E-008
         198  0.000000000000000E+000  0.000000000000000E+000
  1.196065697424591E-008  1.526389377071179E-009
  1.440454995778361E-007 -3.049755625426665E-007
         199  0.000000000000000E+000  0.000000000000000E+000
  7.424790737017060E-009 -1.268876625957908E-009
 -1.744668830869674E-007 -2.242143306013514E-007
         200  0.000000000000000E+000  0.000000000000000E+000
  3.658279326062649E-009  2.751860511762127E-009
 -1.816371920411868E-007 -1.549927952286313E-008
         201  0.000000000000000E+000  0.000000000000000E+000
  6.448400414826070E-009  6.442779432687652E-009
 -1.552321871296943E-007  4.218251314351375E-008
         202  0.000000000000000E+000  0.000000000000000E+000
  1.099709647334172E-008  5.518623855732418E-009
 -1.136273293518557E-007  1.725086157692070E-007
         203  0.000000000000000E+000  0.000000000000000E+000
  1.186314033073403E-008  1.319860884449668E-009
  9.423856849683816E-008  2.217192845182992E-007
         204  0.000000000000000E+000  0.000000000000000E+000
  1.011363238155285E-008 -7.920316644355567E-010
  2.763919008065073E-007  2.540657400218982E-008
         205  0.000000000000000E+000  0.000000000000000E+000
  7.802043535933617E-009 -1.096895745405197E-009
  1.983172610084364E-007 -2.650834448512139E-007
         206  0.000000000000000E+000  0.000000000000000E+000
  7.364877466157497E-009  5.033962517523013E-010
 -1.492792242452526E-007 -3.943057089540779E-007
         207  0.000000000000000E+000  0.000000000000000E+000
  8.338716186572471E-009  7.593869288663420E-010
 -4.966724584174839E-007 -8.912568723068354E-008
         208  0.000000000000000E+000  0.000000000000000E+000
  9.003004089498855E-009  4.562407360442445E-010
 -3.619918195664809E-007  4.196288033117437E-007
         209  0.000000000000000E+000  0.000000000000000E+000
  9.749939265170732E-009 -2.592952991687070E-011
  1.962836368697624E-007  5.499758161676782E-007
         210  0.000000000000000E+000  0.000000000000000E+000
  1.102981434413990E-008 -1.079262960919110E-009
  6.065397410989273E-007  7.631423465779380E-008
         211  0.000000000000000E+000  0.000000000000000E+000
  1.125595142386060E-008 -3.822796042594304E-009
  3.478375057002555E-007 -5.196305979736618E-007
         212  0.000000000000000E+000  0.000000000000000E+000
  9.135605072543660E-009 -6.368962604480873E-009
 -2.773538470428285E-007 -5.749833658724982E-007
         213  0.000000000000000E+000  0.000000000000000E+000
  5.549635319966376E-009 -5.304525567640735E-009
 -6.476917851512033E-007 -8.234755511518880E-008
         214  0.000000000000000E+000  0.000000000000000E+000
  5.709839623589768E-009 -2.747067857071614E-009
 -4.241627626987908E-007  4.833152802598986E-007
         215  0.000000000000000E+000  0.000000000000000E+000
  8.055155383498480E-009 -1.498744613364956E-009
  1.536529968448179E-007  5.641650544793108E-007
         216  0.000000000000000E+000  0.000000000000000E+000
  1.001132305342777E-008 -4.136024744194827E-009
  4.500229449202254E-007  2.138428210698145E-007
         217  0.000000000000000E+000  0.000000000000000E+000
  9.704870431140954E-009 -6.203473742375622E-009
  4.812948953347532E-007 -1.809522245933495E-007
         218  0.000000000000000E+000  0.000000000000000E+000
  7.304128484592375E-009 -8.672025656815077E-009
  1.571909890533654E-007 -5.635387923609324E-007
         219  0.000000000000000E+000  0.000000000000000E+000
  5.562307264546357E-009 -7.116269291430148E-009
 -4.112008692802251E-007 -4.927585899334713E-007
         220  0.000000000000000E+000  0.000000000000000E+000
  5.337927486105544E-009 -6.692877078975506E-009
 -6.779653157901089E-007  4.749066459816607E-008
         221  0.000000000000000E+000  0.000000000000000E+000
  6.392974894707373E-009 -7.017551359405295E-009
 -4.353224571455492E-007  5.714862221249246E-007
         222  0.000000000000000E+000  0.000000000000000E+000
  5.398087546667511E-009 -7.533405749114209E-009
  2.379854589259888E-007  8.005948809728890E-007
         223  0.000000000000000E+000  0.000000000000000E+000
  6.292754966521478E-009 -9.069180475522010E-009
  8.674267632554037E-007  1.783475747423139E-007
         224  0.000000000000000E+000  0.000000000000000E+000
  3.364880096564062E-009 -9.365149775258660E-009
  5.430646610779469E-007 -6.560131106349075E-007
         225  0.000000000000000E+000  0.000000000000000E+000
  3.531692039127814E-009 -8.799244847704962E-009
 -2.785191406466618E-007 -7.636022093066294E-007
         226  0.000000000000000E+000  0.000000000000000E+000
  4.056303678627764E-009 -9.144888358225893E-009
 -7.898462944318336E-007 -2.030055502129951E-007
         227  0.000000000000000E+000  0.000000000000000E+000
  2.039478258090801E-009 -1.076750108924693E-008
 -5.993037990503955E-007  6.337810821865217E-007
         228  0.000000000000000E+000  0.000000000000000E+000
  2.156535893609880E-009 -1.032427561308977E-008
  3.003319618780235E-007  7.252145340849707E-007
         229  0.000000000000000E+000  0.000000000000000E+000
 -1.230569490653223E-009 -1.156161561296407E-008
  5.842880750352412E-007  5.285035017788292E-008
         230  0.000000000000000E+000  0.000000000000000E+000
 -2.383364474762439E-009 -8.898209778941430E-009
  2.387774768506866E-007 -3.244357776186910E-007
         231  0.000000000000000E+000  0.000000000000000E+000
 -1.950984694990968E-009 -6.651396212929599E-009
 -8.926701108200086E-008 -2.561689356760096E-007
         232  0.000000000000000E+000  0.000000000000000E+000
 -8.119288719944360E-010 -6.494064813466037E-009
 -1.804231834499929E-007  1.560363861417784E-008
         233  0.000000000000000E+000  0.000000000000000E+000
  2.526170875554905E-009 -5.615861643814281E-009
  8.304047398578380E-008  2.199534928371329E-008
         234  0.000000000000000E+000  0.000000000000000E+000
  3.112391475276491E-009 -1.370265052269903E-008
 -1.172512080363652E-007 -2.380710512324078E-007
         235  0.000000000000000E+000  0.000000000000000E+000
 -5.549353143785450E-009 -1.403795937395540E-008
 -4.279535352432278E-007  9.347472038919438E-008
         236  0.000000000000000E+000  0.000000000000000E+000
 -9.061914689108991E-009 -8.353776854188708E-009
 -1.306954492348180E-007  5.413041470063092E-007
         237  0.000000000000000E+000  0.000000000000000E+000
 -5.959219751688825E-009 -2.934789470691723E-009
  4.213314458319389E-007  4.189970536879278E-007
         238  0.000000000000000E+000  0.000000000000000E+000
 -1.069516599478432E-009 -1.884843492122394E-009
  6.559779308051781E-007 -9.901409396804579E-008
         239  0.000000000000000E+000  0.000000000000000E+000
  4.877556917328325E-009 -8.093510067181064E-009
  2.492650093159968E-007 -7.268937091594977E-007
         240  0.000000000000000E+000  0.000000000000000E+000
 -2.896515913997936E-009 -1.616769524613118E-008
 -5.943153162165217E-007 -5.293807854314782E-007
         241  0.000000000000000E+000  0.000000000000000E+000
 -1.040290291113429E-008 -1.169308683529232E-008
 -7.078140283588832E-007  2.909164494246453E-007
         242  0.000000000000000E+000  0.000000000000000E+000
 -1.059298721040113E-008 -5.152339488704088E-009
 -1.012306412372128E-007  7.014982508186967E-007
         243  0.000000000000000E+000  0.000000000000000E+000
 -7.230992510365553E-009 -2.611805498436628E-009
  4.895460955777899E-007  4.774386903486896E-007
         244  0.000000000000000E+000  0.000000000000000E+000
 -2.236611864642558E-009 -3.962509381060508E-009
  6.378003719550609E-007 -1.885429847174192E-007
         245  0.000000000000000E+000  0.000000000000000E+000
 -4.929452031486436E-009 -1.054852247396130E-008
  7.579405590622968E-008 -5.333039589098385E-007
         246  0.000000000000000E+000  0.000000000000000E+000
 -1.085355070876455E-008 -8.090126888749133E-009
 -3.063064046281061E-007 -2.220541451353580E-007
         247  0.000000000000000E+000  0.000000000000000E+000
 -1.115564044700954E-008 -3.245441020019470E-009
 -2.394547241598400E-007  8.236339570377553E-008
         248  0.000000000000000E+000  0.000000000000000E+000
 -8.538060413108784E-009 -1.527526279564012E-009
 -9.083423129570558E-008  1.750279247750883E-007
         249  0.000000000000000E+000  0.000000000000000E+000
 -5.911787814814742E-009 -2.007654364657696E-009
  3.103720967907239E-008  1.407002645818027E-007
         250  0.000000000000000E+000  0.000000000000000E+000
 -6.550348030576461E-009 -6.093003143596400E-009
  3.803418972023857E-008  1.425233118097450E-007
         251  0.000000000000000E+000  0.000000000000000E+000
 -1.172499566026423E-008 -4.782937495240459E-009
  2.141572767911987E-007  1.614802714112495E-007
         252  0.000000000000000E+000  0.000000000000000E+000
 -1.174128493852613E-008 -1.518769162377435E-010
  3.309491893653427E-007 -1.217463299414899E-007
         253  0.000000000000000E+000  0.000000000000000E+000
 -8.703505065955839E-009  1.507011889210863E-009
  5.643913974248360E-008 -3.835284807484380E-007
         254  0.000000000000000E+000  0.000000000000000E+000
 -7.097851699913594E-009  2.978980959569199E-010
 -3.179211391851718E-007 -2.232784816975634E-007
         255  0.000000000000000E+000  0.000000000000000E+000
 -7.270056157849356E-009 -9.160765797780683E-010
 -3.521012649644611E-007  1.838653540823357E-007
         256  0.000000000000000E+000  0.000000000000000E+000
 -8.662634569818269E-009 -1.336767095257300E-009
 -1.642131550689113E-009  4.213543882391134E-007
