   5120.00000000000     
         256           1           3
  8.994473019507991E-004   42.0106748562397        113.826237418400     
   18.8300000000000        145.590000000000        6160.02000000000     
           0  0.000000000000000E+000  0.000000000000000E+000
  0.000000000000000E+000  0.000000000000000E+000
  0.000000000000000E+000  0.000000000000000E+000
           1  0.000000000000000E+000  0.000000000000000E+000
  7.540575012718723E-010  3.122313778645515E-010
 -1.886869210118047E-008  4.410933720616226E-011
           2  0.000000000000000E+000  0.000000000000000E+000
  6.714642490736970E-010  1.079986459736298E-009
 -2.109789856493723E-008 -8.117350502772776E-010
           3  0.000000000000000E+000  0.000000000000000E+000
  9.173323257580670E-010  2.191625376168202E-009
 -2.584019888639024E-008  1.053495809092408E-009
           4  0.000000000000000E+000  0.000000000000000E+000
  2.089291942806395E-009  3.488262973285161E-009
 -3.120886613938735E-008  9.023302372186391E-009
           5  0.000000000000000E+000  0.000000000000000E+000
  4.636639889994432E-009  4.068987427425864E-009
 -2.958341151593203E-008  2.438018236109495E-008
           6  0.000000000000000E+000  0.000000000000000E+000
  7.838403801569580E-009  2.140637941939476E-009
 -1.207171025179467E-008  3.785466310776922E-008
           7  0.000000000000000E+000  0.000000000000000E+000
  8.243483148280436E-009 -1.762203607033317E-009
  1.603717850033795E-008  3.321912445570654E-008
           8  0.000000000000000E+000  0.000000000000000E+000
  6.289935186928697E-009 -4.907862388287750E-009
  3.565012170997052E-008 -8.771780156432564E-010
           9  0.000000000000000E+000  0.000000000000000E+000
  2.341925960133496E-009 -5.722737078682199E-009
  1.154143733257405E-008 -4.744462625282767E-008
          10  0.000000000000000E+000  0.000000000000000E+000
 -2.972355967455418E-010 -2.824675647369066E-009
 -5.561320920229755E-008 -5.244883547196361E-008
          11  0.000000000000000E+000  0.000000000000000E+000
  9.591657522187916E-010 -6.132376233006757E-010
 -1.073311521688522E-007  1.528950639897055E-008
          12  0.000000000000000E+000  0.000000000000000E+000
  1.350270225118438E-009  1.760438632975842E-009
 -6.808781452042962E-008  1.230781715366026E-007
          13  0.000000000000000E+000  0.000000000000000E+000
  6.737155664637524E-009  1.974967539682705E-009
  7.446343756069806E-008  1.378624517156672E-007
          14  0.000000000000000E+000  0.000000000000000E+000
  9.008406480439686E-009 -3.848016153969863E-009
  1.641280499594969E-007  1.291790366644383E-009
          15  0.000000000000000E+000  0.000000000000000E+000
  5.149420305457560E-009 -8.502006360875989E-009
  7.880396357456982E-008 -1.598252244170371E-007
          16  0.000000000000000E+000  0.000000000000000E+000
  1.183730240812214E-010 -9.179593025119557E-009
 -1.262669478508709E-007 -1.664403283072404E-007
          17  0.000000000000000E+000  0.000000000000000E+000
 -7.047552537114712E-009 -4.322708904156656E-009
 -2.448050744562280E-007  4.065241743388149E-008
          18  0.000000000000000E+000  0.000000000000000E+000
 -2.390301069499831E-009  5.197168946132077E-009
 -9.524702797310618E-008  2.506403689701001E-007
          19  0.000000000000000E+000  0.000000000000000E+000
  6.846279858975850E-009  3.826481373654093E-009
  1.676169724169712E-007  2.161688356529790E-007
          20  0.000000000000000E+000  0.000000000000000E+000
  9.427779178630119E-009 -3.765399154265383E-009
  2.718563801139286E-007 -3.825958428793240E-008
          21  0.000000000000000E+000  0.000000000000000E+000
  5.774331036486236E-009 -9.280068549762621E-009
  9.430041851232994E-008 -2.661555949810551E-007
          22  0.000000000000000E+000  0.000000000000000E+000
 -1.452372451473837E-009 -1.254693689060230E-008
 -2.125142627828678E-007 -2.174990825354765E-007
          23  0.000000000000000E+000  0.000000000000000E+000
 -9.089530438543978E-009 -2.093630416783060E-009
 -2.970545425104259E-007  9.857682167196353E-008
          24  0.000000000000000E+000  0.000000000000000E+000
 -7.452315319133806E-011  5.048463972328672E-009
 -6.796253305318291E-008  2.983927461386577E-007
          25  0.000000000000000E+000  0.000000000000000E+000
  7.386367210522409E-009  2.331708028945098E-011
  2.057062223862764E-007  2.102906477508896E-007
          26  0.000000000000000E+000  0.000000000000000E+000
  6.817090655661259E-009 -7.274608464722989E-009
  2.675040424122683E-007 -6.427420266430931E-008
          27  0.000000000000000E+000  0.000000000000000E+000
  1.641777864127474E-009 -1.267461391166144E-008
  5.672519771985741E-008 -2.498999819673378E-007
          28  0.000000000000000E+000  0.000000000000000E+000
 -1.142465684030958E-008 -7.111691134077429E-009
 -1.829465048000003E-007 -1.325368926053035E-007
          29  0.000000000000000E+000  0.000000000000000E+000
 -3.941584746637425E-009  5.563952529860242E-009
 -1.910601626777724E-007  7.120283555667595E-008
          30  0.000000000000000E+000  0.000000000000000E+000
  6.301678016961579E-009  1.283157902288566E-009
 -5.785055240902595E-008  1.951303215872632E-007
          31  0.000000000000000E+000  0.000000000000000E+000
  6.137065798646537E-009 -7.593332038356845E-009
  1.207001683226714E-007  1.548737811685820E-007
          32  0.000000000000000E+000  0.000000000000000E+000
 -7.661931970497377E-011 -1.212176465201883E-008
  1.701130634804079E-007 -1.739186761754846E-008
          33  0.000000000000000E+000  0.000000000000000E+000
 -1.193556602333220E-008 -1.031843519080394E-008
  5.112504711633636E-008 -1.137332984073442E-007
          34  0.000000000000000E+000  0.000000000000000E+000
 -1.014613588964470E-008  6.223246624221639E-009
 -4.594921018973215E-008 -9.247254012141961E-008
          35  0.000000000000000E+000  0.000000000000000E+000
  3.507484176505095E-009  6.727602714451169E-009
 -1.091807439962559E-007 -2.253673572136240E-009
          36  0.000000000000000E+000  0.000000000000000E+000
  8.355882353167483E-009 -3.008815985952562E-009
 -4.808361452326920E-008  1.011886830562129E-007
          37  0.000000000000000E+000  0.000000000000000E+000
  3.637138225106479E-009 -1.110823899708822E-008
  6.196281321140458E-008  7.833470828816899E-008
          38  0.000000000000000E+000  0.000000000000000E+000
 -5.256581570222951E-009 -1.368395376166528E-008
  6.522114306317353E-008 -1.326635191923347E-008
          39  0.000000000000000E+000  0.000000000000000E+000
 -1.621398198300794E-008 -3.360681738180272E-009
  1.613188853913063E-008 -2.284606484591044E-008
          40  0.000000000000000E+000  0.000000000000000E+000
 -6.477566536724220E-009  8.591536957746772E-009
 -2.028010849000101E-008 -1.446524379002852E-008
          41  0.000000000000000E+000  0.000000000000000E+000
  4.278951191807900E-009  4.918112588828633E-009
 -1.434728041330702E-008  5.197145667871819E-008
          42  0.000000000000000E+000  0.000000000000000E+000
  6.685307177271081E-009 -3.897253199750225E-009
  7.345743713371907E-008  4.154171763357540E-008
          43  0.000000000000000E+000  0.000000000000000E+000
  1.950995135369911E-009 -1.128532987772234E-008
  7.171532343565202E-008 -6.926856017499644E-008
          44  0.000000000000000E+000  0.000000000000000E+000
 -1.045040318255632E-008 -1.183978048873781E-008
 -5.132585939627418E-008 -9.101817694532152E-008
          45  0.000000000000000E+000  0.000000000000000E+000
 -1.226881272655611E-008  1.000987638789441E-009
 -1.312970069154474E-007  2.801881762124319E-009
          46  0.000000000000000E+000  0.000000000000000E+000
 -5.351861502124054E-009  5.007783874205479E-009
 -7.910355709391464E-008  1.748515700416688E-007
          47  0.000000000000000E+000  0.000000000000000E+000
  3.856003618804539E-010  3.363304773548097E-009
  1.555170398523684E-007  1.867980401178613E-007
          48  0.000000000000000E+000  0.000000000000000E+000
  2.781983040847963E-009 -2.190796589824279E-009
  2.657432474818250E-007 -5.731975286515224E-008
          49  0.000000000000000E+000  0.000000000000000E+000
 -1.891881716473256E-009 -8.036068255981088E-009
  7.460774072588247E-008 -2.695495525883182E-007
          50  0.000000000000000E+000  0.000000000000000E+000
 -8.540025369925133E-009 -4.328678840687021E-009
 -2.095978202624411E-007 -1.975067902986885E-007
          51  0.000000000000000E+000  0.000000000000000E+000
 -8.333595593538249E-009  8.396862248625879E-010
 -2.894689233318988E-007  1.144091337272247E-007
          52  0.000000000000000E+000  0.000000000000000E+000
 -4.891651756855646E-009  3.636487546982805E-009
 -2.663451776916812E-008  3.351368507618595E-007
          53  0.000000000000000E+000  0.000000000000000E+000
 -9.282541272478807E-010  2.187595858342961E-009
  2.962077656313195E-007  1.972770186282967E-007
          54  0.000000000000000E+000  0.000000000000000E+000
 -7.228085282130695E-010 -1.833948073712448E-009
  3.271048397649457E-007 -1.565184044360622E-007
          55  0.000000000000000E+000  0.000000000000000E+000
 -4.467540226767108E-009 -3.611759651076751E-009
  2.742497501468895E-008 -3.563839900689974E-007
          56  0.000000000000000E+000  0.000000000000000E+000
 -7.724772674995986E-009 -2.529593470419232E-010
 -2.925855061491434E-007 -1.822575754263300E-007
          57  0.000000000000000E+000  0.000000000000000E+000
 -5.618029919317112E-009  3.626397950531751E-009
 -2.890143479836808E-007  1.745065979712866E-007
          58  0.000000000000000E+000  0.000000000000000E+000
 -1.823542601029027E-009  3.184425414943096E-009
  1.702969430875806E-008  3.440532833756661E-007
          59  0.000000000000000E+000  0.000000000000000E+000
 -1.073341909134849E-009 -2.005789705130210E-010
  3.180638852860960E-007  1.642214908869314E-007
          60  0.000000000000000E+000  0.000000000000000E+000
 -3.926642340928654E-009 -1.526732692877145E-009
  3.113524184573367E-007 -1.935421483186738E-007
          61  0.000000000000000E+000  0.000000000000000E+000
 -6.317457009297879E-009 -1.177332273458320E-009
 -2.098668837512030E-008 -3.536917318851005E-007
          62  0.000000000000000E+000  0.000000000000000E+000
 -7.781520305970291E-009  3.932252017337282E-009
 -2.843430056837912E-007 -1.434250828361123E-007
          63  0.000000000000000E+000  0.000000000000000E+000
 -3.271641306620666E-009  5.847120036778479E-009
 -2.674457842628891E-007  1.706420799843031E-007
          64  0.000000000000000E+000  0.000000000000000E+000
 -9.182077966237795E-010  3.567713850579020E-009
  2.956326147550360E-008  3.458435080233523E-007
          65  0.000000000000000E+000  0.000000000000000E+000
 -1.555042352016210E-009  1.997459656333486E-009
  3.560596862007428E-007  1.432325617706969E-007
          66  0.000000000000000E+000  0.000000000000000E+000
 -2.982867893982525E-010 -1.044765936172413E-010
  2.929458921110015E-007 -2.630515394584749E-007
          67  0.000000000000000E+000  0.000000000000000E+000
 -6.223770051086821E-009 -3.232555715007226E-010
 -5.900129050672423E-008 -3.697709307409896E-007
          68  0.000000000000000E+000  0.000000000000000E+000
 -6.263573297722591E-009  3.504904078549102E-009
 -3.773666683265478E-007 -1.461931997264985E-007
          69  0.000000000000000E+000  0.000000000000000E+000
 -5.307486114012970E-009  6.130363831796332E-009
 -3.004558721257481E-007  3.140949590721503E-007
          70  0.000000000000000E+000  0.000000000000000E+000
 -1.919977649419828E-009  8.100742302237014E-009
  1.939537210475440E-007  4.116043484230992E-007
          71  0.000000000000000E+000  0.000000000000000E+000
  4.132231468244619E-009  6.924225668880534E-009
  4.602167572659721E-007 -2.367081060162312E-008
          72  0.000000000000000E+000  0.000000000000000E+000
  1.962296133928833E-009 -2.805695586588796E-009
  1.889727262696891E-007 -3.827870367470909E-007
          73  0.000000000000000E+000  0.000000000000000E+000
 -4.090305101124302E-009 -1.747363898767418E-009
 -2.330022091362618E-007 -3.820145066599064E-007
          74  0.000000000000000E+000  0.000000000000000E+000
 -8.206415635621341E-009  1.836209698259553E-009
 -4.562158582851368E-007  6.449207761820101E-008
          75  0.000000000000000E+000  0.000000000000000E+000
 -7.141202598237497E-009  9.035203303971529E-009
 -8.918939507822441E-008  4.360345780108685E-007
          76  0.000000000000000E+000  0.000000000000000E+000
 -6.581389395611188E-011  1.249860901123107E-008
  3.601057771656618E-007  2.208282057626059E-007
          77  0.000000000000000E+000  0.000000000000000E+000
  9.102053453877474E-009  5.003331808005445E-009
  3.032600329051147E-007 -2.138779813738858E-007
          78  0.000000000000000E+000  0.000000000000000E+000
  2.375514614300180E-009 -1.909077667252556E-009
  4.200551810884677E-009 -3.420788106673436E-007
          79  0.000000000000000E+000  0.000000000000000E+000
 -3.869245042889289E-009 -2.228916018360810E-009
 -3.176638712570570E-007 -1.425345690032668E-007
          80  0.000000000000000E+000  0.000000000000000E+000
 -8.427458076421200E-009  5.204666071978117E-009
 -1.785264698426406E-007  2.397110861399152E-007
          81  0.000000000000000E+000  0.000000000000000E+000
 -2.814284822294852E-009  1.267263442719507E-008
  1.723362527297747E-007  1.650993765931585E-007
          82  0.000000000000000E+000  0.000000000000000E+000
  8.776540605149524E-009  1.058795628251196E-008
  1.381458301233455E-007 -1.269519475119115E-007
          83  0.000000000000000E+000  0.000000000000000E+000
  6.204311526138766E-009 -1.570466095575384E-010
 -4.431799387063221E-008 -1.213410429542028E-007
          84  0.000000000000000E+000  0.000000000000000E+000
  3.305220089134574E-010 -2.136344895104911E-009
 -1.531006055952413E-007 -7.868382624593124E-010
          85  0.000000000000000E+000  0.000000000000000E+000
 -5.118361629782592E-009  3.331519818417668E-009
  1.326738793242179E-008  1.848833522362382E-007
          86  0.000000000000000E+000  0.000000000000000E+000
 -7.284224474654771E-010  9.692206241562368E-009
  2.344481499782498E-007 -1.155592050084680E-008
          87  0.000000000000000E+000  0.000000000000000E+000
  6.341731118499900E-009  8.932361074276376E-009
  6.336159019239779E-008 -2.788731725727479E-007
          88  0.000000000000000E+000  0.000000000000000E+000
  7.900268629695641E-009 -4.297484938584669E-010
 -2.419973249613689E-007 -1.678389539225832E-007
          89  0.000000000000000E+000  0.000000000000000E+000
  1.822287161691938E-009 -2.045551615130805E-009
 -2.702401914565128E-007  8.849732673393635E-008
          90  0.000000000000000E+000  0.000000000000000E+000
 -3.234004054684287E-009  8.225954166263928E-010
 -7.352149735317860E-008  3.302181252907090E-007
          91  0.000000000000000E+000  0.000000000000000E+000
 -1.771756843938656E-009  7.555762461307838E-009
  3.115141069130783E-007  2.223267554436605E-007
          92  0.000000000000000E+000  0.000000000000000E+000
  4.424225794903893E-009  8.219084979972820E-009
  3.583350606587406E-007 -1.994655389237376E-007
          93  0.000000000000000E+000  0.000000000000000E+000
  8.769283066128132E-009  4.453183806306977E-009
  2.440955389548647E-009 -4.280732338275002E-007
          94  0.000000000000000E+000  0.000000000000000E+000
  5.680583507680099E-009 -2.193768671630268E-009
 -3.419423665136901E-007 -2.332066384048013E-007
          95  0.000000000000000E+000  0.000000000000000E+000
  8.460707344291638E-010 -2.396192998793063E-009
 -4.252757260277874E-007  1.405457005163912E-007
          96  0.000000000000000E+000  0.000000000000000E+000
 -2.904962351631662E-009  2.273970675902162E-009
 -8.562156453428913E-008  4.712303095277599E-007
          97  0.000000000000000E+000  0.000000000000000E+000
  5.290842725299681E-010  7.330518149577882E-009
  3.718607434268339E-007  2.881163724323804E-007
          98  0.000000000000000E+000  0.000000000000000E+000
  5.510378565683920E-009  7.236833637492326E-009
  4.284596580622826E-007 -1.702191783886135E-007
          99  0.000000000000000E+000  0.000000000000000E+000
  8.817003459946034E-009  2.312536253255001E-009
  9.929245116354950E-008 -4.525848665437791E-007
         100  0.000000000000000E+000  0.000000000000000E+000
  6.608395501272055E-009 -1.229233160071341E-009
 -3.376347706924162E-007 -3.789833105101855E-007
         101  0.000000000000000E+000  0.000000000000000E+000
  2.433836671799213E-009 -1.882485302223104E-009
 -5.157044303049576E-007  1.007496800455431E-007
         102  0.000000000000000E+000  0.000000000000000E+000
  1.105231839092821E-009  1.305165198704344E-009
 -1.780085924898335E-007  4.727167260613394E-007
         103  0.000000000000000E+000  0.000000000000000E+000
  2.403220427925234E-009  3.176711557802654E-009
  3.087854442563992E-007  3.920841727272452E-007
         104  0.000000000000000E+000  0.000000000000000E+000
  4.956404475915168E-009  3.451067981175765E-009
  5.028084466033503E-007 -8.553258841202100E-008
         105  0.000000000000000E+000  0.000000000000000E+000
  6.429600736931186E-009  2.144997503893710E-009
  1.572878440219517E-007 -5.062569370551075E-007
         106  0.000000000000000E+000  0.000000000000000E+000
  6.758814234809364E-009 -3.152446292782799E-010
 -3.787294095119804E-007 -3.650197692804545E-007
         107  0.000000000000000E+000  0.000000000000000E+000
  5.290765705980519E-009 -1.562173314413725E-009
 -4.738765394262172E-007  1.544485275955909E-007
         108  0.000000000000000E+000  0.000000000000000E+000
  4.112744933134319E-009 -1.625609180506099E-009
 -6.815061594432288E-008  4.474480848045976E-007
         109  0.000000000000000E+000  0.000000000000000E+000
  3.129440114544362E-009 -1.262117087450863E-009
  3.354467414311755E-007  2.089488879187125E-007
         110  0.000000000000000E+000  0.000000000000000E+000
  2.822125010371068E-009  1.225471079450425E-010
  2.657562386100095E-007 -2.157266506041243E-007
         111  0.000000000000000E+000  0.000000000000000E+000
  4.230110609987358E-009  1.331126972461080E-009
 -1.030599840628547E-007 -2.818302733522369E-007
         112  0.000000000000000E+000  0.000000000000000E+000
  6.174771796590419E-009  1.635349286780584E-010
 -2.769276918951168E-007  1.694682918887152E-010
         113  0.000000000000000E+000  0.000000000000000E+000
  6.418750023246732E-009 -1.421758359482791E-009
 -6.495089954089019E-008  2.410663088672083E-007
         114  0.000000000000000E+000  0.000000000000000E+000
  6.483252242486270E-009 -3.334633409442184E-009
  2.091625365817240E-007  7.924020489883907E-008
         115  0.000000000000000E+000  0.000000000000000E+000
  3.307726194033885E-009 -5.317514694030712E-009
  9.341337920757486E-008 -2.213652041843473E-007
         116  0.000000000000000E+000  0.000000000000000E+000
  9.467886893662561E-010 -2.345427922762227E-009
 -2.487811014806345E-007 -1.528616873377740E-007
         117  0.000000000000000E+000  0.000000000000000E+000
  3.640830200054615E-009  5.071125075845608E-010
 -2.574977928818418E-007  1.880504480404693E-007
         118  0.000000000000000E+000  0.000000000000000E+000
  5.987919657749152E-009 -1.339968268833248E-009
  6.125236204835938E-008  3.699122172993135E-007
         119  0.000000000000000E+000  0.000000000000000E+000
  7.168788296631230E-009 -3.551797007850030E-009
  4.264556621928823E-007  7.642592169320077E-008
         120  0.000000000000000E+000  0.000000000000000E+000
  4.659705910921785E-009 -8.659261696195344E-009
  2.173573886044530E-007 -4.168865161336131E-007
         121  0.000000000000000E+000  0.000000000000000E+000
 -1.763276550446191E-009 -5.411957253938158E-009
 -3.436982635817310E-007 -3.665853089355624E-007
         122  0.000000000000000E+000  0.000000000000000E+000
  9.208813929286487E-010  1.022354932635812E-009
 -4.622240090145361E-007  1.379687511304281E-007
         123  0.000000000000000E+000  0.000000000000000E+000
  6.274603659762264E-009 -1.466732159131955E-009
 -1.501730167636363E-007  4.947443116776192E-007
         124  0.000000000000000E+000  0.000000000000000E+000
  6.932038193316402E-009 -5.349180849336046E-009
  4.081087679464699E-007  3.690707173730664E-007
         125  0.000000000000000E+000  0.000000000000000E+000
  4.245213737469312E-009 -1.095521674872614E-008
  4.717161235334411E-007 -2.258307486869660E-007
         126  0.000000000000000E+000  0.000000000000000E+000
 -5.914784750762427E-009 -8.467097890339533E-009
 -5.789403287180968E-009 -4.898655246716646E-007
         127  0.000000000000000E+000  0.000000000000000E+000
 -4.470676952675701E-009  2.512012850032212E-009
 -3.959844456243279E-007 -2.124171918602074E-007
         128  0.000000000000000E+000  0.000000000000000E+000
  6.453552505122357E-009  2.444965861901886E-009
 -4.521738580038357E-007  2.059725827416064E-007
         129  0.000000000000000E+000  0.000000000000000E+000
  8.841448466843571E-009 -5.036992057381737E-009
 -1.513359589434376E-008  5.712359864492947E-007
         130  0.000000000000000E+000  0.000000000000000E+000
  6.515853160353612E-009 -1.175564884244035E-008
  5.060229975037817E-007  2.305733266620991E-007
         131  0.000000000000000E+000  0.000000000000000E+000
 -4.163490087460124E-009 -1.568098059114384E-008
  3.918180802772810E-007 -3.180228640775537E-007
         132  0.000000000000000E+000  0.000000000000000E+000
 -1.148606819576497E-008 -3.207864990276955E-009
 -9.496927072609892E-008 -4.731543058593484E-007
         133  0.000000000000000E+000  0.000000000000000E+000
 -9.203322858596158E-010  5.792052185822666E-009
 -4.890735585039503E-007 -1.994374919182111E-007
         134  0.000000000000000E+000  0.000000000000000E+000
  7.261313269330979E-009 -8.098013623113208E-010
 -4.671959850216195E-007  4.515524664743274E-007
         135  0.000000000000000E+000  0.000000000000000E+000
  8.026320559593885E-009 -8.647921456915438E-009
  2.508144510910429E-007  6.150661871742231E-007
         136  0.000000000000000E+000  0.000000000000000E+000
  2.201949437957452E-010 -1.727122453195673E-008
  6.210335665543541E-007  6.497878148092141E-008
         137  0.000000000000000E+000  0.000000000000000E+000
 -1.291407251412399E-008 -9.704217241874591E-009
  3.631561573060473E-007 -5.136984915156257E-007
         138  0.000000000000000E+000  0.000000000000000E+000
 -8.031188116487299E-009  2.626815384303882E-009
 -3.207994510343545E-007 -6.270917859489132E-007
         139  0.000000000000000E+000  0.000000000000000E+000
  5.854754301037736E-011  8.538601911661246E-010
 -8.074123572016301E-007  1.138182403846292E-007
         140  0.000000000000000E+000  0.000000000000000E+000
  2.743420302065420E-009 -2.999829068760982E-009
 -1.742433674996286E-007  8.039829766498225E-007
         141  0.000000000000000E+000  0.000000000000000E+000
  1.271156629182294E-009 -9.468008681813124E-009
  6.227423577652718E-007  4.942597120735206E-007
         142  0.000000000000000E+000  0.000000000000000E+000
 -7.820861861424435E-009 -9.442159729804536E-009
  7.173149835599376E-007 -3.294671932036999E-007
         143  0.000000000000000E+000  0.000000000000000E+000
 -8.656441632682899E-009 -1.299375791007015E-009
 -6.312540754106973E-010 -7.766037955192153E-007
         144  0.000000000000000E+000  0.000000000000000E+000
 -3.398622183057222E-009 -9.074979829623442E-011
 -7.375652045969072E-007 -2.741932135817506E-007
         145  0.000000000000000E+000  0.000000000000000E+000
 -2.152899446439208E-009 -1.277877882279912E-009
 -4.553202916322130E-007  5.778994072872437E-007
         146  0.000000000000000E+000  0.000000000000000E+000
 -6.452941831925687E-010 -3.370634734864552E-009
  3.109211232426834E-007  5.579581813608445E-007
         147  0.000000000000000E+000  0.000000000000000E+000
 -3.209832642750764E-009 -6.801408985108882E-009
  5.442282846544137E-007 -2.025825455185958E-008
         148  0.000000000000000E+000  0.000000000000000E+000
 -8.161755674137691E-009 -3.879723602013061E-009
  1.819579648907308E-007 -4.251651531842091E-007
         149  0.000000000000000E+000  0.000000000000000E+000
 -6.043987653011131E-009  8.919460415325471E-010
 -2.758459383274149E-007 -2.686916421130115E-007
         150  0.000000000000000E+000  0.000000000000000E+000
 -2.735056571653197E-009 -2.859382847750803E-011
 -2.852829954576942E-007  1.929287961576308E-007
         151  0.000000000000000E+000  0.000000000000000E+000
 -1.608823733367284E-009 -1.512876378484081E-009
  1.371471183166582E-007  2.563364827498855E-007
         152  0.000000000000000E+000  0.000000000000000E+000
 -2.027088523709245E-009 -4.742693672558664E-009
  2.130947803499400E-007 -8.002993615845890E-008
         153  0.000000000000000E+000  0.000000000000000E+000
 -6.872365374181287E-009 -5.773633074305829E-009
 -4.898513380026614E-008 -1.871378714203530E-007
         154  0.000000000000000E+000  0.000000000000000E+000
 -9.193802176871563E-009 -9.029303544881042E-010
 -2.173075975204524E-007  3.508996799854665E-008
         155  0.000000000000000E+000  0.000000000000000E+000
 -6.396300379657604E-009  2.000423967140246E-009
 -3.582906301674128E-008  2.919037084621910E-007
         156  0.000000000000000E+000  0.000000000000000E+000
 -3.879139647363250E-009  2.115986711536317E-009
  3.350393882570029E-007  1.701664680069985E-007
         157  0.000000000000000E+000  0.000000000000000E+000
 -1.762634626117778E-009  4.235717500347051E-011
  3.119934508321616E-007 -2.638936390906750E-007
         158  0.000000000000000E+000  0.000000000000000E+000
 -3.098009698696835E-009 -3.073806111868135E-009
 -1.058583708646762E-007 -3.949573410167783E-007
         159  0.000000000000000E+000  0.000000000000000E+000
 -6.620203169211429E-009 -3.235778736278821E-009
 -3.963411103415274E-007 -7.012535904703473E-008
         160  0.000000000000000E+000  0.000000000000000E+000
 -8.749208469114905E-009 -4.314110030414714E-010
 -2.292669609679511E-007  3.196494713004041E-007
         161  0.000000000000000E+000  0.000000000000000E+000
 -8.365889247100249E-009  2.711378037841948E-009
  1.435175340759150E-007  3.443584301554605E-007
         162  0.000000000000000E+000  0.000000000000000E+000
 -5.715973736970983E-009  5.049507867553721E-009
  3.456030775474967E-007  1.039132784636863E-007
         163  0.000000000000000E+000  0.000000000000000E+000
 -2.188721442651022E-009  4.167627500482092E-009
  3.032852865516199E-007 -1.824757677337191E-007
         164  0.000000000000000E+000  0.000000000000000E+000
 -8.434295876502013E-010  4.576020749025111E-010
  8.078636735726821E-008 -3.362105357427333E-007
         165  0.000000000000000E+000  0.000000000000000E+000
 -4.319458746142807E-009 -2.467840327564262E-009
 -1.940547727555214E-007 -3.101874428198303E-007
         166  0.000000000000000E+000  0.000000000000000E+000
 -8.036664765109596E-009 -7.578677044501174E-010
 -4.266140018194153E-007 -7.693165625637538E-008
         167  0.000000000000000E+000  0.000000000000000E+000
 -1.008997555653793E-008  3.148134873154005E-009
 -3.837520298314548E-007  4.220599038674124E-007
         168  0.000000000000000E+000  0.000000000000000E+000
 -7.387591508935601E-009  8.203317514200439E-009
  2.397466580808504E-007  6.426637043302395E-007
         169  0.000000000000000E+000  0.000000000000000E+000
 -1.396752289323536E-009  8.706646582575137E-009
  7.553870288034738E-007  1.305945653813065E-007
         170  0.000000000000000E+000  0.000000000000000E+000
  1.550110707541383E-009  2.725271800799622E-009
  5.729577060393609E-007 -6.283309720489261E-007
         171  0.000000000000000E+000  0.000000000000000E+000
 -2.791700258563434E-009 -7.564823479449710E-010
 -2.576636696205613E-007 -8.986898828542125E-007
         172  0.000000000000000E+000  0.000000000000000E+000
 -7.604893675331449E-009  4.544263103599263E-011
 -1.030686211969511E-006 -1.929216609847571E-007
         173  0.000000000000000E+000  0.000000000000000E+000
 -1.004962587735630E-008  7.000299276721919E-009
 -5.790073801223537E-007  9.067211143744767E-007
         174  0.000000000000000E+000  0.000000000000000E+000
 -3.811224663380999E-009  1.240693887159718E-008
  5.581568035277055E-007  8.840667228034623E-007
         175  0.000000000000000E+000  0.000000000000000E+000
  3.940990945693868E-009  8.059033731134960E-009
  1.047063522002395E-006 -6.997263635160906E-008
         176  0.000000000000000E+000  0.000000000000000E+000
  1.666747401848792E-009  1.276460428179380E-009
  4.329220669972338E-007 -9.680253748939832E-007
         177  0.000000000000000E+000  0.000000000000000E+000
 -3.634831773900385E-009 -8.077287847644354E-011
 -7.091621635737858E-007 -7.801403520183699E-007
         178  0.000000000000000E+000  0.000000000000000E+000
 -8.014844249145731E-009  6.103198424410352E-009
 -8.331482910029584E-007  3.437737021755257E-007
         179  0.000000000000000E+000  0.000000000000000E+000
 -2.569060085962644E-009  1.172345070232740E-008
 -2.870624819071291E-008  7.004427471963997E-007
         180  0.000000000000000E+000  0.000000000000000E+000
  4.959837570178007E-009  9.322766274761505E-009
  4.963929699162788E-007  3.091713192561211E-007
         181  0.000000000000000E+000  0.000000000000000E+000
  4.211366386213147E-009  9.575356718404176E-010
  4.459536587175694E-007 -2.554955368655081E-007
         182  0.000000000000000E+000  0.000000000000000E+000
 -2.222790614728457E-009  3.134634479567957E-011
 -2.023599473241121E-008 -4.449040047691234E-007
         183  0.000000000000000E+000  0.000000000000000E+000
 -6.941147309593939E-009  4.896697443587871E-009
 -2.759772514196447E-007 -7.189337246863574E-008
         184  0.000000000000000E+000  0.000000000000000E+000
 -2.767960477167896E-009  1.209297171793911E-008
 -4.779727383726997E-008  3.402861715039833E-008
         185  0.000000000000000E+000  0.000000000000000E+000
  4.231750326195675E-009  1.149223325716218E-008
 -1.114077071831929E-007 -2.133666519214485E-008
         186  0.000000000000000E+000  0.000000000000000E+000
  8.206570466291403E-009  4.779459351779359E-009
 -8.560125430779822E-008  1.339428256995999E-007
         187  0.000000000000000E+000  0.000000000000000E+000
  2.860586055890974E-009 -3.563230674070985E-010
  9.568660624828517E-008  1.496101574037631E-007
         188  0.000000000000000E+000  0.000000000000000E+000
 -3.013134567223578E-009  1.328135535637664E-009
  1.860364969709771E-007  3.085239821258047E-008
         189  0.000000000000000E+000  0.000000000000000E+000
 -3.884452709226412E-009  9.122715570833533E-009
  2.465684892931412E-007 -2.309784266984010E-007
         190  0.000000000000000E+000  0.000000000000000E+000
  2.702609971369396E-009  1.226580744488694E-008
 -2.113009368069660E-007 -4.076105167958568E-007
         191  0.000000000000000E+000  0.000000000000000E+000
  9.271818734681688E-009  8.789586688569650E-009
 -4.542767322619891E-007  9.512056863354280E-008
         192  0.000000000000000E+000  0.000000000000000E+000
  8.440483209596088E-009  2.131344355946018E-009
 -4.662279567798818E-008  4.327756320616050E-007
         193  0.000000000000000E+000  0.000000000000000E+000
  4.216273356890359E-009 -5.128310995270746E-011
  3.783552823122261E-007  1.914614411008590E-007
         194  0.000000000000000E+000  0.000000000000000E+000
  1.172364493436691E-009  3.162691564272518E-009
  3.825199461106819E-007 -3.473515473405636E-007
         195  0.000000000000000E+000  0.000000000000000E+000
  2.795625833025617E-009  4.954549865932322E-009
 -2.866178003068013E-007 -5.352111233404099E-007
         196  0.000000000000000E+000  0.000000000000000E+000
  4.392186206524684E-009  6.088853702231120E-009
 -5.863692470252288E-007  1.419871316634308E-007
         197  0.000000000000000E+000  0.000000000000000E+000
  6.747574603004414E-009  4.612037080122931E-009
 -2.987851036838032E-008  5.482500836075392E-007
         198  0.000000000000000E+000  0.000000000000000E+000
  7.285988170233044E-009  2.767429349358774E-009
  4.793312511677995E-007  1.684675078729227E-007
         199  0.000000000000000E+000  0.000000000000000E+000
  6.266672083385582E-009  9.396777442195110E-010
  3.149239863799025E-007 -3.795301347634099E-007
         200  0.000000000000000E+000  0.000000000000000E+000
  5.372227305545062E-009  5.617215341940124E-010
 -2.501661818130837E-007 -4.569186088467517E-007
         201  0.000000000000000E+000  0.000000000000000E+000
  3.635018468169848E-009  6.447070273027501E-010
 -5.047464091527782E-007  9.153118447158675E-008
         202  0.000000000000000E+000  0.000000000000000E+000
  4.030271471717177E-009  2.897328754708371E-009
 -4.860368104468650E-008  4.460517001043378E-007
         203  0.000000000000000E+000  0.000000000000000E+000
  5.916509964957445E-009  2.655176856585670E-009
  3.530967770492552E-007  1.364696745076473E-007
         204  0.000000000000000E+000  0.000000000000000E+000
  6.734077008531940E-009  1.327023384996379E-009
  1.936200481320488E-007 -2.806958807408104E-007
         205  0.000000000000000E+000  0.000000000000000E+000
  6.238706140075925E-009  3.927718599580829E-010
 -2.007048014213340E-007 -2.581926288141591E-007
         206  0.000000000000000E+000  0.000000000000000E+000
  6.219440750042564E-009 -4.722036086421244E-011
 -3.105976813417696E-007  1.052982266668877E-007
         207  0.000000000000000E+000  0.000000000000000E+000
  5.697423999051117E-009 -5.213198139958294E-010
  2.018557542875156E-008  3.168048421076646E-007
         208  0.000000000000000E+000  0.000000000000000E+000
  5.679437959086369E-009 -3.092530973031980E-010
  3.092176515102845E-007  4.417650265640150E-008
         209  0.000000000000000E+000  0.000000000000000E+000
  6.039167233546896E-009 -7.429270933740918E-010
  1.317380701028375E-007 -3.142100607845551E-007
         210  0.000000000000000E+000  0.000000000000000E+000
  5.843824398653517E-009 -1.464887761068085E-009
 -2.851776153877485E-007 -2.732241999879892E-007
         211  0.000000000000000E+000  0.000000000000000E+000
  5.683725202671216E-009 -1.403127301284522E-009
 -3.957415006242673E-007  1.571364884474846E-007
         212  0.000000000000000E+000  0.000000000000000E+000
  5.780105188531494E-009 -2.552682407772548E-009
 -5.523800312063509E-008  4.148914516824987E-007
         213  0.000000000000000E+000  0.000000000000000E+000
  4.294743994563007E-009 -1.951112094117001E-009
  3.269572402355765E-007  2.657157314030096E-007
         214  0.000000000000000E+000  0.000000000000000E+000
  5.650487930623543E-009 -1.151539967863979E-009
  4.185788420814830E-007 -1.585315788616692E-007
         215  0.000000000000000E+000  0.000000000000000E+000
  6.977325951680264E-009 -2.731200280981195E-009
  7.586408459189164E-008 -4.984824085140734E-007
         216  0.000000000000000E+000  0.000000000000000E+000
  5.972592405848084E-009 -4.404136111585411E-009
 -4.089075202921514E-007 -3.480603302730345E-007
         217  0.000000000000000E+000  0.000000000000000E+000
  5.364763056823538E-009 -5.784936256482670E-009
 -5.921159878404717E-007  1.052737210179571E-007
         218  0.000000000000000E+000  0.000000000000000E+000
  1.005140758570951E-009 -6.137049550967290E-009
 -3.124746441408459E-007  6.665366440119461E-007
         219  0.000000000000000E+000  0.000000000000000E+000
  1.118665459156659E-009 -6.248775096402403E-010
  4.975547314653077E-007  6.793437558894281E-007
         220  0.000000000000000E+000  0.000000000000000E+000
  6.085564070967840E-009 -7.154487222729717E-013
  8.992113803953483E-007 -1.456190714228163E-007
         221  0.000000000000000E+000  0.000000000000000E+000
  8.449758863005241E-009 -4.440393413574068E-009
  2.784116051977318E-007 -8.970658061890847E-007
         222  0.000000000000000E+000  0.000000000000000E+000
  7.300676149606426E-009 -8.071825462196112E-009
 -6.504667221526242E-007 -7.450742575153461E-007
         223  0.000000000000000E+000  0.000000000000000E+000
  2.377429250853734E-009 -1.240207271707347E-008
 -1.103516500762344E-006  2.128500950467763E-007
         224  0.000000000000000E+000  0.000000000000000E+000
 -4.973651247950582E-009 -6.496230506590249E-009
 -3.168438376943428E-007  1.157060309858640E-006
         225  0.000000000000000E+000  0.000000000000000E+000
 -7.488942345197576E-010  2.029642153356390E-010
  8.699528478372858E-007  7.817440518442303E-007
         226  0.000000000000000E+000  0.000000000000000E+000
  5.441679365288114E-009 -1.361906533714596E-009
  1.008209970516181E-006 -3.824819929036757E-007
         227  0.000000000000000E+000  0.000000000000000E+000
  6.999342116344237E-009 -5.866807406040900E-009
  1.846114552774277E-007 -1.004009161540349E-006
         228  0.000000000000000E+000  0.000000000000000E+000
  4.646677129315052E-009 -1.268785528859978E-008
 -8.412588097124482E-007 -6.434694423316520E-007
         229  0.000000000000000E+000  0.000000000000000E+000
 -5.740075387355655E-009 -1.110212478411245E-008
 -8.723285032370110E-007  5.026993899796701E-007
         230  0.000000000000000E+000  0.000000000000000E+000
 -5.066585454482168E-009 -2.575913487356064E-009
  5.649886217243974E-008  8.412634519414502E-007
         231  0.000000000000000E+000  0.000000000000000E+000
  4.110050685602765E-010 -1.405434347488284E-009
  5.782818203115810E-007  2.871458879037642E-007
         232  0.000000000000000E+000  0.000000000000000E+000
  2.105298570893959E-009 -4.031086656795197E-009
  4.419980736494946E-007 -2.134989127143074E-007
         233  0.000000000000000E+000  0.000000000000000E+000
  2.684412785680903E-009 -7.283999009943205E-009
  2.215241408228854E-008 -4.038591095950580E-007
         234  0.000000000000000E+000  0.000000000000000E+000
 -2.940841308655021E-009 -9.819978536270797E-009
 -2.178679589765057E-007 -8.850420344369271E-008
         235  0.000000000000000E+000  0.000000000000000E+000
 -4.755701492244338E-009 -3.499131131433655E-009
 -4.406707750685364E-008 -1.998501435165379E-008
         236  0.000000000000000E+000  0.000000000000000E+000
 -5.694227073246543E-010 -2.897641884210344E-009
 -1.903060739910129E-007 -9.264280000467059E-008
         237  0.000000000000000E+000  0.000000000000000E+000
 -2.321001586927250E-010 -5.833039527367115E-009
 -3.134325584454761E-007  2.161594327719634E-007
         238  0.000000000000000E+000  0.000000000000000E+000
 -1.605770442238869E-009 -5.846906290785287E-009
  6.383212524249564E-008  4.440833492251227E-007
         239  0.000000000000000E+000  0.000000000000000E+000
 -2.489134920891490E-009 -7.440514937349911E-009
  3.915671067476561E-007  2.362348513614342E-007
         240  0.000000000000000E+000  0.000000000000000E+000
 -6.280807708461496E-009 -4.886535743883106E-009
  5.156213989324656E-007 -2.048726102226511E-007
         241  0.000000000000000E+000  0.000000000000000E+000
 -2.975575322857157E-009 -1.986260597624375E-009
  3.283615365882867E-008 -6.404755744732381E-007
         242  0.000000000000000E+000  0.000000000000000E+000
 -1.279133319490140E-009 -4.525871994009230E-009
 -6.090946938962148E-007 -2.856917252845395E-007
         243  0.000000000000000E+000  0.000000000000000E+000
 -3.061509942588983E-009 -5.638617680969715E-009
 -4.860480970195345E-007  4.317021335757828E-007
         244  0.000000000000000E+000  0.000000000000000E+000
 -3.824424871834160E-009 -6.416248666650275E-009
  9.735108867235065E-008  6.065244135810214E-007
         245  0.000000000000000E+000  0.000000000000000E+000
 -7.562789780609085E-009 -5.428754592533566E-009
  5.941210850713458E-007  2.485071210088727E-007
         246  0.000000000000000E+000  0.000000000000000E+000
 -6.459019232966232E-009 -1.700385991600665E-009
  4.474018784064218E-007 -4.261341699725698E-007
         247  0.000000000000000E+000  0.000000000000000E+000
 -4.855817517892746E-009 -2.141736768481109E-009
 -1.973791081143678E-007 -4.795813625224573E-007
         248  0.000000000000000E+000  0.000000000000000E+000
 -5.501768536305079E-009 -2.062154874502095E-009
 -3.984215015498747E-007  1.223535414681388E-008
         249  0.000000000000000E+000  0.000000000000000E+000
 -4.479945067432485E-009 -1.375478636779735E-009
 -1.371646173579687E-007  2.740700921230575E-007
         250  0.000000000000000E+000  0.000000000000000E+000
 -4.363052342328248E-009 -2.539499041529371E-009
  1.419357441388099E-007  2.192694729563363E-007
         251  0.000000000000000E+000  0.000000000000000E+000
 -5.131226104601394E-009 -2.623753071490906E-009
  1.834767559211349E-007 -2.001659109745396E-008
         252  0.000000000000000E+000  0.000000000000000E+000
 -6.349631874579703E-009 -2.993445135369968E-009
  3.718348965206232E-008 -5.661874339304225E-008
         253  0.000000000000000E+000  0.000000000000000E+000
 -8.228346445703266E-009 -1.284964411047105E-009
  5.587084972696814E-008 -6.007808564442924E-010
         254  0.000000000000000E+000  0.000000000000000E+000
 -7.561996210124195E-009  1.879482897256046E-009
  7.900178892597232E-008 -9.593039257762811E-008
         255  0.000000000000000E+000  0.000000000000000E+000
 -4.505413152747136E-009  2.614783908747856E-009
 -7.939450028041166E-008 -1.339261626390890E-007
         256  0.000000000000000E+000  0.000000000000000E+000
 -2.831918170787483E-009  6.438439233444591E-010
 -1.731193604236942E-007  4.015958011284579E-008
