   5120.00000000000     
         256           1           3
  8.994473019507991E-004   40.7598242208754        116.970051903471     
   18.8300000000000        145.590000000000        6160.02000000000     
           0  0.000000000000000E+000  0.000000000000000E+000
  0.000000000000000E+000  0.000000000000000E+000
  0.000000000000000E+000  0.000000000000000E+000
           1  0.000000000000000E+000  0.000000000000000E+000
  6.701008874494908E-010  3.228398059109227E-010
 -2.183361474656826E-008  4.457949133718399E-011
           2  0.000000000000000E+000  0.000000000000000E+000
  5.260811443365640E-010  1.106024668731574E-009
 -2.401186563218659E-008 -9.693930358819117E-010
           3  0.000000000000000E+000  0.000000000000000E+000
  6.468356990396217E-010  2.292561274812288E-009
 -2.894606161831781E-008  2.569871758187762E-010
           4  0.000000000000000E+000  0.000000000000000E+000
  1.645168063422464E-009  3.824488734185125E-009
 -3.565613926273069E-008  7.182394983190683E-009
           5  0.000000000000000E+000  0.000000000000000E+000
  4.131999825594498E-009  4.930516233465536E-009
 -3.768843595963216E-008  2.266225741894027E-008
           6  0.000000000000000E+000  0.000000000000000E+000
  7.771336950842043E-009  3.779478658306927E-009
 -2.503197070677995E-008  4.103108438143309E-008
           7  0.000000000000000E+000  0.000000000000000E+000
  9.481230452855954E-009  2.956129978148501E-010
  3.399034803847755E-009  4.818891739572139E-008
           8  0.000000000000000E+000  0.000000000000000E+000
  9.199964874072838E-009 -3.698374484251648E-009
  3.773463119090037E-008  2.595047209888659E-008
           9  0.000000000000000E+000  0.000000000000000E+000
  5.966038036147985E-009 -6.890195847865719E-009
  4.159678973326778E-008 -2.771981726809779E-008
          10  0.000000000000000E+000  0.000000000000000E+000
  1.598069588646904E-009 -6.623128632794991E-009
 -1.136546214892206E-008 -7.152106126284436E-008
          11  0.000000000000000E+000  0.000000000000000E+000
 -9.038917048976159E-010 -4.661681134397683E-009
 -9.656521396342210E-008 -4.970459482137835E-008
          12  0.000000000000000E+000  0.000000000000000E+000
 -3.446428652925268E-009  1.000876785640015E-009
 -1.349100715685812E-007  6.303740820226042E-008
          13  0.000000000000000E+000  0.000000000000000E+000
  3.184622176707631E-009  6.421102341085798E-009
 -3.789208380506880E-008  1.683689809904275E-007
          14  0.000000000000000E+000  0.000000000000000E+000
  1.132765379427671E-008  2.596252627206717E-009
  1.196867606949423E-007  1.388572638150793E-007
          15  0.000000000000000E+000  0.000000000000000E+000
  1.291355788236654E-008 -6.418563925987572E-009
  1.895351628078642E-007 -2.642344948273741E-008
          16  0.000000000000000E+000  0.000000000000000E+000
  7.107811569580957E-009 -1.468293735028578E-008
  7.598319296891144E-008 -1.945654253038929E-007
          17  0.000000000000000E+000  0.000000000000000E+000
 -7.482868823422553E-009 -1.373775822973948E-008
 -1.527300641763603E-007 -1.782859487028313E-007
          18  0.000000000000000E+000  0.000000000000000E+000
 -1.062746688284099E-008  6.476892978486812E-010
 -2.559218154322221E-007  3.174270073982811E-008
          19  0.000000000000000E+000  0.000000000000000E+000
 -1.012144589265913E-009  8.801587970593052E-009
 -1.395483369959173E-007  2.420854477813555E-007
          20  0.000000000000000E+000  0.000000000000000E+000
  1.016767269568176E-008  5.742308397701627E-009
  1.147346723359809E-007  2.681276425234286E-007
          21  0.000000000000000E+000  0.000000000000000E+000
  1.488641683255938E-008 -4.923982659246323E-009
  2.888438862396495E-007  5.940822133854707E-008
          22  0.000000000000000E+000  0.000000000000000E+000
  7.593458351593213E-009 -1.834028634666898E-008
  1.981703846927139E-007 -2.139956079561216E-007
          23  0.000000000000000E+000  0.000000000000000E+000
 -9.595019365944829E-009 -1.293258310417603E-008
 -6.810289905772205E-008 -2.730703329864838E-007
          24  0.000000000000000E+000  0.000000000000000E+000
 -9.187193761942808E-009  7.179632907082892E-010
 -2.749593279176789E-007 -1.134702037436421E-007
          25  0.000000000000000E+000  0.000000000000000E+000
  2.447735033731332E-010  5.891776841837974E-009
 -2.784450094765496E-007  1.650557631942787E-007
          26  0.000000000000000E+000  0.000000000000000E+000
  9.470680932037792E-009  1.400660586271919E-009
 -4.079301727195875E-008  3.400355483794279E-007
          27  0.000000000000000E+000  0.000000000000000E+000
  1.137390403695374E-008 -1.162955074509835E-008
  2.411933872324489E-007  2.412721521247142E-007
          28  0.000000000000000E+000  0.000000000000000E+000
 -6.119328623822381E-009 -1.640547083813750E-008
  3.363416546023703E-007 -2.348254978992923E-008
          29  0.000000000000000E+000  0.000000000000000E+000
 -9.958415685481950E-009 -3.078318418531821E-009
  1.885352392971116E-007 -3.085581269549218E-007
          30  0.000000000000000E+000  0.000000000000000E+000
 -3.611860191886801E-009  2.741723202759920E-009
 -1.778465706496407E-007 -3.370530452010370E-007
          31  0.000000000000000E+000  0.000000000000000E+000
  3.414421581908004E-009  1.970843785105985E-009
 -3.988565981203332E-007 -2.409746348962666E-008
          32  0.000000000000000E+000  0.000000000000000E+000
  8.242041896020415E-009 -5.236044329529399E-009
 -2.540794916928335E-007  3.301328734997524E-007
          33  0.000000000000000E+000  0.000000000000000E+000
 -8.051868382424104E-010 -1.564471573983006E-008
  1.175892606105610E-007  4.219746567850421E-007
          34  0.000000000000000E+000  0.000000000000000E+000
 -9.587194556684165E-009 -6.827648905799825E-009
  4.359164525217760E-007  1.361620830451448E-007
          35  0.000000000000000E+000  0.000000000000000E+000
 -7.410248537217720E-009 -8.575824935650068E-010
  3.244349233451517E-007 -2.903342667497954E-007
          36  0.000000000000000E+000  0.000000000000000E+000
 -4.059831126773519E-009  2.221423584482642E-009
 -7.635562336470530E-008 -3.978976159698633E-007
          37  0.000000000000000E+000  0.000000000000000E+000
  1.783976783107491E-009  2.627095465377723E-009
 -3.617742130778952E-007 -1.344141758148450E-007
          38  0.000000000000000E+000  0.000000000000000E+000
  6.540742804172122E-009 -4.981539725151818E-009
 -3.051666120124142E-007  2.304316225944573E-007
          39  0.000000000000000E+000  0.000000000000000E+000
 -2.404415835782959E-009 -9.811807700116841E-009
  3.958992917819295E-008  3.908523191690176E-007
          40  0.000000000000000E+000  0.000000000000000E+000
 -4.215134886860122E-009 -6.660221294819594E-009
  3.311650943955516E-007  1.481251541691426E-007
          41  0.000000000000000E+000  0.000000000000000E+000
 -6.972714418215981E-009 -6.119390385646111E-009
  2.581882563640864E-007 -1.703360605821084E-007
          42  0.000000000000000E+000  0.000000000000000E+000
 -8.939776545574049E-009 -1.016709523159191E-009
 -5.006867289052581E-009 -2.594817479736298E-007
          43  0.000000000000000E+000  0.000000000000000E+000
 -3.946816050731200E-009  3.164645673055350E-009
 -2.020896094058465E-007 -1.081322496781758E-007
          44  0.000000000000000E+000  0.000000000000000E+000
 -1.475429679825557E-009  5.562263501894142E-011
 -1.754260493880474E-007  1.316219003426189E-007
          45  0.000000000000000E+000  0.000000000000000E+000
  2.375738349380498E-009  1.172863387484624E-010
  3.462653826389743E-008  1.877143017747125E-007
          46  0.000000000000000E+000  0.000000000000000E+000
  2.471235520881416E-009 -8.361569612165320E-009
  1.421704810862020E-007  7.448671705612693E-008
          47  0.000000000000000E+000  0.000000000000000E+000
 -6.719507890087593E-009 -1.111493388493532E-008
  1.310229390237818E-007 -5.366847893884225E-008
          48  0.000000000000000E+000  0.000000000000000E+000
 -1.303281198325984E-008 -4.286613153086247E-009
  2.101609146824486E-008 -1.220125192297822E-007
          49  0.000000000000000E+000  0.000000000000000E+000
 -1.166854742240046E-008  3.194916605675810E-009
 -9.552220209981738E-008 -5.424709616476433E-008
          50  0.000000000000000E+000  0.000000000000000E+000
 -4.741164838016385E-009  8.886496679815447E-009
 -7.798103357718817E-008  7.391025200305131E-008
          51  0.000000000000000E+000  0.000000000000000E+000
  4.277479813952454E-009  3.910929126296326E-009
  3.480400627220319E-008  1.214839170312210E-007
          52  0.000000000000000E+000  0.000000000000000E+000
  3.473821215471586E-009 -5.590451769343854E-009
  1.452729032565554E-007  3.881960787107564E-008
          53  0.000000000000000E+000  0.000000000000000E+000
 -4.615789196603258E-009 -9.222411292585352E-009
  1.155606678810775E-007 -1.145625210321720E-007
          54  0.000000000000000E+000  0.000000000000000E+000
 -1.160230390743438E-008 -4.539191393189463E-009
 -5.022695071336238E-008 -1.570443076524941E-007
          55  0.000000000000000E+000  0.000000000000000E+000
 -1.160781339956826E-008  3.208802574802841E-009
 -1.713428892287970E-007 -1.745040031581088E-008
          56  0.000000000000000E+000  0.000000000000000E+000
 -5.929401206611335E-009  7.751669740128574E-009
 -9.744450774198570E-008  1.739972716177200E-007
          57  0.000000000000000E+000  0.000000000000000E+000
  1.042670903221682E-009  5.244355835140513E-009
  1.297101480849645E-007  1.946069133130945E-007
          58  0.000000000000000E+000  0.000000000000000E+000
  1.751442275890342E-009 -1.907711185487285E-009
  2.577325208609675E-007 -1.193718488061848E-008
          59  0.000000000000000E+000  0.000000000000000E+000
 -4.398946830627175E-009 -5.459644006179680E-009
  1.317431046824464E-007 -2.295783526569336E-007
          60  0.000000000000000E+000  0.000000000000000E+000
 -1.010090649969907E-008 -8.319619401271256E-010
 -1.243671195284270E-007 -2.312320221787480E-007
          61  0.000000000000000E+000  0.000000000000000E+000
 -8.111625664450523E-009  3.937832460825374E-009
 -2.756067468736770E-007  1.311731526326507E-009
          62  0.000000000000000E+000  0.000000000000000E+000
 -4.828787158272530E-009  7.266820108649645E-009
 -1.056122482754290E-007  2.657768376222681E-007
          63  0.000000000000000E+000  0.000000000000000E+000
  1.077645300635462E-009  4.339420267625478E-009
  1.886820405128059E-007  2.107698887392585E-007
          64  0.000000000000000E+000  0.000000000000000E+000
 -8.939784649626700E-010 -2.194104558443475E-009
  2.745650705443402E-007 -3.895486955458948E-008
          65  0.000000000000000E+000  0.000000000000000E+000
 -8.131359103135023E-009 -1.045935491779052E-009
  1.351701260917575E-007 -2.383551536958510E-007
          66  0.000000000000000E+000  0.000000000000000E+000
 -6.506076668727058E-009  4.598280766964273E-009
 -1.270045719204692E-007 -2.491235308318947E-007
          67  0.000000000000000E+000  0.000000000000000E+000
 -6.510087970373563E-009  7.298250564854014E-009
 -2.383549863948518E-007  8.667517006895987E-009
          68  0.000000000000000E+000  0.000000000000000E+000
  7.183677679516615E-010  8.493263389383261E-009
 -1.102342912619383E-007  1.615134189247620E-007
          69  0.000000000000000E+000  0.000000000000000E+000
  2.669752436203626E-009  1.395050415124742E-009
  5.354645118186118E-008  2.093289405456931E-007
          70  0.000000000000000E+000  0.000000000000000E+000
 -3.310644464201608E-009 -1.588317078108901E-009
  2.528859317347439E-007  9.953972427866978E-008
          71  0.000000000000000E+000  0.000000000000000E+000
 -5.269895682412038E-009  3.952408300999631E-009
  2.593217258780384E-007 -1.994457918569205E-007
          72  0.000000000000000E+000  0.000000000000000E+000
 -5.689372413538512E-009  2.402487327455332E-009
 -4.298535776552750E-008 -3.129309281128175E-007
          73  0.000000000000000E+000  0.000000000000000E+000
 -4.720703125559889E-009  8.402353131461531E-009
 -2.627948109890513E-007 -1.749968373303392E-007
          74  0.000000000000000E+000  0.000000000000000E+000
  1.919582712207846E-010  6.988307968275302E-009
 -3.450921838062107E-007  1.481723777788238E-007
          75  0.000000000000000E+000  0.000000000000000E+000
 -2.902290572131641E-010  4.357529987119463E-009
 -1.823169534881354E-008  4.415216565045184E-007
          76  0.000000000000000E+000  0.000000000000000E+000
 -1.462655918304492E-009  6.055037140940373E-009
  4.495681499853979E-007  2.303364446215822E-007
          77  0.000000000000000E+000  0.000000000000000E+000
  4.632096083920504E-009  3.338793163255230E-009
  4.262443421311278E-007 -3.157322544794900E-007
          78  0.000000000000000E+000  0.000000000000000E+000
 -2.555966231647836E-009  2.336559032686235E-010
  5.093288879889445E-009 -5.440273062773372E-007
          79  0.000000000000000E+000  0.000000000000000E+000
 -3.927188500847987E-009  2.593189264212800E-009
 -5.278168261409945E-007 -3.454555732424030E-007
          80  0.000000000000000E+000  0.000000000000000E+000
 -6.744040719988165E-009  6.037164176641378E-009
 -5.804978759752591E-007  3.511455937301193E-007
          81  0.000000000000000E+000  0.000000000000000E+000
 -4.011608431687812E-009  1.378841721763474E-008
  8.186976875526387E-008  6.803100747320047E-007
          82  0.000000000000000E+000  0.000000000000000E+000
  1.028686227984900E-008  1.480302608594905E-008
  6.236777032715602E-007  2.212385827086007E-007
          83  0.000000000000000E+000  0.000000000000000E+000
  1.056638392170094E-008  6.567354605659395E-011
  5.393966196077683E-007 -3.842321892592156E-007
          84  0.000000000000000E+000  0.000000000000000E+000
  3.977484708091061E-009 -5.193933649020499E-009
 -5.834077766839059E-008 -7.170127567257150E-007
          85  0.000000000000000E+000  0.000000000000000E+000
 -6.812076480566746E-009 -3.260454408046855E-009
 -6.330830280182619E-007 -2.773453294304406E-007
          86  0.000000000000000E+000  0.000000000000000E+000
 -9.411605297387650E-009  8.851737036088255E-009
 -4.964470216954570E-007  3.530082727551798E-007
          87  0.000000000000000E+000  0.000000000000000E+000
  1.345017180942422E-009  1.776029490475821E-008
  1.132398291006064E-008  5.255236485058940E-007
          88  0.000000000000000E+000  0.000000000000000E+000
  1.336305176656445E-008  7.660240966422993E-009
  3.828057535817238E-007  3.051023582591555E-007
          89  0.000000000000000E+000  0.000000000000000E+000
  1.046715445396729E-008 -1.110510693296276E-009
  4.954883309165702E-007 -1.606271896222029E-007
          90  0.000000000000000E+000  0.000000000000000E+000
  2.551143061496273E-009 -6.067546560751474E-009
  1.216685168947314E-007 -4.738413357892476E-007
          91  0.000000000000000E+000  0.000000000000000E+000
 -5.728483077799553E-009 -3.864076820002743E-010
 -2.559346655398996E-007 -3.552411441899521E-007
          92  0.000000000000000E+000  0.000000000000000E+000
 -4.161783496382733E-009  8.910531517644365E-009
 -4.067741367020684E-007 -5.972341209003525E-008
          93  0.000000000000000E+000  0.000000000000000E+000
  5.961386082110809E-009  1.231569913576511E-008
 -3.206241190474794E-007  2.536578254979860E-007
          94  0.000000000000000E+000  0.000000000000000E+000
  9.922971270163243E-009  3.160339169315199E-009
  2.303172527333480E-008  4.332633401664571E-007
          95  0.000000000000000E+000  0.000000000000000E+000
  7.214965910761818E-009 -2.009154520339834E-009
  3.515896171822950E-007  1.879631077158772E-007
          96  0.000000000000000E+000  0.000000000000000E+000
 -6.187750039673602E-011 -2.963641627750519E-009
  3.503455920610428E-007 -1.409149131526066E-007
          97  0.000000000000000E+000  0.000000000000000E+000
 -3.246075395582037E-009  4.038921410776251E-009
  1.311469049698111E-007 -3.856991075854855E-007
          98  0.000000000000000E+000  0.000000000000000E+000
  1.944065051503000E-009  1.015373149762429E-008
 -2.452675212229423E-007 -3.641375795734949E-007
          99  0.000000000000000E+000  0.000000000000000E+000
  1.041169250338362E-008  6.110548587783240E-009
 -4.405265772788520E-007  3.340962979705077E-009
         100  0.000000000000000E+000  0.000000000000000E+000
  9.973596389892482E-009 -8.971672483389056E-011
 -2.133581615718752E-007  3.073641998338762E-007
         101  0.000000000000000E+000  0.000000000000000E+000
  5.096000133239880E-009 -4.273783918417197E-009
  9.406973979966307E-008  3.209230088456302E-007
         102  0.000000000000000E+000  0.000000000000000E+000
 -4.233586389111786E-010 -1.132104714929534E-009
  2.894676053286642E-007  8.380930377009453E-008
         103  0.000000000000000E+000  0.000000000000000E+000
  8.617831677476226E-011  4.501523701637220E-009
  1.860819742397347E-007 -1.677292165847717E-007
         104  0.000000000000000E+000  0.000000000000000E+000
  5.496617289075975E-009  6.340898270164160E-009
 -6.962210167642200E-009 -1.930933696522173E-007
         105  0.000000000000000E+000  0.000000000000000E+000
  8.821756022010493E-009  3.853032282495312E-009
 -8.273861026428788E-008 -1.343338719602605E-007
         106  0.000000000000000E+000  0.000000000000000E+000
  1.011975125150636E-008 -6.516279982250270E-010
 -1.527721249086040E-007 -9.359571595390497E-008
         107  0.000000000000000E+000  0.000000000000000E+000
  7.068733447814435E-009 -4.284825267390710E-009
 -2.215595590246626E-007  1.248112658307848E-008
         108  0.000000000000000E+000  0.000000000000000E+000
  3.002245175553260E-009 -4.024719611487409E-009
 -1.872571033056936E-007  2.028998677972177E-007
         109  0.000000000000000E+000  0.000000000000000E+000
  8.837065514279670E-010 -1.170892324123732E-009
  5.357296302233432E-008  3.197264867148264E-007
         110  0.000000000000000E+000  0.000000000000000E+000
  2.022061341532509E-009  2.402654741488139E-009
  3.306083347159533E-007  1.418278315922384E-007
         111  0.000000000000000E+000  0.000000000000000E+000
  5.621595094547935E-009  3.719223995547566E-009
  3.317757830068335E-007 -2.200920997794971E-007
         112  0.000000000000000E+000  0.000000000000000E+000
  9.517376534017279E-009  1.063103772263442E-009
 -7.772564384134666E-009 -4.597791701263626E-007
         113  0.000000000000000E+000  0.000000000000000E+000
  9.257748003343990E-009 -3.429117770765137E-009
 -4.386569953246056E-007 -2.630522927536049E-007
         114  0.000000000000000E+000  0.000000000000000E+000
  6.789233170333619E-009 -5.845360903092735E-009
 -4.768075736488247E-007  2.335660350381532E-007
         115  0.000000000000000E+000  0.000000000000000E+000
  2.518919245983345E-009 -6.497132812076348E-009
 -6.578897592798097E-008  5.156334379190630E-007
         116  0.000000000000000E+000  0.000000000000000E+000
  4.967365111435126E-010 -3.018778965408788E-009
  3.571819743779230E-007  3.288255602696073E-007
         117  0.000000000000000E+000  0.000000000000000E+000
  2.237819300002293E-009  1.020308612130662E-009
  4.861056593065528E-007 -1.284350228599842E-007
         118  0.000000000000000E+000  0.000000000000000E+000
  6.346603682952449E-009  3.302550585794991E-010
  1.038178244491020E-007 -4.910640711575479E-007
         119  0.000000000000000E+000  0.000000000000000E+000
  8.548691927296719E-009 -1.997476328453916E-009
 -3.470732546839558E-007 -3.223087383335183E-007
         120  0.000000000000000E+000  0.000000000000000E+000
  8.518648165924828E-009 -7.862088698208661E-009
 -4.484785380032984E-007  7.551599039145432E-008
         121  0.000000000000000E+000  0.000000000000000E+000
  2.962959467748794E-009 -9.293144336959731E-009
 -2.525297434366487E-007  3.925775405782328E-007
         122  0.000000000000000E+000  0.000000000000000E+000
 -1.250646700834256E-009 -5.679018102995848E-009
  2.213517447898515E-007  4.767354641718805E-007
         123  0.000000000000000E+000  0.000000000000000E+000
  4.965174267202080E-010 -2.418287457175895E-009
  4.937285038099008E-007  2.697151866896173E-008
         124  0.000000000000000E+000  0.000000000000000E+000
  2.950517126994378E-009 -5.652016561831959E-010
  2.850362123298328E-007 -3.878339326413677E-007
         125  0.000000000000000E+000  0.000000000000000E+000
  8.193522430354581E-009 -3.975012770336039E-009
 -2.084047239719609E-007 -5.000248593666517E-007
         126  0.000000000000000E+000  0.000000000000000E+000
  3.702702602426334E-009 -9.585723806842164E-009
 -6.266923005429562E-007 -6.409332455422576E-008
         127  0.000000000000000E+000  0.000000000000000E+000
 -1.746207008306516E-009 -8.009553341313455E-009
 -3.650913799778489E-007  6.354715441800049E-007
         128  0.000000000000000E+000  0.000000000000000E+000
 -6.246842933247730E-010 -3.029860673338890E-009
  4.283895795058568E-007  5.665893626157518E-007
         129  0.000000000000000E+000  0.000000000000000E+000
  1.558493397416732E-009 -2.474814860625639E-009
  6.677632878229152E-007 -9.555041184231119E-008
         130  0.000000000000000E+000  0.000000000000000E+000
  5.860842480437779E-009 -3.201316774706910E-009
  2.350949800947722E-007 -6.741737045034597E-007
         131  0.000000000000000E+000  0.000000000000000E+000
  5.091590910319639E-009 -1.198554301084426E-008
 -5.788134954274765E-007 -5.352146273050367E-007
         132  0.000000000000000E+000  0.000000000000000E+000
 -3.616035399346285E-009 -1.135213612721376E-008
 -8.075006734344087E-007  3.562480014065431E-007
         133  0.000000000000000E+000  0.000000000000000E+000
 -5.586411635240180E-009 -3.616345138856902E-009
  4.803350931088481E-008  8.960676441062917E-007
         134  0.000000000000000E+000  0.000000000000000E+000
 -7.931681021412125E-010 -1.915053133666766E-009
  7.578825292125257E-007  3.422279497790940E-007
         135  0.000000000000000E+000  0.000000000000000E+000
  2.875367810557126E-009 -2.364322349737112E-009
  6.694408863284495E-007 -5.132252750507710E-007
         136  0.000000000000000E+000  0.000000000000000E+000
  5.242058196610196E-009 -1.030761857566590E-008
 -2.316819395083197E-007 -8.575482051462868E-007
         137  0.000000000000000E+000  0.000000000000000E+000
 -4.537957919192334E-009 -1.274982160359750E-008
 -9.246100049270688E-007 -8.310235994798408E-008
         138  0.000000000000000E+000  0.000000000000000E+000
 -8.394079418119460E-009 -5.156651463604247E-009
 -3.649543531741262E-007  8.296642816940863E-007
         139  0.000000000000000E+000  0.000000000000000E+000
 -3.744435269331567E-009 -2.606654449902414E-009
  5.271281299056658E-007  6.242121473716458E-007
         140  0.000000000000000E+000  0.000000000000000E+000
 -2.130024351670675E-009 -3.089661855167231E-009
  7.746749358239394E-007 -1.719135527699435E-007
         141  0.000000000000000E+000  0.000000000000000E+000
 -3.122093014426763E-010 -6.247865548933036E-009
  1.243035791072747E-007 -7.647328476276626E-007
         142  0.000000000000000E+000  0.000000000000000E+000
 -6.710962718568991E-009 -8.201398956836243E-009
 -6.512426134823455E-007 -3.515367052199431E-007
         143  0.000000000000000E+000  0.000000000000000E+000
 -8.295140270888805E-009 -1.376452272543246E-009
 -5.283846014658839E-007  4.900681682164590E-007
         144  0.000000000000000E+000  0.000000000000000E+000
 -1.336225914343373E-009  8.085537393594324E-010
  2.074908792832914E-007  6.220420463606308E-007
         145  0.000000000000000E+000  0.000000000000000E+000
  2.948992338014810E-010 -4.927816044234196E-009
  6.228826118779377E-007  1.421599175331155E-007
         146  0.000000000000000E+000  0.000000000000000E+000
 -2.905420100140670E-009 -7.559713626166521E-009
  4.285972431648170E-007 -5.023910140378726E-007
         147  0.000000000000000E+000  0.000000000000000E+000
 -7.324835804299041E-009 -8.080141993238504E-009
 -2.946512310503232E-007 -6.038083829206573E-007
         148  0.000000000000000E+000  0.000000000000000E+000
 -1.197110497139146E-008 -1.922096888212149E-009
 -6.840350789593923E-007  2.283789589503130E-008
         149  0.000000000000000E+000  0.000000000000000E+000
 -6.868717784170372E-009  5.139480688622163E-009
 -2.808557651001487E-007  6.407635777667567E-007
         150  0.000000000000000E+000  0.000000000000000E+000
  1.608581425381046E-009  2.100808951983491E-009
  3.940167621856400E-007  5.792650254873559E-007
         151  0.000000000000000E+000  0.000000000000000E+000
  1.390095871607325E-009 -5.237666637294871E-009
  7.472146977179632E-007 -8.461369462549337E-009
         152  0.000000000000000E+000  0.000000000000000E+000
 -3.496699136559069E-009 -8.915014374109282E-009
  3.841824916513961E-007 -6.795118864316252E-007
         153  0.000000000000000E+000  0.000000000000000E+000
 -1.087288084020230E-008 -7.669047877731387E-009
 -4.033324340306149E-007 -6.646023766642143E-007
         154  0.000000000000000E+000  0.000000000000000E+000
 -1.310210243520068E-008  8.538769384791329E-010
 -7.727872716726551E-007  1.360107837996250E-008
         155  0.000000000000000E+000  0.000000000000000E+000
 -6.415277867906665E-009  5.796258922236244E-009
 -4.163754417977898E-007  6.663624774728781E-007
         156  0.000000000000000E+000  0.000000000000000E+000
 -1.057248236211809E-009  2.150076466246967E-009
  3.455024109424151E-007  7.647277714688746E-007
         157  0.000000000000000E+000  0.000000000000000E+000
 -1.546237669730324E-009 -2.740024047255635E-009
  8.609652332688767E-007  1.348819762633847E-007
         158  0.000000000000000E+000  0.000000000000000E+000
 -5.806341277879731E-009 -4.800678463116868E-009
  5.909369644232881E-007 -6.414261364268826E-007
         159  0.000000000000000E+000  0.000000000000000E+000
 -9.722694715287076E-009 -1.904142582749179E-009
 -2.134626392976819E-007 -8.321327271564792E-007
         160  0.000000000000000E+000  0.000000000000000E+000
 -9.070546268741513E-009  2.733453001620420E-009
 -7.998806231608517E-007 -2.403080440389497E-007
         161  0.000000000000000E+000  0.000000000000000E+000
 -5.239262891348070E-009  3.493282733321315E-009
 -5.951601504175978E-007  5.368292665852861E-007
         162  0.000000000000000E+000  0.000000000000000E+000
 -4.417996490627699E-009  1.203309647225132E-009
  1.254310299996633E-007  7.663462694609723E-007
         163  0.000000000000000E+000  0.000000000000000E+000
 -5.925773319151782E-009  7.976979779636899E-010
  6.766732338858530E-007  3.083018874115532E-007
         164  0.000000000000000E+000  0.000000000000000E+000
 -6.281713396129859E-009  1.469173607485727E-009
  5.849553132715520E-007 -3.361453250046015E-007
         165  0.000000000000000E+000  0.000000000000000E+000
 -7.119211388306867E-009  2.452298046503666E-009
  7.942089352955169E-008 -5.718706099891483E-007
         166  0.000000000000000E+000  0.000000000000000E+000
 -5.758956449002675E-009  4.805738340871338E-009
 -2.885452883407694E-007 -3.744750968751426E-007
         167  0.000000000000000E+000  0.000000000000000E+000
 -3.558714388472115E-009  2.847684323013141E-009
 -4.553633007598993E-007 -6.390397930337728E-008
         168  0.000000000000000E+000  0.000000000000000E+000
 -5.996955181892592E-009  1.692771382713647E-009
 -3.352241863305901E-007  3.228908998570755E-007
         169  0.000000000000000E+000  0.000000000000000E+000
 -6.548858369966854E-009  4.535130453717513E-009
  3.160784336593528E-008  4.591103007802839E-007
         170  0.000000000000000E+000  0.000000000000000E+000
 -5.280032617275505E-009  4.033598976859349E-009
  3.808684076974056E-007  3.241046667908615E-007
         171  0.000000000000000E+000  0.000000000000000E+000
 -6.848794496163033E-009  5.623491727120426E-009
  5.984643996283189E-007 -5.479684434979159E-008
         172  0.000000000000000E+000  0.000000000000000E+000
 -3.399601260143875E-009  7.206629249687986E-009
  3.474547340742507E-007 -6.525395446033048E-007
         173  0.000000000000000E+000  0.000000000000000E+000
 -3.841495546245954E-009  4.990623918148869E-009
 -4.055070791292803E-007 -6.303196422373276E-007
         174  0.000000000000000E+000  0.000000000000000E+000
 -4.127618650714672E-009  7.915561037700658E-009
 -7.239443720391790E-007 -1.473123070287784E-009
         175  0.000000000000000E+000  0.000000000000000E+000
  4.332204673612115E-011  6.245105747870441E-009
 -3.900567071161187E-007  6.522379036392632E-007
         176  0.000000000000000E+000  0.000000000000000E+000
 -2.677214059802002E-009  4.017958360392970E-009
  4.496328973924055E-007  7.010875203568251E-007
         177  0.000000000000000E+000  0.000000000000000E+000
 -1.711795844998173E-009  5.825356950984165E-009
  8.487858754642226E-007 -1.986098651538183E-007
         178  0.000000000000000E+000  0.000000000000000E+000
 -3.514517027320940E-009  3.397696300505292E-009
  1.073774244069700E-007 -7.540294882394071E-007
         179  0.000000000000000E+000  0.000000000000000E+000
 -6.538184398376829E-009  8.215422637694081E-009
 -5.145569314130556E-007 -3.664907090979639E-007
         180  0.000000000000000E+000  0.000000000000000E+000
 -1.110729685129600E-010  1.270620383736341E-008
 -4.865291960170878E-007  2.818822901911820E-007
         181  0.000000000000000E+000  0.000000000000000E+000
  4.273846541676435E-009  8.008909595946143E-009
  1.273784696898698E-007  5.083232987053815E-007
         182  0.000000000000000E+000  0.000000000000000E+000
  4.299627498453731E-009  4.912416927701650E-009
  5.534751540737923E-007 -4.106472079179994E-008
         183  0.000000000000000E+000  0.000000000000000E+000
  1.779695706598779E-009 -9.045480580624381E-010
  1.332025702233945E-008 -5.393158093849788E-007
         184  0.000000000000000E+000  0.000000000000000E+000
 -7.493759888237322E-009  1.721112969913970E-009
 -4.414700791378296E-007 -1.073925956637463E-007
         185  0.000000000000000E+000  0.000000000000000E+000
 -6.887710653951322E-009  1.282200795337974E-008
 -2.278521880444834E-007  3.360369671798571E-007
         186  0.000000000000000E+000  0.000000000000000E+000
  3.556772537749182E-009  1.452392522430637E-008
  2.562417019525740E-007  3.751833487801525E-007
         187  0.000000000000000E+000  0.000000000000000E+000
  7.532057861443295E-009  9.306058118310595E-009
  5.463097692207829E-007 -1.187588809891427E-007
         188  0.000000000000000E+000  0.000000000000000E+000
  8.776886750702979E-009  2.904948011141287E-009
  6.381547104022228E-008 -6.780880021499878E-007
         189  0.000000000000000E+000  0.000000000000000E+000
  3.947312460817545E-010 -1.056908759500122E-009
 -5.966590327856404E-007 -2.526268232823505E-007
         190  0.000000000000000E+000  0.000000000000000E+000
 -4.097796913030420E-009  7.327822087268755E-009
 -4.108458608536968E-007  3.593820575017543E-007
         191  0.000000000000000E+000  0.000000000000000E+000
  3.277598591495349E-009  1.201201695695003E-008
  1.171900389968950E-007  4.965058334093872E-007
         192  0.000000000000000E+000  0.000000000000000E+000
  7.655572448701306E-009  8.663000180872149E-009
  5.119455163282200E-007  8.475618039109306E-008
         193  0.000000000000000E+000  0.000000000000000E+000
  9.765011027174404E-009  4.138672444004547E-009
  2.313854305000962E-007 -4.813390403437740E-007
         194  0.000000000000000E+000  0.000000000000000E+000
  4.581829870555170E-009 -3.310001082343809E-010
 -3.158765865324992E-007 -2.873498587454489E-007
         195  0.000000000000000E+000  0.000000000000000E+000
  5.232836813689623E-010  4.510701498716294E-009
 -2.554075026569076E-007  8.183950475826780E-008
         196  0.000000000000000E+000  0.000000000000000E+000
  5.086429248693043E-009  8.930305661636115E-009
 -6.667629253087631E-008  1.537151704203706E-007
         197  0.000000000000000E+000  0.000000000000000E+000
  9.891678221663394E-009  5.365272659061402E-009
  5.788712178928494E-008  8.511076390204553E-008
         198  0.000000000000000E+000  0.000000000000000E+000
  9.407997268530072E-009  9.801280768098352E-010
  6.185137319019757E-008 -1.817109272362644E-008
         199  0.000000000000000E+000  0.000000000000000E+000
  5.873880729080660E-009 -2.082798823638058E-009
 -1.077460425552435E-008 -6.399532337262948E-009
         200  0.000000000000000E+000  0.000000000000000E+000
  1.342070782420103E-009  7.406562937395207E-010
  8.939265529544475E-008 -5.411352140922169E-009
         201  0.000000000000000E+000  0.000000000000000E+000
  2.753397930931599E-009  5.461935857382770E-009
  2.675010104288122E-008 -1.854066930579517E-007
         202  0.000000000000000E+000  0.000000000000000E+000
  7.641718821070045E-009  6.056620248677011E-009
 -2.091198021006862E-007 -1.296069089711805E-007
         203  0.000000000000000E+000  0.000000000000000E+000
  1.000567491631156E-008  2.407621676888913E-009
 -2.381703857658418E-007  1.319339515052874E-007
         204  0.000000000000000E+000  0.000000000000000E+000
  9.291030152639939E-009 -7.442829916334024E-010
  2.213565562950267E-009  2.818344459908197E-007
         205  0.000000000000000E+000  0.000000000000000E+000
  6.583877076595709E-009 -2.606366242245250E-009
  2.842586812662774E-007  1.404126424011870E-007
         206  0.000000000000000E+000  0.000000000000000E+000
  4.211921041594849E-009 -1.114978426354194E-009
  2.897969848932295E-007 -2.535643855748288E-007
         207  0.000000000000000E+000  0.000000000000000E+000
  4.521609066525374E-009  7.334478525922450E-010
 -1.268663100578771E-007 -4.374037632570846E-007
         208  0.000000000000000E+000  0.000000000000000E+000
  5.826688993951946E-009  1.430140718864978E-009
 -4.983082206386013E-007 -1.170598412564498E-007
         209  0.000000000000000E+000  0.000000000000000E+000
  7.363571345427981E-009  1.119377783125129E-009
 -3.812339396113698E-007  3.944957548869313E-007
         210  0.000000000000000E+000  0.000000000000000E+000
  8.901224049506409E-009 -4.138944344964044E-010
  1.595995174792392E-007  5.294468464285934E-007
         211  0.000000000000000E+000  0.000000000000000E+000
  8.615639709171191E-009 -2.948146963727526E-009
  5.237271972385742E-007  1.220148979702287E-007
         212  0.000000000000000E+000  0.000000000000000E+000
  6.980346305051419E-009 -4.649625227896810E-009
  3.864001639695977E-007 -3.928153672155746E-007
         213  0.000000000000000E+000  0.000000000000000E+000
  4.485332084913555E-009 -4.174154953444366E-009
 -1.357563748741524E-007 -5.683425131095535E-007
         214  0.000000000000000E+000  0.000000000000000E+000
  4.199075086199835E-009 -2.671646701592809E-009
 -5.683359497038577E-007 -2.177009253237833E-007
         215  0.000000000000000E+000  0.000000000000000E+000
  5.272727817276693E-009 -1.605585266836174E-009
 -5.115792310750429E-007  3.023228159073709E-007
         216  0.000000000000000E+000  0.000000000000000E+000
  6.357142447731769E-009 -2.809414827399206E-009
 -1.460281252939881E-007  6.110672919297160E-007
         217  0.000000000000000E+000  0.000000000000000E+000
  6.610439220589834E-009 -3.522424853121778E-009
  4.633129286560707E-007  5.484691007499361E-007
         218  0.000000000000000E+000  0.000000000000000E+000
  5.819123277508023E-009 -5.283003767579048E-009
  7.568677246777088E-007 -1.277647140313176E-007
         219  0.000000000000000E+000  0.000000000000000E+000
  5.101245108776154E-009 -4.850197091383583E-009
  2.931164567312246E-007 -7.374714571587445E-007
         220  0.000000000000000E+000  0.000000000000000E+000
  4.809749492021321E-009 -5.326625785867868E-009
 -4.688081261350801E-007 -6.702795764924612E-007
         221  0.000000000000000E+000  0.000000000000000E+000
  5.053956647310591E-009 -6.007306143147047E-009
 -8.997677171122870E-007 -3.092931663405392E-008
         222  0.000000000000000E+000  0.000000000000000E+000
  3.519348188022842E-009 -6.505523217348269E-009
 -5.452425978014139E-007  8.380427286203222E-007
         223  0.000000000000000E+000  0.000000000000000E+000
  3.422986946379933E-009 -6.851191956612577E-009
  4.615775370307947E-007  8.526259002026231E-007
         224  0.000000000000000E+000  0.000000000000000E+000
  1.572898625651639E-009 -6.030566684449466E-009
  8.628340130305049E-007  4.266136849353672E-008
         225  0.000000000000000E+000  0.000000000000000E+000
  2.585913363959754E-009 -5.211971488943751E-009
  4.541500468783658E-007 -6.287299263006862E-007
         226  0.000000000000000E+000  0.000000000000000E+000
  3.882695341777652E-009 -5.747816360146836E-009
 -2.730387988911200E-007 -7.145940739477921E-007
         227  0.000000000000000E+000  0.000000000000000E+000
  2.828199426332306E-009 -8.083027891764915E-009
 -7.404907230445639E-007 -4.602235737683029E-008
         228  0.000000000000000E+000  0.000000000000000E+000
  2.026221036381477E-009 -8.440563644588626E-009
 -2.757707956462775E-007  4.933156614111798E-007
         229  0.000000000000000E+000  0.000000000000000E+000
 -9.401102390326146E-010 -9.113354967290166E-009
  1.231652705724486E-007  3.293366493609169E-007
         230  0.000000000000000E+000  0.000000000000000E+000
 -2.056323601383985E-009 -7.128918396776460E-009
  1.662610551563453E-007  1.359311376554424E-007
         231  0.000000000000000E+000  0.000000000000000E+000
 -2.268531618873757E-009 -5.196287600479451E-009
  1.670158920134136E-007  5.751085345074079E-008
         232  0.000000000000000E+000  0.000000000000000E+000
 -1.561489407226322E-009 -4.416376274889054E-009
  1.575777138835353E-007  5.246096509996064E-008
         233  0.000000000000000E+000  0.000000000000000E+000
  1.016885752074919E-009 -2.762166028455905E-009
  3.570364774412544E-007 -1.320315917508014E-007
         234  0.000000000000000E+000  0.000000000000000E+000
  3.260178509417274E-009 -7.908030130688834E-009
  1.347863573929020E-008 -5.737862212570164E-007
         235  0.000000000000000E+000  0.000000000000000E+000
 -1.290205379806017E-009 -1.000876713308991E-008
 -6.186171584255505E-007 -2.795016682084162E-007
         236  0.000000000000000E+000  0.000000000000000E+000
 -4.809445399023589E-009 -8.472647277160366E-009
 -5.863818585377839E-007  4.497866335447846E-007
         237  0.000000000000000E+000  0.000000000000000E+000
 -5.270355092348247E-009 -4.969259923983803E-009
  4.290018247244074E-008  7.416809485351646E-007
         238  0.000000000000000E+000  0.000000000000000E+000
 -3.794288916634749E-009 -2.371627844306708E-009
  6.798915650809101E-007  4.397567427116824E-007
         239  0.000000000000000E+000  0.000000000000000E+000
  1.012727395817747E-009 -3.601177220035477E-009
  7.378431392523830E-007 -4.209518325528953E-007
         240  0.000000000000000E+000  0.000000000000000E+000
 -1.285381515944168E-009 -8.541745392963030E-009
 -6.900987535062887E-008 -7.718174170343312E-007
         241  0.000000000000000E+000  0.000000000000000E+000
 -4.664460426606603E-009 -7.591071775690707E-009
 -6.146963246517563E-007 -2.565958243072579E-007
         242  0.000000000000000E+000  0.000000000000000E+000
 -5.511112731962932E-009 -5.341247681442895E-009
 -4.679844658964398E-007  3.249131882122731E-007
         243  0.000000000000000E+000  0.000000000000000E+000
 -5.148086265405386E-009 -4.486150773308952E-009
 -9.994660132374753E-009  5.464931957297780E-007
         244  0.000000000000000E+000  0.000000000000000E+000
 -3.536452038202469E-009 -4.109075116620614E-009
  4.246356385902478E-007  2.264408356558379E-007
         245  0.000000000000000E+000  0.000000000000000E+000
 -4.966126683844059E-009 -7.020331755952220E-009
  2.457230977576258E-007 -1.657159051345260E-007
         246  0.000000000000000E+000  0.000000000000000E+000
 -8.246731138333879E-009 -5.079528981760422E-009
  3.060034228672663E-008 -1.083443051494257E-007
         247  0.000000000000000E+000  0.000000000000000E+000
 -8.193082969479882E-009 -1.680213881321189E-009
  6.484106393454156E-008 -6.104648277870662E-008
         248  0.000000000000000E+000  0.000000000000000E+000
 -5.865553747596601E-009 -3.967718752436984E-010
  2.157747938730726E-008 -1.444624525274754E-007
         249  0.000000000000000E+000  0.000000000000000E+000
 -3.506382398625455E-009 -8.667340019063904E-010
 -1.273945026336949E-007 -1.725567401377745E-007
         250  0.000000000000000E+000  0.000000000000000E+000
 -3.166857011998706E-009 -4.662003404853540E-009
 -3.366754649587925E-007  4.347042346025938E-008
         251  0.000000000000000E+000  0.000000000000000E+000
 -7.691320284414267E-009 -5.418806470870820E-009
 -1.271792323517035E-007  4.307723844069207E-007
         252  0.000000000000000E+000  0.000000000000000E+000
 -9.847696996373588E-009 -1.975660281809071E-009
  3.658157264902982E-007  3.471960330613206E-007
         253  0.000000000000000E+000  0.000000000000000E+000
 -8.523183660957153E-009  1.192465389646530E-009
  4.849342311812531E-007 -1.488261892202204E-007
         254  0.000000000000000E+000  0.000000000000000E+000
 -6.289024794893622E-009  1.870789482507813E-009
  1.146376677062735E-007 -4.575581956863847E-007
         255  0.000000000000000E+000  0.000000000000000E+000
 -4.645782613709368E-009  1.178934946081267E-009
 -3.154030119432395E-007 -3.037866831115924E-007
         256  0.000000000000000E+000  0.000000000000000E+000
 -4.502912874185415E-009 -5.435531644392258E-010
 -3.880562150877856E-007  1.350337538286651E-007
