   409.600000000000     
         256           1           3
  1.124309127438499E-002   41.1107019752255        115.713493121110     
   39.0000000000000        116.000000000000        6351.00000000000     
           0  0.000000000000000E+000  0.000000000000000E+000
  0.000000000000000E+000  0.000000000000000E+000
  0.000000000000000E+000  0.000000000000000E+000
           1  6.307755670426940E-007 -1.701747983579340E-007
  2.388557618397977E-006  1.435538883795033E-007
  4.563583642314138E-006 -1.177915767707806E-007
           2  7.711043391876834E-007 -6.259971357555456E-007
  2.587060702127789E-006  4.791881174810766E-007
  4.732189545070591E-006 -2.689445219432817E-007
           3  4.083146944750288E-007 -1.521803966637439E-006
  3.347112288022793E-006  7.087848748075935E-007
  5.041800625431080E-006 -5.614372749567184E-007
           4 -1.036178887360170E-006 -2.101957364795376E-006
  4.458832602145538E-006  2.128931689801933E-007
  5.355568441797662E-006 -1.156567041290754E-006
           5 -3.044195570238509E-006 -1.176359929255863E-006
  5.143876846905470E-006 -1.105465193878084E-006
  5.380397748558197E-006 -2.055800102400361E-006
           6 -4.011162047808702E-006  1.587693784417773E-006
  4.952603995576897E-006 -2.614030817697737E-006
  4.871007074380662E-006 -2.876053286320808E-006
           7 -2.406408398565805E-006  4.897226620103978E-006
  4.176934619250650E-006 -3.589421291389319E-006
  4.096066837653819E-006 -3.210374270753730E-006
           8  1.748408289636841E-006  6.442113917493622E-006
  3.650924463742745E-006 -4.029351536141473E-006
  3.524439299235192E-006 -3.021218591111429E-006
           9  6.612221342293822E-006  4.509291850210777E-006
  3.626201199335225E-006 -4.850966643221630E-006
  3.565155199269471E-006 -2.553830932624701E-006
          10  9.427360305768334E-006 -9.181284420827074E-007
  3.193799685327404E-006 -6.647969686838634E-006
  4.273183541015187E-006 -2.600209408496264E-006
          11  7.895543664673532E-006 -7.931179467965727E-006
  1.198564829659706E-006 -8.954446723520947E-006
  4.897617178932046E-006 -3.494153643702763E-006
          12  1.136978739797105E-006 -1.316467076835965E-005
 -3.004989617665671E-006 -1.031355579334714E-005
  4.988839731431914E-006 -4.833038654274692E-006
          13 -9.082238691034256E-006 -1.262512447390295E-005
 -8.719714479297944E-006 -8.871929303548444E-006
  4.040822928021285E-006 -6.206597916869832E-006
          14 -1.778202109194338E-005 -3.991677353399022E-006
 -1.406515366065372E-005 -3.023823815562874E-006
  2.806520335306274E-006 -6.658055264300804E-006
          15 -1.833789359268340E-005  1.069317887492813E-005
 -1.518279449374843E-005  7.497483345544162E-006
  2.088818322794262E-006 -6.498932002686236E-006
          16 -6.376521063537151E-006  2.360616808981662E-005
 -7.401735452232072E-006  1.925896276109277E-005
  2.279760066155182E-006 -6.788414399401746E-006
          17  1.430876534506224E-005  2.358036785844938E-005
  1.040819768954249E-005  2.364654959262348E-005
  1.750310776865723E-006 -8.794041886750684E-006
          18  2.995677488216275E-005  5.597637441114904E-006
  3.046263466768239E-005  1.218745812415077E-005
 -9.639771597984374E-007 -1.026806563687074E-005
          19  2.520057599853523E-005 -2.103512921666854E-005
  3.819253178837769E-005 -1.579660368974585E-005
 -4.774339018608303E-006 -9.494287403813192E-006
          20 -1.823960797704253E-006 -3.421571698676177E-005
  1.964084668053774E-005 -4.638222930597435E-005
 -7.337692066221196E-006 -5.872540300948401E-006
          21 -2.978468725799154E-005 -1.729859946250653E-005
 -2.256090616373118E-005 -5.406837474354946E-005
 -6.104568964266391E-006 -1.768260800474140E-006
          22 -2.835491294749858E-005  1.729411112636046E-005
 -6.093855145465140E-005 -2.193567824336373E-005
 -2.566598564844689E-006 -2.718289231361985E-007
          23  5.116102119092793E-006  3.092820891792100E-005
 -5.831024054240102E-005  3.448664064376783E-005
  5.422642497911667E-007 -2.581394505538630E-006
          24  3.069381424928064E-005  2.386173960524676E-006
 -6.355923378459273E-006  6.664719007193115E-005
 -4.053286287817524E-007 -6.753313495541893E-006
          25  7.792560027971301E-006 -3.338706449636587E-005
  4.970302567749396E-005  3.829194702565220E-005
 -4.743334314614925E-006 -7.766959138367860E-006
          26 -3.923664320755382E-005 -1.727062749153549E-005
  5.061243101415659E-005 -2.280393134926871E-005
 -7.840331350823962E-006 -4.544887413895700E-006
          27 -3.436368827981304E-005  4.248134340118528E-005
 -2.118703679409417E-007 -4.540530206527955E-005
 -6.472483074269718E-006 -1.038950302695723E-006
          28  3.621177207609356E-005  5.611934508990351E-005
 -3.146710190868997E-005 -8.883715220535067E-006
 -3.876613411756922E-006 -1.570082456255423E-006
          29  7.469043310654832E-005 -1.831419335208449E-005
 -2.864062709541967E-006  2.210630578095749E-005
 -4.994752221154182E-006 -3.777054899687205E-006
          30  6.500307389887753E-006 -8.294428875003709E-005
  2.845962323979036E-005 -7.936729191560368E-006
 -8.337443072898114E-006 -2.484985585322770E-006
          31 -7.973239347297962E-005 -2.996488689693139E-005
 -6.383258096226383E-006 -4.807145962422438E-005
 -8.335432484535274E-006  2.023057753222421E-006
          32 -4.616491438744312E-005  7.028292168102071E-005
 -6.401961411727546E-005 -1.451782571539219E-005
 -4.086496078489185E-006  3.804226598901637E-006
          33  6.174263962136159E-005  5.573780053100296E-005
 -4.367273832983823E-005  6.157463656601854E-005
 -1.459884255145950E-006  6.531403830076879E-007
          34  6.480514862749867E-005 -5.731915400343829E-005
  4.253388363723477E-005  6.420898030916492E-005
 -3.809474764487664E-006 -2.132050320286518E-006
          35 -5.344786165280202E-005 -7.943148403458672E-005
  7.008992566442761E-005 -1.960451672231651E-005
 -6.882123897056407E-006 -3.593526417916974E-007
          36 -9.983718407723509E-005  4.220041145318355E-005
 -1.705965480054750E-006 -6.630819803902779E-005
 -5.986521992965388E-006  2.814994250194858E-006
          37  1.769204660573570E-005  1.188385837039662E-004
 -5.901750705322805E-005 -9.733024687363456E-006
 -3.327336504536756E-006  2.675480303165018E-006
          38  1.258119498902390E-004  1.834639056551943E-005
 -1.534875386480445E-005  5.184038755149799E-005
 -3.602630634756730E-006  4.042745617106227E-007
          39  5.609739409030711E-005 -1.139753310165988E-004
  4.871130430798362E-005  1.749524219023469E-005
 -6.333972033180024E-006  8.838237284340843E-007
          40 -8.574046423236467E-005 -8.304675931608260E-005
  2.250864878218815E-005 -5.084037195173036E-005
 -6.666153896146538E-006  4.329189305439472E-006
          41 -9.174700948701492E-005  5.199138061648642E-005
 -5.184638106138657E-005 -3.544973138848448E-005
 -3.734056486749802E-006  6.041951639784043E-006
          42  2.531686255147741E-005  8.470457744959593E-005
 -5.148356984501642E-005  4.319596637907834E-005
 -1.428050866190559E-006  4.316980145138696E-006
          43  7.242254812587903E-005 -1.224516534495887E-005
  2.580807647656183E-005  6.049405779136625E-005
 -2.539141855124337E-006  2.455121481240272E-006
          44 -9.579786724394209E-006 -6.572315777882595E-005
  5.969429886049507E-005 -9.487942501746867E-006
 -4.392808619383916E-006  3.838506191346923E-006
          45 -6.858141442586858E-005  7.744726825852894E-006
  6.920182401364413E-007 -5.653281794081265E-005
 -3.223426602141581E-006  6.213889499787369E-006
          46 -1.498713929240082E-006  7.648747081626255E-005
 -5.632068421919550E-005 -9.696791797976911E-006
 -5.039432522346588E-007  6.219294811941354E-006
          47  8.122131518761735E-005  1.933943318774652E-005
 -2.326596701466539E-005  5.501463822760573E-005
  2.381595607127563E-007  4.123591413175415E-006
          48  4.072443179662085E-005 -7.755405443115466E-005
  4.660949284034037E-005  3.827633479322820E-005
 -1.334992195195997E-006  3.429806861487738E-006
          49 -6.623970613234953E-005 -6.006493484758560E-005
  4.814299560186922E-005 -3.191680720289105E-005
 -1.845006500318569E-006  5.165977240869032E-006
          50 -7.577754819517972E-005  5.065135180312292E-005
 -1.645088209471402E-005 -5.061967520974448E-005
 -9.592286993159834E-008  6.447099873504366E-006
          51  3.132341840786028E-005  8.941883931428569E-005
 -4.790758595973792E-005  3.410323277553981E-006
  1.846607079325820E-006  5.367369206575593E-006
          52  1.001861631270115E-004 -4.911748883429510E-006
 -5.576237219017311E-006  4.243446793714181E-005
  1.690969604032248E-006  3.569144541891074E-006
          53  3.043744803206279E-005 -1.012131077945802E-004
  3.773597960526317E-005  9.825894958897579E-006
  3.991621980017707E-007  3.700538214564837E-006
          54 -8.325289241744496E-005 -6.830340364981213E-005
  1.278692034957720E-005 -3.845536272308156E-005
  5.736653418917702E-007  4.963304543913938E-006
          55 -9.369447076546371E-005  4.445763374213821E-005
 -4.259218667768196E-005 -2.305680217124401E-005
  2.116566829601624E-006  5.272539154680960E-006
          56 -2.887642278169492E-006  9.218053237314171E-005
 -4.321818156866761E-005  3.876891976108879E-005
  3.161605503451501E-006  4.174359311474788E-006
          57  6.290361186463948E-005  3.682622119204967E-005
  1.749090776443109E-005  6.128826411283177E-005
  2.680984903384182E-006  3.101604294397092E-006
          58  4.037138353298317E-005 -2.358218685112271E-005
  6.077460937763331E-005  1.371116019818359E-005
  2.022701258444048E-006  3.382612993094044E-006
          59 -6.716471092637998E-007 -1.586688316888748E-005
  3.538724152266141E-005 -3.973674853336671E-005
  2.500847347328463E-006  4.205832789820792E-006
          60  1.368523915680228E-005  1.023564090822832E-005
 -1.462265853097638E-005 -3.579090923718410E-005
  3.651223123630424E-006  4.128249810136413E-006
          61  4.443975803170400E-005 -1.983047129990973E-005
 -2.203591449687435E-005  2.941745116257726E-006
  4.293437412070136E-006  3.162564620753137E-006
          62  9.835956376709221E-006 -7.539164667786513E-005
  8.306040474289945E-006  1.096776647794898E-005
  3.988958834798518E-006  2.544816548094629E-006
          63 -7.489153820261190E-005 -6.118483059939038E-005
  1.440242916086011E-005 -2.029796074627410E-005
  3.818129709737340E-006  2.923138518409193E-006
          64 -1.030546083818014E-004  3.561106356734720E-005
 -2.417471220985031E-005 -3.265892097213585E-005
  4.798649523711097E-006  3.382280754872127E-006
          65 -2.341358676252018E-005  1.098329712748925E-004
 -5.419438840377660E-005  8.826857480438178E-006
  6.453366809401317E-006  2.627111466920073E-006
          66  7.952199701463848E-005  7.141166434357146E-005
 -2.463334118814114E-005  6.056745488632329E-005
  7.049420453987979E-006  6.048899555690758E-007
          67  8.863513993019170E-005 -3.311190320579684E-005
  3.905378094823584E-005  5.835126980302755E-005
  6.101008616655261E-006 -1.022037797122724E-006
          68  3.709201420601174E-006 -7.874883148423049E-005
  6.822865020282825E-005  1.984252647606329E-006
  4.888129969894366E-006 -1.237940660467082E-006
          69 -6.168359011540046E-005 -2.059220723122209E-005
  3.586230592484897E-005 -4.691745377743858E-005
  4.619135981319444E-006 -8.058744498678809E-007
          70 -2.755060897256331E-005  5.384075503147639E-005
 -1.348821403910267E-005 -4.144585612884793E-005
  5.175061363967421E-006 -8.713501864306175E-007
          71  5.340310508454980E-005  4.180851217857915E-005
 -2.415620311639139E-005 -4.844260994441708E-006
  5.571004545978151E-006 -1.835407008027555E-006
          72  6.877526435204598E-005 -4.343704633842631E-005
  4.619803878259623E-007  8.062031346121301E-006
  5.058426273352690E-006 -2.966326073600880E-006
          73 -9.611488440161352E-006 -9.421419534565002E-005
  1.076279398267207E-005 -1.434171711735340E-005
  4.153623762932677E-006 -3.439906922772043E-006
          74 -9.493781685395988E-005 -4.348595670788134E-005
 -1.616785253268451E-005 -2.879504415741908E-005
  3.536310549499247E-006 -3.307382912800605E-006
          75 -9.173911972767753E-005  5.888326621317475E-005
 -4.525596554825922E-005 -2.134793948747675E-006
  3.588791557533497E-006 -3.224606847085654E-006
          76 -2.627222179299805E-006  1.079864192435965E-004
 -3.251902573770913E-005  4.342903201327103E-005
  3.715944222758370E-006 -3.983881008036189E-006
          77  8.212734440525253E-005  6.064369456482883E-005
  1.758285578966924E-005  5.707646713053079E-005
  3.026955385387630E-006 -4.914488266111525E-006
          78  8.788144313309102E-005 -2.862900818591704E-005
  5.747576437673369E-005  2.224826453083875E-005
  1.724975625868253E-006 -5.310935705962305E-006
          79  2.406027605302405E-005 -7.649947095307702E-005
  5.267764057626282E-005 -2.875542181938500E-005
  4.763663230996337E-007 -4.844282359522781E-006
          80 -4.089677948040095E-005 -5.277627096060241E-005
  1.310437293992358E-005 -5.324637695933601E-005
 -5.727460961304988E-009 -3.947886345787268E-006
          81 -5.305653380293206E-005  4.613509913586110E-006
 -2.479541142168730E-005 -4.052089269080387E-005
  2.398959811206533E-008 -3.239001586743437E-006
          82 -1.665179195387925E-005  3.759333265287972E-005
 -3.808538971665122E-005 -1.053790819775007E-005
  4.309243973376779E-007 -2.922361651120320E-006
          83  2.280085137989252E-005  2.298993729173255E-005
 -2.921034027017718E-005  1.386511170357367E-005
  7.928332012294492E-007 -3.161092942818986E-006
          84  2.511354145067057E-005 -1.553902406614029E-005
 -1.158096672227609E-005  2.498144731447303E-005
  7.741682668265653E-007 -3.620737707547856E-006
          85 -1.032132567851600E-005 -3.215635030374099E-005
  7.167461049683313E-006  2.376111457497376E-005
  2.859301299681886E-007 -4.112695428548084E-006
          86 -4.280698476878968E-005 -2.860668840049784E-006
  2.038932559308996E-005  1.097720860441349E-005
 -4.592750454773547E-007 -4.032751792302272E-006
          87 -2.799402783298803E-005  4.646077234605719E-005
  2.024687405499191E-005 -6.761199063963323E-006
 -7.569425129794720E-007 -3.591103117817260E-006
          88  3.219409348799574E-005  5.803457801566510E-005
  7.667455706727749E-006 -1.684675582849525E-005
 -7.295179989921774E-007 -3.389732956509925E-006
          89  7.845593524212361E-005  2.358666068537345E-006
 -4.645763086169234E-006 -1.334208006573268E-005
 -6.994195586478322E-007 -3.536699075448992E-006
          90  4.837690799688178E-005 -7.593261025494973E-005
 -7.083154458475191E-006 -5.601139605298607E-006
 -1.100627530971463E-006 -3.724214492569041E-006
          91 -4.588469763913052E-005 -8.990781743058201E-005
 -5.157844904005091E-006 -3.810532693525565E-006
 -1.521125924052957E-006 -3.472448687189381E-006
          92 -1.109557024874291E-004 -5.478739069658815E-006
 -8.992187406702671E-006 -4.762646081512049E-006
 -1.518171532456103E-006 -3.206462710070305E-006
          93 -6.399067472652971E-005  1.018263192621126E-004
 -1.574271364387746E-005  4.552201051536802E-006
 -1.331721985048641E-006 -3.286015281550230E-006
          94  6.211364467641236E-005  1.123280723916510E-004
 -6.988860528295024E-006  2.190508935717712E-005
 -1.439309825338469E-006 -3.899702758716957E-006
          95  1.351003054310312E-004 -6.001387405202845E-007
  2.081674351460546E-005  2.265518918438732E-005
 -2.360247822670821E-006 -4.441322014050248E-006
          96  6.670730172263212E-005 -1.234059994873315E-004
  3.923506520307110E-005 -9.132530431531131E-006
 -3.635803357378300E-006 -4.152157841214282E-006
          97 -7.812360325221744E-005 -1.204107339725228E-004
  1.546788771754471E-005 -4.795139346258382E-005
 -4.466242742061960E-006 -3.019268627428912E-006
          98 -1.437053296364168E-004  1.095478655990588E-005
 -3.810167414334930E-005 -4.589358284673352E-005
 -4.131645888789480E-006 -1.810680328465514E-006
          99 -5.814279372578270E-005  1.289221347378328E-004
 -6.622714585420258E-005  7.941153195540831E-006
 -3.252446250777761E-006 -1.731905680134365E-006
         100  8.152336298086594E-005  1.076862753265759E-004
 -3.067937818326240E-005  6.415185078372739E-005
 -3.202892090874836E-006 -2.583301937080351E-006
         101  1.235120166120181E-004 -1.889202690587720E-005
  3.954938392804889E-005  6.168849522940037E-005
 -4.390147100840975E-006 -3.118017694738775E-006
         102  3.666998384008636E-005 -1.050215248148193E-004
  7.410015305937446E-005 -1.674296427205472E-006
 -5.862298772577493E-006 -2.330138366817834E-006
         103 -6.522742357906312E-005 -6.800982708628205E-005
  3.713162167870350E-005 -6.347680727855707E-005
 -6.345756281928363E-006 -7.630802002232547E-007
         104 -7.078571892992497E-005  2.400789791120467E-005
 -3.194558401304521E-005 -6.259027997317580E-005
 -5.906070549935627E-006  4.086493581194000E-007
         105 -2.147020040696663E-006  5.429212351763603E-005
 -6.284228934086338E-005 -7.677053844139853E-006
 -5.414625549958767E-006  8.663213514027462E-007
         106  3.500146276558422E-005  8.222729478457901E-006
 -3.477781723304639E-005  3.867554481613844E-005
 -5.365060012524935E-006  1.182407248507701E-006
         107  1.628588138240842E-006 -2.665518521566740E-005
  7.697342421821478E-006  3.615467042328411E-005
 -5.420425695241678E-006  1.892591612525838E-006
         108 -3.273380336667092E-005  4.042396952097459E-006
  1.835018580710599E-005  9.212306971348357E-006
 -4.931366603963476E-006  2.810047282377366E-006
         109 -1.780303997536658E-006  4.598174903428972E-005
  5.366448257004603E-006 -3.107703909946698E-007
 -4.026594729202511E-006  3.100022285767309E-006
         110  5.468150335934821E-005  2.046082426046707E-005
  4.229562920255091E-006  9.284082297810747E-006
 -3.618260444828227E-006  2.786734108863371E-006
         111  4.479159598225303E-005 -5.079101890452495E-005
  2.108260508549522E-005  5.583530014260003E-006
 -4.005084206671876E-006  2.774410334919405E-006
         112 -3.423613225030670E-005 -6.535592052030646E-005
  2.284023737735466E-005 -2.193620013967261E-005
 -4.311673671543304E-006  3.761857300201236E-006
         113 -7.693852385188193E-005  1.085814875668129E-005
 -1.004144864794738E-005 -3.857137054342827E-005
 -3.433241254707400E-006  5.056876777165148E-006
         114 -1.379186011961006E-005  8.021861706379097E-005
 -4.380719589715143E-005 -1.072629924232083E-005
 -1.738266664231016E-006  5.218518165789532E-006
         115  7.797715211201094E-005  3.871506946487122E-005
 -3.022502174319704E-005  3.503136718627140E-005
 -7.832004200078572E-007  4.097934193745525E-006
         116  6.603716556719184E-005 -6.974660520262110E-005
  1.897064027413677E-005  3.912450227661702E-005
 -1.318504651932596E-006  3.141958484893993E-006
         117 -5.031214674330491E-005 -9.539688084107335E-005
  3.921063390829222E-005 -7.030953418014073E-006
 -2.231042801150965E-006  3.629237647362252E-006
         118 -1.198938772726029E-004  1.439884541859163E-005
 -1.053657743763600E-006 -4.116952770552458E-005
 -1.999953771826700E-006  4.878454274781921E-006
         119 -3.623952045882908E-005  1.277269911032593E-004
 -4.951073490284214E-005 -9.330988388757136E-006
 -6.708832378472785E-007  5.454220513084958E-006
         120  1.095737216238425E-004  9.021033262291128E-005
 -3.275531407527719E-005  5.414144701694228E-005
  4.620759995294619E-007  4.734866369087308E-006
         121  1.312775995715020E-004 -6.607880145320189E-005
  4.136927670691259E-005  6.299440047490148E-005
  2.630206403395834E-007  3.752047030600639E-006
         122 -8.856519992706100E-006 -1.475101070478334E-004
  8.377587806516285E-005 -8.500778696081683E-006
 -5.780370457780367E-007  3.979193487473062E-006
         123 -1.377378626467477E-004 -4.652399454706090E-005
  3.390755524630841E-005 -8.297608836529177E-005
 -5.384048908712612E-007  5.257812145670289E-006
         124 -8.973468037340416E-005  1.103543383950237E-004
 -5.880853920836979E-005 -7.086131301256556E-005
  9.021746417857993E-007  6.197013714210407E-006
         125  7.503238725949755E-005  1.196573156434087E-004
 -8.945275781135570E-005  1.846383147322600E-005
  2.703888067866015E-006  5.594024463183142E-006
         126  1.404373775904038E-004 -3.508347409554052E-005
 -2.429134778299355E-005  8.304681742875743E-005
  3.188510672754354E-006  4.115295518236397E-006
         127  1.268220496874456E-005 -1.529845198679214E-004
  5.644396382357844E-005  5.319393822682902E-005
  2.519308912644312E-006  3.459654295196053E-006
         128 -1.500801632814867E-004 -7.071165604079742E-005
  6.074320201693616E-005 -2.537054962502121E-005
  2.259249848233252E-006  4.049482330650719E-006
         129 -1.326279793662011E-004  1.204119041033178E-004
 -4.207142812804194E-006 -5.462301932427057E-005
  3.315099601483103E-006  4.554118181600949E-006
         130  5.892004764869383E-005  1.815011455764629E-004
 -4.863415075665535E-005 -7.103910780818483E-006
  4.588985513290037E-006  3.721013145643733E-006
         131  1.973923065377031E-004  2.555102103062416E-005
 -1.853384689264670E-005  4.656864021985056E-005
  4.717740684411154E-006  2.239898647812891E-006
         132  1.113417287916424E-004 -1.694026933005385E-004
  4.064884583362063E-005  3.454204798170283E-005
  3.804609633600878E-006  1.524294908299079E-006
         133 -1.027713853441187E-004 -1.736312379846654E-004
  4.828148750510500E-005 -2.519496550992041E-005
  3.148172044606113E-006  2.080918147328215E-006
         134 -1.961768326499821E-004  1.630560250398356E-005
 -4.791253331321629E-006 -5.233119868666022E-005
  3.766209819792121E-006  2.854253920823960E-006
         135 -6.715227166072402E-005  1.771643101090547E-004
 -4.749783978262521E-005 -1.251258176942781E-005
  5.063905032596559E-006  2.622864616387856E-006
         136  1.263358130458611E-004  1.300692996403565E-004
 -2.434634596975325E-005  3.933171319568544E-005
  5.821086312761919E-006  1.362735224889674E-006
         137  1.638073318838935E-004 -5.771815439822664E-005
  3.090072183305971E-005  3.296464717492517E-005
  5.456403547119127E-006  1.011660983932165E-007
         138  1.554971595057113E-005 -1.662760920188804E-004
  4.094507873400449E-005 -2.221247384809034E-005
  4.693036638688090E-006 -2.186648024690994E-007
         139 -1.385547827096153E-004 -8.177864914686429E-005
 -1.139879948881402E-005 -5.015888376339207E-005
  4.581388761993743E-006  6.986905751495396E-008
         140 -1.290426543470563E-004  8.498496387606632E-005
 -5.994219767669393E-005 -6.729468779295807E-006
  5.194373699656878E-006 -5.916784639579360E-008
         141  1.607717745704635E-005  1.460100147290745E-004
 -3.694983125017408E-005  6.161616635672176E-005
  5.631986012376378E-006 -1.007577120765176E-006
         142  1.271893341473122E-004  5.056424944696579E-005
  4.123775466210594E-005  7.245330632360043E-005
  5.226574240102265E-006 -2.129602987186422E-006
         143  9.508580529212636E-005 -7.897158673199296E-005
  9.175582935374778E-005  4.859099558846491E-006
  4.280765128668130E-006 -2.568120330935987E-006
         144 -2.005024962613627E-005 -1.048945167453345E-004
  5.846704704658033E-005 -7.543772174265040E-005
  3.673125008262009E-006 -2.232196192133877E-006
         145 -8.275687956465056E-005 -2.646616258181878E-005
 -2.627003167654187E-005 -9.019717740636998E-005
  3.829565464816701E-006 -1.813319662884146E-006
         146 -4.552368044912263E-005  4.639303792935736E-005
 -8.279418755378140E-005 -3.082070848990418E-005
  4.492406320256443E-006 -1.949057426428753E-006
         147  1.826172415543264E-005  3.896177726176500E-005
 -6.796095753827405E-005  4.241454999045317E-005
  4.940548836432295E-006 -2.808128540172965E-006
         148  2.389899852667150E-005 -1.149812416004575E-005
 -9.034152399450725E-006  7.039701665402085E-005
  4.751448566297024E-006 -3.848942593238704E-006
         149 -2.144721840698561E-005 -2.068718726568459E-005
  4.053527661044366E-005  4.683190066030988E-005
  4.158064052377285E-006 -4.595536103961344E-006
         150 -3.822839612943479E-005  2.906589001709409E-005
  5.311776204495265E-005  3.939800383378130E-006
  3.581186904119844E-006 -4.916771706921414E-006
         151  1.476303819677515E-005  6.672206402532380E-005
  3.601535344523980E-005 -2.698657071833502E-005
  3.318412616000996E-006 -5.241026466112624E-006
         152  8.310391271686909E-005  2.657667644886215E-005
  1.074488951154112E-005 -3.570536045533567E-005
  3.043139138758911E-006 -5.916002775402370E-006
         153  7.966392224413336E-005 -6.634289633605584E-005
 -7.676358848661148E-006 -3.027618253474986E-005
  2.356101657190522E-006 -6.757787693253149E-006
         154 -1.264051924179997E-005 -1.164167954368428E-004
 -1.875692844521804E-005 -2.114228981134212E-005
  1.098791211078856E-006 -7.305695061186385E-006
         155 -1.124916718242038E-004 -5.969054428327223E-005
 -2.613790430330669E-005 -9.152459969857499E-006
 -1.448859847523991E-007 -7.209379786238465E-006
         156 -1.192526526179209E-004  6.239313503872197E-005
 -2.758342277566904E-005  6.298221709701665E-006
 -1.088728287593339E-006 -6.845588181146775E-006
         157 -1.635580259830310E-005  1.385451469126213E-004
 -2.005899335873937E-005  2.292206228274123E-005
 -1.704886241277268E-006 -6.313831024897086E-006
         158  1.083398540139305E-004  9.262685973427829E-005
 -3.020203859216369E-007  3.366359346158134E-005
 -2.007116853989696E-006 -6.122052338424281E-006
         159  1.379357725542743E-004 -4.108434647507084E-005
  2.596947554823710E-005  2.755761274023881E-005
 -2.573441646136960E-006 -6.260622951160274E-006
         160  3.764228493311993E-005 -1.391178922218133E-004
  4.247344271457678E-005  5.436615777477374E-007
 -3.707627446996458E-006 -6.231218406309757E-006
         161 -1.007664975048394E-004 -1.028336947776990E-004
  3.221288598797166E-005 -3.360101731750657E-005
 -5.030401391072062E-006 -5.369714668303621E-006
         162 -1.395315397920932E-004  3.830178766124507E-005
 -3.381964962372263E-006 -4.883332705855203E-005
 -5.549562546476326E-006 -3.856092679387037E-006
         163 -3.163539070654718E-005  1.436732769547558E-004
 -3.835693260805588E-005 -2.895217763219409E-005
 -5.125615195474340E-006 -2.664078216738243E-006
         164  1.173477591506230E-004  9.614806183411117E-005
 -4.215503760126656E-005  1.002791105487525E-005
 -4.520736915569929E-006 -2.367207358687375E-006
         165  1.447689733088339E-004 -6.455424274838981E-005
 -1.390505408032347E-005  3.262905603784744E-005
 -4.555738063869124E-006 -2.538563502758371E-006
         166  8.218827783615281E-006 -1.666844500116390E-004
  1.590782534209651E-005  2.058654296229847E-005
 -5.151378604364385E-006 -2.304789249479887E-006
         167 -1.519907890911775E-004 -8.818637253923216E-005
  1.628001734656953E-005 -7.514201606967440E-006
 -5.598038761630962E-006 -1.393861158061717E-006
         168 -1.552736942508938E-004  9.780772701492932E-005
 -8.607434189835314E-006 -1.445223276598538E-005
 -5.254634410256703E-006 -3.121351850977569E-007
         169  1.439307104348797E-005  1.880621480667352E-004
 -2.090434756523783E-005  1.022045859781043E-005
 -4.350113529862454E-006  4.854737825754849E-008
         170  1.743241342081001E-004  7.523805456124485E-005
  4.355404623253345E-006  3.224235461307702E-005
 -3.885440440999257E-006 -4.797213207814231E-007
         171  1.444191327457470E-004 -1.186787980167960E-004
  4.104224874033750E-005  1.220544252426044E-005
 -4.485001388617621E-006 -9.868088191695543E-007
         172 -4.100205223972102E-005 -1.754700371832994E-004
  3.739726668991072E-005 -3.846706057077917E-005
 -5.525204295265482E-006 -4.476473385087186E-007
         173 -1.673076571683366E-004 -3.416446118837205E-005
 -1.778974002406344E-005 -6.142680220813773E-005
 -5.763672506940116E-006  9.697047746400958E-007
         174 -9.007725839695970E-005  1.327806041556297E-004
 -6.974220768854113E-005 -1.770920286869271E-005
 -4.821774570495796E-006  2.034042644481369E-006
         175  8.825306997376597E-005  1.236159395778457E-004
 -5.338016367182474E-005  5.491024248156303E-005
 -3.696578451579747E-006  1.856919305413502E-006
         176  1.412362832235537E-004 -4.340563188004859E-005
  2.368769257990456E-005  7.469212795120178E-005
 -3.632570961049012E-006  1.008211451858191E-006
         177  1.623006098660601E-006 -1.496620020811734E-004
  7.829531868945157E-005  1.150391316509876E-005
 -4.588020524475060E-006  8.584409534096196E-007
         178 -1.489128308791422E-004 -5.093552376487862E-005
  4.410851328466512E-005 -6.797443943234725E-005
 -5.336618754116386E-006  1.916253905589605E-006
         179 -1.050376472586864E-004  1.325005007118709E-004
 -4.467949818303298E-005 -7.177638651057574E-005
 -4.892408000929991E-006  3.272213531485195E-006
         180  9.346575620836028E-005  1.569928532007669E-004
 -8.749988162729746E-005  8.095093163929673E-006
 -3.738373876944807E-006  3.649117218072908E-006
         181  1.945319429560861E-004 -3.066061502976855E-005
 -3.395255076122114E-005  8.192832365554592E-005
 -3.252079872634263E-006  3.068301020513255E-006
         182  4.929046301732834E-005 -2.053554607061645E-004
  5.474725924084655E-005  6.624728967514389E-005
 -3.881336963704847E-006  2.779244540685521E-006
         183 -1.815487121150616E-004 -1.339676861012363E-004
  7.847343179237650E-005 -1.754293506251795E-005
 -4.667935823138820E-006  3.691876584220528E-006
         184 -2.079258326551549E-004  1.210558872703379E-004
  1.619567531014567E-005 -7.149636296861549E-005
 -4.360529216775686E-006  5.280420501369706E-006
         185  2.810021157933991E-005  2.544937495299279E-004
 -5.244197159708955E-005 -3.891730589646396E-005
 -3.030562067780441E-006  6.136733933517835E-006
         186  2.577546027500074E-004  8.518459281811608E-005
 -4.779063048784558E-005  2.937908020561259E-005
 -1.939733293849632E-006  5.902710668500180E-006
         187  1.970768257063533E-004 -2.069138102062586E-004
  1.153785469596035E-005  4.454511762289618E-005
 -1.896926573205493E-006  5.611993975394764E-006
         188 -1.032921183807892E-004 -2.787350666295042E-004
  3.857607533146815E-005 -5.178780065895682E-006
 -2.070432355170879E-006  6.404237802979176E-006
         189 -3.028282970990402E-004 -3.392358320390663E-005
 -4.697570636927131E-006 -4.221578785310487E-005
 -1.104661601656657E-006  7.708933238217729E-006
         190 -1.697309065063492E-004  2.557768623976101E-004
 -5.584363395241643E-005 -5.659954060007250E-006
  8.952811822776811E-007  8.139493070132010E-006
         191  1.469610201113277E-004  2.648720809824451E-004
 -3.447584584974449E-005  6.336877321902724E-005
  2.619725752659116E-006  7.166250633033576E-006
         192  2.920365592071480E-004 -8.020715225951241E-006
  4.760048587573434E-005  7.051785474159866E-005
  3.041849184311890E-006  5.831053437587403E-006
         193  1.192748709357182E-004 -2.477237880093540E-004
  9.295359671829101E-005 -8.443618023580997E-006
  2.818236727998394E-006  5.381394764524528E-006
         194 -1.532169903542413E-004 -2.003868970686129E-004
  3.872102359048179E-005 -8.982256427233230E-005
  3.050497003061307E-006  5.656987111134176E-006
         195 -2.209898058403761E-004  4.396195808234930E-005
 -6.298977823480222E-005 -7.776589575725213E-005
  4.161198939607627E-006  5.751579231368317E-006
         196 -4.635034933932560E-005  1.898079622750874E-004
 -9.877143769367378E-005  2.009369794693378E-005
  5.419159764937672E-006  4.780564367650797E-006
         197  1.311102553653638E-004  9.835503282085468E-005
 -2.844570262906811E-005  9.541812156254447E-005
  5.655075074656846E-006  3.217584684087055E-006
         198  1.113823034318867E-004 -7.217820757254207E-005
  6.674769826764625E-005  6.753447049504805E-005
  4.889563789133943E-006  2.315629365246803E-006
         199 -3.216226448382742E-005 -9.979339526274731E-005
  8.271496671061479E-005 -2.384018695932806E-005
  4.306998649331724E-006  2.594805051221544E-006
         200 -8.431559763618985E-005  1.615375887887283E-005
  1.410665856372691E-005 -7.218164927357631E-005
  4.893275837303144E-006  3.150738267601499E-006
         201  1.490550581170274E-005  8.227266116300240E-005
 -4.845418905630080E-005 -3.401356325877029E-005
  6.179689614716518E-006  2.699309250615575E-006
         202  9.969305935655752E-005 -9.808394127462642E-006
 -3.647991510222523E-005  2.645575744990179E-005
  6.832250431843420E-006  1.163055013772389E-006
         203  1.785226778845428E-005 -1.272838442392912E-004
  1.414329535437416E-005  2.946968718669278E-005
  6.220154805496307E-006 -2.770956500802943E-007
         204 -1.427845993635979E-004 -7.605620773277378E-005
  2.199125737862425E-005 -1.380282434791931E-005
  5.209998702451852E-006 -5.939221426692276E-007
         205 -1.541081538035022E-004  1.208037173140973E-004
 -2.289813107570484E-005 -2.453740784854441E-005
  4.989998334257034E-006 -2.204548165738276E-007
         206  4.735924799953643E-005  2.229849816264398E-004
 -4.539981038611655E-005  2.862633741624223E-005
  5.605746567229731E-006 -3.257786343232245E-007
         207  2.466898691583595E-004  6.825115030063268E-005
  1.077789708320614E-005  7.781893489996215E-005
  6.015332978276559E-006 -1.373623465561046E-006
         208  1.922354645177821E-004 -2.007199832043610E-004
  9.572427429263766E-005  3.929402895545963E-005
  5.431538716264641E-006 -2.554084436333487E-006
         209 -8.769991340287394E-005 -2.790917171772767E-004
  1.026940120232050E-004 -7.179286900228526E-005
  4.327893741080582E-006 -2.839199749902833E-006
         210 -2.931753218201393E-004 -5.994635174736263E-005
 -2.711016393463377E-006 -1.422029496877346E-004
  3.858678422787951E-006 -2.303958092236986E-006
         211 -1.934769390088525E-004  2.269001306030010E-004
 -1.287163172327429E-004 -8.471581477660573E-005
  4.367163308507649E-006 -2.023017899768758E-006
         212  1.043581077575812E-004  2.705861804562908E-004
 -1.498243399026350E-004  5.999918728965709E-005
  5.080390967822785E-006 -2.735376523355733E-006
         213  2.742792045314063E-004  3.183341965396486E-005
 -3.860717106634395E-005  1.595003913914336E-004
  5.002325712185745E-006 -4.125482176524993E-006
         214  1.420198389637800E-004 -2.165143014338921E-004
  1.040867735596994E-004  1.241723297524982E-004
  3.965550828068189E-006 -5.177266170123720E-006
         215 -1.259923764361292E-004 -2.060252495735223E-004
  1.545538401552718E-004 -6.220166809312326E-006
  2.725933103670867E-006 -5.379639869867749E-006
         216 -2.251516611683389E-004  2.996579573010928E-005
  8.474193015581570E-005 -1.137443651477912E-004
  1.930128676083016E-006 -5.043782746346398E-006
         217 -5.734598312848455E-005  2.109310835460108E-004
 -2.786192543258044E-005 -1.210444820537304E-004
  1.693868970990391E-006 -4.764374215899483E-006
         218  1.714952100846051E-004  1.330339031604441E-004
 -9.054519083798630E-005 -4.966942323892608E-005
  1.590046874183019E-006 -4.900098907775614E-006
         219  1.944735211895687E-004 -1.067716042182554E-004
 -7.704914372303102E-005  2.467033512565263E-005
  1.195367303372180E-006 -5.279944162987357E-006
         220 -1.543661026112753E-005 -2.302564450363204E-004
 -2.892815111091432E-005  5.176176827040297E-005
  4.239988358402883E-007 -5.461061058916500E-006
         221 -2.223569386693471E-004 -9.317691518762876E-005
  4.650247820294641E-006  4.110690762547225E-005
 -3.161759484779935E-007 -5.180103531046828E-006
         222 -1.937095751662807E-004  1.587083950925268E-004
  1.501230070124601E-005  2.725322477803185E-005
 -6.402176344332220E-007 -4.723511454051310E-006
         223  4.653778190312366E-005  2.526799054080866E-004
  2.329053853853798E-005  2.272097302618765E-005
 -6.353416226932177E-007 -4.538642382646926E-006
         224  2.455920059777318E-004  8.458272325684040E-005
  4.009760405020693E-005  1.126235353894314E-005
 -7.614480066992084E-007 -4.776061619480995E-006
         225  1.939781974086917E-004 -1.714509549341994E-004
  4.846725380018710E-005 -1.954395933227928E-005
 -1.375031610919676E-006 -5.024078526023953E-006
         226 -5.431796350951022E-005 -2.489180952596762E-004
  2.751809442054246E-005 -5.543708458719794E-005
 -2.190005105508617E-006 -4.808516708708263E-006
         227 -2.388356468177036E-004 -6.889123676657275E-005
 -2.065884770072837E-005 -6.622726441249052E-005
 -2.737405176776790E-006 -4.170359664823724E-006
         228 -1.662234336654198E-004  1.758330495303746E-004
 -6.590116105744459E-005 -3.404044029392106E-005
 -2.740689080045059E-006 -3.498391191735448E-006
         229  8.320216736286140E-005  2.220968074218691E-004
 -7.161513147772886E-005  2.602873476591834E-005
 -2.411602678554562E-006 -3.305953941406123E-006
         230  2.359958299166027E-004  1.835307041353744E-005
 -2.623556819598516E-005  7.067502267582138E-005
 -2.346252604431048E-006 -3.663129853761579E-006
         231  1.168068157975389E-004 -2.124146461328288E-004
  3.816552990613982E-005  6.131939364183821E-005
 -2.922180471473856E-006 -4.091075416756312E-006
         232 -1.524699470598183E-004 -2.042379266547168E-004
  6.722577935387046E-005  3.478588920167222E-006
 -3.955001386716448E-006 -3.975447296445942E-006
         233 -2.677674826615855E-004  5.484444422461528E-005
  3.450317634347153E-005 -5.023471986621107E-005
 -4.758351249675608E-006 -3.107573714799040E-006
         234 -7.471811790660853E-005  2.864311230513128E-004
 -2.548664376757055E-005 -4.682674620034747E-005
 -4.758333554308223E-006 -2.049262227661116E-006
         235  2.391082359619467E-004  2.138874029407222E-004
 -4.553702537982673E-005  7.350360174238925E-006
 -4.191714742978622E-006 -1.623732568593649E-006
         236  3.240550371653669E-004 -1.194881582390416E-004
 -6.358525881803694E-007  4.473450080957705E-005
 -3.989387572464108E-006 -2.010850580824022E-006
         237  5.245966659559192E-005 -3.636912739045141E-004
  5.400627299763156E-005  1.046258232427436E-005
 -4.726226659574851E-006 -2.385889054233569E-006
         238 -3.080961075106062E-004 -2.316925123410162E-004
  3.838764552662702E-005 -6.408434912600306E-005
 -5.890617296967199E-006 -1.866284215730126E-006
         239 -3.635174140247403E-004  1.637528316948071E-004
 -5.120200019119253E-005 -8.315962098302807E-005
 -6.469832532584690E-006 -5.297714718129419E-007
         240 -3.138017084669152E-005  4.056550657766964E-004
 -1.191092448091218E-004  1.262564600971348E-006
 -6.116202784856630E-006  6.930202215441185E-007
         241  3.449121776006638E-004  2.220705768358177E-004
 -7.167462668263244E-005  1.158222924941952E-004
 -5.522880304646161E-006  1.142139677690013E-006
         242  3.568024117308865E-004 -2.004685069801854E-004
  6.402794918234061E-005  1.335099642390010E-004
 -5.525646307014624E-006  1.232421363073727E-006
         243 -1.385525922169899E-005 -4.047818969039763E-004
  1.538037927537633E-004  1.820937849107493E-005
 -5.996856712649088E-006  1.877134715889776E-006
         244 -3.619175095345557E-004 -1.676318411598194E-004
  9.838139234443222E-005 -1.219936567163603E-004
 -5.998354136532841E-006  3.294152410233668E-006
         245 -3.052560023713631E-004  2.461253095704008E-004
 -4.962459090582751E-005 -1.450425722968901E-004
 -4.904477101016169E-006  4.626098859813381E-006
         246  8.735443278580253E-005  3.757357224311412E-004
 -1.399342546507512E-004 -3.397502771036183E-005
 -3.317286970917174E-006  4.850091731782846E-006
         247  3.713464807858126E-004  8.148189948985738E-005
 -9.289152580793323E-005  8.858950903565557E-005
 -2.457831713158808E-006  4.185022507401305E-006
         248  2.295480960286166E-004 -2.971361813099285E-004
  2.102231410416786E-005  1.047788290559575E-004
 -2.563061622259964E-006  3.749590643293741E-006
         249 -1.686619360660762E-004 -3.306598300531951E-004
  7.680003990686392E-005  2.687241095529613E-005
 -2.808699062371249E-006  4.195251759304285E-006
         250 -3.662947561583117E-004  1.076480754965120E-005
  3.900428593604043E-005 -3.835079437482361E-005
 -2.252959283962803E-006  5.052513513422102E-006
         251 -1.448741976836365E-004  3.298970481929757E-004
 -1.602738832715607E-005 -2.669460754623243E-005
 -1.016648260541840E-006  5.275511440702370E-006
         252  2.304628325195289E-004  2.659146482839644E-004
 -1.271885835377069E-005  1.622409963724510E-005
 -7.334797963622019E-008  4.600295049391580E-006
         253  3.281926448698419E-004 -9.200176240923012E-005
  2.866182368529672E-005  1.272746667462539E-005
 -4.893736672250972E-008  3.796932268575422E-006
         254  5.300544188663508E-005 -3.230876528669013E-004
  2.992500274504448E-005 -3.820108596345382E-005
 -4.773567389800885E-007  3.776350649084854E-006
         255 -2.592655775064045E-004 -1.739816067553629E-004
 -3.186935922548699E-005 -5.787103708282394E-005
 -3.152065857142790E-007  4.397486108025172E-006
         256 -2.510455892928113E-004  1.575144298433750E-004
 -8.239443269309531E-005  3.264119597351921E-006
  6.669784898982662E-007  4.644231820062206E-006
