   409.600000000000     
         256           1           3
  1.124309127438499E-002   40.8882396988763        116.324656074920     
   39.0000000000000        116.000000000000        6351.00000000000     
           0  0.000000000000000E+000  0.000000000000000E+000
  0.000000000000000E+000  0.000000000000000E+000
  0.000000000000000E+000  0.000000000000000E+000
           1  6.827826303468666E-007 -1.309807811987272E-007
  3.739538896964857E-006  1.554955191144541E-007
  3.486089800630577E-006  2.400854638613371E-008
           2  8.648365539467461E-007 -4.626964860151439E-007
  3.878506571370119E-006  5.428492636141484E-007
  3.555999796388587E-006  1.469272454204336E-007
           3  8.172270267610284E-007 -1.225892264706870E-006
  4.570546565811570E-006  1.029155794012553E-006
  3.899554028105473E-006  3.062767669530570E-007
           4 -1.007568896212481E-008 -2.128755342322647E-006
  5.957088953375415E-006  1.073508305907383E-006
  4.553954829911719E-006  1.889105134301376E-007
           5 -1.745956631625856E-006 -2.375697803886241E-006
  7.650243996273196E-006  1.432153220448304E-007
  5.204030065494683E-006 -4.844170320024128E-007
           6 -3.779009239267975E-006 -1.146823456843376E-006
  8.979380215685357E-006 -1.947087740692530E-006
  5.342686629907735E-006 -1.532834922640464E-006
           7 -4.846336073471535E-006  1.753920187609940E-006
  9.181787758170104E-006 -4.851766771160691E-006
  4.822552786335444E-006 -2.444307001535945E-006
           8 -3.677353691680992E-006  5.523403247359548E-006
  7.912813287081284E-006 -7.788924439377433E-006
  3.938841231252440E-006 -2.698318854724015E-006
           9  4.282451737946892E-007  8.481568386772335E-006
  5.302901979637226E-006 -9.963864999653611E-006
  3.436072845611264E-006 -2.069548017324970E-006
          10  6.903237715843284E-006  8.337526906500593E-006
  1.980490959549229E-006 -1.056564539639788E-005
  4.035207399824003E-006 -1.303518615970441E-006
          11  1.343378253171845E-005  3.066001265858111E-006
 -7.496240567269877E-007 -9.530584736955249E-006
  5.533131358324954E-006 -1.353208149513313E-006
          12  1.567796112861068E-005 -7.510980930558920E-006
 -2.030845458792132E-006 -7.990086100777224E-006
  7.261369453171226E-006 -2.794136984776976E-006
          13  9.204963948360291E-006 -1.965441533835786E-005
 -2.248861339270774E-006 -7.606082756854296E-006
  7.668960881466645E-006 -5.720720188200844E-006
          14 -7.019972262667131E-006 -2.590987284066713E-005
 -3.934130409303554E-006 -8.778724597100096E-006
  6.211603618473774E-006 -8.556193689265621E-006
          15 -2.738751747438616E-005 -1.807980648273005E-005
 -9.042531816942717E-006 -8.794207782157021E-006
  3.388006641428789E-006 -9.953566743669130E-006
          16 -3.890485923912243E-005  6.314805574521052E-006
 -1.581449030162925E-005 -2.972393379180556E-006
  9.502979993235385E-007 -9.516345249184070E-006
          17 -2.811644312082483E-005  3.700024108820496E-005
 -1.742120783799081E-005  1.024065117202474E-005
 -4.175998188439477E-007 -8.896370829567480E-006
          18  7.024832860238869E-006  5.352878887335886E-005
 -6.724896436268998E-006  2.578279801019638E-005
 -1.187170484225271E-006 -8.249218844361729E-006
          19  4.952061734477548E-005  3.655728058399144E-005
  1.898536995621550E-005  3.103525552723392E-005
 -1.838413231741561E-006 -8.368278934240272E-006
          20  6.741007576650538E-005 -1.333747120597052E-005
  4.815546108578319E-005  1.161257996626478E-005
 -3.603995760631564E-006 -8.606300643024502E-006
          21  3.670115948152696E-005 -6.521109811124121E-005
  5.638500024525658E-005 -3.292502861172994E-005
 -5.911447957140449E-006 -7.645540965769309E-006
          22 -2.980032416724971E-005 -7.344102989207192E-005
  2.224078264728539E-005 -7.882859722319859E-005
 -7.776286341089552E-006 -4.553739203053335E-006
          23 -7.919543563215951E-005 -1.951539956137835E-005
 -4.705280543668104E-005 -8.436681140444812E-005
 -6.338334031071530E-006 -5.831363827376361E-007
          24 -5.888709994912775E-005  5.599515374595564E-005
 -1.034550721803802E-004 -2.642089333614772E-005
 -2.222056367877693E-006  3.274948034296219E-007
          25  2.053053719173699E-005  7.604089900590986E-005
 -9.118993504540883E-005  6.287634883587659E-005
  7.377086590371026E-007 -2.781775103403063E-006
          26  7.505457798646364E-005  1.103607535997151E-005
 -6.751042753628646E-006  1.077500406226572E-004
 -9.630477741990500E-007 -7.209544167021281E-006
          27  3.437247795207564E-005 -6.752873722754973E-005
  7.837577652701797E-005  6.188409366779835E-005
 -5.932030128464483E-006 -7.885320139013796E-006
          28 -5.944632066082965E-005 -5.564266175868183E-005
  8.218362903582923E-005 -3.145206417268738E-005
 -9.052884602311209E-006 -4.055548127075410E-006
          29 -8.054095359655523E-005  4.605140171412422E-005
  6.896598541577988E-006 -7.293182230176161E-005
 -7.520166358558978E-006  8.313755492773586E-008
          30  1.867711667322784E-005  1.052051026488125E-004
 -5.142269621445096E-005 -2.382832244641952E-005
 -3.973416596489840E-006  6.482088553537933E-010
          31  1.174550998344563E-004  2.405966190623287E-005
 -2.114763229757107E-005  3.810081090172546E-005
 -3.815182690574532E-006 -3.120266389289542E-006
          32  7.210161642726853E-005 -1.070756499716870E-004
  4.517731170270284E-005  1.768902077185574E-005
 -7.515193965441913E-006 -3.849222166585819E-006
          33 -7.487745869192344E-005 -1.103617018214126E-004
  3.665933285251112E-005 -6.112838719766170E-005
 -1.012311781490449E-005 -7.961948062092810E-008
          34 -1.296541945364084E-004  3.184940027067295E-005
 -5.586348207940307E-005 -7.837599294525500E-005
 -7.978549997986284E-006  4.274183960677425E-006
          35 -1.030447115469017E-005  1.317533489200574E-004
 -1.127323871082419E-004  1.362222644179851E-005
 -3.622922843341267E-006  4.372029115651709E-006
          36  1.241111155289122E-004  4.779101939375575E-005
 -4.564050914689151E-005  1.099610141724447E-004
 -2.324315465118874E-006  1.075617515531529E-006
          37  8.439670479322584E-005 -1.098666248073748E-004
  7.235185153315960E-005  8.738403762508147E-005
 -4.937637308991021E-006 -4.902651852838592E-007
          38 -8.364781820381905E-005 -1.225412171959687E-004
  9.810502149619786E-005 -2.668263921956910E-005
 -7.116388193014214E-006  1.709199652415716E-006
          39 -1.548058123166923E-004  3.767210709039889E-005
  7.727074427321866E-006 -8.924363702644272E-005
 -5.861405025382589E-006  4.649902834023902E-006
          40 -2.694960039057525E-005  1.652210386479627E-004
 -7.469736560443206E-005 -3.023582519397579E-005
 -2.940348253363564E-006  4.711523370416688E-006
          41  1.408177281659350E-004  9.449408409818395E-005
 -4.553904163413731E-005  5.876542808839177E-005
 -2.369005575187201E-006  2.401459782937129E-006
          42  1.410823966022165E-004 -8.391685410961759E-005
  4.363271408277401E-005  5.565593935576948E-005
 -4.396787426308987E-006  1.637921715144452E-006
          43 -1.427447499756998E-005 -1.501916497200702E-004
  6.479829547128169E-005 -3.036338463609606E-005
 -6.000877930620885E-006  3.767153957164563E-006
          44 -1.245142641608559E-004 -4.182809706827358E-005
 -1.266940213561580E-005 -7.687979296268203E-005
 -4.740683155374219E-006  6.681935637766432E-006
          45 -6.875416496745553E-005  8.422940419611819E-005
 -8.382325170967512E-005 -1.770976951370862E-005
 -1.565063068852881E-006  6.944064181062418E-006
          46  5.244971213240668E-005  7.124494444877793E-005
 -5.409607394692895E-005  7.145342340691117E-005
 -1.382360933028242E-007  4.922026306203092E-006
          47  6.873422502434671E-005 -3.852357479296737E-005
  3.929400938459412E-005  7.697178475135661E-005
 -1.335586843545094E-006  3.419280911934590E-006
          48 -3.222290416419718E-005 -7.820671237204188E-005
  7.788039879394690E-005 -5.294996069324895E-006
 -2.930654502532004E-006  4.490839882384068E-006
          49 -9.957128303856123E-005  1.371289150240149E-005
  1.758516867216340E-005 -6.844405887052210E-005
 -2.045575524707177E-006  6.736234371654847E-006
          50 -2.806667893926233E-005  1.149428150561470E-004
 -6.098943408514980E-005 -3.535895557503164E-005
  3.232818095191607E-007  7.147602014957558E-006
          51  1.027093603957662E-004  8.410606300560640E-005
 -5.753644069238099E-005  4.955918093655344E-005
  1.853994647572898E-006  5.558337449185372E-006
          52  1.300618855862624E-004 -5.546738959502564E-005
  2.306696448577823E-005  7.787140678379611E-005
  1.299655312024316E-006  3.976643820810364E-006
          53  1.296011624408645E-005 -1.431745533616321E-004
  8.107891983301489E-005  1.511111223342249E-005
  4.936609316980689E-008  4.501573636619683E-006
          54 -1.175273623986738E-004 -7.683516003417899E-005
  4.893734056506586E-005 -6.317904156387462E-005
  4.875954546748414E-007  5.932871437647472E-006
          55 -1.157581463751190E-004  6.594170941110592E-005
 -3.253613752210770E-005 -6.727540030079018E-005
  2.350740089639205E-006  6.418265281543555E-006
          56  8.265825759159401E-006  1.247035141923646E-004
 -6.850279333835527E-005 -4.405591559734004E-007
  4.014235762820750E-006  5.223325182329783E-006
          57  1.103587683829352E-004  4.228501774562693E-005
 -2.737599182268030E-005  5.421967039034083E-005
  3.958359906277913E-006  3.426947351336280E-006
          58  8.179192990732599E-005 -7.993936971603099E-005
  3.144883758738847E-005  3.925617929904036E-005
  2.972342186493228E-006  2.803377213482143E-006
          59 -3.543702609292677E-005 -1.074014434593455E-004
  3.568555080044838E-005 -1.426666763693021E-005
  2.392546547646513E-006  3.442329864750231E-006
          60 -1.101905112054642E-004 -2.019217254533009E-005
 -1.112744283244148E-005 -3.198364166662846E-005
  2.986787429980624E-006  4.181137972323192E-006
          61 -7.280886639641972E-005  8.046651107359300E-005
 -4.254397444573923E-005  8.865408400744667E-006
  4.111686708788461E-006  3.909281746257312E-006
          62  2.235734047498260E-005  9.791629159629318E-005
 -1.285825128839175E-005  5.742021323094974E-005
  4.546464101792355E-006  3.068177261397749E-006
          63  7.807296242015943E-005  3.800602314357006E-005
  4.913772882591294E-005  5.086871278547121E-005
  4.246953518827441E-006  2.562982720417536E-006
          64  6.457892008942628E-005 -2.286480553857232E-005
  7.479944289196727E-005 -9.254833599555968E-006
  4.094005972360633E-006  2.922290376134218E-006
          65  2.962734652769504E-005 -3.943568391432644E-005
  3.699288962523774E-005 -6.144879354154215E-005
  5.070255649581175E-006  3.477385769763372E-006
          66  1.704666724694651E-005 -3.781669447648219E-005
 -2.197681538219107E-005 -5.700030644230339E-005
  6.600770623644831E-006  2.934494566259219E-006
          67  8.737405450857687E-006 -5.577929263598793E-005
 -4.439892139837254E-005 -1.241643377190993E-005
  7.565660249553080E-006  1.346684561991881E-006
          68 -3.587139863730934E-005 -7.508414037865170E-005
 -2.196766064673342E-005  1.901448667731096E-005
  7.444487206264713E-006 -3.107293448597878E-007
          69 -1.038452734610828E-004 -3.979300310737625E-005
  4.192200905000288E-006  1.060696911090867E-005
  6.797090632816748E-006 -1.320714800529063E-006
          70 -1.215848447672240E-004  6.005573986685010E-005
 -3.295669706600482E-006 -1.028053764113781E-005
  6.420089005019930E-006 -1.762750339268757E-006
          71 -3.866456392242586E-005  1.487699144318934E-004
 -3.054902450171859E-005 -5.978462930302966E-007
  6.552840490085242E-006 -2.443671425446679E-006
          72  9.606963946915416E-005  1.329650524146054E-004
 -3.067095360553170E-005  4.159205236429746E-005
  6.323467639226734E-006 -3.859193530403561E-006
          73  1.657824958845146E-004  7.316565380705874E-006
  1.815497601400703E-005  6.913281009452355E-005
  5.077586210391542E-006 -5.264374034474949E-006
          74  1.014492747701856E-004 -1.233910095411094E-004
  7.819494587813686E-005  3.857659045916720E-005
  3.055726978420484E-006 -5.568724065198905E-006
          75 -3.990871779176205E-005 -1.410069355984123E-004
  8.935904063636318E-005 -3.621752059341187E-005
  1.525003908134571E-006 -4.503171087516812E-006
          76 -1.240246475326809E-004 -3.516030580990092E-005
  3.302878361701598E-005 -9.114260651740614E-005
  1.431442486824114E-006 -3.128832719286321E-006
          77 -7.556115805513328E-005  8.192164428210719E-005
 -4.218538442269108E-005 -7.831982146454514E-005
  2.349824835352591E-006 -2.503703819830911E-006
          78  4.454326754216093E-005  8.995612832945155E-005
 -7.273734748765625E-005 -1.569635849778758E-005
  3.215089859001161E-006 -3.170155280301795E-006
          79  1.005859807841744E-004 -1.477983689036381E-005
 -4.196752127000674E-005  3.551375533262582E-005
  3.050873916345257E-006 -4.490066455837833E-006
          80  2.504338833893873E-005 -1.127728761398794E-004
  5.490707148659962E-006  3.377508790593931E-005
  1.888305826696933E-006 -5.248134055727635E-006
          81 -1.062538896971353E-004 -8.513695391416788E-005
  1.703472655894144E-005 -1.138396705848120E-006
  5.634312171237721E-007 -4.885434722517022E-006
          82 -1.474870974807519E-004  5.638170133672027E-005
 -1.187355756085211E-005 -1.622918062153825E-005
  2.521413698039841E-007 -3.939595808078624E-006
          83 -3.652263881083200E-005  1.734234040773444E-004
 -3.473885796698000E-005  1.421136739080322E-005
  8.221060372215514E-007 -3.655901774776796E-006
          84  1.335454469020048E-004  1.379900679606099E-004
 -8.928591916594130E-006  5.586160030133375E-005
  1.063611231110027E-006 -4.300872907476450E-006
          85  1.989624811585327E-004 -3.342405363333459E-005
  5.258382201844181E-005  5.351926518521302E-005
  3.441908969566384E-007 -5.169545824054820E-006
          86  8.691863433365541E-005 -1.874433996319604E-004
  9.108931659602667E-005 -9.126458502338070E-006
 -1.033573869628811E-006 -5.106280069391949E-006
          87 -1.073538084421449E-004 -1.774616784627179E-004
  5.842267453454084E-005 -8.589828557313402E-005
 -1.862325102917670E-006 -3.990797402012094E-006
          88 -2.054426263169915E-004 -7.471356213132443E-006
 -2.949951759295368E-005 -1.072989867126592E-004
 -1.588241263321041E-006 -2.850371234371655E-006
          89 -1.149682559254585E-004  1.668789119226992E-004
 -1.030450557777074E-004 -4.693078297151917E-005
 -5.089744538337885E-007 -2.529358960764833E-006
          90  8.016423597456666E-005  1.835788733107484E-004
 -9.859677720070076E-005  4.984563996566166E-005
  2.361201051991292E-007 -3.414435651866411E-006
          91  1.979417100424057E-004  2.698786718250120E-005
 -1.931382729098541E-005  1.033426270989476E-004
 -1.642305470669763E-007 -4.671183922453341E-006
          92  1.262847426720507E-004 -1.562490804971555E-004
  6.852572264226272E-005  7.234049047969267E-005
 -1.456372814974788E-006 -5.352715328927678E-006
          93 -6.837468325866443E-005 -1.914597304196095E-004
  9.361675561060178E-005 -1.310998624616738E-005
 -2.942104016162377E-006 -4.853355530620087E-006
          94 -2.015929171233033E-004 -4.341317467803777E-005
  4.212590549189970E-005 -7.898751027300912E-005
 -3.509451521610750E-006 -3.654056910403908E-006
          95 -1.461018621195000E-004  1.491432261646828E-004
 -3.514981266271129E-005 -7.567299635369768E-005
 -3.120497203602521E-006 -2.800675933416541E-006
          96  4.745560226559620E-005  2.049332775410031E-004
 -7.305953188415221E-005 -1.580085460221013E-005
 -2.430227382365691E-006 -2.813882679468678E-006
          97  1.979097261425021E-004  7.055667695175696E-005
 -4.734076155120142E-005  4.181108776420411E-005
 -2.456493458326585E-006 -3.638325883562864E-006
          98  1.644628609413457E-004 -1.269297276726640E-004
  6.538319554042939E-006  4.950135389195055E-005
 -3.418881255836023E-006 -4.132220731433206E-006
          99 -1.757245326976443E-005 -2.029254256528101E-004
  3.460951508054543E-005  1.385072485050277E-005
 -4.559671953054932E-006 -3.812739404246381E-006
         100 -1.756666837593365E-004 -9.219056654509458E-005
  1.863473067333588E-005 -1.890921823170853E-005
 -5.258560846973388E-006 -2.941954625048309E-006
         101 -1.668911013721347E-004  9.552224704686290E-005
 -9.735479167531883E-006 -1.600178004484579E-005
 -5.370916818107313E-006 -2.266281347574000E-006
         102 -8.515914984447408E-006  1.851521128105502E-004
 -1.247845244843811E-005  8.352793619253267E-006
 -5.585156299256800E-006 -1.963810766779487E-006
         103  1.450970125026243E-004  1.020212174314449E-004
  1.317930910886430E-005  1.558906507433936E-005
 -6.167316944246104E-006 -1.589382453546000E-006
         104  1.559026770807327E-004 -6.360348367149925E-005
  3.141023024007942E-005 -1.326453271296097E-005
 -6.899602305932164E-006 -7.098358350387459E-007
         105  2.955063974563206E-005 -1.553905590995599E-004
  7.468049070323937E-006 -5.106599778175558E-005
 -7.152305367014193E-006  7.501943894476265E-007
         106 -1.052860074679696E-004 -1.017147621511807E-004
 -4.930309441447528E-005 -4.862870782822368E-005
 -6.542835075607014E-006  2.143958457823666E-006
         107 -1.295351861695085E-004  2.847177944258543E-005
 -8.299276113757049E-005  1.041132424921453E-005
 -5.496133171104589E-006  2.781844432394486E-006
         108 -4.314595415425527E-005  1.085089318235412E-004
 -4.895531952629353E-005  7.975381040982153E-005
 -4.769579466369810E-006  2.772112265439568E-006
         109  5.464605708761156E-005  8.249254392893353E-005
  3.474121009608576E-005  9.245774869146994E-005
 -4.698390080565238E-006  2.645700362318344E-006
         110  7.938978211877602E-005  3.354876176144356E-006
  9.633891599393315E-005  2.781923564771792E-005
 -4.955495368338334E-006  3.128424529723820E-006
         111  3.806724966674473E-005 -4.451098845204944E-005
  7.859497641793358E-005 -6.146829651243653E-005
 -4.739233786145551E-006  4.147188732221542E-006
         112 -3.086895093442202E-006 -3.686840347913546E-005
 -3.793736676571740E-006 -9.792450375124771E-005
 -3.728788460955963E-006  5.014969409860980E-006
         113 -7.967564330260853E-006 -1.826757356374437E-005
 -7.733878878921313E-005 -5.379826779539935E-005
 -2.382507843381949E-006  4.916770817532132E-006
         114 -6.170764082161263E-006 -2.433123554862496E-005
 -8.344822704332884E-005  2.476968924629602E-005
 -1.843180703162098E-006  4.127563135657014E-006
         115 -3.301662813319870E-005 -3.118089857291455E-005
 -3.006371536829346E-005  6.876322767781489E-005
 -2.153465341364213E-006  3.707455832980931E-006
         116 -6.739513968943683E-005  4.663073843848792E-006
  2.431303036634194E-005  5.222126485009142E-005
 -2.563406715433501E-006  4.090435015133465E-006
         117 -5.037177499283263E-005  7.302735850326301E-005
  3.467178878391167E-005  1.172917258174292E-005
 -2.237983815423010E-006  4.944010248138430E-006
         118  3.443824560470015E-005  1.015109318071315E-004
  1.400892342141113E-005 -5.099073398348870E-006
 -1.339709923552267E-006  5.159947406027125E-006
         119  1.161039371662745E-004  3.529380592037193E-005
  3.692776986240912E-006  6.981799930291507E-006
 -8.744698741708828E-007  4.827526652303796E-006
         120  1.023159724417927E-004 -8.074127101274964E-005
  2.155345363751435E-005  1.424736421276528E-005
 -9.637404842150044E-007  4.673470989130277E-006
         121 -1.069185046415621E-005 -1.332999039502388E-004
  3.976022257193214E-005 -1.075996074368891E-005
 -1.185193355574216E-006  5.232611477636706E-006
         122 -1.169615500116140E-004 -6.058842576533698E-005
  2.144415017641064E-005 -4.955942639103253E-005
 -6.189249734977741E-007  6.260817809904021E-006
         123 -1.046590376474821E-004  6.890775355959941E-005
 -3.090796046035616E-005 -5.631435001548876E-005
  8.083265119989036E-007  6.825545939988891E-006
         124  1.582207646598233E-005  1.159655637977542E-004
 -6.978805734530597E-005 -1.171714461901376E-005
  2.444056351761632E-006  6.363142559977880E-006
         125  1.090680637986701E-004  2.658263217272073E-005
 -5.471236696069303E-005  4.726915784143157E-005
  3.281641346836744E-006  4.997907115215986E-006
         126  6.291471297741078E-005 -9.812288563919727E-005
  6.396813956975304E-007  6.736509533072746E-005
  2.945796854979550E-006  3.892730547649756E-006
         127 -7.936339249044217E-005 -1.057794920398878E-004
  4.235836768826942E-005  3.467400785406007E-005
  2.237021181710848E-006  3.823494612389047E-006
         128 -1.532772609276475E-004  3.404310855819181E-005
  3.373807469497796E-005 -8.271413283535232E-006
  2.237163299453797E-006  4.652456882975234E-006
         129 -4.943887662343258E-005  1.793497496431247E-004
 -8.791884121372653E-007 -1.194815219908586E-005
  3.479564609287120E-006  5.149136002506388E-006
         130  1.495608043527062E-004  1.541859712450187E-004
 -7.492923525400474E-006  2.084789335095111E-005
  4.890251774290770E-006  4.379562187543849E-006
         131  2.350681557982683E-004 -5.058088285860862E-005
  3.301784566917022E-005  3.627499033255940E-005
  5.338104560263550E-006  2.840105771874052E-006
         132  9.185069967638952E-005 -2.446190583491566E-004
  7.318410861144098E-005 -7.458163878500004E-006
  4.593224635292000E-006  1.720669702549370E-006
         133 -1.648492034322160E-004 -2.221874670065599E-004
  4.928160097468353E-005 -8.024426433613524E-005
  3.655513045908969E-006  1.846621403688005E-006
         134 -2.856776122824227E-004  2.013956530290208E-005
 -4.093153011038907E-005 -1.029332485509989E-004
  3.664967500326274E-006  2.720130624498847E-006
         135 -1.367861314485552E-004  2.572059071326279E-004
 -1.197148825362659E-004 -3.122902083784834E-005
  4.815037842154195E-006  3.154156222871001E-006
         136  1.491808001428613E-004  2.526802323388927E-004
 -1.037143652473879E-004  8.399650288302408E-005
  6.133591257415880E-006  2.357929646590160E-006
         137  2.947654422063065E-004  1.540908059922623E-006
  6.012188890002080E-006  1.394849607750146E-004
  6.501981098859082E-006  8.517968668010630E-007
         138  1.519511767599399E-004 -2.550863300397258E-004
  1.165955204999418E-004  7.883734979747190E-005
  5.883170459306673E-006 -2.127229437307319E-007
         139 -1.445491880302346E-004 -2.633469793958036E-004
  1.283119578491718E-004 -4.672465653625008E-005
  5.240768675662457E-006 -3.064841956450293E-007
         140 -3.045987129898141E-004 -1.112699252886362E-005
  3.136986766334734E-005 -1.242915870062387E-004
  5.435402910698042E-006 -7.031718555623107E-008
         141 -1.712004502591897E-004  2.573248271580373E-004
 -8.278025344566348E-005 -8.460155823073159E-005
  6.230812848746972E-006 -5.277097884640237E-007
         142  1.270735737523548E-004  2.845464150858078E-004
 -1.072160720599326E-004  2.972815067727127E-005
  6.593131605950329E-006 -1.925876841839671E-006
         143  3.069548136721681E-004  4.808248980743200E-005
 -2.390364991262042E-005  1.066390133095640E-004
  5.783207843483299E-006 -3.399803126026865E-006
         144  2.054611149768918E-004 -2.251249734338522E-004
  8.179660053701278E-005  7.476633820294764E-005
  4.237151402917827E-006 -3.836654282600572E-006
         145 -7.001352326885444E-005 -2.848701455030140E-004
  1.080958505317899E-004 -2.947601820748528E-005
  3.154501990562556E-006 -3.035787129591530E-006
         146 -2.599146081903934E-004 -9.468466221637370E-005
  3.502544025756862E-005 -1.042098981139308E-004
  3.431178822100130E-006 -1.885616641689992E-006
         147 -2.050705460737389E-004  1.519093541599622E-004
 -6.305877884197928E-005 -8.210543498700540E-005
  4.778427341908812E-006 -1.725611510512237E-006
         148  1.559923323765826E-005  2.296288890713943E-004
 -9.362175891352874E-005  7.759483823994394E-006
  5.906509918625313E-006 -2.999597641497032E-006
         149  1.802167416724105E-004  9.350871433448815E-005
 -3.748037312594120E-005  7.470935069259509E-005
  5.786665456897060E-006 -4.913962391951947E-006
         150  1.474341795215841E-004 -9.643311210574731E-005
  4.023270912675326E-005  6.187282522249840E-005
  4.532369322201677E-006 -6.168433611397848E-006
         151 -1.713797927742998E-005 -1.517041210084711E-004
  6.373854768654507E-005 -3.495452439093674E-006
  3.294304938872721E-006 -6.393162735090020E-006
         152 -1.295030437701176E-004 -4.008301474409700E-005
  2.244204048608907E-005 -4.696935274513704E-005
  2.719801891515889E-006 -6.277841087545934E-006
         153 -7.919995955842290E-005  9.951745527954506E-005
 -2.632944241387679E-005 -2.909722814596202E-005
  2.621731300424302E-006 -6.555500072858678E-006
         154  6.450027351562516E-005  1.104443802213323E-004
 -2.530115288805156E-005  1.847065057983794E-005
  2.238279302080496E-006 -7.493374540968490E-006
         155  1.344753934907864E-004 -1.659629641429374E-005
  2.069240206084043E-005  3.232235466516027E-005
  1.085020100224254E-006 -8.472091285735096E-006
         156  4.775603495241413E-005 -1.388591768719404E-004
  5.450788775861943E-005 -9.209481511383616E-006
 -6.971406718505108E-007 -8.923995671838173E-006
         157 -1.080610611135218E-004 -1.168515049207060E-004
  2.978739300812396E-005 -6.688597045761643E-005
 -2.635562770305405E-006 -8.343949221697356E-006
         158 -1.660779181031690E-004  3.827581631977318E-005
 -4.197389759553552E-005 -7.645104818220350E-005
 -3.759704887144957E-006 -7.012399746313757E-006
         159 -5.457835100573326E-005  1.712479373926694E-004
 -9.488343586537780E-005 -1.577222740508604E-005
 -3.944511538547391E-006 -5.833416937866878E-006
         160  1.232932704454980E-004  1.402217852922820E-004
 -7.426638296338409E-005  6.853695868945894E-005
 -3.823077993320340E-006 -5.381910514623302E-006
         161  1.886845169823017E-004 -3.438685546185448E-005
  1.049219784106454E-005  1.029793414766028E-004
 -4.157844581073425E-006 -5.389432936331105E-006
         162  6.805737820511762E-005 -1.838151962466633E-004
  9.013432279548992E-005  5.343340609236168E-005
 -4.992081946155355E-006 -5.148841576279823E-006
         163 -1.275628728077368E-004 -1.543552655420587E-004
  9.685961901491105E-005 -4.022213415654289E-005
 -5.907001028289032E-006 -4.289599323633050E-006
         164 -2.026400783869823E-004  3.522911678502955E-005
  2.656420543670108E-005 -9.843745685579291E-005
 -6.233081457500807E-006 -2.902678908590143E-006
         165 -7.208822253489208E-005  2.009329106885426E-004
 -5.551872343285167E-005 -7.578301537440245E-005
 -5.688922283600729E-006 -1.780016794590687E-006
         166  1.451645543200533E-004  1.707265023738101E-004
 -8.042783076171325E-005 -3.551883541467933E-006
 -4.913387592941436E-006 -1.502027879619088E-006
         167  2.336562900234286E-004 -4.041273879211434E-005
 -3.900809470381724E-005  4.832141986450097E-005
 -4.710834531840266E-006 -1.878794625956258E-006
         168  9.269395954137489E-005 -2.334416605019797E-004
  1.599826539728724E-005  3.847464968821254E-005
 -5.373152844985553E-006 -2.035603237751153E-006
         169 -1.549003074119800E-004 -2.141486568862563E-004
  2.662737782983978E-005 -7.894319188402127E-006
 -6.207079910800690E-006 -1.293992055540299E-006
         170 -2.742295625957059E-004  1.202412440186074E-005
 -1.192165903542694E-005 -3.111679496903587E-005
 -6.327255200061985E-006  4.548332447165957E-008
         171 -1.464141829323717E-004  2.384442161748624E-004
 -4.954610041385371E-005  5.405761709746724E-007
 -5.515906417719262E-006  1.102466374474995E-006
         172  1.131340188449233E-004  2.545888265616225E-004
 -3.409432374949440E-005  5.636723841172456E-005
 -4.408285190545689E-006  1.194881856600852E-006
         173  2.650826065453139E-004  4.987329258878028E-005
  3.231711820155633E-005  7.334248100031311E-005
 -3.947086529808146E-006  4.834640514386443E-007
         174  1.789950880868938E-004 -1.787423041686931E-004
  9.015320471875054E-005  1.976776615578308E-005
 -4.521420289808107E-006 -1.296507984157281E-007
         175 -4.498261746503842E-005 -2.244908705181576E-004
  7.779046171359280E-005 -6.652554943806121E-005
 -5.586176843528083E-006  1.742120457893255E-007
         176 -1.863711001649286E-004 -7.053065061437720E-005
 -4.442731064015389E-006 -1.094931955941391E-004
 -6.155224902379920E-006  1.376934100963001E-006
         177 -1.275124453817267E-004  1.074069775501310E-004
 -8.995070409825850E-005 -6.744825488119052E-005
 -5.736092229647248E-006  2.635106465964059E-006
         178  3.734809174465676E-005  1.308975079835548E-004
 -1.062331313076603E-004  2.548739455663527E-005
 -4.847625071224821E-006  3.129802826636277E-006
         179  1.153288976378819E-004  2.483070546341001E-006
 -4.297959454894107E-005  8.976366116000976E-005
 -4.358206209985165E-006  2.963750793242124E-006
         180  2.683483699254660E-005 -1.095997363361249E-004
  3.901610145395239E-005  7.463022964668927E-005
 -4.567727654476943E-006  2.889250195767997E-006
         181 -1.118417168372201E-004 -6.347280994651705E-005
  6.617589640694476E-005  4.877762424475907E-006
 -4.947837415850182E-006  3.496519994970114E-006
         182 -1.217056158670452E-004  9.484408444189186E-005
  2.368862750233293E-005 -4.581848601762565E-005
 -4.770658292594904E-006  4.503034163938871E-006
         183  3.378080149250093E-005  1.793314646405247E-004
 -3.400576270791615E-005 -3.075542735423929E-005
 -4.007391918247619E-006  5.251796031050840E-006
         184  1.974221778409661E-004  6.859848203469125E-005
 -4.183969656219049E-005  2.513555602526657E-005
 -3.185176391981803E-006  5.369009960167285E-006
         185  1.785437778494068E-004 -1.485543134829680E-004
  7.058546843838152E-006  5.374264879684751E-005
 -2.947817900937949E-006  5.172526806795448E-006
         186 -3.587117224192954E-005 -2.495315241573795E-004
  5.547149291834701E-005  1.949363558567173E-005
 -3.206122768286058E-006  5.469749469743734E-006
         187 -2.465220277253320E-004 -1.077455952196483E-004
  4.593625817700246E-005 -4.348992287110958E-005
 -3.302277393512026E-006  6.524925721919829E-006
         188 -2.343612369319046E-004  1.610205723121339E-004
 -1.861999856813033E-005 -6.645994511807830E-005
 -2.472440278551549E-006  8.015738710278332E-006
         189  1.284695367781657E-005  2.984293295844699E-004
 -7.365138920594994E-005 -1.869802161050378E-005
 -5.829541628210134E-007  8.838004757142702E-006
         190  2.708857143272978E-004  1.554335351503529E-004
 -5.997454811528164E-005  5.685840457687340E-005
  1.334574894729499E-006  8.486741118421689E-006
         191  2.883733334534182E-004 -1.496599528544352E-004
  1.517033180472172E-005  8.532329942407245E-005
  2.465118653387243E-006  7.432005139073779E-006
         192  3.373454496478533E-005 -3.338819225857708E-004
  8.085499252972405E-005  3.417765802187854E-005
  2.767825812471716E-006  6.613855271990443E-006
         193 -2.653206595921444E-004 -2.179216097286999E-004
  7.109121846894409E-005 -5.146254134817587E-005
  2.979172608209761E-006  6.407441560943296E-006
         194 -3.321314645318054E-004  9.954785995914365E-005
 -1.003661388112375E-005 -8.888666188741056E-005
  3.561287327059081E-006  6.435232576881496E-006
         195 -1.030597331844267E-004  3.289643808531536E-004
 -8.628775214943708E-005 -3.768295778166197E-005
  4.585599576449397E-006  6.186987693715512E-006
         196  2.102313866778225E-004  2.633607535515403E-004
 -8.366209272017053E-005  5.566572040810697E-005
  5.522401543863106E-006  5.333028512900429E-006
         197  3.221630736741011E-004 -2.765481123882543E-005
 -3.733040453879223E-006  1.045301814506071E-004
  5.904221299657087E-006  4.245781918437028E-006
         198  1.442592091517849E-004 -2.684665000814030E-004
  7.872840342865213E-005  6.515052729563796E-005
  5.776158891145520E-006  3.447132549317503E-006
         199 -1.391162148120188E-004 -2.463565637769918E-004
  8.940220799773616E-005 -1.867418627787020E-005
  5.775465392073876E-006  3.275203233481211E-006
         200 -2.595162302155276E-004 -7.458051375686958E-006
  3.238365035368295E-005 -6.535618437750186E-005
  6.464101280007394E-006  3.049756819117577E-006
         201 -1.230047742112035E-004  2.024904683541899E-004
 -2.344061385398090E-005 -4.325141542259211E-005
  7.330104993801226E-006  1.994844626935746E-006
         202  1.105488298733068E-004  1.864061721739721E-004
 -2.377784819588294E-005  2.380015610500892E-006
  7.399310382979637E-006  2.624312199667747E-007
         203  1.999357375129524E-004 -1.402891462805611E-005
  1.225034369140484E-005  8.139228835252206E-006
  6.295675533597284E-006 -1.118225688495472E-006
         204  6.972412353995481E-005 -1.752274218298293E-004
  2.005346041930358E-005 -3.223311605893448E-005
  4.771107208111042E-006 -1.251555859808485E-006
         205 -1.233343770605662E-004 -1.321102912235178E-004
 -3.209917561399784E-005 -5.737314248014804E-005
  4.030196538300537E-006 -2.679669764030929E-007
         206 -1.670979005583881E-004  5.405104275256400E-005
 -9.481480782971129E-005 -8.311391462654165E-006
  4.665729551547739E-006  7.402461074984372E-007
         207 -2.100045459634424E-005  1.706763496515555E-004
 -8.371789665105557E-005  9.385615274195623E-005
  6.125770024286698E-006  6.714984739172882E-007
         208  1.443067825439257E-004  8.869704753615642E-005
  2.671333647698694E-005  1.533503211201723E-004
  7.256228336671742E-006 -6.633210133150147E-007
         209  1.390197773537712E-004 -9.553987848593272E-005
  1.584164682826333E-004  8.985322260800050E-005
  7.241703114673930E-006 -2.490280030575267E-006
         210 -3.329879176673483E-005 -1.682297469772872E-004
  1.895910723776165E-004 -7.109568364617550E-005
  6.307323868836007E-006 -3.762252393825952E-006
         211 -1.758163211580525E-004 -3.722692173164061E-005
  7.065091123326100E-005 -2.029295920676154E-004
  5.318945356549791E-006 -4.219026693159277E-006
         212 -1.136245983768555E-004  1.577253773989385E-004
 -1.147774891493126E-004 -1.867356896643199E-004
  4.798188050369552E-006 -4.389530901536023E-006
         213  1.042338229216809E-004  1.883922710085018E-004
 -2.152762412530009E-004 -2.587812610962390E-005
  4.511152675785929E-006 -4.867675755640989E-006
         214  2.411928590405653E-004 -7.912512033993774E-006
 -1.466809327953744E-004  1.495599186670001E-004
  3.867557397358136E-006 -5.611950742530223E-006
         215  1.224663044093011E-004 -2.412473658840763E-004
  2.909824329611572E-005  1.958864459296790E-004
  2.656866626559713E-006 -6.058162316034446E-006
         216 -1.632167037826546E-004 -2.528891797038362E-004
  1.604858447093276E-004  8.741975194468893E-005
  1.363581429411188E-006 -5.665579556621347E-006
         217 -3.305173718660072E-004  8.387883770415476E-006
  1.481439517069389E-004 -6.721097884457458E-005
  8.571084727079771E-007 -4.622787417897722E-006
         218 -1.832731346785174E-004  3.071081837244417E-004
  2.878305871371718E-005 -1.339728662475691E-004
  1.399555101453066E-006 -3.913766272624093E-006
         219  1.681733726965644E-004  3.416567194618041E-004
 -7.339340861295068E-005 -7.765627537385773E-005
  2.281717024987102E-006 -4.345859160219937E-006
         220  3.957051536578031E-004  5.002884269118607E-005
 -7.295577695762302E-005  1.978839196697426E-005
  2.302086784346340E-006 -5.740695162396693E-006
         221  2.688904985993908E-004 -3.102234202200641E-004
  2.177032033806443E-006  5.225482168193334E-005
  1.022334187127209E-006 -6.863792937361666E-006
         222 -1.089204850249410E-004 -4.005812366981468E-004
  5.202658424751813E-005 -2.311628293270004E-006
 -7.153797055045894E-007 -6.835588916060005E-006
         223 -3.905159068110390E-004 -1.319266188768935E-004
  1.575004728388842E-005 -6.884144968007975E-005
 -1.844890441537664E-006 -5.833715122758617E-006
         224 -3.183385538673644E-004  2.453941478570868E-004
 -6.902467133874577E-005 -6.108003097248710E-005
 -1.933275248818962E-006 -4.770596460271570E-006
         225  2.935665788434420E-005  3.838333399942969E-004
 -1.071833565554273E-004  2.809272021867828E-005
 -1.497912584985748E-006 -4.475791034249360E-006
         226  3.193072880890165E-004  1.704691257861809E-004
 -4.585107769433430E-005  1.171104579640175E-004
 -1.410459667922166E-006 -4.921970819082208E-006
         227  2.879351489041912E-004 -1.703311317624500E-004
  7.095004343618880E-005  1.176330730340143E-004
 -2.145606834585759E-006 -5.437086994340959E-006
         228 -5.005182947433212E-006 -3.052514845080996E-004
  1.435491259286446E-004  1.970974371101898E-005
 -3.373032861537927E-006 -5.202684124726707E-006
         229 -2.487528978211134E-004 -1.247292063144516E-004
  1.097559954318945E-004 -9.764005938126127E-005
 -4.163932253015565E-006 -4.118014576340100E-006
         230 -2.031041976876480E-004  1.598117624858853E-004
  1.418383548342865E-006 -1.418384801165767E-004
 -3.940688190886381E-006 -2.924039285346257E-006
         231  6.453276081646103E-005  2.417909406302477E-004
 -9.186103319652507E-005 -9.048416290995188E-005
 -3.048352032717388E-006 -2.610405069989631E-006
         232  2.536929276843813E-004  3.545639751213514E-005
 -1.087077659592140E-004 -1.462961883974434E-006
 -2.599528526151276E-006 -3.360649473708581E-006
         233  1.469012270508371E-004 -2.326484971254333E-004
 -6.448287249577322E-005  5.315906828070685E-005
 -3.295716819075729E-006 -4.288993084481357E-006
         234 -1.567265916429726E-004 -2.598120110032355E-004
 -1.805934067711434E-005  5.460478106224193E-005
 -4.804754933551746E-006 -4.384945048008696E-006
         235 -3.363359065120870E-004  1.301280499185548E-005
 -4.507733486211620E-006  4.062398435972162E-005
 -6.105941954677743E-006 -3.318495512196736E-006
         236 -1.763101971845124E-004  3.259744682458273E-004
 -1.324440909346042E-006  4.996546207014778E-005
 -6.367117666453967E-006 -1.799500086210378E-006
         237  1.993862445568550E-004  3.491650680501297E-004
  3.362005371428823E-005  6.854484194509769E-005
 -5.788446030730745E-006 -8.368114704202710E-007
         238  4.281873107440103E-004  2.247614805236800E-005
  9.880952401957598E-005  4.433897352157920E-005
 -5.237201624779069E-006 -7.861348956651245E-007
         239  2.660909679785697E-004 -3.621695932540865E-004
  1.339051976440111E-004 -4.846346255690363E-005
 -5.481303522381875E-006 -1.125478891022803E-006
         240 -1.592434441948070E-004 -4.351762840325360E-004
  7.320039996763017E-005 -1.607762663364224E-004
 -6.483685786528896E-006 -9.184860464135685E-007
         241 -4.572060471671559E-004 -1.101920560680229E-004
 -7.700673621415111E-005 -1.942192115032112E-004
 -7.408866065994041E-006  2.888670040734419E-007
         242 -3.442863240155530E-004  3.201190056404670E-004
 -2.196228079757630E-004 -8.906765658576776E-005
 -7.475437557345024E-006  2.040417941423578E-006
         243  7.785330708711938E-005  4.571334576987274E-004
 -2.355664402737873E-004  1.073037662728032E-004
 -6.600788452637935E-006  3.515886865930570E-006
         244  4.162119890000154E-004  1.776385714093076E-004
 -8.637474314469789E-005  2.591341214087706E-004
 -5.347330233375473E-006  4.179322320557609E-006
         245  3.600540291685220E-004 -2.500841620824451E-004
  1.367359954070169E-004  2.432022678268549E-004
 -4.429931800154179E-006  4.170663865342817E-006
         246 -2.579489096664287E-005 -4.225320729156198E-004
  2.704765274084119E-004  5.851732567003207E-005
 -4.108203142850776E-006  4.114461584866886E-006
         247 -3.653632223436562E-004 -1.858941669089584E-004
  2.144434003380343E-004 -1.602797620406481E-004
 -3.956205106366289E-006  4.528506640541968E-006
         248 -3.352450593911561E-004  2.200611680100206E-004
  1.743880635299695E-005 -2.520677347095798E-004
 -3.343662049519687E-006  5.188408827666934E-006
         249  2.745019334538376E-005  3.977170446608733E-004
 -1.645898376761923E-004 -1.634421383198022E-004
 -2.291267796937450E-006  5.447883555517725E-006
         250  3.646841648508041E-004  1.730987248406129E-004
 -2.048955779968629E-004  1.410965683724092E-005
 -1.377844350863699E-006  5.051028995599260E-006
         251  3.409752446337762E-004 -2.370364648940486E-004
 -1.064236723820402E-004  1.362541424391327E-004
 -1.157787684942966E-006  4.459910577282056E-006
         252 -3.147688407808570E-005 -4.305182059038817E-004
  2.190622409214263E-005  1.338565090031370E-004
 -1.382504774263513E-006  4.387972379264014E-006
         253 -4.001859693063478E-004 -2.072948684970383E-004
  7.882128590061880E-005  5.338810904542511E-005
 -1.386349855544973E-006  4.922653762120870E-006
         254 -4.062052214344520E-004  2.361760732223173E-004
  5.285292854214456E-005 -1.013634760121359E-005
 -6.858187676953958E-007  5.628366449026155E-006
         255 -2.535268025679350E-005  4.863442800787658E-004
  1.127862737652987E-005 -1.007483819613008E-005
  6.294427306823854E-007  5.742663007502820E-006
         256  4.012726580794712E-004  2.986259921505912E-004
  1.412097690514236E-005  1.726179089216739E-005
  1.813933653982683E-006  4.928410704992893E-006
