   5120.00000000000     
         256           1           3
  8.994473019507991E-004   41.7285344611946        113.723538794178     
   18.8300000000000        145.590000000000        6160.02000000000     
           0  0.000000000000000E+000  0.000000000000000E+000
  0.000000000000000E+000  0.000000000000000E+000
  0.000000000000000E+000  0.000000000000000E+000
           1  0.000000000000000E+000  0.000000000000000E+000
  1.062380431905880E-009  2.776177934315914E-010
 -1.893395632664662E-008  4.038408071507437E-011
           2  0.000000000000000E+000  0.000000000000000E+000
  9.822833504861039E-010  9.780397702818925E-010
 -2.116717744209794E-008 -8.286026897874214E-010
           3  0.000000000000000E+000  0.000000000000000E+000
  1.203958297675246E-009  2.006793138590917E-009
 -2.593156652849660E-008  1.012717226464711E-009
           4  0.000000000000000E+000  0.000000000000000E+000
  2.292043234990326E-009  3.228177463549554E-009
 -3.137127655239323E-008  8.965755405324762E-009
           5  0.000000000000000E+000  0.000000000000000E+000
  4.703197463224716E-009  3.800695647997691E-009
 -2.987933251652389E-008  2.438636687413888E-008
           6  0.000000000000000E+000  0.000000000000000E+000
  7.790796599971919E-009  1.964619822114142E-009
 -1.246437760893543E-008  3.811430483813420E-008
           7  0.000000000000000E+000  0.000000000000000E+000
  8.166508556940445E-009 -1.766632115885908E-009
  1.584779861172451E-008  3.387500616729927E-008
           8  0.000000000000000E+000  0.000000000000000E+000
  6.375035234613669E-009 -4.756299150785037E-009
  3.612581316378103E-008 -6.100495109968662E-011
           9  0.000000000000000E+000  0.000000000000000E+000
  2.694005850097657E-009 -5.641707148897946E-009
  1.281582907023618E-008 -4.727721393582771E-008
          10  0.000000000000000E+000  0.000000000000000E+000
  1.596684598737356E-010 -3.056608728056057E-009
 -5.447019148985680E-008 -5.373930663850533E-008
          11  0.000000000000000E+000  0.000000000000000E+000
  1.186630951948786E-009 -1.189749819606633E-009
 -1.079391686612127E-007  1.308487385639601E-008
          12  0.000000000000000E+000  0.000000000000000E+000
  1.025380379518635E-009  1.252116134015385E-009
 -7.099093597078255E-008  1.221864907535165E-007
          13  0.000000000000000E+000  0.000000000000000E+000
  6.259291618491988E-009  2.030929095173777E-009
  7.155567279237689E-008  1.404509818279357E-007
          14  0.000000000000000E+000  0.000000000000000E+000
  8.958851974046694E-009 -3.394364196877553E-009
  1.650120911057621E-007  6.008130605854303E-009
          15  0.000000000000000E+000  0.000000000000000E+000
  5.678212250703501E-009 -8.234569447812397E-009
  8.421635982242305E-008 -1.578668108501578E-007
          16  0.000000000000000E+000  0.000000000000000E+000
  7.902105714461933E-010 -9.573332652371385E-009
 -1.210808317626358E-007 -1.707774944868490E-007
          17  0.000000000000000E+000  0.000000000000000E+000
 -7.029357510437906E-009 -5.159343511673475E-009
 -2.462361448399196E-007  3.289307707512899E-008
          18  0.000000000000000E+000  0.000000000000000E+000
 -2.980635865517703E-009  4.788115938651980E-009
 -1.037975199082251E-007  2.477861411243274E-007
          19  0.000000000000000E+000  0.000000000000000E+000
  6.328094730514588E-009  4.103760544809266E-009
  1.600926917088828E-007  2.229862779510227E-007
          20  0.000000000000000E+000  0.000000000000000E+000
  9.528842318911481E-009 -3.213977912928615E-009
  2.743218465561614E-007 -2.728072664463698E-008
          21  0.000000000000000E+000  0.000000000000000E+000
  6.438622082492114E-009 -9.136675543169519E-009
  1.060828235352986E-007 -2.625667699845003E-007
          22  0.000000000000000E+000  0.000000000000000E+000
 -9.112238912503737E-010 -1.319540274764235E-008
 -2.028803408029810E-007 -2.268109329202129E-007
          23  0.000000000000000E+000  0.000000000000000E+000
 -9.367540862897486E-009 -2.821246390674783E-009
 -3.009167715312205E-007  8.476187698726358E-008
          24  0.000000000000000E+000  0.000000000000000E+000
 -6.650661763424378E-010  4.916043982901223E-009
 -8.267451276859848E-008  2.949775439016796E-007
          25  0.000000000000000E+000  0.000000000000000E+000
  7.124507809142283E-009  3.951456813224991E-010
  1.951622809960266E-007  2.219952567302988E-007
          26  0.000000000000000E+000  0.000000000000000E+000
  7.150397799165896E-009 -6.949835170711304E-009
  2.728560515938896E-007 -4.882085079524855E-008
          27  0.000000000000000E+000  0.000000000000000E+000
  2.219240615715379E-009 -1.298195436515423E-008
  7.331755380307848E-008 -2.471411174246670E-007
          28  0.000000000000000E+000  0.000000000000000E+000
 -1.150557879096317E-008 -7.816927768318332E-009
 -1.726360918018882E-007 -1.460152352632994E-007
          29  0.000000000000000E+000  0.000000000000000E+000
 -4.431313711500833E-009  5.289294879274189E-009
 -1.979652387479210E-007  5.589875648575514E-008
          30  0.000000000000000E+000  0.000000000000000E+000
  5.931308273725879E-009  1.471183328296401E-009
 -7.448454496941209E-008  1.939209338790232E-007
          31  0.000000000000000E+000  0.000000000000000E+000
  6.222535847541309E-009 -7.259507996053316E-009
  1.118936929714321E-007  1.689859735465847E-007
          32  0.000000000000000E+000  0.000000000000000E+000
  3.967217115679276E-010 -1.217368357320558E-008
  1.785522604663297E-007 -3.264713335086812E-009
          33  0.000000000000000E+000  0.000000000000000E+000
 -1.179300346440614E-008 -1.096507888005756E-008
  6.711494020823507E-008 -1.150078126287611E-007
          34  0.000000000000000E+000  0.000000000000000E+000
 -1.057150589716952E-008  5.765652215517418E-009
 -4.025599524316361E-008 -1.067723584701358E-007
          35  0.000000000000000E+000  0.000000000000000E+000
  2.941887470187424E-009  6.737356606621584E-009
 -1.193628829968623E-007 -1.335455565535420E-008
          36  0.000000000000000E+000  0.000000000000000E+000
  8.103008755406782E-009 -2.579777023003031E-009
 -6.220115361326951E-008  1.058271526307610E-007
          37  0.000000000000000E+000  0.000000000000000E+000
  3.972886908383354E-009 -1.074378180246773E-008
  6.065519169551820E-008  9.300167977436004E-008
          38  0.000000000000000E+000  0.000000000000000E+000
 -4.677176323531494E-009 -1.397799210723237E-008
  7.836589946805150E-008 -6.550665332492603E-009
          39  0.000000000000000E+000  0.000000000000000E+000
 -1.624709661607917E-008 -4.101325758927567E-009
  2.730056564514514E-008 -3.266796842176218E-008
          40  0.000000000000000E+000  0.000000000000000E+000
 -7.061016224372297E-009  8.121565388193383E-009
 -2.519942415994764E-008 -2.906815391094760E-008
          41  0.000000000000000E+000  0.000000000000000E+000
  3.553854559750379E-009  5.063236994545659E-009
 -3.080287210683762E-008  5.079034941010809E-008
          42  0.000000000000000E+000  0.000000000000000E+000
  6.463239407663253E-009 -3.263093704481980E-009
  6.532840467549227E-008  5.762705967537213E-008
          43  0.000000000000000E+000  0.000000000000000E+000
  2.458114506164992E-009 -1.089926835348487E-008
  8.439188634738500E-008 -5.409761833661530E-008
          44  0.000000000000000E+000  0.000000000000000E+000
 -9.914943666085650E-009 -1.225268301341784E-008
 -3.049976107457519E-008 -9.680720553122221E-008
          45  0.000000000000000E+000  0.000000000000000E+000
 -1.232093233345378E-008  2.338979269203002E-010
 -1.272404136843563E-007 -2.050027603160074E-008
          46  0.000000000000000E+000  0.000000000000000E+000
 -6.087374897304097E-009  4.526108963576033E-009
 -1.002917611507555E-007  1.596621064996379E-007
          47  0.000000000000000E+000  0.000000000000000E+000
 -4.207275809035794E-010  3.678537270541990E-009
  1.303611788797421E-007  2.004802177493680E-007
          48  0.000000000000000E+000  0.000000000000000E+000
  2.670530654103566E-009 -1.454882272918071E-009
  2.669557073301092E-007 -2.634347039291136E-008
          49  0.000000000000000E+000  0.000000000000000E+000
 -1.345885304314180E-009 -7.744979627065936E-009
  1.048121416465206E-007 -2.556764256098075E-007
          50  0.000000000000000E+000  0.000000000000000E+000
 -8.078039159687502E-009 -4.778434273599506E-009
 -1.817458888508647E-007 -2.193030633717073E-007
          51  0.000000000000000E+000  0.000000000000000E+000
 -8.588659962091005E-009  1.087240124047823E-010
 -2.963236592132504E-007  7.755426869664872E-008
          52  0.000000000000000E+000  0.000000000000000E+000
 -5.709737167807261E-009  3.439457140130040E-009
 -6.436850976164286E-008  3.236317928338858E-007
          53  0.000000000000000E+000  0.000000000000000E+000
 -1.519797645852644E-009  2.716006569570960E-009
  2.672889391979669E-007  2.265982375320990E-007
          54  0.000000000000000E+000  0.000000000000000E+000
 -5.816826351916148E-010 -1.184312605096573E-009
  3.400931718580892E-007 -1.157175710829060E-007
          55  0.000000000000000E+000  0.000000000000000E+000
 -3.887123873931061E-009 -3.563578598181109E-009
  7.108731084467207E-008 -3.485588177051682E-007
          56  0.000000000000000E+000  0.000000000000000E+000
 -7.537364440113165E-009 -8.752654904662693E-010
 -2.644564567494470E-007 -2.183172615591848E-007
          57  0.000000000000000E+000  0.000000000000000E+000
 -6.193903148791950E-009  3.108900241062895E-009
 -3.082543265394515E-007  1.317763348908346E-007
          58  0.000000000000000E+000  0.000000000000000E+000
 -2.636635518206844E-009  3.380817447862206E-009
 -3.081710699496305E-008  3.410614817734604E-007
          59  0.000000000000000E+000  0.000000000000000E+000
 -1.373180082710938E-009  5.372384256499170E-010
  2.925858771482271E-007  2.060961610893965E-007
          60  0.000000000000000E+000  0.000000000000000E+000
 -3.496133444720496E-009 -9.658704344445402E-010
  3.372279352344090E-007 -1.506380932928620E-007
          61  0.000000000000000E+000  0.000000000000000E+000
 -5.672102653776122E-009 -1.449612083666787E-009
  2.992683942970623E-008 -3.570954636845582E-007
          62  0.000000000000000E+000  0.000000000000000E+000
 -7.891947692355017E-009  3.176170321455545E-009
 -2.635392590699544E-007 -1.907460175693980E-007
          63  0.000000000000000E+000  0.000000000000000E+000
 -4.089527753888073E-009  5.509582752551598E-009
 -3.001968297582432E-007  1.293583377768843E-007
          64  0.000000000000000E+000  0.000000000000000E+000
 -1.778632700228337E-009  4.049512049331824E-009
 -2.350124715680587E-008  3.559806132539691E-007
          65  0.000000000000000E+000  0.000000000000000E+000
 -1.714501598391787E-009  3.013995191245172E-009
  3.404681614571823E-007  1.965475183893834E-007
          66  0.000000000000000E+000  0.000000000000000E+000
  5.188045129308077E-010  4.950110352102699E-010
  3.344587819317071E-007 -2.242024959933200E-007
          67  0.000000000000000E+000  0.000000000000000E+000
 -5.505339436678379E-009 -7.845772179704095E-010
 -4.505970956737423E-009 -3.891715448529038E-007
          68  0.000000000000000E+000  0.000000000000000E+000
 -6.377857717032700E-009  2.619459979754386E-009
 -3.692326040780714E-007 -2.051880598200724E-007
          69  0.000000000000000E+000  0.000000000000000E+000
 -6.315359620942971E-009  5.723230880392736E-009
 -3.511351682320968E-007  2.792096830220628E-007
          70  0.000000000000000E+000  0.000000000000000E+000
 -2.961157223311258E-009  8.823662183158260E-009
  1.390101005030453E-007  4.423680989530108E-007
          71  0.000000000000000E+000  0.000000000000000E+000
  4.209035309485387E-009  8.273628607529082E-009
  4.634929467530487E-007  3.991925882104913E-008
          72  0.000000000000000E+000  0.000000000000000E+000
  2.997726877343090E-009 -2.334494880533702E-009
  2.471228932347159E-007 -3.570882033418425E-007
          73  0.000000000000000E+000  0.000000000000000E+000
 -3.286704763005170E-009 -2.333329100562905E-009
 -1.831502192424773E-007 -4.222084317955575E-007
          74  0.000000000000000E+000  0.000000000000000E+000
 -8.459229989370341E-009  8.256160275768447E-010
 -4.702234467305997E-007  1.369389284645284E-009
          75  0.000000000000000E+000  0.000000000000000E+000
 -8.314156586477889E-009  8.825107713414281E-009
 -1.515999322578505E-007  4.212393529410295E-007
          76  0.000000000000000E+000  0.000000000000000E+000
 -9.172428572713292E-010  1.352068719512573E-008
  3.206335683646568E-007  2.692273372568625E-007
          77  0.000000000000000E+000  0.000000000000000E+000
  9.590908845598679E-009  6.164799358633192E-009
  3.283718545535686E-007 -1.596226643911343E-007
          78  0.000000000000000E+000  0.000000000000000E+000
  3.355212154279231E-009 -1.714522490627854E-009
  6.151494718462598E-008 -3.402939950076206E-007
          79  0.000000000000000E+000  0.000000000000000E+000
 -3.357837887256619E-009 -2.951417525453248E-009
 -2.925140731531954E-007 -1.918907040591310E-007
          80  0.000000000000000E+000  0.000000000000000E+000
 -9.020951083654894E-009  4.540833842975995E-009
 -2.113908493087108E-007  1.996817457231146E-007
          81  0.000000000000000E+000  0.000000000000000E+000
 -3.754089358585521E-009  1.307585977853351E-008
  1.275576474037900E-007  1.784032228085093E-007
          82  0.000000000000000E+000  0.000000000000000E+000
  8.776795958330455E-009  1.168204859776749E-008
  1.339641467856589E-007 -8.587866712534235E-008
          83  0.000000000000000E+000  0.000000000000000E+000
  6.960088836624437E-009  3.376762609806572E-010
 -1.186990744349097E-008 -1.041577300352211E-007
          84  0.000000000000000E+000  0.000000000000000E+000
  1.024789684726438E-009 -2.501952668021751E-009
 -1.286261403832859E-007 -2.415851276395468E-008
          85  0.000000000000000E+000  0.000000000000000E+000
 -5.310699932703467E-009  2.675416857627493E-009
 -2.247940593431239E-009  1.576256776579836E-007
          86  0.000000000000000E+000  0.000000000000000E+000
 -1.480507182448352E-009  9.769048484855602E-009
  2.056091071652631E-007 -2.945899918857998E-009
          87  0.000000000000000E+000  0.000000000000000E+000
  6.063192115230705E-009  9.820085886309347E-009
  6.451595917838441E-008 -2.480531046852703E-007
          88  0.000000000000000E+000  0.000000000000000E+000
  8.528441114037303E-009  2.447070034573552E-010
 -2.096951721289376E-007 -1.590301514755529E-007
          89  0.000000000000000E+000  0.000000000000000E+000
  2.684365036752144E-009 -2.133905806335874E-009
 -2.474011322252063E-007  5.698292048919822E-008
          90  0.000000000000000E+000  0.000000000000000E+000
 -2.968772351160030E-009  7.821913274281260E-011
 -9.835363281822662E-008  2.913698088166431E-007
          91  0.000000000000000E+000  0.000000000000000E+000
 -2.378667167567574E-009  7.101429513069236E-009
  2.590785861478562E-007  2.310155381554807E-007
          92  0.000000000000000E+000  0.000000000000000E+000
  3.686158377845877E-009  8.668603346882626E-009
  3.422215776874227E-007 -1.418189623805060E-007
          93  0.000000000000000E+000  0.000000000000000E+000
  8.808905958882191E-009  5.468889594274089E-009
  5.187512824344856E-008 -3.834420084418037E-007
          94  0.000000000000000E+000  0.000000000000000E+000
  6.517470604503620E-009 -1.634215813329453E-009
 -2.728860110862306E-007 -2.587094662411335E-007
          95  0.000000000000000E+000  0.000000000000000E+000
  1.760813441475380E-009 -2.723246228464483E-009
 -4.143396907831282E-007  5.972499902750063E-008
          96  0.000000000000000E+000  0.000000000000000E+000
 -2.772928666797367E-009  1.438864599409809E-009
 -1.581438402202905E-007  4.203252804722173E-007
          97  0.000000000000000E+000  0.000000000000000E+000
 -1.216886189908202E-010  6.938105667607108E-009
  2.882015924953542E-007  3.311733151126611E-007
          98  0.000000000000000E+000  0.000000000000000E+000
  4.852543898901945E-009  7.726674299212728E-009
  4.265841840016108E-007 -7.128670585606540E-008
          99  0.000000000000000E+000  0.000000000000000E+000
  8.918356301692900E-009  3.196722720983472E-009
  1.892157481644187E-007 -4.011857428440382E-007
         100  0.000000000000000E+000  0.000000000000000E+000
  7.395509335071227E-009 -7.295531530153900E-010
 -2.455797044679453E-007 -4.360902415957188E-007
         101  0.000000000000000E+000  0.000000000000000E+000
  3.239459670422137E-009 -2.154149147527224E-009
 -5.235789299321364E-007 -1.086544661504122E-008
         102  0.000000000000000E+000  0.000000000000000E+000
  1.316298782157971E-009  6.603841280622616E-010
 -2.822020384526561E-007  4.267278229937051E-007
         103  0.000000000000000E+000  0.000000000000000E+000
  2.034545943576457E-009  2.822654806095189E-009
  2.185808850287118E-007  4.635652070032794E-007
         104  0.000000000000000E+000  0.000000000000000E+000
  4.570825471924511E-009  3.685003354083858E-009
  5.252308856670836E-007  2.769871643272413E-008
         105  0.000000000000000E+000  0.000000000000000E+000
  6.477327330015604E-009  2.656258231521228E-009
  2.679479764862928E-007 -4.760920682974089E-007
         106  0.000000000000000E+000  0.000000000000000E+000
  7.221799502427070E-009  2.333185672009370E-013
 -3.050188676044102E-007 -4.499032507221426E-007
         107  0.000000000000000E+000  0.000000000000000E+000
  5.807363134062796E-009 -1.647094394590414E-009
 -5.178137930746917E-007  5.490213892292091E-008
         108  0.000000000000000E+000  0.000000000000000E+000
  4.375271682465507E-009 -1.921333649212411E-009
 -1.724233373826708E-007  4.464414223411426E-007
         109  0.000000000000000E+000  0.000000000000000E+000
  3.157061800177581E-009 -1.498575095749801E-009
  2.953817798448694E-007  2.995202264767369E-007
         110  0.000000000000000E+000  0.000000000000000E+000
  2.776941070527490E-009  4.695061636403022E-011
  3.308383676081625E-007 -1.485846963217822E-007
         111  0.000000000000000E+000  0.000000000000000E+000
  4.204279478503548E-009  1.382630278969671E-009
 -2.207538951658283E-008 -3.167694332074393E-007
         112  0.000000000000000E+000  0.000000000000000E+000
  6.280137583306962E-009  3.025064685461872E-010
 -2.827850424691697E-007 -8.404430482019620E-008
         113  0.000000000000000E+000  0.000000000000000E+000
  6.658403722425566E-009 -1.323877125417824E-009
 -1.453978937713413E-007  2.212712268107888E-007
         114  0.000000000000000E+000  0.000000000000000E+000
  6.835915698431233E-009 -3.359718261891949E-009
  1.665418235507107E-007  1.511200889763633E-007
         115  0.000000000000000E+000  0.000000000000000E+000
  3.595317890359329E-009 -5.587988814015065E-009
  1.518701950849770E-007 -1.573841314745471E-007
         116  0.000000000000000E+000  0.000000000000000E+000
  9.674884691005934E-010 -2.680598996765104E-009
 -1.653225827254854E-007 -1.913113732548598E-007
         117  0.000000000000000E+000  0.000000000000000E+000
  3.478860559095588E-009  4.572861183029100E-010
 -2.664723201063038E-007  8.930199074152153E-008
         118  0.000000000000000E+000  0.000000000000000E+000
  6.037018318671800E-009 -1.160217991601649E-009
 -4.393117599307072E-008  3.407105474973925E-007
         119  0.000000000000000E+000  0.000000000000000E+000
  7.556305704556344E-009 -3.430078814459859E-009
  3.549157810987328E-007  1.727305310745889E-007
         120  0.000000000000000E+000  0.000000000000000E+000
  5.160340137595533E-009 -9.027778392906941E-009
  2.853555422793500E-007 -3.062007591797350E-007
         121  0.000000000000000E+000  0.000000000000000E+000
 -1.785868532830507E-009 -6.061681304237956E-009
 -2.066520193864891E-007 -3.875235976085108E-007
         122  0.000000000000000E+000  0.000000000000000E+000
  3.769804378617389E-010  8.480325792455415E-010
 -4.229937053680288E-007 -3.122376005406040E-009
         123  0.000000000000000E+000  0.000000000000000E+000
  6.049482069094246E-009 -9.935176187236023E-010
 -2.695160824105542E-007  3.939042425507184E-007
         124  0.000000000000000E+000  0.000000000000000E+000
  7.472477743980296E-009 -4.832638248697739E-009
  2.590249476416213E-007  4.408748777000015E-007
         125  0.000000000000000E+000  0.000000000000000E+000
  5.285505900998706E-009 -1.129543451519732E-008
  4.763439354275373E-007 -5.372166861973950E-008
         126  0.000000000000000E+000  0.000000000000000E+000
 -5.654695065902288E-009 -9.704419938464587E-009
  1.574258440104412E-007 -4.203113560403462E-007
         127  0.000000000000000E+000  0.000000000000000E+000
 -5.420692101461180E-009  1.661106477225141E-009
 -2.601932146295523E-007 -3.341201455732049E-007
         128  0.000000000000000E+000  0.000000000000000E+000
  5.403890450427722E-009  2.898498898654034E-009
 -5.065802909473546E-007  2.410196273934045E-008
         129  0.000000000000000E+000  0.000000000000000E+000
  8.845692441963931E-009 -3.867481802283247E-009
 -2.112147479846083E-007  5.454346043605422E-007
         130  0.000000000000000E+000  0.000000000000000E+000
  7.834368882289819E-009 -1.118113949208777E-008
  4.009725159399546E-007  4.039580798072233E-007
         131  0.000000000000000E+000  0.000000000000000E+000
 -2.842177615407300E-009 -1.678786041218771E-008
  5.092957190863070E-007 -1.489045759727361E-007
         132  0.000000000000000E+000  0.000000000000000E+000
 -1.174837645665223E-008 -4.975047962066188E-009
  1.108837959903215E-007 -5.111155886269530E-007
         133  0.000000000000000E+000  0.000000000000000E+000
 -2.437552400222924E-009  5.153941466760302E-009
 -4.360694870781961E-007 -4.072798746796326E-007
         134  0.000000000000000E+000  0.000000000000000E+000
  6.095101518124809E-009  6.409442767568505E-011
 -6.414418808640859E-007  3.140390921644593E-007
         135  0.000000000000000E+000  0.000000000000000E+000
  8.391879603817749E-009 -7.248398544813832E-009
  5.152820636991217E-008  7.225744500135319E-007
         136  0.000000000000000E+000  0.000000000000000E+000
  1.789421489369372E-009 -1.716285638336733E-008
  6.385779247959927E-007  2.928422334771212E-007
         137  0.000000000000000E+000  0.000000000000000E+000
 -1.208335190832070E-008 -1.112021859115201E-008
  5.800466406742807E-007 -4.340360948617688E-007
         138  0.000000000000000E+000  0.000000000000000E+000
 -8.738449746084764E-009  1.201500964613199E-009
 -1.548138969268129E-007 -7.934607090703498E-007
         139  0.000000000000000E+000  0.000000000000000E+000
 -1.377511278257239E-009  5.955624176157923E-010
 -8.941759972809029E-007 -1.095171689314336E-007
         140  0.000000000000000E+000  0.000000000000000E+000
  1.937456378603338E-009 -1.987058087286225E-009
 -4.134025786881492E-007  7.950155531792925E-007
         141  0.000000000000000E+000  0.000000000000000E+000
  1.914190315929319E-009 -8.538702898782123E-009
  5.193797681030592E-007  7.057770469522665E-007
         142  0.000000000000000E+000  0.000000000000000E+000
 -6.785117373574963E-009 -9.793219583566093E-009
  8.648045497570957E-007 -1.527184871694562E-007
         143  0.000000000000000E+000  0.000000000000000E+000
 -8.507181212786524E-009 -2.465077801899559E-009
  2.142428699583953E-007 -8.380040736574319E-007
         144  0.000000000000000E+000  0.000000000000000E+000
 -4.309825033310647E-009 -8.766033879898435E-010
 -7.099309382605567E-007 -4.878745205517880E-007
         145  0.000000000000000E+000  0.000000000000000E+000
 -3.244974100830978E-009 -9.127751930888045E-010
 -6.311286758527769E-007  4.767707989354778E-007
         146  0.000000000000000E+000  0.000000000000000E+000
 -6.743869709400445E-010 -2.370242490933444E-009
  1.638646764533363E-007  6.713723230736845E-007
         147  0.000000000000000E+000  0.000000000000000E+000
 -2.278385381658716E-009 -6.615474240669327E-009
  5.885716640291533E-007  1.412108057996789E-007
         148  0.000000000000000E+000  0.000000000000000E+000
 -7.671199575204390E-009 -4.830188017112018E-009
  3.307549210587072E-007 -4.093047123099737E-007
         149  0.000000000000000E+000  0.000000000000000E+000
 -6.738803044916488E-009 -1.028664254866503E-010
 -2.173360514986282E-007 -3.876745216859077E-007
         150  0.000000000000000E+000  0.000000000000000E+000
 -3.985231612835738E-009  1.836414769852653E-011
 -3.697762166658936E-007  1.113657532004186E-007
         151  0.000000000000000E+000  0.000000000000000E+000
 -2.138514223018259E-009 -4.498391790398210E-010
  4.833694323918125E-008  3.099703205364502E-007
         152  0.000000000000000E+000  0.000000000000000E+000
 -1.270194951398460E-009 -3.942745002710874E-009
  2.419185495268927E-007  8.906346156583000E-009
         153  0.000000000000000E+000  0.000000000000000E+000
 -5.847665352982508E-009 -6.282117182077309E-009
  3.931449905729348E-008 -1.949165737566424E-007
         154  0.000000000000000E+000  0.000000000000000E+000
 -9.211629110561594E-009 -2.199861974961440E-009
 -2.036922233316548E-007 -5.287118891689150E-008
         155  0.000000000000000E+000  0.000000000000000E+000
 -7.589404373222412E-009  1.231846659318390E-009
 -1.205132383600346E-007  2.528810559942963E-007
         156  0.000000000000000E+000  0.000000000000000E+000
 -5.202853473076520E-009  2.623540595463839E-009
  2.678291531509544E-007  2.422720332179623E-007
         157  0.000000000000000E+000  0.000000000000000E+000
 -2.061140006045621E-009  1.292876022677728E-009
  3.567812294632377E-007 -1.724126759173413E-007
         158  0.000000000000000E+000  0.000000000000000E+000
 -2.266137924241157E-009 -2.322471485317715E-009
 -3.432378726931085E-009 -3.993853730251205E-007
         159  0.000000000000000E+000  0.000000000000000E+000
 -5.652462789043258E-009 -3.672008737662270E-009
 -3.563274730808643E-007 -1.619918799681102E-007
         160  0.000000000000000E+000  0.000000000000000E+000
 -8.689066802293357E-009 -1.571120625585925E-009
 -2.869818889254143E-007  2.451953618787474E-007
         161  0.000000000000000E+000  0.000000000000000E+000
 -9.338025483849029E-009  1.907163066128651E-009
  5.854384500947607E-008  3.520106082026351E-007
         162  0.000000000000000E+000  0.000000000000000E+000
 -7.056798339428288E-009  5.275249763654133E-009
  3.039791462007145E-007  1.687100341519045E-007
         163  0.000000000000000E+000  0.000000000000000E+000
 -2.860514673010214E-009  5.337611846513846E-009
  3.209746965754116E-007 -1.117616745795811E-007
         164  0.000000000000000E+000  0.000000000000000E+000
 -3.199415778153361E-010  1.555446045210396E-009
  1.455824072335338E-007 -2.948111591176330E-007
         165  0.000000000000000E+000  0.000000000000000E+000
 -3.238140470187963E-009 -2.415710910019114E-009
 -1.047422948627324E-007 -3.305609851761524E-007
         166  0.000000000000000E+000  0.000000000000000E+000
 -7.511794592093540E-009 -1.730793592400511E-009
 -3.747646946498364E-007 -1.804857786458193E-007
         167  0.000000000000000E+000  0.000000000000000E+000
 -1.081595347839302E-008  2.025378588763066E-009
 -4.555060930669836E-007  2.948119834077258E-007
         168  0.000000000000000E+000  0.000000000000000E+000
 -8.945257228320579E-009  8.232099842040948E-009
  6.356484254650385E-008  6.381479943731916E-007
         169  0.000000000000000E+000  0.000000000000000E+000
 -2.247683901802033E-009  1.004994737447168E-008
  6.487329443448553E-007  3.058347064467796E-007
         170  0.000000000000000E+000  0.000000000000000E+000
  2.147661295428948E-009  3.993839918638497E-009
  6.886034324427826E-007 -4.250013412480521E-007
         171  0.000000000000000E+000  0.000000000000000E+000
 -1.623879889688078E-009 -7.104034192709397E-010
  4.019132751202284E-009 -9.054322077266184E-007
         172  0.000000000000000E+000  0.000000000000000E+000
 -7.195176730784643E-009 -1.031600065218295E-009
 -9.070986062460678E-007 -4.523442366041728E-007
         173  0.000000000000000E+000  0.000000000000000E+000
 -1.112379996835337E-008  6.196399432869730E-009
 -7.675763572323884E-007  6.680923387500025E-007
         174  0.000000000000000E+000  0.000000000000000E+000
 -5.102335214968895E-009  1.313947191297377E-008
  2.514804510179359E-007  9.477183466544008E-007
         175  0.000000000000000E+000  0.000000000000000E+000
  3.957944895670310E-009  9.463023575599793E-009
  9.649809931770354E-007  2.381881705738526E-007
         176  0.000000000000000E+000  0.000000000000000E+000
  2.717666073829115E-009  1.832372740608411E-009
  6.742320800140538E-007 -7.575304424189697E-007
         177  0.000000000000000E+000  0.000000000000000E+000
 -2.867555959645549E-009 -8.343685906587201E-010
 -4.204990187788033E-007 -9.054405559578560E-007
         178  0.000000000000000E+000  0.000000000000000E+000
 -8.747874301888256E-009  5.157988920610469E-009
 -8.231367121200963E-007  4.656176451532366E-008
         179  0.000000000000000E+000  0.000000000000000E+000
 -3.897016332005433E-009  1.223203065192530E-008
 -2.701367056008911E-007  5.694420495596614E-007
         180  0.000000000000000E+000  0.000000000000000E+000
  4.815964048364029E-009  1.083458237491197E-008
  2.878661913272994E-007  4.520907145832708E-007
         181  0.000000000000000E+000  0.000000000000000E+000
  5.367157267680746E-009  1.765526358081221E-009
  4.762460647886621E-007 -2.765939747174669E-008
         182  0.000000000000000E+000  0.000000000000000E+000
 -1.117909246100058E-009 -5.741952213754541E-010
  1.733145387129220E-007 -3.779034332068258E-007
         183  0.000000000000000E+000  0.000000000000000E+000
 -7.212105703585131E-009  3.642293146863758E-009
 -1.496379541335338E-007 -1.935491897817066E-007
         184  0.000000000000000E+000  0.000000000000000E+000
 -4.197702329842125E-009  1.196150232409724E-008
 -8.279128760008577E-008 -1.081790793032388E-007
         185  0.000000000000000E+000  0.000000000000000E+000
  3.368495134438266E-009  1.280450837006088E-008
 -2.307258713919897E-007 -6.214684521905565E-008
         186  0.000000000000000E+000  0.000000000000000E+000
  8.788596310945096E-009  6.209045891181268E-009
 -1.731480127697635E-007  2.036594286727838E-007
         187  0.000000000000000E+000  0.000000000000000E+000
  4.186584113148567E-009  3.648749698825368E-012
  1.058297931887803E-007  2.494232986758966E-007
         188  0.000000000000000E+000  0.000000000000000E+000
 -2.144432069164223E-009  4.990617789008434E-010
  2.660937214712040E-007  7.381424498519269E-008
         189  0.000000000000000E+000  0.000000000000000E+000
 -4.310858875815429E-009  8.188805386069470E-009
  3.282534638187439E-007 -2.678312567163713E-007
         190  0.000000000000000E+000  0.000000000000000E+000
  1.706623405226704E-009  1.232435823586313E-008
 -1.958569814561398E-007 -5.065798902581416E-007
         191  0.000000000000000E+000  0.000000000000000E+000
  8.741193653314863E-009  9.711452245886927E-009
 -5.445545582682198E-007  2.944160225777162E-008
         192  0.000000000000000E+000  0.000000000000000E+000
  8.768269572520409E-009  3.212049293466126E-009
 -1.531336028241782E-007  4.909435691628085E-007
         193  0.000000000000000E+000  0.000000000000000E+000
  5.221960353455235E-009  4.388664739883947E-010
  3.867510069478660E-007  3.223218320597368E-007
         194  0.000000000000000E+000  0.000000000000000E+000
  2.027724850400592E-009  2.825743281923955E-009
  5.177831634213205E-007 -2.957854929210180E-007
         195  0.000000000000000E+000  0.000000000000000E+000
  3.018699440262267E-009  4.260607271824373E-009
 -1.780376739512239E-007 -6.523240182149485E-007
         196  0.000000000000000E+000  0.000000000000000E+000
  3.921474157422459E-009  5.673390784709881E-009
 -6.622073866270092E-007 -9.997937167401012E-009
         197  0.000000000000000E+000  0.000000000000000E+000
  6.129123145174975E-009  4.960068201641788E-009
 -2.043858515299340E-007  5.647086280964629E-007
         198  0.000000000000000E+000  0.000000000000000E+000
  7.292350164549668E-009  3.647980860833976E-009
  4.294272226979655E-007  3.390836751516754E-007
         199  0.000000000000000E+000  0.000000000000000E+000
  7.010594624654244E-009  1.492469823743370E-009
  4.543957505469074E-007 -2.689479656322771E-007
         200  0.000000000000000E+000  0.000000000000000E+000
  6.181656116889289E-009  3.861148143800100E-010
 -9.592961887879929E-008 -5.453066645487243E-007
         201  0.000000000000000E+000  0.000000000000000E+000
  3.873341384082975E-009  8.598991431053892E-011
 -5.317663336121435E-007 -8.093504046493840E-008
         202  0.000000000000000E+000  0.000000000000000E+000
  3.750602957735285E-009  2.680740546718315E-009
 -2.120751051943776E-007  4.124941589726597E-007
         203  0.000000000000000E+000  0.000000000000000E+000
  5.754843989526691E-009  2.962796747972639E-009
  2.702775873883486E-007  2.693935435547312E-007
         204  0.000000000000000E+000  0.000000000000000E+000
  7.051912192334742E-009  1.682270236229780E-009
  2.840883184056421E-007 -1.658517732318303E-007
         205  0.000000000000000E+000  0.000000000000000E+000
  6.712087904667405E-009  3.459778362902366E-010
 -7.090401647627770E-008 -3.025813567588486E-007
         206  0.000000000000000E+000  0.000000000000000E+000
  6.385409284270951E-009 -3.223541380171634E-010
 -3.113726941225158E-007 -2.548723352207730E-008
         207  0.000000000000000E+000  0.000000000000000E+000
  5.577429233351684E-009 -5.734635356752773E-010
 -1.006468003626558E-007  2.784851717244456E-007
         208  0.000000000000000E+000  0.000000000000000E+000
  5.694741743805609E-009 -8.945664028957548E-013
  2.354158664064159E-007  1.457626164136753E-007
         209  0.000000000000000E+000  0.000000000000000E+000
  6.495735139020759E-009 -4.256447129754104E-010
  2.035093583777803E-007 -2.085898287100939E-007
         210  0.000000000000000E+000  0.000000000000000E+000
  6.542576093523346E-009 -1.603250873219075E-009
 -1.555865425933065E-007 -3.024226703119139E-007
         211  0.000000000000000E+000  0.000000000000000E+000
  6.041337024558082E-009 -2.011066086569881E-009
 -3.696409377770060E-007  2.017683634327333E-008
         212  0.000000000000000E+000  0.000000000000000E+000
  5.567973121790893E-009 -3.103764084606660E-009
 -1.734208335029990E-007  3.259575680618091E-007
         213  0.000000000000000E+000  0.000000000000000E+000
  3.770384073876698E-009 -1.974827924948872E-009
  1.815576617377538E-007  3.329407497686432E-007
         214  0.000000000000000E+000  0.000000000000000E+000
  5.441206946564485E-009 -5.587399848238648E-010
  4.052065447987221E-007  1.668969072472153E-008
         215  0.000000000000000E+000  0.000000000000000E+000
  7.555356818938082E-009 -2.067296140841729E-009
  2.366696607893575E-007 -3.903348727184948E-007
         216  0.000000000000000E+000  0.000000000000000E+000
  7.038746101895927E-009 -4.451301521520795E-009
 -2.174822344282488E-007 -4.409667732837188E-007
         217  0.000000000000000E+000  0.000000000000000E+000
  6.149969020517131E-009 -6.658144319100076E-009
 -5.717300162311998E-007 -1.302354621166474E-007
         218  0.000000000000000E+000  0.000000000000000E+000
  8.059916219522231E-010 -7.344146530898566E-009
 -5.299204985413412E-007  5.151127254552244E-007
         219  0.000000000000000E+000  0.000000000000000E+000
  6.008347603208449E-011 -1.008953216519392E-009
  2.357106271636867E-007  8.092288335352200E-007
         220  0.000000000000000E+000  0.000000000000000E+000
  5.367338909558094E-009  8.017339767539521E-010
  8.875775090528282E-007  1.693477865321492E-007
         221  0.000000000000000E+000  0.000000000000000E+000
  8.967022670852649E-009 -3.393847832121084E-009
  5.636520201409442E-007 -7.270481264902348E-007
         222  0.000000000000000E+000  0.000000000000000E+000
  8.630172389026082E-009 -7.903308704756307E-009
 -3.496703757408403E-007 -9.174143773044205E-007
         223  0.000000000000000E+000  0.000000000000000E+000
  3.446300682104991E-009 -1.350325412528740E-008
 -1.108617343008638E-006 -1.488625807062723E-007
         224  0.000000000000000E+000  0.000000000000000E+000
 -5.263520308021361E-009 -7.951668192226483E-009
 -6.447462634022649E-007  9.866479868502163E-007
         225  0.000000000000000E+000  0.000000000000000E+000
 -1.887068091314233E-009 -2.603113161656208E-010
  5.658223600146460E-007  9.867364738333223E-007
         226  0.000000000000000E+000  0.000000000000000E+000
  4.736658025058394E-009 -7.352631054781101E-010
  1.036891596885122E-006 -2.725801261327577E-008
         227  0.000000000000000E+000  0.000000000000000E+000
  7.281232420725415E-009 -5.058008755907890E-009
  4.954096973211728E-007 -8.539461358261356E-007
         228  0.000000000000000E+000  0.000000000000000E+000
  5.654158731207903E-009 -1.263532290915649E-008
 -5.655467667960076E-007 -8.322598286555964E-007
         229  0.000000000000000E+000  0.000000000000000E+000
 -5.210224670112284E-009 -1.199050163187109E-008
 -8.994768809034144E-007  1.909996645650160E-007
         230  0.000000000000000E+000  0.000000000000000E+000
 -5.369171262327615E-009 -3.367417203920114E-009
 -1.982471663027033E-007  7.174103795035638E-007
         231  0.000000000000000E+000  0.000000000000000E+000
 -9.273350346701097E-011 -1.606304578326027E-009
  3.615368818841607E-007  4.185930546226196E-007
         232  0.000000000000000E+000  0.000000000000000E+000
  1.871564623044100E-009 -3.922834046075972E-009
  4.294717239931795E-007  1.567611306236012E-008
         233  0.000000000000000E+000  0.000000000000000E+000
  2.821227094801652E-009 -7.231828502810730E-009
  1.878509258020753E-007 -2.784504401532380E-007
         234  0.000000000000000E+000  0.000000000000000E+000
 -2.880026009661130E-009 -1.015924788840439E-008
 -4.470303887548134E-008 -1.428705476976470E-007
         235  0.000000000000000E+000  0.000000000000000E+000
 -5.021330247539794E-009 -3.646070097843876E-009
  1.572806100014154E-008 -1.686219546296567E-007
         236  0.000000000000000E+000  0.000000000000000E+000
 -6.181443730996278E-010 -2.772356253603986E-009
 -2.604543533922961E-007 -2.264254374085103E-007
         237  0.000000000000000E+000  0.000000000000000E+000
  3.174161070545280E-011 -5.892655088102919E-009
 -4.594071393543470E-007  1.877395568378749E-007
         238  0.000000000000000E+000  0.000000000000000E+000
 -1.409620298525977E-009 -6.221613910811019E-009
 -4.230255176284557E-008  5.428358378466154E-007
         239  0.000000000000000E+000  0.000000000000000E+000
 -2.552756703928636E-009 -8.029207900025302E-009
  4.052048917810488E-007  3.713720139212424E-007
         240  0.000000000000000E+000  0.000000000000000E+000
 -6.840826280531423E-009 -5.290669470974320E-009
  6.259499403454758E-007 -1.321038732162777E-007
         241  0.000000000000000E+000  0.000000000000000E+000
 -3.477530452857014E-009 -1.830980876018181E-009
  1.589965533139668E-007 -6.863627143886223E-007
         242  0.000000000000000E+000  0.000000000000000E+000
 -1.337776292107070E-009 -4.247301976344689E-009
 -5.767465287673727E-007 -4.152810951478397E-007
         243  0.000000000000000E+000  0.000000000000000E+000
 -2.899335004545659E-009 -5.595316785755418E-009
 -5.720476325492922E-007  3.382920388044499E-007
         244  0.000000000000000E+000  0.000000000000000E+000
 -3.629020027255852E-009 -6.633832401966615E-009
 -2.051990948535112E-008  6.212238616573556E-007
         245  0.000000000000000E+000  0.000000000000000E+000
 -7.624091029131379E-009 -5.846367043455025E-009
  5.407737563113557E-007  3.508832503703395E-007
         246  0.000000000000000E+000  0.000000000000000E+000
 -6.698975985989354E-009 -1.995398862841675E-009
  5.037827888121342E-007 -3.329677499443870E-007
         247  0.000000000000000E+000  0.000000000000000E+000
 -5.151885363547929E-009 -2.407577570337553E-009
 -1.018509938168689E-007 -4.793425448802702E-007
         248  0.000000000000000E+000  0.000000000000000E+000
 -6.002192407769303E-009 -2.232948160295343E-009
 -3.538286251527656E-007 -5.272696518056802E-008
         249  0.000000000000000E+000  0.000000000000000E+000
 -5.004478419124467E-009 -1.163137329918012E-009
 -1.554500633830831E-007  2.116797041866399E-007
         250  0.000000000000000E+000  0.000000000000000E+000
 -4.526154613390116E-009 -2.074564993910163E-009
  9.175637174813638E-008  1.960629285091563E-007
         251  0.000000000000000E+000  0.000000000000000E+000
 -4.802494052877200E-009 -2.305304457978011E-009
  1.386035784255926E-007 -3.971828894723047E-009
         252  0.000000000000000E+000  0.000000000000000E+000
 -5.850626868449683E-009 -3.295107936369328E-009
  1.280367196467748E-008 -1.558050661859134E-008
         253  0.000000000000000E+000  0.000000000000000E+000
 -8.264953277463312E-009 -2.101127181699089E-009
  7.049462310013050E-008  5.359936086510279E-008
         254  0.000000000000000E+000  0.000000000000000E+000
 -8.377806347713207E-009  1.293262716206226E-009
  1.418462945267349E-007 -7.231942041560961E-008
         255  0.000000000000000E+000  0.000000000000000E+000
 -5.534324505822353E-009  2.843651832830793E-009
 -1.950729856660215E-008 -1.821904591392920E-007
         256  0.000000000000000E+000  0.000000000000000E+000
 -3.296974691408538E-009  1.491824655071775E-009
 -1.883554901797745E-007 -4.339322688927392E-008
