   409.600000000000     
         256           1           3
  1.124309127438499E-002   40.9276702663374        115.923725427894     
   39.0000000000000        116.000000000000        6351.00000000000     
           0  0.000000000000000E+000  0.000000000000000E+000
  0.000000000000000E+000  0.000000000000000E+000
  0.000000000000000E+000  0.000000000000000E+000
           1  7.376873983416409E-007 -1.619933416012445E-007
  3.088117667728903E-006  1.590256606073594E-007
  4.840034594924017E-006 -8.018085595594616E-008
           2  9.257461808226113E-007 -5.762491021374734E-007
  3.241542845575785E-006  5.452280373039946E-007
  4.993447838783117E-006 -1.478112297901648E-007
           3  7.694592532999202E-007 -1.478423886184741E-006
  3.965581489307414E-006  9.662347070390035E-007
  5.354869596508641E-006 -2.948748080175975E-007
           4 -3.686587356823320E-007 -2.399468833787954E-006
  5.280230428992141E-006  8.248983659293375E-007
  5.869039119000266E-006 -7.518343548445282E-007
           5 -2.441058511714394E-006 -2.295307371162659E-006
  6.614957860483658E-006 -2.751646234818323E-007
  6.236297153031023E-006 -1.673700602690479E-006
           6 -4.409560695985785E-006 -3.711217837716284E-007
  7.325068391351599E-006 -2.170401465078667E-006
  6.044662067374518E-006 -2.804142436669037E-006
           7 -4.711945196457614E-006  3.089621394728312E-006
  7.059018424040741E-006 -4.268821327645290E-006
  5.290839794899814E-006 -3.667872586117802E-006
           8 -2.331814959450505E-006  6.601492149322665E-006
  6.069779703191587E-006 -6.009170287894626E-006
  4.300002036687962E-006 -3.901762626927514E-006
           9  2.547850002370307E-006  8.201507212119852E-006
  4.758699019261782E-006 -7.380545942033448E-006
  3.688117557068605E-006 -3.359526914354150E-006
          10  8.416524342761005E-006  6.220763347797025E-006
  3.177013545708155E-006 -8.471095829681424E-006
  4.051855353688240E-006 -2.741707574534063E-006
          11  1.277145293769705E-005  1.461994725988099E-008
  1.338064048590796E-006 -9.331854928998307E-006
  5.124740511613228E-006 -2.844381804957308E-006
          12  1.243670319919603E-005 -9.340824312558205E-006
 -9.530928431538210E-007 -9.994925593559651E-006
  6.352733989370195E-006 -4.065867026878631E-006
          13  5.008638876172076E-006 -1.819370252127525E-005
 -3.922732127660919E-006 -1.033940749405240E-005
  6.367757772624180E-006 -6.467389027396501E-006
          14 -8.998764869595814E-006 -2.096713613208505E-005
 -8.322716563498636E-006 -9.623741053914253E-006
  4.896767086336304E-006 -8.526827992943929E-006
          15 -2.445688771514587E-005 -1.242024240179547E-005
 -1.382729722958387E-005 -5.804863896989141E-006
  2.612238187608195E-006 -9.231210544299541E-006
          16 -3.154793013878683E-005  8.070585848137418E-006
 -1.755140648622065E-005  3.204491073623390E-006
  1.141523380221987E-006 -8.629746218253662E-006
          17 -2.086493326039199E-005  3.185705225018024E-005
 -1.423537910047974E-005  1.609914022096422E-005
  6.203949429927615E-007 -8.656271851656418E-006
          18  8.097941215710640E-006  4.323310490444605E-005
 -2.864206923435163E-007  2.707010232632218E-005
 -1.377204228079046E-008 -9.106080271673115E-006
          19  4.145635383530000E-005  2.786049458460379E-005
  2.345920267638648E-005  2.623135802914490E-005
 -1.389133623481942E-006 -1.014407220605145E-005
          20  5.406292029007198E-005 -1.289900059005394E-005
  4.564095252958343E-005  4.490634804113519E-006
 -4.371140598244270E-006 -1.051073663296583E-005
          21  2.755502206079602E-005 -5.366247497514446E-005
  4.675498344675991E-005 -3.514589952232397E-005
 -7.609386294364588E-006 -8.778107139959476E-006
          22 -2.641130580177781E-005 -5.794223148391276E-005
  1.212229619386483E-005 -7.073579289827765E-005
 -9.555619622635364E-006 -4.507445430507427E-006
          23 -6.412896000199291E-005 -1.237098486275376E-005
 -4.792267151281957E-005 -6.842143423111969E-005
 -7.328975974750739E-006  2.015753079519733E-007
          24 -4.401958368717273E-005  4.767073893495954E-005
 -9.068362529360198E-005 -1.331807224415352E-005
 -2.333823800260942E-006  9.120788862917770E-007
          25  2.141494877022237E-005  5.908960241530001E-005
 -7.170354148229160E-005  6.191890641449839E-005
  8.083322754911011E-007 -2.881507512822757E-006
          26  6.075484362273306E-005  2.404194839289957E-006
  4.718492371844206E-006  9.214122630386871E-005
 -1.375997004719092E-006 -7.592389708634835E-006
          27  2.069056945133485E-005 -5.781493639346823E-005
  7.274772963921649E-005  4.462369149013524E-005
 -6.637767285736935E-006 -7.885325483332081E-006
          28 -5.470473822756301E-005 -3.833650235893308E-005
  6.632189363380418E-005 -3.510478324354508E-005
 -9.392268454837869E-006 -3.728188592792445E-006
          29 -5.998691145124252E-005  4.761301200847576E-005
 -1.886179123006927E-006 -6.187694442797810E-005
 -7.423980660399164E-006  1.450080562405050E-008
          30  2.943827247043121E-005  8.315809181403434E-005
 -4.483479746492426E-005 -1.378371853807080E-005
 -4.281917147173382E-006 -7.446701887333086E-007
          31  9.871906882550367E-005  1.937518568835856E-006
 -1.131967562428924E-005  3.330490749079084E-005
 -5.138261768360568E-006 -3.668060339301431E-006
          32  4.013304553515364E-005 -9.816583407271800E-005
  3.990808661392788E-005  5.752469413591479E-006
 -9.156169881596231E-006 -3.180816529520728E-006
          33 -8.054429199046798E-005 -7.423458354634286E-005
  1.820568042803204E-005 -5.775308555042790E-005
 -1.073483776011975E-005  1.538690422472405E-006
          34 -9.664482406071233E-005  5.267178469410714E-005
 -6.213944425518106E-005 -5.325998644991162E-005
 -7.252030170884075E-006  5.406468371543161E-006
          35  2.279950208145931E-005  1.075707340891664E-004
 -8.945602259811215E-005  3.578631008941711E-005
 -2.765416735627422E-006  4.182435540681831E-006
          36  1.121345606130085E-004  6.192258312611889E-006
 -1.109798382791087E-005  1.005134575388613E-004
 -2.495608268496437E-006  3.303777718997836E-007
          37  3.784811090999368E-005 -1.128302806148822E-004
  8.169613847760789E-005  5.247437755983522E-005
 -5.835787575418449E-006 -5.421092227964837E-007
          38 -1.047669661336969E-004 -7.599437142720063E-005
  7.326776299555771E-005 -4.925710379758245E-005
 -7.566078511086334E-006  2.373894076409182E-006
          39 -1.167234635596378E-004  7.859688813489410E-005
 -1.908492189671416E-005 -7.650326471055344E-005
 -5.626768375552618E-006  4.984905388278333E-006
          40  2.976117561721790E-005  1.463605039112501E-004
 -7.067919136173321E-005 -3.893967536337198E-006
 -2.976801977422013E-006  4.288082684581827E-006
          41  1.488250569292695E-004  3.349890569039633E-005
 -1.994037576382308E-005  6.111476960320408E-005
 -3.370767101913769E-006  2.079219811888523E-006
          42  9.102611930135859E-005 -1.175673558876572E-004
  5.257749128079775E-005  3.078920890365381E-005
 -5.676392657454469E-006  2.406637866019763E-006
          43 -6.271008060106518E-005 -1.221847518092593E-004
  4.218918950143868E-005 -4.679130095496325E-005
 -6.364638486508821E-006  5.290704220007214E-006
          44 -1.195701030508402E-004  6.805827298070631E-006
 -3.696399221125851E-005 -5.913095621414570E-005
 -4.072094681447958E-006  7.742035565367178E-006
          45 -2.963165790990575E-005  9.419887237436823E-005
 -7.482046762846585E-005  1.374077426271875E-005
 -9.076642512621940E-007  6.980089265379470E-006
          46  6.731991293377274E-005  4.187990214021631E-005
 -1.926237467535110E-005  7.541964059219634E-005
 -3.451275832357015E-007  4.708579590598813E-006
          47  4.284835082435439E-005 -5.423851169211429E-005
  5.751609577999785E-005  4.584089247558955E-005
 -1.980150693408840E-006  3.954494474714865E-006
          48 -5.288501709152739E-005 -5.081782318930586E-005
  5.680446880140483E-005 -3.399579957023430E-005
 -2.954980137943724E-006  5.703558905961909E-006
          49 -7.316397247463091E-005  4.680431241076502E-005
 -1.590696206336387E-005 -5.948824692755111E-005
 -1.139385901822470E-006  7.613139154352353E-006
          50  2.064546912472930E-005  9.934503846584789E-005
 -6.365189725291134E-005 -7.266759859181010E-007
  1.312651666742139E-006  7.041577702841623E-006
          51  1.092980330955219E-004  2.544317431070631E-005
 -2.457328623398150E-005  6.470603948943138E-005
  2.037945325657175E-006  4.981477453154885E-006
          52  7.467471406901899E-005 -9.022962312682804E-005
  5.146725897977384E-005  5.219590846828791E-005
  8.057953911084473E-007  3.906054188021322E-006
          53 -4.688234790802228E-005 -1.064398406462253E-004
  6.994102970345423E-005 -2.250017516534869E-005
 -2.201999635005474E-007  5.178173449282959E-006
          54 -1.112364993808214E-004 -3.371626495869637E-006
  1.115393231679017E-005 -6.944759316773908E-005
  9.443121493207283E-007  6.612867882091321E-006
          55 -4.504060256819554E-005  9.462627819318428E-005
 -5.256085480276461E-005 -3.750555244074781E-005
  3.013280807568459E-006  6.415341872427000E-006
          56  6.771252898377279E-005  7.392475581450540E-005
 -4.986412736481093E-005  2.720900568236798E-005
  4.062102646061264E-006  4.817711814877191E-006
          57  9.331641750705563E-005 -3.511379701557858E-005
  3.585956678532137E-006  4.672888876077653E-005
  3.361632183357254E-006  3.503357474743864E-006
          58  5.818959737320353E-006 -1.024841458479159E-004
  3.506664674977984E-005  8.047758449183088E-006
  2.560243307445970E-006  3.739944377877263E-006
          59 -9.175101842414388E-005 -5.383032727319043E-005
  7.886660915766340E-006 -2.888024104422605E-005
  2.872230432008783E-006  4.656471332429461E-006
          60 -9.393730360593155E-005  5.221892017032382E-005
 -3.521140675010618E-005 -1.126741181252206E-005
  4.142466135400200E-006  4.800158039117584E-006
          61 -8.268681787503061E-006  1.030766709469234E-004
 -3.202484173728467E-005  4.004441131338241E-005
  5.147658793660926E-006  3.758184963416114E-006
          62  6.989558223514238E-005  6.123967671910050E-005
  2.185438390875977E-005  6.048563297037228E-005
  5.029044380346855E-006  2.700933742540005E-006
          63  7.524671394164191E-005 -1.115457297831259E-005
  6.845369922563847E-005  1.965863457416593E-005
  4.463135322518155E-006  2.508691829880388E-006
          64  3.419802081139554E-005 -4.265053255801461E-005
  5.684371903170555E-005 -4.182859999072746E-005
  4.556496517073264E-006  3.070065593402837E-006
          65  8.746825897776356E-006 -3.368226268870166E-005
  1.737459848338713E-006 -6.253747152015776E-005
  5.792378649832136E-006  3.332849696932256E-006
          66  1.009265521535508E-005 -3.368671088981990E-005
 -3.799702159750121E-005 -3.080324440635098E-005
  7.075476124145848E-006  2.351099329199216E-006
          67 -5.709958262892954E-006 -5.736508525301595E-005
 -3.109709000051809E-005  8.113105064587218E-006
  7.445186810391393E-006  8.173957963661652E-007
          68 -6.106246544879934E-005 -5.830928257087072E-005
 -4.046202021227521E-006  1.356644416669940E-005
  7.108620768540314E-006 -2.216473756278161E-007
          69 -1.084314964682924E-004  5.576173672753579E-006
  5.323200272967046E-007 -5.690174856737247E-006
  6.958871600094043E-006 -7.419818579797619E-007
          70 -7.807891678576984E-005  1.002398106989582E-004
 -2.286458715018053E-005 -8.244089192743517E-006
  7.301624621658028E-006 -1.407473314158888E-006
          71  3.031417765490631E-005  1.347994289487587E-004
 -3.567795893051517E-005  2.416460825181466E-005
  7.598310093997684E-006 -2.873897564053256E-006
          72  1.273658260215408E-004  6.094636561362856E-005
 -5.129965108429063E-006  6.037955680206643E-005
  6.766650741161186E-006 -4.826737831920558E-006
          73  1.209391167316807E-004 -6.299803865244337E-005
  5.268356022126549E-005  5.300035031664097E-005
  4.793807409682621E-006 -5.986766841447207E-006
          74  1.630275930825989E-005 -1.237320788936677E-004
  8.303942370662275E-005 -4.987371396920269E-006
  2.663370769860389E-006 -5.569454271388590E-006
          75 -8.379874267661155E-005 -6.898370355205261E-005
  5.258018235477595E-005 -6.669881089106753E-005
  1.740820531757052E-006 -4.116545663714556E-006
          76 -8.350904121446738E-005  3.629625193222572E-005
 -1.407317385601119E-005 -7.770561161902907E-005
  2.279529234827104E-006 -3.175178544709220E-006
          77  4.583458905470880E-006  7.809837036625954E-005
 -5.703719623388213E-005 -3.380405831323109E-005
  3.083721750732083E-006 -3.371236945373704E-006
          78  7.502620271802865E-005  1.551958882818335E-005
 -4.638970570326014E-005  1.685811963673385E-005
  3.117534549938046E-006 -4.369277414592440E-006
          79  4.300649416958206E-005 -7.606487762455446E-005
 -7.641194882731477E-006  2.903555967942139E-005
  2.209048953400548E-006 -5.121918206577876E-006
          80 -6.194503957633376E-005 -8.508797311342864E-005
  1.038395716962452E-005  5.478355197517797E-006
  1.167495886440744E-006 -4.937452020732138E-006
          81 -1.235417408584569E-004  1.429498578694994E-005
 -7.700684746711256E-006 -1.121211997088142E-005
  7.243905347364879E-007 -4.211380635166499E-006
          82 -6.127532589775346E-005  1.271525247868133E-004
 -2.970038842139578E-005  8.513718524302636E-006
  1.181097965467274E-006 -3.871954768104075E-006
          83  7.823971744431001E-005  1.326315290142026E-004
 -1.445048141170428E-005  4.606575154229349E-005
  1.603715859157624E-006 -4.597091774831456E-006
          84  1.617561929905605E-004  1.036864159489479E-005
  3.717517860847607E-005  5.223152037473833E-005
  8.847683108539486E-007 -5.647212591269774E-006
          85  1.015220906350164E-004 -1.307953263720646E-004
  7.745766419220930E-005  4.806453609748813E-006
 -7.021269250722068E-007 -5.938136615530006E-006
          86 -5.255145531087564E-005 -1.567404561856793E-004
  6.059755532761521E-005 -6.358501434459017E-005
 -2.079204077498991E-006 -4.847448984781116E-006
          87 -1.574246926464211E-004 -4.010961337991437E-005
 -9.864445695615020E-006 -9.308992153425687E-005
 -2.068385625031793E-006 -3.200361097601036E-006
          88 -1.142780689420674E-004  1.098238852124045E-004
 -7.851647079130716E-005 -5.324533216242597E-005
 -9.509302090184118E-007 -2.473055096548807E-006
          89  3.480444355561550E-005  1.508718370198300E-004
 -8.842084194513329E-005  2.639411627254562E-005
  2.158818162265716E-007 -3.050488286979090E-006
          90  1.458277595082041E-004  4.525611843198878E-005
 -3.154182469532027E-005  8.113453511112831E-005
  2.522109846304644E-007 -4.457431191584934E-006
          91  1.122925407955538E-004 -1.039142429124236E-004
  4.281513064782655E-005  6.847198852561011E-005
 -9.255032431400412E-007 -5.376393824671199E-006
          92 -3.421722829865225E-005 -1.517047020365925E-004
  7.478016404256833E-005  5.158974106754024E-006
 -2.315972009942631E-006 -5.266054911010652E-006
          93 -1.517933178850739E-004 -4.877941874383611E-005
  4.434122030822733E-005 -5.304064475204449E-005
 -3.192941984050156E-006 -4.308284664226421E-006
          94 -1.235403382998177E-004  1.076452319879712E-004
 -1.459809748673432E-005 -6.085713636904295E-005
 -3.091536560718539E-006 -3.415666417991081E-006
          95  2.734216785189106E-005  1.656600845037767E-004
 -5.009719767024479E-005 -2.192709291879493E-005
 -2.651525990942529E-006 -3.272628885739246E-006
          96  1.578286961378271E-004  6.613406431830631E-005
 -3.910110046505477E-005  2.279479654900509E-005
 -2.523515485031920E-006 -3.695452109519498E-006
          97  1.417273968107633E-004 -9.930133154084883E-005
 -1.954267848147315E-006  3.475606250622045E-005
 -3.189822339230400E-006 -4.268386667218040E-006
          98 -8.310839847462280E-006 -1.730524220672448E-004
  2.122349974286446E-005  1.282064028623935E-005
 -4.251768602294881E-006 -4.120269894339699E-006
          99 -1.495275880124222E-004 -8.464242349447375E-005
  1.282121027977341E-005 -1.093996323910661E-005
 -4.916858783465963E-006 -3.464586983304627E-006
         100 -1.489284799597718E-004  8.005761054755991E-005
 -7.288914679198141E-006 -9.374865544603194E-006
 -5.157469700449967E-006 -2.899164144134251E-006
         101 -1.126990194092105E-005  1.650441120224184E-004
 -7.726431283509220E-006  8.962181677402504E-006
 -5.437752988200764E-006 -2.794052872336155E-006
         102  1.302498423115379E-004  9.450691068166041E-005
  1.339251498924608E-005  1.275373618317809E-005
 -6.345301729727956E-006 -2.564709173492636E-006
         103  1.439996137361929E-004 -5.818426613405068E-005
  2.758307241860055E-005 -1.188614647507418E-005
 -7.391427961812915E-006 -1.536120169175129E-006
         104  2.625910971606673E-005 -1.461559029363001E-004
  7.228916160562121E-006 -4.330433036902705E-005
 -7.803117972489848E-006  1.598359618934848E-007
         105 -1.033230271221596E-004 -9.510391582984589E-005
 -3.982230392245406E-005 -4.238403801939148E-005
 -7.188473784099585E-006  1.815871056006552E-006
         106 -1.266641272677603E-004  3.304645865009902E-005
 -7.082710908837153E-005  5.664715218103823E-006
 -5.954461057875995E-006  2.624885389153018E-006
         107 -3.786377297999558E-005  1.133545143521555E-004
 -4.508190655978178E-005  6.687566164750633E-005
 -5.058936799603161E-006  2.476114594746092E-006
         108  6.514174442907039E-005  8.346941917415944E-005
  2.654770166795801E-005  8.250177979031500E-005
 -5.028230623570776E-006  2.233099213863010E-006
         109  8.965870662918342E-005 -5.862818379548477E-006
  8.478168896574038E-005  2.995289312427968E-005
 -5.436925487987079E-006  2.562126005080729E-006
         110  3.737378982100100E-005 -6.096629366260205E-005
  7.567615408112018E-005 -5.073265934450658E-005
 -5.514011206032601E-006  3.607946993891546E-006
         111 -1.873828707430725E-005 -4.758242299307038E-005
  4.760093139038435E-006 -9.042228465468337E-005
 -4.781452156213844E-006  4.663262571537889E-006
         112 -2.718023175641393E-005 -1.025589806536854E-005
 -6.651509993384608E-005 -5.708869615959232E-005
 -3.609909511027140E-006  5.085894969325138E-006
         113 -9.426937041233702E-006 -2.851987843854437E-006
 -7.966523124381703E-005  1.461239849224189E-005
 -2.685554349026011E-006  4.717129356704545E-006
         114 -1.577452652621748E-005 -1.699057167220641E-005
 -3.497230314822757E-005  6.064749456475942E-005
 -2.604089102600940E-006  4.301832067346703E-006
         115 -4.567616088221562E-005 -3.132745413428719E-006
  1.729188314750535E-005  5.195819087761626E-005
 -2.745404006724479E-006  4.546789545218388E-006
         116 -4.541846780542532E-005  4.922000225164287E-005
  3.284679251524028E-005  1.508158466248952E-005
 -2.431614972343082E-006  5.114357289615155E-006
         117  1.549422855766733E-005  8.374365018928422E-005
  1.585699135779471E-005 -4.254727115606489E-006
 -1.593082385985067E-006  5.399544549191659E-006
         118  8.979366683733689E-005  4.225290049750862E-005
  4.822642785089391E-006  4.070697701957810E-006
 -1.001940385671578E-006  4.918380901345713E-006
         119  9.337890211305221E-005 -5.410378411203366E-005
  1.767039172891998E-005  1.052087331864596E-005
 -1.311750490198516E-006  4.628340408063974E-006
         120  6.886348133748418E-006 -1.104694932813212E-004
  3.268528191404209E-005 -8.905071137441756E-006
 -1.669253683127995E-006  5.281600616057840E-006
         121 -8.758071364610750E-005 -6.279432873590739E-005
  1.820378549449631E-005 -4.035581936805712E-005
 -1.180182210335496E-006  6.502797314845633E-006
         122 -9.097702631475187E-005  4.214082192771894E-005
 -2.362370324486282E-005 -4.624794615994893E-005
  4.156635489970192E-007  7.173588450416274E-006
         123 -6.945232736565765E-007  9.056810176154840E-005
 -5.511265873348900E-005 -1.152331551996426E-005
  2.051850170937884E-006  6.574023790386339E-006
         124  7.779576469754459E-005  2.828036532840043E-005
 -4.376049019690321E-005  3.503867569215122E-005
  2.718908553993052E-006  5.318156845239202E-006
         125  4.761379168679123E-005 -6.784374898103439E-005
 -1.809505087860189E-006  5.001850058067420E-005
  2.360153900725276E-006  4.451334580527417E-006
         126 -5.907697038049164E-005 -7.341784201902794E-005
  2.769887243013978E-005  2.640052555010633E-005
  1.898026200549476E-006  4.671343259474037E-006
         127 -1.088982126155495E-004  3.440354886292092E-005
  2.110323494314572E-005 -1.755650249471932E-006
  2.326453049112997E-006  5.362959673321863E-006
         128 -2.069759907142705E-005  1.366222563180367E-004
 -3.444503759646341E-008 -1.606267365424789E-007
  3.576626093689729E-006  5.533824775885130E-006
         129  1.285527544445134E-004  9.942257395085673E-005
  4.427022717314667E-006  2.176660900504193E-005
  4.823371539480671E-006  4.583395671330797E-006
         130  1.713846322027063E-004 -6.794962700687784E-005
  3.832290571047508E-005  2.119575469676655E-005
  4.919738595044288E-006  3.108442541675994E-006
         131  3.429714782047267E-005 -1.993140377003573E-004
  5.867009556099273E-005 -2.351850767815671E-005
  4.057112523277733E-006  2.430001113035050E-006
         132 -1.619764690093154E-004 -1.425471940705301E-004
  2.190206373921951E-005 -7.664338143541456E-005
  3.423286887602753E-006  2.980225552304473E-006
         133 -2.153517765141361E-004  6.691542419768237E-005
 -5.651309761276734E-005 -7.449469502637260E-005
  4.046237127967637E-006  3.923182128891391E-006
         134 -5.479738161370811E-005  2.258384048427059E-004
 -1.051058561282833E-004  1.729268236422854E-006
  5.639383204587412E-006  3.910858857486677E-006
         135  1.707809254223844E-004  1.649099932707099E-004
 -6.568388051776793E-005  9.327577222111781E-005
  6.916733918128512E-006  2.559999601882065E-006
         136  2.324645384016297E-004 -6.668023533037103E-005
  3.802212031910537E-005  1.132262329741323E-004
  6.896671607516932E-006  7.784175750359502E-007
         137  5.924087690700710E-005 -2.395433292091984E-004
  1.149691521922676E-004  3.655523760551220E-005
  5.922805480019131E-006 -1.471306518577916E-007
         138 -1.816907283689726E-004 -1.753683601748898E-004
  9.378932837310551E-005 -7.055764888892402E-005
  5.246440447396203E-006  4.937832453104468E-008
         139 -2.491533092000467E-004  6.906804218738309E-005
 -5.812899832165772E-006 -1.107353412745896E-004
  5.638139641786801E-006  4.026025824973102E-007
         140 -7.093876181955186E-005  2.537073308321873E-004
 -9.094002397028858E-005 -5.026074808645218E-005
  6.569910410042914E-006 -1.867631131187784E-007
         141  1.797838733597336E-004  1.957804073815542E-004
 -8.466916820772318E-005  5.070340067941306E-005
  6.817408830695010E-006 -1.705117041331598E-006
         142  2.605842552466217E-004 -4.637763342489424E-005
  1.656667658113512E-006  9.590589189728023E-005
  5.837791365532643E-006 -3.050418510715020E-006
         143  1.007485610147813E-004 -2.389683856552573E-004
  8.148001697558444E-005  4.726049686230465E-005
  4.362257095403439E-006 -3.172540456528839E-006
         144 -1.391487243699260E-004 -2.068471523151363E-004
  8.087989939063151E-005 -4.179848457439437E-005
  3.710213237689417E-006 -2.214197947198513E-006
         145 -2.345019555843432E-004  2.683780994770127E-006
  8.942531795173298E-006 -8.447514846612114E-005
  4.395128195602064E-006 -1.397909495097669E-006
         146 -1.157749164156702E-004  1.820520501803761E-004
 -5.931991916923782E-005 -4.812643019452539E-005
  5.717142351111148E-006 -1.731709789776691E-006
         147  8.190442054804701E-005  1.760193086911849E-004
 -6.289102098982552E-005  2.219877320360160E-005
  6.466316091940170E-006 -3.250918824470391E-006
         148  1.698600641237815E-004  1.978200727668647E-005
 -1.003213888417158E-005  5.624938309415697E-005
  5.984140452943965E-006 -4.960818757849022E-006
         149  8.817576057752241E-005 -1.186405206513804E-004
  3.753280952045458E-005  2.960913715495980E-005
  4.751932672861436E-006 -5.877523101504630E-006
         150 -5.472744198221800E-005 -1.138195728790047E-004
  3.430026511641039E-005 -1.625116978496759E-005
  3.773911762379582E-006 -5.838445900599448E-006
         151 -1.087145394218702E-004  1.438935717051868E-006
 -2.803820570043358E-006 -2.723575638523141E-005
  3.708876762645138E-006 -5.771398106106038E-006
         152 -3.564067675826970E-005  9.057585415896514E-005
 -2.077630847646694E-005  2.738525074141755E-006
  3.877924101152527E-006 -6.580193742462306E-006
         153  6.867335178794564E-005  6.280893806582700E-005
  5.591152763786325E-006  2.808574033207046E-005
  3.285006594222621E-006 -7.980442918660632E-006
         154  8.546441100998934E-005 -4.099518444328019E-005
  4.419204728023747E-005  8.032118030784926E-006
  1.613062311308104E-006 -9.069199066664771E-006
         155 -2.399184826998402E-006 -9.987355991135985E-005
  4.198900496543570E-005 -4.458125539934430E-005
 -3.674240977454786E-007 -9.001807046402604E-006
         156 -9.573585281215824E-005 -4.516205842639289E-005
 -1.214964336792245E-005 -7.308387759401611E-005
 -1.716378707441014E-006 -8.204803412848890E-006
         157 -8.936139408116648E-005  6.606565287215589E-005
 -7.234938032432444E-005 -4.062821078930293E-005
 -2.393414935426722E-006 -7.301061259492286E-006
         158  1.497995404474752E-005  1.139410491522246E-004
 -8.153268605886710E-005  3.326637040252312E-005
 -2.558043330157489E-006 -6.857315589989174E-006
         159  1.090534304805986E-004  4.295218563695168E-005
 -2.455807839850193E-005  8.678648984243986E-005
 -2.958292083295443E-006 -6.961709658474966E-006
         160  9.083835731648097E-005 -7.636485325761786E-005
  5.370881552486610E-005  7.289584475822042E-005
 -3.997937768806691E-006 -7.054685505838482E-006
         161 -2.565513771900929E-005 -1.177306401298154E-004
  8.969716307453426E-005  2.856941233244763E-006
 -5.422463862504569E-006 -6.447034904666457E-006
         162 -1.201531471362948E-004 -3.230434242890542E-005
  5.698088917411246E-005 -6.577648794893175E-005
 -6.349936687565939E-006 -5.027517319838856E-006
         163 -8.900596726190103E-005  9.717710296079182E-005
 -1.302991989283737E-005 -8.020355949712550E-005
 -6.387910687898481E-006 -3.516990544791735E-006
         164  4.698170491390110E-005  1.348038965810606E-004
 -6.118834610276567E-005 -3.637205025713091E-005
 -5.780200835988551E-006 -2.567082405498387E-006
         165  1.540213582811027E-004  2.867602147979177E-005
 -5.277658462477720E-005  1.969965283822828E-005
 -5.243718958902502E-006 -2.477253688931758E-006
         166  1.150886907428409E-004 -1.280222251399578E-004
 -9.455494970286314E-006  3.718837401551849E-005
 -5.461160561515175E-006 -2.651425469573605E-006
         167 -4.895989420807028E-005 -1.810059163294257E-004
  1.807093666410355E-005  1.130931115024349E-005
 -6.208736179534510E-006 -2.302357674603643E-006
         168 -1.900933323574798E-004 -6.526664785846030E-005
  3.238250841055250E-006 -1.799346588864599E-005
 -6.707643015107450E-006 -1.159830425362772E-006
         169 -1.702473390207924E-004  1.242542113461769E-004
 -3.021795201169404E-005 -1.013852214911248E-005
 -6.261116774697204E-006  1.491758642100372E-007
         170  2.338257876884435E-006  2.153844783032617E-004
 -3.553988869589664E-005  3.090154015074380E-005
 -5.170112838881970E-006  6.582584428269532E-007
         171  1.748399060560650E-004  1.233142903283972E-004
  5.968267530595583E-006  6.023976712685690E-005
 -4.421169468904778E-006  1.789172497448724E-007
         172  1.948231019396962E-004 -6.695109651058791E-005
  6.150182755826732E-005  3.730166310994467E-005
 -4.700014442456576E-006 -5.400614177438527E-007
         173  5.454796616678117E-005 -1.836172244091247E-004
  7.627075621099291E-005 -2.912973267304157E-005
 -5.727863091244526E-006 -5.223711825435522E-007
         174 -1.069338905737093E-004 -1.334952399820867E-004
  2.730462545327857E-005 -8.507411384399167E-005
 -6.541137277587480E-006  5.194330425617147E-007
         175 -1.451336972593239E-004  1.356340935291117E-005
 -5.064768034759305E-005 -7.897236523795506E-005
 -6.400857995273970E-006  1.922923245033151E-006
         176 -5.041036093542144E-005  1.064277259731129E-004
 -9.306996381691391E-005 -1.213250048988643E-005
 -5.489711504144110E-006  2.741983382442852E-006
         177  5.703692070348498E-005  6.989579992529885E-005
 -6.546918568729553E-005  6.012013283191982E-005
 -4.672343751094953E-006  2.673020680963996E-006
         178  6.309844032110934E-005 -2.748319271085674E-005
  5.114635616928787E-006  7.906500526764922E-005
 -4.654033249947916E-006  2.289737234849882E-006
         179 -1.958293827227909E-005 -5.954400237407800E-005
  5.610412702766516E-005  3.579650732830964E-005
 -5.211662613151672E-006  2.485385874944210E-006
         180 -7.365087553504473E-005  1.204020869404462E-005
  4.815156931546202E-005 -2.345338376543020E-005
 -5.494624050265428E-006  3.424803915279137E-006
         181 -1.697838651133684E-005  9.433322269755740E-005
 -7.858527309840898E-007 -4.334771944386283E-005
 -4.997667990209513E-006  4.450092290487961E-006
         182  9.600946814452030E-005  7.011969431040498E-005
 -3.581243535338127E-005 -1.235228137835364E-005
 -4.112246945668798E-006  4.768468426968125E-006
         183  1.277943837655073E-004 -5.934025139279132E-005
 -2.280611665113098E-005  2.828463017082627E-005
 -3.759265739848723E-006  4.519660299265268E-006
         184  1.493859651686960E-005 -1.605456534430103E-004
  1.816841146365169E-005  3.141898220612115E-005
 -4.168049597873935E-006  4.573516046136197E-006
         185 -1.455906175554906E-004 -1.060643133747356E-004
  3.668550694873025E-005 -5.836442688206776E-006
 -4.677499020872216E-006  5.562052892748571E-006
         186 -1.826644074359603E-004  7.715967045466237E-005
  8.707508469524829E-006 -3.883968463352809E-005
 -4.268475422385794E-006  7.233393395655574E-006
         187 -3.144823162456342E-005  2.138586988473049E-004
 -3.539897179060854E-005 -2.705076137271054E-005
 -2.801915766012542E-006  8.490572196851217E-006
         188  1.790470730756955E-004  1.504655388059433E-004
 -4.519486730489670E-005  2.046759633815204E-005
 -9.702630939310719E-007  8.800431448586675E-006
         189  2.393020171123572E-004 -7.672705054380751E-005
 -5.166403437980465E-006  5.267558343100044E-005
  4.503054404381955E-007  8.225329590773675E-006
         190  6.894757847265106E-005 -2.584737128057616E-004
  4.425860263270103E-005  3.114657085341320E-005
  1.002448763680996E-006  7.626595400005315E-006
         191 -1.875635437413769E-004 -2.096367079409839E-004
  4.878854308828623E-005 -2.557162581683547E-005
  1.308800313512262E-006  7.625409059725460E-006
         192 -2.885436480204053E-004  4.118267078935471E-005
 -1.699151119708364E-006 -5.850279750647873E-005
  2.138827122630860E-006  8.012602651590710E-006
         193 -1.297760513572362E-004  2.672659082831336E-004
 -5.888197023779018E-005 -2.934023896167084E-005
  3.633072768162170E-006  7.953119604764889E-006
         194  1.487261774695202E-004  2.578551255925909E-004
 -6.409437298066134E-005  3.893087795269271E-005
  4.962590653575334E-006  7.008022419579883E-006
         195  2.919457349474341E-004  2.057850450881380E-005
 -6.256474784956446E-006  8.215257190902178E-005
  5.548435868148858E-006  5.734681795173617E-006
         196  1.727537781875523E-004 -2.234275603825039E-004
  6.300807989531910E-005  5.703640861215044E-005
  5.515092641650895E-006  4.853624123624336E-006
         197 -8.813622234066068E-005 -2.527528126357467E-004
  8.057566185009642E-005 -1.313207348036200E-005
  5.595954443585666E-006  4.583961045734468E-006
         198 -2.430978269234051E-004 -5.601560292446389E-005
  3.471122585089871E-005 -6.372761953120266E-005
  6.196730316731557E-006  4.314144763742759E-006
         199 -1.596523381239388E-004  1.648384360446827E-004
 -2.537075130972695E-005 -5.269095316307391E-005
  7.064241418248051E-006  3.526417070135987E-006
         200  5.809812637433696E-005  2.013344747483483E-004
 -4.105189934849966E-005 -4.233138343219891E-006
  7.493201708195111E-006  2.034783267404656E-006
         201  1.869460874411027E-004  4.106620435273460E-005
 -9.877303124705496E-006  2.107940978527005E-005
  6.871505606226501E-006  5.467327743205809E-007
         202  1.125527226576277E-004 -1.356185707707303E-004
  1.480829370814787E-005 -1.779395357709096E-006
  5.612224926200161E-006  6.308890795980949E-008
         203 -6.639134840477538E-005 -1.502513678669790E-004
 -9.632754201254833E-006 -3.101872123867901E-005
  4.890680059974399E-006  7.375235381025032E-007
         204 -1.545492258052426E-004 -6.067899070888668E-006
 -5.781281857587148E-005 -9.204973109630451E-006
  5.478592610532486E-006  1.561186621116384E-006
         205 -6.912301024520655E-005  1.287237593062869E-004
 -6.012215395724170E-005  6.334220947945625E-005
  6.904087560470425E-006  1.340416742139355E-006
         206  8.080630589770581E-005  1.111823358453295E-004
  1.792764035317664E-005  1.144666423294017E-004
  7.908630529565625E-006 -1.515368143100300E-007
         207  1.257411021545897E-004 -2.473431684625767E-005
  1.220411811698646E-004  7.128316392821658E-005
  7.680161867191582E-006 -1.978064491253892E-006
         208  2.452365644800308E-005 -1.162311795320138E-004
  1.518285160132808E-004 -5.479072467437661E-005
  6.606000906357442E-006 -3.062241947783621E-006
         209 -9.446355594898660E-005 -5.956056168569446E-005
  6.018338317253299E-005 -1.640505360938319E-004
  5.660491575289228E-006 -3.226126469474874E-006
         210 -8.469188817210068E-005  7.104182383529183E-005
 -9.100485043504625E-005 -1.568769998954948E-004
  5.461151918384437E-006 -3.145297904339151E-006
         211  4.533588696567706E-005  1.097040191708099E-004
 -1.798706064814432E-004 -2.894616519568072E-005
  5.652759819602957E-006 -3.651599882899225E-006
         212  1.364825934635114E-004 -5.317234527074337E-006
 -1.323978692829316E-004  1.191420807145896E-004
  5.354851463623756E-006 -4.719796223285051E-006
         213  5.999694747801695E-005 -1.500028119043048E-004
  9.421657026714114E-006  1.695703532149194E-004
  4.252428776607809E-006 -5.535783215168058E-006
         214 -1.242168658445157E-004 -1.438392094040255E-004
  1.275940077509554E-004  9.215935581124959E-005
  2.981250311498107E-006 -5.421348625729159E-006
         215 -2.150184567219606E-004  4.174408408205148E-005
  1.352937487684969E-004 -3.586928576058301E-005
  2.460110457731808E-006 -4.691306400152831E-006
         216 -8.615729479696620E-005  2.305113682475125E-004
  4.902492118146477E-005 -1.063882382327080E-004
  2.853755626521094E-006 -4.308936396393173E-006
         217  1.620221892106489E-004  2.153038990086695E-004
 -3.915997386727892E-005 -8.067494562412311E-005
  3.439267254804119E-006 -4.918672995617703E-006
         218  2.870314662448170E-004 -1.911731874687219E-005
 -5.810691038959799E-005 -1.219035172640001E-005
  3.196564578650095E-006 -6.263954864524558E-006
         219  1.482651696621104E-004 -2.602863516890144E-004
 -1.973226395481303E-005  2.153202349575632E-005
  1.852848687249621E-006 -7.311928623350786E-006
         220 -1.372205723848719E-004 -2.721057415044563E-004
  1.028587169132649E-005  8.988085125252384E-007
  5.935488501054861E-008 -7.274974675386460E-006
         221 -3.011729651173070E-004 -3.507264705635840E-005
 -7.552060874511883E-006 -2.758975110618827E-005
 -1.091361258692632E-006 -6.179810958921091E-006
         222 -1.883361157770490E-004  2.273977642764469E-004
 -4.652824387199115E-005 -1.255858170230862E-005
 -1.030836115548098E-006 -5.125716290530401E-006
         223  8.740244801360586E-005  2.677970045000263E-004
 -4.910617175776321E-005  4.010607111125665E-005
 -4.952746144511934E-007 -5.053707678215594E-006
         224  2.567296390453879E-004  6.028052863426512E-005
  2.406662705788947E-006  7.455206836411217E-005
 -5.670967696827715E-007 -5.775635811347264E-006
         225  1.665166498699792E-004 -1.775134844991580E-004
  6.552127216115573E-005  4.906932076226161E-005
 -1.630834494862214E-006 -6.321949295619335E-006
         226 -7.142148745133936E-005 -2.117419639961676E-004
  8.252223598256656E-005 -1.887562024790288E-005
 -2.973398086617193E-006 -5.872887899620809E-006
         227 -2.051723857236962E-004 -2.690361887885528E-005
  4.033151160732452E-005 -7.166956666293762E-005
 -3.623622105530545E-006 -4.709619529384672E-006
         228 -1.031793908757037E-004  1.675609451436658E-004
 -2.070146661903039E-005 -7.132526525910709E-005
 -3.325887304677299E-006 -3.709253819420097E-006
         229  1.126042556761625E-004  1.593317788879799E-004
 -5.210289661559291E-005 -3.166944309544693E-005
 -2.646627483481813E-006 -3.592084937442652E-006
         230  1.982148696327097E-004 -4.091763633002382E-005
 -4.392420000144222E-005  3.943348178024672E-006
 -2.495525757707725E-006 -4.226526932843450E-006
         231  5.077695093537956E-005 -2.113170745165672E-004
 -2.617780798649044E-005  1.201290186111367E-005
 -3.245698027160717E-006 -4.865249206561089E-006
         232 -1.801233068614655E-004 -1.544687910453936E-004
 -2.675664810499125E-005  1.029246829325528E-005
 -4.531746533677925E-006 -4.742840347409516E-006
         233 -2.429364488998868E-004  9.096296164648453E-005
 -3.544493789661968E-005  2.948963630348469E-005
 -5.452185526893454E-006 -3.744898057234987E-006
         234 -4.752728583255435E-005  2.772618250897653E-004
 -1.532662530195713E-005  6.701856741654868E-005
 -5.496163614133826E-006 -2.627791432511652E-006
         235  2.272396160328126E-004  1.978483860243868E-004
  4.738508116624592E-005  7.985317544725016E-005
 -5.025006296835464E-006 -2.147078867554615E-006
         236  3.047677798549893E-004 -9.254415229976864E-005
  1.146574472150973E-004  2.731689515546094E-005
 -4.876682649145199E-006 -2.441716713026939E-006
         237  8.930464657145425E-005 -3.200525389069312E-004
  1.194212130298580E-004 -7.843478910458247E-005
 -5.656029336564117E-006 -2.774935575539903E-006
         238 -2.277312408776743E-004 -2.550067394945455E-004
  2.892638112155637E-005 -1.641924934042080E-004
 -6.953549411004338E-006 -2.249706197296961E-006
         239 -3.425242486405700E-004  5.511046263221692E-005
 -1.118967877516810E-004 -1.510593096230940E-004
 -7.813502094956730E-006 -7.615320067484607E-007
         240 -1.376026443075943E-004  3.191454026477029E-004
 -2.036606992565092E-004 -2.520526543959280E-005
 -7.641749961033671E-006  9.547059400870749E-007
         241  1.954120710529927E-004  2.837215584774638E-004
 -1.678976484759093E-004  1.380348694712836E-004
 -6.718175250658483E-006  2.015539551395586E-006
         242  3.382345455943082E-004 -1.765171389991000E-005
 -1.512620266404018E-005  2.236103255218920E-004
 -5.945919728336561E-006  2.205879948962754E-006
         243  1.550068677040804E-004 -2.927777451076648E-004
  1.545795912374098E-004  1.649247130741939E-004
 -5.900438866338375E-006  2.211519978420886E-006
         244 -1.714111956770316E-004 -2.748958922177637E-004
  2.241894066129688E-004 -1.792144495575106E-006
 -6.254311884041167E-006  2.791866384916387E-006
         245 -3.184679450407664E-004  1.359484984548183E-005
  1.465774909502727E-004 -1.630342188476927E-004
 -6.231454332892417E-006  4.022987984215783E-006
         246 -1.422416013728164E-004  2.839472890674769E-004
 -2.087926045238839E-005 -2.096057608534606E-004
 -5.391738657006060E-006  5.289630800629635E-006
         247  1.818141580326897E-004  2.651674014671149E-004
 -1.578849892992228E-004 -1.189236176717954E-004
 -3.992606455127373E-006  5.927716577445637E-006
         248  3.293639151045387E-004 -2.953618928416616E-005
 -1.769335843767225E-004  3.041221757138276E-005
 -2.708261546700655E-006  5.731824320674329E-006
         249  1.452167380130583E-004 -3.123251218212294E-004
 -8.813144574788854E-005  1.284108538356344E-004
 -2.134330930751058E-006  5.176406087710683E-006
         250 -2.023767522370390E-004 -2.995235487021695E-004
  2.158859563305096E-005  1.253031937764805E-004
 -2.124391917527578E-006  5.009730702623035E-006
         251 -3.799923443041090E-004  1.371893655157200E-005
  7.451312471636042E-005  6.019387659101555E-005
 -1.987915959529372E-006  5.493094149424836E-006
         252 -2.038582882559614E-004  3.427112467178833E-004
  6.565999195780035E-005  5.372134282832839E-006
 -1.084816411469414E-006  6.071332533727470E-006
         253  1.804083347946027E-004  3.740194483129419E-004
  4.455734600706437E-005 -1.120885177407575E-005
  2.442725728373988E-007  5.862450787456999E-006
         254  4.239440570527347E-004  6.160221535297432E-005
  4.340107531318345E-005 -1.829909299002560E-005
  1.081633785931182E-006  4.849967311228436E-006
         255  2.959859212969245E-004 -3.217070532327986E-004
  4.294353828298477E-005 -4.772790019207342E-005
  9.476197660087013E-007  3.769411104896181E-006
         256 -9.839791695437864E-005 -4.297865064066275E-004
  5.009306090246466E-006 -8.454100948967059E-005
  2.172360724253227E-007  3.459183389546634E-006
