   409.600000000000     
         256           1           3
  1.124309127438499E-002   40.4281294827518        116.710887813746     
   39.0000000000000        116.000000000000        6351.00000000000     
           0  0.000000000000000E+000  0.000000000000000E+000
  0.000000000000000E+000  0.000000000000000E+000
  0.000000000000000E+000  0.000000000000000E+000
           1  5.554346533134768E-007 -2.080404825729760E-008
  5.847805479045196E-006  1.687240230042556E-007
  2.154820846631381E-006  1.609205706903623E-007
           2  6.977572255271621E-007 -6.736934498853407E-008
  5.839930178497051E-006  5.714624906511518E-007
  2.062008499334058E-006  5.289027513971808E-007
           3  9.394432716810072E-007 -2.919420699898381E-007
  6.151964550457406E-006  1.309263409915138E-006
  2.243308346197413E-006  1.169904499998289E-006
           4  1.138210091330384E-006 -8.073480290143169E-007
  7.173054674780141E-006  2.260804514806360E-006
  2.976243281050030E-006  1.807075494770247E-006
           5  1.059980311290333E-006 -1.665735890953209E-006
  9.250136501683854E-006  3.020537763872391E-006
  4.217056999131832E-006  1.957750959306060E-006
           6  3.557900124848552E-007 -2.745671910499959E-006
  1.255630041087181E-005  2.785522304853550E-006
  5.520534681705720E-006  1.337168103087587E-006
           7 -1.309473520296578E-006 -3.639360119167951E-006
  1.659299244734520E-005  5.552645802007205E-007
  6.333826782233463E-006  4.128527746730039E-010
           8 -4.076809383657124E-006 -3.533012750307970E-006
  2.015505487722941E-005 -4.415058444097819E-006
  6.206308412650532E-006 -1.542492787591667E-006
           9 -7.327804812132695E-006 -1.262589985306389E-006
  2.132191607596488E-005 -1.216815476987449E-005
  5.252188375258177E-006 -2.432686508406167E-006
          10 -9.364348261628122E-006  3.941513560316073E-006
  1.802950556357493E-005 -2.105219247435228E-005
  4.226538915705527E-006 -2.314024521941387E-006
          11 -7.477515181502381E-006  1.140426069940211E-005
  9.645090663696048E-006 -2.804611482741817E-005
  3.919055428691248E-006 -1.296136936968759E-006
          12  4.279820688219538E-007  1.802201807139725E-005
 -2.413793256218880E-006 -2.984149648537215E-005
  5.149334120481465E-006 -1.121203095694875E-007
          13  1.405568217500509E-005  1.891652448783652E-005
 -1.402357849742744E-005 -2.441632782531516E-005
  7.504927774832266E-006 -2.250010065865526E-007
          14  2.903483691391023E-005  9.079195084419619E-006
 -2.067680421702829E-005 -1.306364733191672E-005
  1.014648425340039E-005 -2.092632576876100E-006
          15  3.647967460135455E-005 -1.273090995089338E-005
 -1.895791276680197E-005 -9.951780233301589E-008
  1.173787972992702E-005 -5.783814371494430E-006
          16  2.701674599166968E-005 -4.014713897446078E-005
 -9.238562599634281E-006  8.297822064859638E-006
  1.142054348754183E-005 -1.047394215538189E-005
          17 -3.546790814067553E-006 -6.008024298727867E-005
  3.643182603091149E-006  6.749228130276434E-006
  8.316960219634650E-006 -1.545544937121732E-005
          18 -4.888703921605393E-005 -5.543900847586013E-005
  9.834244822538118E-006 -5.043628127765223E-006
  2.489726634947115E-006 -1.785086966549805E-005
          19 -8.829370257490355E-005 -1.548218424779524E-005
  2.614988714533949E-006 -1.803011179679140E-005
 -3.407902740677865E-006 -1.675355004388826E-005
          20 -9.340819664995248E-005  5.279459612293246E-005
 -1.590176461843890E-005 -1.969890683296998E-005
 -7.377742950249573E-006 -1.309658999529983E-005
          21 -4.377864979113342E-005  1.186783544033675E-004
 -3.231823741489938E-005 -9.800794551980448E-007
 -8.121090246527479E-006 -9.050162107542308E-006
          22  5.259017345489720E-005  1.368033332268650E-004
 -2.658671990468554E-005  3.167049248190922E-005
 -7.299989368614182E-006 -6.575699797051976E-006
          23  1.484648416310320E-004  7.465876970949332E-005
  1.104392743325406E-005  5.467130645607280E-005
 -6.143425287606983E-006 -5.825739407807616E-006
          24  1.766070103687995E-004 -5.259138315827948E-005
  6.670262404695815E-005  3.866385004003466E-005
 -6.354475073344202E-006 -6.454845932415104E-006
          25  9.667837420252967E-005 -1.745432421906715E-004
  1.003421249737504E-004 -2.702099768344606E-005
 -8.294857429055822E-006 -5.925347254127314E-006
          26 -6.088833211383122E-005 -2.013661403088932E-004
  7.040478241775192E-005 -1.135545782447711E-004
 -9.981958069409553E-006 -3.208843807328474E-006
          27 -1.936403079265534E-004 -9.372671818383206E-005
 -2.958360233751780E-005 -1.588398269651518E-004
 -8.925305863729484E-006  7.750676212608554E-007
          28 -1.957679421357123E-004  8.420885882123608E-005
 -1.463150683682895E-004 -1.106207226436371E-004
 -4.821915023280987E-006  2.642527793067446E-006
          29 -5.439465291241137E-005  1.973435036901096E-004
 -1.945671279768670E-004  2.054797880295088E-005
 -9.271612336274445E-007  4.793572334070374E-007
          30  1.196784660507848E-004  1.493451330203336E-004
 -1.243871707833970E-004  1.513477736567993E-004
 -4.420373335972116E-007 -4.110855529138928E-006
          31  1.755710936656274E-004 -1.913596241384759E-005
  2.301732240505800E-005  1.830875423906535E-004
 -4.274290913183991E-006 -7.279531935815006E-006
          32  6.385058947409922E-005 -1.526302108978984E-004
  1.371345747313972E-004  9.065718133944218E-005
 -9.395114808388408E-006 -5.893745505257906E-006
          33 -1.063981570195641E-004 -1.232543408128657E-004
  1.320020856945588E-004 -4.693346311879007E-005
 -1.141471023280578E-005 -9.776191029303689E-007
          34 -1.650881269351213E-004  4.193705791330854E-005
  2.578445659108479E-005 -1.135966299189081E-004
 -8.871226742650867E-006  3.348985930207556E-006
          35 -4.614484607761017E-005  1.791819004148091E-004
 -7.490584470785389E-005 -6.232360214418286E-005
 -4.416576491207377E-006  3.501515969723188E-006
          36  1.409255124416674E-004  1.447036281889859E-004
 -7.551736358884450E-005  4.167579771716257E-005
 -2.545964722655243E-006 -6.984955799106665E-008
          37  2.131107755327318E-004 -4.089856618987644E-005
  1.606014302469885E-005  8.511665782432396E-005
 -5.134282327787496E-006 -3.219150608259716E-006
          38  9.171153437573368E-005 -2.083723896429555E-004
  9.877086329730336E-005  1.870580189954609E-005
 -9.626779312804377E-006 -2.633862127313405E-006
          39 -1.203586363329901E-004 -1.994740909971058E-004
  7.850735191307374E-005 -9.581399029133407E-005
 -1.226829041749552E-005  1.667345598717939E-006
          40 -2.326415999440792E-004 -1.662582191978286E-005
 -4.038778464115882E-005 -1.437152124513656E-004
 -1.081761051381963E-005  6.650050044178448E-006
          41 -1.448284100167751E-004  1.786892204984194E-004
 -1.559751569427251E-004 -6.782061513396040E-005
 -6.774960242842442E-006  8.725508526670680E-006
          42  6.365488905846446E-005  2.157683573151801E-004
 -1.644922483548389E-004  7.732910397964045E-005
 -3.267289772541679E-006  7.497645686940013E-006
          43  2.093431029473005E-004  6.736946272207275E-005
 -5.267031605282756E-005  1.736885594964769E-004
 -2.779250515978844E-006  4.863659710222788E-006
          44  1.703627803882285E-004 -1.327947542789409E-004
  8.902502666710962E-005  1.449826113819637E-004
 -4.805294282730691E-006  4.297363872242695E-006
          45 -1.266531376349381E-005 -2.128173772375923E-004
  1.501050813121977E-004  2.154918079003434E-005
 -5.858587557846945E-006  6.370923512694477E-006
          46 -1.791963342494171E-004 -1.109895329447000E-004
  9.156530373787296E-005 -9.317960606802954E-005
 -4.487567065054753E-006  9.185118689658112E-006
          47 -1.922213928433323E-004  7.853566256867585E-005
 -2.510528888159927E-005 -1.102787701246634E-004
 -1.088576058651609E-006  1.002119721398802E-005
          48 -5.122480304751823E-005  1.961038490461698E-004
 -9.791569019178776E-005 -3.090084756305967E-005
  1.611278226757219E-006  8.256732202366345E-006
          49  1.196141805096936E-004  1.539721443016550E-004
 -7.269793064579120E-005  6.583618411920301E-005
  2.407167472793527E-006  5.704927955772532E-006
          50  1.836213682741041E-004  3.857171967798885E-007
  1.734419290585894E-005  9.297033360017321E-005
  9.433592498465279E-007  3.745313602850687E-006
          51  1.042288223592873E-004 -1.323235955862356E-004
  8.472963861946996E-005  3.351234121886053E-005
 -1.042468024721003E-006  4.193656412677760E-006
          52 -3.615584750624700E-005 -1.449800995118108E-004
  7.122212565170743E-005 -5.395671626984285E-005
 -1.409614744870753E-006  6.121489007915022E-006
          53 -1.171953847561190E-004 -4.917599033863010E-005
 -1.000730824362529E-005 -9.117859306413301E-005
  7.546777049198398E-008  7.929970053865420E-006
          54 -8.640849712036880E-005  5.611099539827453E-005
 -8.717991850255698E-005 -4.511242278479539E-005
  2.775855724514292E-006  7.633450884644280E-006
          55  6.362400645633679E-006  7.954423122655710E-005
 -9.640677869731075E-005  4.491667549304791E-005
  4.074691586865646E-006  5.575989443965344E-006
          56  6.244697233950374E-005  1.454407316689137E-005
 -3.054337150601742E-005  1.072657840545016E-004
  3.526883796476751E-006  3.691008438237482E-006
          57  2.670612063229902E-005 -6.113053515775756E-005
  5.715988871058396E-005  9.366937776228745E-005
  1.757668349408320E-006  3.060306240790460E-006
          58 -6.391510516306700E-005 -6.072557350159330E-005
  9.853822975463754E-005  2.049703584498874E-005
  5.656548740893870E-007  4.335909155632465E-006
          59 -1.151166080773277E-004  3.086950243241489E-005
  6.757717903085276E-005 -5.212093379294264E-005
  7.469093555008576E-007  6.185152190163391E-006
          60 -5.958074692292858E-005  1.414537793622119E-004
 -3.711934659159847E-006 -6.709585228397790E-005
  2.333997666509642E-006  7.747519033231832E-006
          61  8.191221553559908E-005  1.688427322553315E-004
 -5.057737311378156E-005 -1.922859122562879E-005
  4.931300058603414E-006  7.827225209231589E-006
          62  2.096720853905214E-004  6.575647936014071E-005
 -3.469450046580507E-005  4.309375097117448E-005
  6.820230169003654E-006  6.523386875370339E-006
          63  2.188387896155774E-004 -1.164654969616278E-004
  2.886887872376732E-005  6.166556840416304E-005
  7.580775187856472E-006  4.731102296812195E-006
          64  8.126154615064072E-005 -2.583848994388798E-004
  8.241986899890965E-005  1.463766551121701E-005
  7.300816728412349E-006  3.504716854194411E-006
          65 -1.281375576781524E-004 -2.575543093363473E-004
  7.470197915487810E-005 -6.310044871509141E-005
  7.289238540050817E-006  3.412779809415530E-006
          66 -2.793669175284332E-004 -1.019548330206313E-004
  2.583346077836503E-006 -1.098563280137661E-004
  8.145534265963365E-006  3.215184372514577E-006
          67 -2.754233932430659E-004  1.179728909486369E-004
 -8.660924437697240E-005 -8.371659199679414E-005
  9.483523504182470E-006  2.290492556434144E-006
          68 -1.182700085737360E-004  2.695888915671161E-004
 -1.306108687333729E-004  4.555074587990255E-006
  1.049573023740793E-005  3.273267115139008E-007
          69  9.419525607162440E-005  2.661082817255730E-004
 -9.643629130603075E-005  1.017312900516773E-004
  1.041659393681790E-005 -2.193758939283473E-006
          70  2.355693245576292E-004  1.201368671538720E-004
 -1.930111919619643E-006  1.472511240497172E-004
  9.149500613261054E-006 -4.386866617419493E-006
          71  2.314275864237101E-004 -7.137474588124960E-005
  9.728547020820637E-005  1.144135245744772E-004
  7.171648633518423E-006 -5.612398243993874E-006
          72  1.005246613110503E-004 -1.925559232059291E-004
  1.445926302830704E-004  2.487904134215106E-005
  5.195755924332569E-006 -5.774276515676312E-006
          73 -6.392900094934141E-005 -1.809273156845750E-004
  1.189612500358191E-004 -6.615416269870555E-005
  3.861153683258175E-006 -5.200224744192089E-006
          74 -1.575809223959415E-004 -6.095144309295137E-005
  4.481296654141091E-005 -1.094548860685217E-004
  3.218563368677388E-006 -4.317394693260605E-006
          75 -1.305716870934231E-004  7.792340758240673E-005
 -2.647929750083339E-005 -9.026718073678269E-005
  3.347740971945480E-006 -3.837859475091480E-006
          76 -1.345533570699679E-005  1.436014675339596E-004
 -5.547444760641624E-005 -3.692825957127252E-005
  3.470186337758380E-006 -4.026702145981018E-006
          77  1.088664144206826E-004  9.753552182070754E-005
 -3.755060097865035E-005  8.818068494356860E-006
  3.253635541924659E-006 -4.225664081163384E-006
          78  1.540838139670889E-004 -2.498535864638777E-005
  1.593055828304525E-006  1.661015500353894E-005
  2.837795896914792E-006 -4.358335847867460E-006
          79  9.234471862032550E-005 -1.432438299165276E-004
  2.417251163439835E-005 -1.061599481769590E-005
  2.672184597550536E-006 -4.202631200076674E-006
          80 -3.977665896593064E-005 -1.817994280693775E-004
  1.107936188826110E-005 -4.614022618462030E-005
  2.828686064830017E-006 -4.285375512864643E-006
          81 -1.656493593425868E-004 -1.141491480593388E-004
 -3.192312172899137E-005 -5.851325644608402E-005
  2.792455096036303E-006 -4.634267746353322E-006
          82 -2.125114729275630E-004  2.661837847722858E-005
 -7.616440279317545E-005 -3.116653109854462E-005
  2.783076803433127E-006 -5.183242892848343E-006
          83 -1.498520085100113E-004  1.666804548202792E-004
 -9.264335055562468E-005  2.620987863145151E-005
  2.451784985688482E-006 -5.880386274427928E-006
          84 -5.995481575988666E-006  2.300146405271931E-004
 -6.451883330181432E-005  8.748801415553029E-005
  1.770106425975238E-006 -6.571403447873298E-006
          85  1.453147301581738E-004  1.808283186890137E-004
  1.386068686690854E-006  1.197145359039224E-004
  6.472826286486603E-007 -7.144302877994636E-006
          86  2.256374552510548E-004  4.272192321331030E-005
  7.833129822695147E-005  1.050015946166497E-004
 -6.682380472590948E-007 -7.001466362000468E-006
          87  1.924515010029517E-004 -1.121604597678256E-004
  1.351079579510421E-004  4.290066051833177E-005
 -1.749598679475140E-006 -6.414205447929849E-006
          88  6.574160813638360E-005 -2.011204554762788E-004
  1.441979050156202E-004 -4.491765363448185E-005
 -2.456245989034278E-006 -5.539756305353870E-006
          89 -8.186211511490927E-005 -1.792063262810145E-004
  9.829747083487586E-005 -1.244309818047343E-004
 -2.596599846318717E-006 -4.556686400479715E-006
          90 -1.684741797297094E-004 -6.550286522573776E-005
  1.113234813143325E-005 -1.627347653776638E-004
 -2.360499763325307E-006 -3.738256300773603E-006
          91 -1.481242817819681E-004  7.028511523374256E-005
 -8.272687306560128E-005 -1.413327835571653E-004
 -1.600878521923981E-006 -3.369677412939679E-006
          92 -3.844916849788719E-005  1.434505411343213E-004
 -1.459201764239787E-004 -6.805309631836864E-005
 -8.036746817303756E-007 -3.850699831495769E-006
          93  8.461681498621242E-005  1.089977572659611E-004
 -1.518899591826297E-004  2.807582603290173E-005
 -7.078644845581383E-007 -4.907475480826478E-006
          94  1.357046856121369E-004 -7.218964400696061E-006
 -9.890689599488833E-005  1.050955526351587E-004
 -1.494839622049281E-006 -6.052484079305789E-006
          95  7.514662421590103E-005 -1.230575691797172E-004
 -1.357125234174309E-005  1.321410071925291E-004
 -2.941148773114434E-006 -6.524960951800477E-006
          96 -6.177047253912124E-005 -1.492672175041486E-004
  6.518303205763319E-005  1.008401093016376E-004
 -4.483112750474820E-006 -6.200831956271008E-006
          97 -1.776634258763222E-004 -5.142135222039777E-005
  1.018185217220282E-004  3.252607590501230E-005
 -5.767352504351943E-006 -5.234618935098788E-006
          98 -1.777211850610986E-004  1.155452566910119E-004
  8.786536809457751E-005 -3.476777825419232E-005
 -6.255254750856525E-006 -3.813105293991919E-006
          99 -3.875345224568190E-005  2.374376164034295E-004
  4.079158893249375E-005 -7.059389089656822E-005
 -5.942629733833527E-006 -2.658679169416974E-006
         100  1.639370484727958E-004  2.134963185922827E-004
 -6.201665420915457E-006 -6.746629064000720E-005
 -5.284305382022760E-006 -2.338097349988549E-006
         101  2.949168687373285E-004  3.223241209972151E-005
 -3.062902101931002E-005 -4.353099024520156E-005
 -5.106459055333158E-006 -2.838549982642338E-006
         102  2.484611824961962E-004 -2.058352930916027E-004
 -3.196078142734437E-005 -2.342771455032105E-005
 -5.894953098384717E-006 -3.298853275465710E-006
         103  2.833711691959891E-005 -3.460711474871721E-004
 -2.926026916481669E-005 -2.031548405287821E-005
 -7.305995857998273E-006 -3.099824986829763E-006
         104 -2.425908186021205E-004 -2.796467851160828E-004
 -4.157780101743961E-005 -2.291033812429653E-005
 -8.679627635481767E-006 -1.872314017283250E-006
         105 -3.903437057238120E-004 -2.364378412051441E-005
 -6.748386350020078E-005 -7.718140776308557E-006
 -9.249507855482187E-006  9.813254676117496E-008
         106 -3.040266380553401E-004  2.744140766767513E-004
 -8.159758848664900E-005  3.746660743933167E-005
 -8.755636537717631E-006  2.022383607908968E-006
         107 -1.793049927233239E-005  4.251307499848444E-004
 -5.458891730033302E-005  9.604769391628320E-005
 -7.542635136630646E-006  3.217057672435367E-006
         108  2.995255759680948E-004  3.198770713565108E-004
  2.025548679011881E-005  1.267015378872472E-004
 -6.397263897558148E-006  3.553536144995674E-006
         109  4.469245888572873E-004  1.022995527527179E-005
  1.091315244342821E-004  9.281022119572755E-005
 -5.767135277226999E-006  3.361211663190117E-006
         110  3.230140562906051E-004 -3.155294800017290E-004
  1.568703182162088E-004 -3.475930690614950E-006
 -5.795649157660458E-006  3.248706660928010E-006
         111 -8.628685809244356E-007 -4.519016526148377E-004
  1.229521821302888E-004 -1.174061895443378E-004
 -6.188336509364575E-006  3.682038794690994E-006
         112 -3.234089594482248E-004 -3.101042934689112E-004
  1.226567407891698E-005 -1.821284980161671E-004
 -6.376001298749979E-006  4.775697444095707E-006
         113 -4.393697025090228E-004  2.049100231146677E-005
 -1.201318996811127E-004 -1.518833697392451E-004
 -5.729677798750972E-006  6.097780999586148E-006
         114 -2.780203930465805E-004  3.259467379594700E-004
 -1.987623471587061E-004 -3.377421709168936E-005
 -4.555318630525299E-006  6.947910239823959E-006
         115  4.983259508210147E-005  4.124757228509178E-004
 -1.727697514759168E-004  1.089830020647691E-004
 -3.323872813845798E-006  7.223108281936484E-006
         116  3.289117588923120E-004  2.319587866337718E-004
 -5.310808893675415E-005  1.939459356916653E-004
 -2.267432118970950E-006  7.060547020003747E-006
         117  3.799087956069741E-004 -8.955481273113493E-005
  9.088825731003918E-005  1.683059093554310E-004
 -1.632277082248846E-006  6.807916348571170E-006
         118  1.781572317957093E-004 -3.354972371105692E-004
  1.694931983134467E-004  4.906589875881093E-005
 -1.246164195776747E-006  6.680526864266403E-006
         119 -1.326187423306744E-004 -3.474509437263500E-004
  1.373013561146834E-004 -8.509131459579201E-005
 -8.495398493064410E-007  6.817530085387634E-006
         120 -3.428871388030629E-004 -1.274871060239476E-004
  1.968335722203946E-005 -1.491499982816765E-004
 -6.030148245390543E-008  7.097159727405794E-006
         121 -3.186296873336860E-004  1.690879778254150E-004
 -1.024393967922507E-004 -1.045954503570527E-004
  1.002075093860394E-006  6.888504415178781E-006
         122 -8.668269420000840E-005  3.441013357756035E-004
 -1.486056090213367E-004  1.339651603042336E-005
  1.843403616529898E-006  6.039042403799644E-006
         123  1.897891668449458E-004  2.899118203857068E-004
 -9.242544461704019E-005  1.253716459012025E-004
  1.875461751343676E-006  5.015942729125592E-006
         124  3.303701687071570E-004  5.780686720897722E-005
  2.706842719542925E-005  1.588181475099180E-004
  1.246237810937017E-006  4.597428074600688E-006
         125  2.572427094276909E-004 -1.918439372154280E-004
  1.321446159541846E-004  9.557538059298694E-005
  7.256995095627526E-007  4.865564481528409E-006
         126  3.482478208226395E-005 -3.010534762346550E-004
  1.593273168659438E-004 -2.228082088270174E-005
  5.702258245500918E-007  5.616352317248743E-006
         127 -1.832194789034403E-004 -2.148773366428002E-004
  9.492344056518763E-005 -1.211181449965072E-004
  9.738547127533134E-007  6.606928542286686E-006
         128 -2.603384983865605E-004 -8.395229589815097E-006
 -1.498652667062395E-005 -1.433386024992261E-004
  2.011956324880259E-006  7.426353058043613E-006
         129 -1.638779070627311E-004  1.749878563789581E-004
 -1.026282887216673E-004 -8.462642858354901E-005
  3.612732982202008E-006  7.803290956145222E-006
         130  2.653659335749789E-005  2.208486454050897E-004
 -1.201455426803103E-004  1.114866046386660E-005
  5.307956848822567E-006  7.388750153260700E-006
         131  1.785768951767946E-004  1.120959878034859E-004
 -6.917096309066443E-005  8.154931546301824E-005
  6.649108225943067E-006  6.394755459379758E-006
         132  1.946514744799661E-004 -6.774531877488652E-005
  6.499883903940049E-006  9.149029608783018E-005
  7.589723337701698E-006  5.117304690394519E-006
         133  7.267050533472946E-005 -1.953058391980534E-004
  5.593402138214676E-005  4.845544161974034E-005
  8.090229199399098E-006  3.755566677279260E-006
         134 -1.025016112253350E-004 -1.904838885557820E-004
  5.458076913236510E-005 -6.805733610327989E-006
  8.202060717207475E-006  2.364654249012335E-006
         135 -2.193991675910168E-004 -5.921308059673463E-005
  1.612748295737472E-005 -3.502426412216840E-005
  7.880688189369792E-006  1.132596798443251E-006
         136 -2.084470925910141E-004  1.174954038536099E-004
 -2.557127834204767E-005 -2.109574971270047E-005
  7.300886785805940E-006  3.037682655235732E-007
         137 -7.690884347190939E-005  2.391836182387191E-004
 -3.870069294671246E-005  2.033159739413322E-005
  6.708701005240476E-006 -1.453522785442956E-007
         138  1.051509262740840E-004  2.402178819073440E-004
 -1.426290541344137E-005  5.879185647661628E-005
  6.302824618151052E-006 -2.630295425120423E-007
         139  2.443942536638416E-004  1.182432443072508E-004
  3.339690605361179E-005  6.907841822987221E-005
  6.260958939161815E-006 -2.634935272058726E-007
         140  2.704338356248725E-004 -6.793161020340286E-005
  7.883586381616961E-005  4.405697594018451E-005
  6.506163519946873E-006 -4.709530683106692E-007
         141  1.682030437818297E-004 -2.290164490117254E-004
  1.008673231210528E-004 -6.305180518641349E-006
  6.773543482123645E-006 -9.848630650632262E-007
         142 -1.614903797826706E-005 -2.869016032463213E-004
  8.898140685140522E-005 -6.315704891608523E-005
  6.823537082227234E-006 -1.705241182012138E-006
         143 -1.962389993050231E-004 -2.116808920634453E-004
  4.534453802053662E-005 -1.059087932226139E-004
  6.606886401080052E-006 -2.366658225700592E-006
         144 -2.863687790659290E-004 -3.662753750179754E-005
 -1.835134422863165E-005 -1.189086299592415E-004
  6.333754840292310E-006 -2.835194891283003E-006
         145 -2.412803799033954E-004  1.575740364803060E-004
 -8.350002159849170E-005 -9.320618227250635E-005
  6.102046176614345E-006 -3.181612559437883E-006
         146 -7.739496891906225E-005  2.765208976983785E-004
 -1.265013106199525E-004 -3.038491931198016E-005
  6.068854624941969E-006 -3.482401861440222E-006
         147  1.273558517864909E-004  2.561089080094265E-004
 -1.245360815687221E-004  5.225407217191741E-005
  6.162492300483172E-006 -4.018970814684326E-006
         148  2.673876836395542E-004  1.003967802468462E-004
 -7.021264202778965E-005  1.213704799125268E-004
  6.089981015512560E-006 -4.754914198314198E-006
         149  2.633846733702064E-004 -1.133729499557804E-004
  1.983520119353134E-005  1.443653896251199E-004
  5.787557077169710E-006 -5.585674049383664E-006
         150  1.089609172113555E-004 -2.688405340319592E-004
  1.077250340044326E-004  1.045390861174373E-004
  5.250117055949059E-006 -6.155320062171262E-006
         151 -1.162726537311887E-004 -2.724179812250850E-004
  1.513325672289826E-004  1.729526608171864E-005
  5.003011014277407E-006 -6.538910301111025E-006
         152 -2.844093289371438E-004 -1.116275397580087E-004
  1.301118075586371E-004 -7.813720969947770E-005
  4.929323256238603E-006 -7.288349826071511E-006
         153 -2.903604054097933E-004  1.295905051156940E-004
  5.351854119109043E-005 -1.365214269580505E-004
  4.714245672935657E-006 -8.448752251672787E-006
         154 -1.174207239190612E-004  3.119165541502740E-004
 -3.955683828764077E-005 -1.306927544252221E-004
  3.893943575870984E-006 -9.917582885292769E-006
         155  1.452557244480462E-004  3.192333979556374E-004
 -1.014958645716171E-004 -6.702869790375426E-005
  2.459658226301390E-006 -1.128087486663590E-005
         156  3.454673168455397E-004  1.307786006717922E-004
 -1.011750089928901E-004  1.533052547404338E-005
  2.825569729482868E-007 -1.246043349434808E-005
         157  3.555939193478985E-004 -1.568935510288323E-004
 -4.807531941439155E-005  6.717183038313092E-005
 -2.676476985831456E-006 -1.254400381632122E-005
         158  1.519549902233568E-004 -3.782568095625322E-004
  1.888677432795170E-005  6.320523631985587E-005
 -5.400674730955182E-006 -1.131995088149900E-005
         159 -1.610533601404857E-004 -3.945012297543738E-004
  5.368998245203332E-005  1.371544753280517E-005
 -7.250499548416052E-006 -9.101559859163562E-006
         160 -4.060166069171255E-004 -1.792840989899536E-004
  3.692124729696302E-005 -3.724559464718242E-005
 -7.718412011107500E-006 -6.687989599633783E-006
         161 -4.324405272019642E-004  1.578817921216982E-004
 -1.077353268921690E-005 -5.280698244631568E-005
 -7.320777196552833E-006 -4.846042475823589E-006
         162 -2.094779621593861E-004  4.267166022789212E-004
 -5.012764753960680E-005 -2.315469776145398E-005
 -6.413023145379786E-006 -3.828820543403925E-006
         163  1.474298249689205E-004  4.660932961187734E-004
 -4.906575214468395E-005  2.692519762311188E-005
 -5.769506405382462E-006 -3.721546076197103E-006
         164  4.389057847914998E-004  2.411988142244567E-004
 -6.272332672131251E-006  5.894994691535459E-005
 -5.814037573888809E-006 -3.865251224269346E-006
         165  4.934839079501719E-004 -1.308982149101428E-004
  5.090816247892578E-005  4.453486763078234E-005
 -6.393926354457281E-006 -3.743553999394737E-006
         166  2.704809875227707E-004 -4.412567904062508E-004
  8.059232242652355E-005 -1.388607109680705E-005
 -7.024817344437199E-006 -3.025400712895408E-006
         167 -1.098845458846909E-004 -5.098204632754986E-004
  5.515502605704594E-005 -8.282232364251309E-005
 -7.239656547671118E-006 -1.971720206276211E-006
         168 -4.326492825634650E-004 -2.922788894977116E-004
 -2.007271253587084E-005 -1.152129929870822E-004
 -6.945567648945457E-006 -9.401261183268058E-007
         169 -5.108701071607957E-004  9.030596061946723E-005
 -1.021882573687844E-004 -8.121182448793428E-005
 -6.205679249704934E-006 -3.324275833104610E-007
         170 -2.966653126420400E-004  4.157976207001213E-004
 -1.383384034764211E-004  5.541964486382448E-006
 -5.504833922597778E-006 -4.102098219708252E-007
         171  8.214934817160551E-005  4.912610017671663E-004
 -1.020314153306848E-004  9.583867577762388E-005
 -5.346910462274238E-006 -9.562506332245510E-007
         172  3.953368067683694E-004  2.745580945051030E-004
 -1.148596652940260E-005  1.349155503382685E-004
 -5.961803248136902E-006 -1.456461471163860E-006
         173  4.516565151714986E-004 -9.516119114237811E-005
  7.936064466088151E-005  9.813416682954807E-005
 -7.141508538311703E-006 -1.333161179392678E-006
         174  2.222399291379888E-004 -3.804496190458554E-004
  1.143123306794708E-004  8.933006755708369E-006
 -8.310268228130240E-006 -3.230954929839876E-007
         175 -1.354549536431574E-004 -3.989414278181343E-004
  7.287625478902973E-005 -7.381474524067190E-005
 -8.874751747915963E-006  1.379321696612405E-006
         176 -3.800166847423638E-004 -1.457711587755693E-004
 -1.431056626616795E-005 -9.519592551709062E-005
 -8.498462608569628E-006  3.247744186001356E-006
         177 -3.461380028470647E-004  2.014657195369510E-004
 -8.445808500125821E-005 -4.083142367085331E-005
 -7.263540632986962E-006  4.606925530509378E-006
         178 -5.785146347111115E-005  3.990079442334637E-004
 -8.366181480227232E-005  4.988507227980730E-005
 -5.761713117404463E-006  5.025360613730991E-006
         179  2.826398013985657E-004  3.033175033939437E-004
 -5.865672866822465E-006  1.078414905243741E-004
 -4.668246231984928E-006  4.624494914564140E-006
         180  4.318504423737876E-004 -2.569964900852467E-005
  9.824825004599435E-005  7.947306124898455E-005
 -4.404468520398517E-006  3.912555627657885E-006
         181  2.737038605182837E-004 -3.617295344985958E-004
  1.490561790969026E-004 -3.160552647207032E-005
 -4.899749521911542E-006  3.588678377661034E-006
         182 -9.416622509874315E-005 -4.640404272993080E-004
  9.354889900072914E-005 -1.590253188714421E-004
 -5.645272645010117E-006  3.972201862703663E-006
         183 -4.208532616215904E-004 -2.493638868433021E-004
 -5.377610022480409E-005 -2.126272015479012E-004
 -6.164570772631923E-006  5.083551948013092E-006
         184 -4.773249368331324E-004  1.442167764372523E-004
 -2.106957328504235E-004 -1.391181412549191E-004
 -5.972806462751292E-006  6.591727613152268E-006
         185 -2.180932757794360E-004  4.511135197062117E-004
 -2.784149096293163E-004  3.573690090647338E-005
 -5.059660916075008E-006  7.909253452332720E-006
         186  1.848257990842703E-004  4.605877943842867E-004
 -2.041454266339039E-004  2.200093467968643E-004
 -3.754078576747155E-006  8.647147472545598E-006
         187  4.565287399718366E-004  1.655306905603928E-004
 -1.934882299086187E-005  3.077512291325230E-004
 -2.673766183260967E-006  8.858762826053029E-006
         188  4.125361219677466E-004 -2.293464015402051E-004
  1.772485219029727E-004  2.486240012433301E-004
 -1.885223603210379E-006  9.120571443947565E-006
         189  8.779517292906489E-005 -4.506594491609674E-004
  2.812624982509010E-004  7.532817266795992E-005
 -1.049333673895923E-006  9.482937622745983E-006
         190 -2.886654936944210E-004 -3.475423559608957E-004
  2.412937417386359E-004 -1.134671399538448E-004
 -6.668416404371590E-008  9.972706900028053E-006
         191 -4.530531143709718E-004  7.790950825124295E-006
  9.445839355609563E-005 -2.148783491559724E-004
  1.313914560670692E-006  1.037500905707414E-005
         192 -2.851632558572180E-004  3.664213668298775E-004
 -6.399672667375511E-005 -1.876550724451508E-004
  3.022298414557035E-006  1.044886728538196E-005
         193  1.042147839783734E-004  4.738246957385232E-004
 -1.418173683207633E-004 -7.182894274523094E-005
  4.977863132474927E-006  9.806156726445335E-006
         194  4.509282279230099E-004  2.448300120621618E-004
 -1.126132260930613E-004  4.121761252979449E-005
  6.412513859029271E-006  8.373582587505315E-006
         195  5.134851029682329E-004 -1.797682444016132E-004
 -2.456988362614217E-005  7.927482747477259E-005
  7.077690336143256E-006  6.794166749719333E-006
         196  2.349643945958880E-004 -5.230971450120053E-004
  4.145278216246457E-005  3.432036596718070E-005
  7.201008255464281E-006  5.459315734166462E-006
         197 -2.157614769067470E-004 -5.580480613330853E-004
  3.389062184618109E-005 -3.852118950895214E-005
  7.107076155788927E-006  4.452377840029312E-006
         198 -5.612715616369300E-004 -2.560792077971809E-004
 -3.890026672640087E-005 -6.953723091887547E-005
  6.869221316944667E-006  3.690983561014968E-006
         199 -5.936245918566831E-004  2.048548648947594E-004
 -1.172840717597217E-004 -1.867295400846855E-005
  6.634142983612625E-006  3.281456006560129E-006
         200 -2.960864253681323E-004  5.566703475429825E-004
 -1.300044248086200E-004  9.157513680724139E-005
  6.609393340187401E-006  3.066572502823222E-006
         201  1.554769509811139E-004  6.047548483855855E-004
 -4.734370563675584E-005  1.910120281278333E-004
  6.800963622287959E-006  2.897246801958404E-006
         202  5.087074957288432E-004  3.379966940806134E-004
  9.828164459596447E-005  2.064133307262025E-004
  7.171993342987928E-006  2.624951980464886E-006
         203  5.846203599864016E-004 -8.271349040533173E-005
  2.262468507754990E-004  1.107357579372525E-004
  7.611936534510296E-006  2.263617928847841E-006
         204  3.670002174386514E-004 -4.283850646680982E-004
  2.602257703197715E-004 -5.437560049935595E-005
  8.218683844675573E-006  1.795270982156961E-006
         205 -4.068004925779750E-006 -5.331033153273575E-004
  1.765846749438447E-004 -2.055583014443859E-004
  8.974562741383615E-006  9.996611216083857E-007
         206 -3.283965375935044E-004 -3.763264556179517E-004
  1.578586339433001E-005 -2.690251697959235E-004
  9.640080684270213E-006 -3.026511911634422E-007
         207 -4.594345205876771E-004 -6.915017827918643E-005
 -1.472183137468572E-004 -2.191149125708932E-004
  9.831882586491065E-006 -2.059436846826590E-006
         208 -3.669035729584035E-004  2.238459058419206E-004
 -2.428295058647276E-004 -8.335154256004753E-005
  9.264107491446726E-006 -3.932979128132291E-006
         209 -1.296325185408384E-004  3.747290327113945E-004
 -2.381009204468640E-004  7.719164573748611E-005
  7.937612868124233E-006 -5.414186079892344E-006
         210  1.256540632178932E-004  3.436576960269425E-004
 -1.429695204953528E-004  2.001439124733517E-004
  6.250394915913242E-006 -6.105153455081320E-006
         211  2.899114358111133E-004  1.741459875449984E-004
  1.488543866176331E-006  2.441360053282030E-004
  4.714505025573011E-006 -6.011651975353469E-006
         212  3.102761187790961E-004 -4.195274124103630E-005
  1.420583076830213E-004  1.987414856005045E-004
  3.695593967163170E-006 -5.374424798698230E-006
         213  2.016450403597906E-004 -2.101932137080474E-004
  2.303717827711912E-004  8.379479393227258E-005
  3.385514299202802E-006 -4.595619068614397E-006
         214  2.490046477871188E-005 -2.717335977272447E-004
  2.393176668064385E-004 -5.881079094545500E-005
  3.721696550121174E-006 -4.097513774122007E-006
         215 -1.426076915656534E-004 -2.138182503844425E-004
  1.676035564368010E-004 -1.818384996078744E-004
  4.409930990648410E-006 -4.290035956105661E-006
         216 -2.325793917139080E-004 -7.027615244383300E-005
  3.918402489984926E-005 -2.437168436077269E-004
  4.827659280027339E-006 -5.247745113405141E-006
         217 -2.115915814553561E-004  9.172082992683027E-005
 -1.027518952179524E-004 -2.227302493759061E-004
  4.531288900802874E-006 -6.529281361895112E-006
         218 -9.335391267645251E-005  1.989615081004659E-004
 -2.082667719840960E-004 -1.225259024944070E-004
  3.557981362256997E-006 -7.589191431393980E-006
         219  6.412398451965434E-005  1.995733797832878E-004
 -2.342590146210271E-004  2.112744791670538E-005
  2.245572907588933E-006 -8.151059388261939E-006
         220  1.774108917239532E-004  9.275658051085739E-005
 -1.695222541570280E-004  1.503786719246946E-004
  8.699707834580758E-007 -8.187232082922602E-006
         221  1.821969023381653E-004 -6.162641907377419E-005
 -4.224304246272642E-005  2.115721339028444E-004
 -2.889866194283875E-007 -7.697866390049118E-006
         222  7.451162915005536E-005 -1.721371203393564E-004
  8.887082136906884E-005  1.821566847977058E-004
 -8.969651154797844E-007 -6.961083153258697E-006
         223 -8.175959218498470E-005 -1.683036573890741E-004
  1.672915399711307E-004  8.489685558212596E-005
 -9.813609582062662E-007 -6.430425602455104E-006
         224 -1.854711434396906E-004 -4.657799849874789E-005
  1.672231331768356E-004 -2.801571192214877E-005
 -8.758244301754102E-007 -6.432285018453566E-006
         225 -1.627582604456917E-004  1.166747047195522E-004
  1.054073339223090E-004 -1.037132004182175E-004
 -1.096510594334908E-006 -6.906698688875129E-006
         226 -2.006707652398603E-005  2.127846549715436E-004
  2.648447786464289E-005 -1.197482298463298E-004
 -1.870677052231430E-006 -7.427101773397767E-006
         227  1.559187578307775E-004  1.691725471229975E-004
 -2.696426492850548E-005 -8.984837531622905E-005
 -3.112070156659867E-006 -7.635926967146509E-006
         228  2.473466624745698E-004  5.536113275509097E-007
 -3.874471107994476E-005 -5.226868179534997E-005
 -4.590047775862010E-006 -7.243452877972248E-006
         229  1.819146788336119E-004 -1.909307190750417E-004
 -2.838684269351364E-005 -3.895356994426114E-005
 -5.848964855691222E-006 -6.125694704572854E-006
         230 -1.181306760849098E-005 -2.777435515285604E-004
 -3.022186444951978E-005 -5.176718196376429E-005
 -6.427189297880113E-006 -4.540437299836819E-006
         231 -2.160715473564227E-004 -1.923516236536039E-004
 -6.563926716720110E-005 -6.143755599081212E-005
 -6.125729336556829E-006 -3.038482360788352E-006
         232 -2.961655363266705E-004  2.233824910278792E-005
 -1.185615607332515E-004 -3.016334152585888E-005
 -5.217144207989763E-006 -2.171767117876204E-006
         233 -1.908866669778741E-004  2.329431897357578E-004
 -1.431149605597680E-004  5.096465686122857E-005
 -4.244368736779695E-006 -2.152679893962901E-006
         234  4.006982317803417E-005  2.995348255955765E-004
 -9.822392036297767E-005  1.474727774670481E-004
 -3.741696279692763E-006 -2.816894794955780E-006
         235  2.479520282296992E-004  1.710312061637431E-004
  1.695322088614482E-005  1.969787120782108E-004
 -4.002828930430453E-006 -3.720772625389162E-006
         236  2.903778354020004E-004 -7.339576840883489E-005
  1.508853736684764E-004  1.522407377286624E-004
 -5.021531616456787E-006 -4.371133405293568E-006
         237  1.312754682912122E-004 -2.686140452829566E-004
  2.271631932011163E-004  1.825738859772672E-005
 -6.497897737250373E-006 -4.359973342895643E-006
         238 -1.254876402163703E-004 -2.745433402948477E-004
  1.917573294315933E-004 -1.415870992962998E-004
 -7.933200019199532E-006 -3.591602741671187E-006
         239 -3.002634804164214E-004 -7.671494651925518E-005
  5.275887447253641E-005 -2.398504280050360E-004
 -9.007985500833748E-006 -2.310197454157922E-006
         240 -2.597399968770090E-004  1.939240641724668E-004
 -1.199002277498196E-004 -2.170583111093239E-004
 -9.639554940066714E-006 -7.384848806598628E-007
         241 -1.632295221518911E-005  3.445516134740670E-004
 -2.296001081124782E-004 -8.116144338895395E-005
 -9.790912001501772E-006  9.510063855875205E-007
         242  2.719940729899834E-004  2.536550032707148E-004
 -2.131739879132686E-004  8.965317885467582E-005
 -9.493906291793481E-006  2.582157891813935E-006
         243  4.018315782511909E-004 -4.079003724806814E-005
 -8.444673101702201E-005  1.937818615079484E-004
 -8.811619759554987E-006  4.050507718563409E-006
         244  2.598395740875187E-004 -3.541677441963893E-004
  7.119520263915882E-005  1.717827745973772E-004
 -7.824703599241702E-006  5.235258095643686E-006
         245 -9.017387178739778E-005 -4.675908225113751E-004
  1.520666186877026E-004  4.818385748009246E-005
 -6.667042791945327E-006  6.090294584711899E-006
         246 -4.325822347121139E-004 -2.761578509353381E-004
  1.107296934179013E-004 -8.420593726414604E-005
 -5.465374321705120E-006  6.572380877511611E-006
         247 -5.339169143388563E-004  1.277565236250011E-004
 -1.307554740645195E-005 -1.315398462783937E-004
 -4.387746307539324E-006  6.815168099892154E-006
         248 -2.994281523170020E-004  4.994217418924023E-004
 -1.252037067210983E-004 -6.320356666810618E-005
 -3.352462189283900E-006  6.924067469461921E-006
         249  1.517352913666972E-004  5.931653177302860E-004
 -1.407794855703311E-004  7.077985288516536E-005
 -2.343808437101535E-006  6.841031184282697E-006
         250  5.493422475096858E-004  3.243600836404227E-004
 -4.203650529471560E-005  1.728846171470796E-004
 -1.399810333966358E-006  6.526455313981403E-006
         251  6.380105329293100E-004 -1.640622674393609E-004
  1.096451024515733E-004  1.642855447691812E-004
 -6.858822888803466E-007  5.946694883935133E-006
         252  3.430886601751720E-004 -5.803622005098269E-004
  2.111249449904547E-004  3.792055750408428E-005
 -3.357188923674453E-007  5.257421580868056E-006
         253 -1.714663875623691E-004 -6.618157578441771E-004
  1.875240143187571E-004 -1.311510578560146E-004
 -4.152812738886892E-007  4.644485224368144E-006
         254 -5.940141689283852E-004 -3.445894675754395E-004
  4.470730371156896E-005 -2.363970566326163E-004
 -8.404592977333265E-007  4.464721222940046E-006
         255 -6.581901149053868E-004  1.832908238982842E-004
 -1.339226766706748E-004 -2.095452051732688E-004
 -1.168898902107679E-006  4.826725780782691E-006
         256 -3.201238025039801E-004  5.931737196914660E-004
 -2.432926030746633E-004 -6.667900567329502E-005
 -1.090060498289769E-006  5.514875728761141E-006
