   5120.00000000000     
         256           1           3
  8.994473019507991E-004   42.0692884399273        111.909583899288     
   18.8300000000000        145.590000000000        6160.02000000000     
           0  0.000000000000000E+000  0.000000000000000E+000
  0.000000000000000E+000  0.000000000000000E+000
  0.000000000000000E+000  0.000000000000000E+000
           1  0.000000000000000E+000  0.000000000000000E+000
  1.338957942360724E-009  2.410444359165475E-010
 -1.764869588690303E-008  4.041792098377508E-011
           2  0.000000000000000E+000  0.000000000000000E+000
  1.286891496767381E-009  8.704713804760838E-010
 -1.990323565163223E-008 -7.538592543939151E-010
           3  0.000000000000000E+000  0.000000000000000E+000
  1.536973144114122E-009  1.785771255305461E-009
 -2.455087754911389E-008  1.394803236164929E-009
           4  0.000000000000000E+000  0.000000000000000E+000
  2.611313725968297E-009  2.827696588568067E-009
 -2.927255943497832E-008  9.785954874945955E-009
           5  0.000000000000000E+000  0.000000000000000E+000
  4.891126416054913E-009  3.159877510752820E-009
 -2.599717158273906E-008  2.485978078882171E-008
           6  0.000000000000000E+000  0.000000000000000E+000
  7.622074782360975E-009  1.100239249390483E-009
 -6.720380169313623E-009  3.570621196386682E-008
           7  0.000000000000000E+000  0.000000000000000E+000
  7.354392605065400E-009 -2.534151399087759E-009
  1.991728217835703E-008  2.584806040934855E-008
           8  0.000000000000000E+000  0.000000000000000E+000
  5.078638688977091E-009 -4.814658381997324E-009
  3.143398664645130E-008 -1.139825668979473E-008
           9  0.000000000000000E+000  0.000000000000000E+000
  1.661039500645429E-009 -4.647684753957444E-009
 -3.573861684004402E-009 -5.035662332186784E-008
          10  0.000000000000000E+000  0.000000000000000E+000
  3.583510719814889E-010 -1.515906544811867E-009
 -6.945336777198177E-008 -3.616880387254833E-008
          11  0.000000000000000E+000  0.000000000000000E+000
  2.755737691594813E-009 -5.407709069181493E-010
 -9.740106533869217E-008  4.343663293297570E-008
          12  0.000000000000000E+000  0.000000000000000E+000
  2.575621308696568E-009  1.030885335619823E-010
 -2.782323022349418E-008  1.311020022923349E-007
          13  0.000000000000000E+000  0.000000000000000E+000
  6.109061156090710E-009 -3.333309205771787E-010
  1.097499985114328E-007  9.793105057484885E-008
          14  0.000000000000000E+000  0.000000000000000E+000
  6.530923169309513E-009 -4.803158423120928E-009
  1.430281471037243E-007 -6.107951706839684E-008
          15  0.000000000000000E+000  0.000000000000000E+000
  2.879662442794823E-009 -6.886563447379460E-009
  8.283719312828329E-010 -1.737604758500134E-007
          16  0.000000000000000E+000  0.000000000000000E+000
  3.860288304421777E-010 -6.416542669081532E-009
 -1.845060612173868E-007 -9.282957549439566E-008
          17  0.000000000000000E+000  0.000000000000000E+000
 -4.565885806074419E-009 -3.130550298151600E-009
 -1.997767723348575E-007  1.419899610863669E-007
          18  0.000000000000000E+000  0.000000000000000E+000
  5.965950088914914E-011  3.452526065137549E-009
  3.280361821153333E-008  2.590702690805273E-007
          19  0.000000000000000E+000  0.000000000000000E+000
  6.408173887513741E-009  6.124955120080623E-010
  2.453197020819156E-007  9.303326291499575E-008
          20  0.000000000000000E+000  0.000000000000000E+000
  6.281685567540252E-009 -4.937490869345896E-009
  1.928389500596249E-007 -1.793834369105945E-007
          21  0.000000000000000E+000  0.000000000000000E+000
  3.336772700238256E-009 -7.083214737682421E-009
 -8.260303958144558E-008 -2.632439414167031E-007
          22  0.000000000000000E+000  0.000000000000000E+000
 -6.862795598869545E-010 -9.593096105991241E-009
 -2.991784519552388E-007 -4.520766108974027E-008
          23  0.000000000000000E+000  0.000000000000000E+000
 -6.025638972572940E-009 -1.411446400465378E-009
 -1.749194727022139E-007  2.655899316682802E-007
          24  0.000000000000000E+000  0.000000000000000E+000
  1.776568276922433E-009  2.243138065241240E-009
  1.480454691236891E-007  2.660221127312558E-007
          25  0.000000000000000E+000  0.000000000000000E+000
  5.282122061534180E-009 -2.863843293283549E-009
  2.813716200910183E-007 -4.562231038548224E-009
          26  0.000000000000000E+000  0.000000000000000E+000
  3.174703273681432E-009 -6.354592489118007E-009
  1.082154347031685E-007 -2.372625400338205E-007
          27  0.000000000000000E+000  0.000000000000000E+000
  1.004336836679699E-009 -8.842661976950655E-009
 -1.746240861431749E-007 -1.868552265305133E-007
          28  0.000000000000000E+000  0.000000000000000E+000
 -7.939080381616063E-009 -4.626797503754359E-009
 -2.297481797460333E-007  1.019963167693848E-007
          29  0.000000000000000E+000  0.000000000000000E+000
  1.628978680332844E-010  2.763381702614549E-009
 -6.087778489179795E-009  2.155423138187821E-007
          30  0.000000000000000E+000  0.000000000000000E+000
  4.987632690224180E-009 -4.115709484514052E-009
  1.507926940639523E-007  9.732345170930769E-008
          31  0.000000000000000E+000  0.000000000000000E+000
  1.157021734719374E-010 -8.664003177410981E-009
  1.267782472407678E-007 -7.161292692747071E-008
          32  0.000000000000000E+000  0.000000000000000E+000
 -4.000525617333510E-009 -6.778386393623095E-009
 -2.497073771631271E-008 -1.179868052527467E-007
          33  0.000000000000000E+000  0.000000000000000E+000
 -8.847797584360113E-009 -3.810160097795208E-009
 -1.121931034796476E-007  1.587748881331511E-008
          34  0.000000000000000E+000  0.000000000000000E+000
 -2.094003676123325E-009  6.255710561230549E-009
  4.279702749241722E-009  9.558145488665330E-008
          35  0.000000000000000E+000  0.000000000000000E+000
  7.151417232030589E-009 -1.030663815181381E-009
  7.444567904537936E-008  2.386493400158414E-008
          36  0.000000000000000E+000  0.000000000000000E+000
  2.820724503096593E-009 -1.005911349259066E-008
  4.077681915718613E-008 -5.603317451220303E-008
          37  0.000000000000000E+000  0.000000000000000E+000
 -5.530023963653737E-009 -9.476375210187307E-009
 -5.454874744649424E-008 -5.636026222087085E-008
          38  0.000000000000000E+000  0.000000000000000E+000
 -8.397025430716499E-009 -4.582369511165188E-009
 -1.017739467580873E-007  5.581724713178216E-008
          39  0.000000000000000E+000  0.000000000000000E+000
 -9.384655010473875E-009  4.197740934130951E-009
  3.101900722760914E-008  1.632420323931063E-007
          40  0.000000000000000E+000  0.000000000000000E+000
  3.551393579521494E-009  5.755293902011442E-009
  1.704769230841761E-007  3.797436401205073E-008
          41  0.000000000000000E+000  0.000000000000000E+000
  6.309169567587380E-009 -5.173026731138694E-009
  1.166528701020546E-007 -1.234559246822946E-007
          42  0.000000000000000E+000  0.000000000000000E+000
 -1.150006713173152E-009 -1.035668396459897E-008
 -5.246267094327249E-008 -1.708651979721962E-007
          43  0.000000000000000E+000  0.000000000000000E+000
 -7.420038987202911E-009 -7.559046732485947E-009
 -2.037257466176025E-007 -3.434078311765901E-008
          44  0.000000000000000E+000  0.000000000000000E+000
 -1.167172532891833E-008 -1.789919449947603E-009
 -1.403305778910756E-007  2.032030154132470E-007
          45  0.000000000000000E+000  0.000000000000000E+000
 -4.069355285199015E-009  6.385403366463356E-009
  1.193952329330524E-007  2.301899835324670E-007
          46  0.000000000000000E+000  0.000000000000000E+000
  2.624218257409875E-009  5.540852628892785E-010
  2.699026142538484E-007  3.574414903758556E-008
          47  0.000000000000000E+000  0.000000000000000E+000
  2.206112588861838E-010 -5.249920238669891E-009
  1.884601456710605E-007 -2.267552360554946E-007
          48  0.000000000000000E+000  0.000000000000000E+000
 -4.637962076715601E-009 -5.870248842893091E-009
 -1.213438629661152E-007 -2.884209742683247E-007
          49  0.000000000000000E+000  0.000000000000000E+000
 -8.318991787203968E-009 -3.169064907329220E-009
 -3.304681732604162E-007 -1.007763553968147E-008
          50  0.000000000000000E+000  0.000000000000000E+000
 -6.889380708581345E-009  3.223682853784521E-009
 -1.582159596366266E-007  3.079930662313501E-007
          51  0.000000000000000E+000  0.000000000000000E+000
 -1.246307112784999E-009  2.461202986949260E-009
  2.083830912068341E-007  3.064885008569915E-007
          52  0.000000000000000E+000  0.000000000000000E+000
 -6.490237607180550E-010 -1.866257993148945E-009
  3.868261548782494E-007 -3.795444137077244E-008
          53  0.000000000000000E+000  0.000000000000000E+000
 -4.213559138563516E-009 -3.734925216465366E-009
  1.445367479241180E-007 -3.591053816976258E-007
          54  0.000000000000000E+000  0.000000000000000E+000
 -7.439920967956116E-009 -1.065505725518888E-009
 -2.529751468594011E-007 -2.769056269142733E-007
          55  0.000000000000000E+000  0.000000000000000E+000
 -6.327606217875383E-009  3.052794205884762E-009
 -3.509515622169905E-007  1.147661838698414E-007
          56  0.000000000000000E+000  0.000000000000000E+000
 -2.077836283102005E-009  4.151612223164508E-009
 -4.033491207805969E-008  3.750225258768946E-007
          57  0.000000000000000E+000  0.000000000000000E+000
  8.831890748327811E-010  6.685141250485275E-012
  3.261891197928945E-007  1.990104921268572E-007
          58  0.000000000000000E+000  0.000000000000000E+000
 -2.580005436641202E-009 -4.542770118317824E-009
  3.152010648040210E-007 -1.964925411112037E-007
          59  0.000000000000000E+000  0.000000000000000E+000
 -8.822526451189207E-009 -2.820157528336047E-009
 -3.197619819906371E-008 -3.450320114093132E-007
          60  0.000000000000000E+000  0.000000000000000E+000
 -9.936064487860548E-009  4.736817682567464E-009
 -3.003106608045145E-007 -1.082508140988908E-007
          61  0.000000000000000E+000  0.000000000000000E+000
 -3.226695212511587E-009  7.504236677675825E-009
 -2.146420335675105E-007  2.317822898836810E-007
          62  0.000000000000000E+000  0.000000000000000E+000
  2.006532111182024E-009  5.080773623516603E-009
  1.502031202057202E-007  2.811211436104758E-007
          63  0.000000000000000E+000  0.000000000000000E+000
  2.205835138528220E-009 -2.705587775439167E-009
  2.962022365123524E-007 -2.437808627682686E-008
          64  0.000000000000000E+000  0.000000000000000E+000
 -6.082032442516038E-009 -5.284068968652168E-009
  1.077452894868527E-007 -2.403456657222169E-007
          65  0.000000000000000E+000  0.000000000000000E+000
 -1.187009907696391E-008  2.381337656758178E-009
 -1.335220425165505E-007 -1.897405086636695E-007
          66  0.000000000000000E+000  0.000000000000000E+000
 -5.063875419229244E-009  9.214682589056169E-009
 -2.232543445377916E-007  3.053521121825224E-008
          67  0.000000000000000E+000  0.000000000000000E+000
  9.614997364864433E-012  8.515256902982255E-009
 -2.388980356214410E-008  2.133055513331621E-007
          68  0.000000000000000E+000  0.000000000000000E+000
  4.134262042895248E-009  2.079501719644161E-009
  1.520709986719595E-007  8.799182601405956E-008
          69  0.000000000000000E+000  0.000000000000000E+000
 -1.526930669856904E-009 -3.118800761153960E-009
  1.529534840216488E-007 -5.550347313342884E-008
          70  0.000000000000000E+000  0.000000000000000E+000
 -7.716091132788743E-009  3.513836637126029E-010
  5.945145706080145E-008 -1.656452730341587E-007
          71  0.000000000000000E+000  0.000000000000000E+000
 -5.324581150792538E-009  7.967120467722807E-009
 -1.195487870148562E-007 -1.483418350249492E-007
          72  0.000000000000000E+000  0.000000000000000E+000
 -1.589442928846954E-009  6.113252488568349E-009
 -1.610608628957717E-007  7.695951827274194E-008
          73  0.000000000000000E+000  0.000000000000000E+000
  1.890011310542410E-009  4.892043656808958E-009
  1.212428407052456E-008  1.215086378492463E-007
          74  0.000000000000000E+000  0.000000000000000E+000
 -2.127452538582327E-010  2.370250356498560E-010
  9.668913273656712E-008  6.973729603029233E-008
          75  0.000000000000000E+000  0.000000000000000E+000
 -4.443080517404492E-009  1.752921382554599E-009
  1.424999408807919E-007 -5.479153224915422E-008
          76  0.000000000000000E+000  0.000000000000000E+000
 -4.937786996702345E-009  6.739508418938118E-009
  1.522731971869993E-008 -1.694290914082303E-007
          77  0.000000000000000E+000  0.000000000000000E+000
  1.855206742101083E-009  6.787900295112246E-009
 -1.560211193646590E-007 -5.400129600356245E-008
          78  0.000000000000000E+000  0.000000000000000E+000
  1.517401617319587E-009  4.901327333469797E-009
 -2.722137088258981E-008  9.359129260821481E-008
          79  0.000000000000000E+000  0.000000000000000E+000
  1.012760562062944E-009  1.198107989450035E-009
  4.226652349206011E-008  4.132669499998105E-008
          80  0.000000000000000E+000  0.000000000000000E+000
 -3.111969993230238E-009  2.672973364845168E-009
  8.981511413614603E-008 -3.193891298330014E-008
          81  0.000000000000000E+000  0.000000000000000E+000
 -2.986672690992876E-009  6.519618707904121E-009
 -2.348443310237329E-008 -1.405784233446129E-007
          82  0.000000000000000E+000  0.000000000000000E+000
  2.621974667588502E-009  8.575938557809655E-009
 -1.869064852141461E-007  1.032275312324320E-008
          83  0.000000000000000E+000  0.000000000000000E+000
  2.673157339847520E-009  5.267600736961294E-009
  3.403569304579043E-008  2.227126808501627E-007
          84  0.000000000000000E+000  0.000000000000000E+000
  3.814954695794884E-009  2.948988091332873E-009
  2.352798550265924E-007  1.252116739720100E-008
          85  0.000000000000000E+000  0.000000000000000E+000
  1.595316799808986E-009  2.265623380907596E-009
  1.590673887939650E-007 -2.545877562639821E-007
          86  0.000000000000000E+000  0.000000000000000E+000
  1.059883092756443E-009  2.150442732962136E-009
 -2.116853420773404E-007 -3.332025311278947E-007
          87  0.000000000000000E+000  0.000000000000000E+000
 -6.152308068587018E-010  4.044239371081077E-009
 -4.600794624801520E-007  8.433070498925350E-008
          88  0.000000000000000E+000  0.000000000000000E+000
  3.517741003100771E-010  4.600171331043532E-009
 -8.010204714640276E-008  5.307694583313883E-007
          89  0.000000000000000E+000  0.000000000000000E+000
  3.374462811105295E-009  6.713736778063224E-009
  4.956357221913346E-007  2.482367673139789E-007
          90  0.000000000000000E+000  0.000000000000000E+000
  5.410199364054945E-009  3.819394364617660E-009
  4.598402697006730E-007 -3.453671630479083E-007
          91  0.000000000000000E+000  0.000000000000000E+000
  5.450992569014163E-009  8.777225559858867E-010
 -9.787468436495725E-008 -6.261206035063798E-007
          92  0.000000000000000E+000  0.000000000000000E+000
  1.592712378305841E-009 -1.686933618869566E-009
 -6.518113723427363E-007 -2.016436789387450E-007
          93  0.000000000000000E+000  0.000000000000000E+000
 -1.471380791089052E-009  2.484783857100737E-009
 -4.709460380539382E-007  5.209432374940689E-007
          94  0.000000000000000E+000  0.000000000000000E+000
 -4.546541718867652E-010  5.925734374370555E-009
  3.037374101448741E-007  6.409113632873537E-007
          95  0.000000000000000E+000  0.000000000000000E+000
  4.501918992861101E-009  6.407170826225352E-009
  6.684387628808076E-007 -1.834642163218734E-008
          96  0.000000000000000E+000  0.000000000000000E+000
  6.524772252768985E-009  3.755612620464206E-009
  2.939805932110767E-007 -5.954354093819941E-007
          97  0.000000000000000E+000  0.000000000000000E+000
  6.334090535387038E-009 -2.254724157551466E-010
 -4.098706199601341E-007 -5.421489043280336E-007
          98  0.000000000000000E+000  0.000000000000000E+000
  1.743453126342582E-009 -1.014096158558132E-009
 -6.460764034155653E-007  1.388618873436911E-007
          99  0.000000000000000E+000  0.000000000000000E+000
  5.947761442588307E-010  1.776660541967127E-009
 -1.173250502643678E-007  5.990231236755918E-007
         100  0.000000000000000E+000  0.000000000000000E+000
  2.459686225900965E-009  4.506428207020496E-009
  4.412481709387775E-007  2.812360854027665E-007
         101  0.000000000000000E+000  0.000000000000000E+000
  4.799095257561439E-009  4.226448310999841E-009
  3.890151490487565E-007 -2.536858517762311E-007
         102  0.000000000000000E+000  0.000000000000000E+000
  6.949319665937900E-009  2.150219379853886E-009
 -8.189498942470479E-008 -4.226094391980717E-007
         103  0.000000000000000E+000  0.000000000000000E+000
  5.558011168199641E-009 -6.771666723770329E-010
 -3.684772778327355E-007 -6.013644554729315E-008
         104  0.000000000000000E+000  0.000000000000000E+000
  3.865750882830980E-009 -4.634045620304519E-010
 -1.377196759344074E-007  2.615477003212596E-007
         105  0.000000000000000E+000  0.000000000000000E+000
  3.401874475633472E-009  6.906460120037657E-010
  1.685595840325140E-007  1.388083140325260E-007
         106  0.000000000000000E+000  0.000000000000000E+000
  3.982969682738816E-009  9.810298286896391E-010
  1.280858292261365E-007 -1.308711870441694E-007
         107  0.000000000000000E+000  0.000000000000000E+000
  4.803277262187861E-009  1.049913658171853E-009
 -1.291189954725297E-007 -1.540072734671180E-007
         108  0.000000000000000E+000  0.000000000000000E+000
  5.620076159317897E-009 -1.669950648572392E-012
 -2.061976135336128E-007  1.071663907967394E-007
         109  0.000000000000000E+000  0.000000000000000E+000
  4.977055189751446E-009 -1.430807226986018E-009
  5.306051428545639E-008  2.551188848851977E-007
         110  0.000000000000000E+000  0.000000000000000E+000
  3.666091328713184E-009 -1.184700035113563E-009
  2.951959206583782E-007  2.565172149786869E-008
         111  0.000000000000000E+000  0.000000000000000E+000
  3.853894184669003E-009  3.799198327028568E-011
  1.574609908648227E-007 -3.230449440742386E-007
         112  0.000000000000000E+000  0.000000000000000E+000
  5.024663310614534E-009 -1.845798214322758E-010
 -2.906511833186699E-007 -3.322904039484953E-007
         113  0.000000000000000E+000  0.000000000000000E+000
  5.906449329799797E-009 -8.039414346016297E-010
 -4.792314405502028E-007  1.413122193304275E-007
         114  0.000000000000000E+000  0.000000000000000E+000
  6.684753165020862E-009 -3.173274589501850E-009
 -9.336307025041108E-008  5.214071631258808E-007
         115  0.000000000000000E+000  0.000000000000000E+000
  3.022812194883183E-009 -5.581911298779178E-009
  4.457122314837022E-007  3.308000576827358E-007
         116  0.000000000000000E+000  0.000000000000000E+000
  2.526171505379250E-010 -1.889841321392429E-009
  5.190785934384577E-007 -2.680113862146729E-007
         117  0.000000000000000E+000  0.000000000000000E+000
  3.595103158767679E-009  1.318024451489208E-009
 -2.694379520506804E-008 -6.611579163394905E-007
         118  0.000000000000000E+000  0.000000000000000E+000
  6.692332452709740E-009 -1.968906637890583E-010
 -6.679627502773961E-007 -2.493789814856000E-007
         119  0.000000000000000E+000  0.000000000000000E+000
  9.245724323984198E-009 -3.798703238827532E-009
 -5.262797478831906E-007  4.904905810056369E-007
         120  0.000000000000000E+000  0.000000000000000E+000
  5.404259813257755E-009 -1.098302271007837E-008
  1.802680289631121E-007  7.081786583137086E-007
         121  0.000000000000000E+000  0.000000000000000E+000
 -3.373611557131293E-009 -7.332344510150308E-009
  7.349417658762588E-007  1.616590504974882E-007
         122  0.000000000000000E+000  0.000000000000000E+000
 -1.525614597325302E-009  5.285491570251888E-010
  4.735094270308370E-007 -6.716638671218628E-007
         123  0.000000000000000E+000  0.000000000000000E+000
  3.281907956132852E-009  8.448627215683630E-010
 -4.996235098736939E-007 -6.815000961820276E-007
         124  0.000000000000000E+000  0.000000000000000E+000
  7.764949197311682E-009 -8.955407312717489E-010
 -8.062436022149721E-007  1.879291339017023E-007
         125  0.000000000000000E+000  0.000000000000000E+000
  8.659353412684802E-009 -9.146889426309605E-009
 -1.849786403465499E-007  8.188222205469659E-007
         126  0.000000000000000E+000  0.000000000000000E+000
 -1.326655740496288E-009 -1.125711149622160E-008
  6.975738361303164E-007  5.044007452033534E-007
         127  0.000000000000000E+000  0.000000000000000E+000
 -3.914038393734419E-009 -3.842540820784358E-009
  7.425835271595492E-007 -4.873974045722680E-007
         128  0.000000000000000E+000  0.000000000000000E+000
 -3.994286864215829E-010 -1.975514898249801E-009
 -2.832862382461100E-007 -8.586495417949414E-007
         129  0.000000000000000E+000  0.000000000000000E+000
  1.522273127487971E-009 -1.695747337433351E-010
 -8.537356039642686E-007  1.090313339279731E-008
         130  0.000000000000000E+000  0.000000000000000E+000
  7.205618760223492E-009 -3.103824902332561E-009
 -3.175625883237845E-007  7.558188063132574E-007
         131  0.000000000000000E+000  0.000000000000000E+000
  3.734550136474222E-009 -1.152703872127933E-008
  5.670535973424054E-007  6.027099398764397E-007
         132  0.000000000000000E+000  0.000000000000000E+000
 -3.460601293528176E-009 -8.185161002450476E-009
  7.661833679799238E-007 -3.213280914383275E-007
         133  0.000000000000000E+000  0.000000000000000E+000
 -1.811926825883542E-009 -4.673946414037070E-009
 -9.783448888269716E-008 -8.641291679406022E-007
         134  0.000000000000000E+000  0.000000000000000E+000
 -2.797483412504159E-009 -3.739502788594879E-009
 -8.383237403372168E-007 -9.587932604347269E-008
         135  0.000000000000000E+000  0.000000000000000E+000
  1.595752468068359E-009 -1.688940795383851E-009
 -3.478094563428186E-007  6.949615219017540E-007
         136  0.000000000000000E+000  0.000000000000000E+000
  2.895310355545962E-009 -8.596684565403945E-009
  4.819738762173267E-007  5.865235077150372E-007
         137  0.000000000000000E+000  0.000000000000000E+000
 -3.998728456813434E-009 -8.281523233394631E-009
  7.161044065112821E-007 -2.563258153481685E-007
         138  0.000000000000000E+000  0.000000000000000E+000
 -3.489586061909621E-009 -5.246851706621488E-009
 -6.375324565335343E-008 -7.725694640114261E-007
         139  0.000000000000000E+000  0.000000000000000E+000
 -5.705796008012786E-009 -4.800132601704005E-009
 -7.457463309809897E-007 -5.460167029169748E-008
         140  0.000000000000000E+000  0.000000000000000E+000
 -3.102343570525970E-009 -1.522421677324457E-010
 -2.108766257849214E-007  6.388499783988544E-007
         141  0.000000000000000E+000  0.000000000000000E+000
  1.585604599438321E-009 -3.757487272590535E-009
  4.963572451336170E-007  3.921765473323910E-007
         142  0.000000000000000E+000  0.000000000000000E+000
 -2.514376372375201E-009 -8.047625341026167E-009
  5.227192964251304E-007 -3.453268862982491E-007
         143  0.000000000000000E+000  0.000000000000000E+000
 -5.975718441073636E-009 -6.009375904939063E-009
 -2.019662546334254E-007 -5.911366959653358E-007
         144  0.000000000000000E+000  0.000000000000000E+000
 -7.817551877819084E-009 -3.674625858218950E-009
 -6.635834027136862E-007  8.658881301902303E-008
         145  0.000000000000000E+000  0.000000000000000E+000
 -6.345542385937216E-009  2.239099407162371E-009
 -5.763473160305601E-008  6.778052143546591E-007
         146  0.000000000000000E+000  0.000000000000000E+000
  1.010295881807786E-009  1.547774206563567E-009
  5.957660646355451E-007  2.674404166072640E-007
         147  0.000000000000000E+000  0.000000000000000E+000
  2.065482408534240E-009 -5.946095288732764E-009
  4.675952810343929E-007 -4.286526092894860E-007
         148  0.000000000000000E+000  0.000000000000000E+000
 -4.750636456703470E-009 -8.558916675819299E-009
 -2.225417346870304E-007 -6.031717764632175E-007
         149  0.000000000000000E+000  0.000000000000000E+000
 -8.898473357264233E-009 -4.680686509934452E-009
 -6.632273943620251E-007 -1.492663246924716E-008
         150  0.000000000000000E+000  0.000000000000000E+000
 -9.416758605956675E-009  4.052192623278656E-010
 -2.652069007852721E-007  6.508567676797980E-007
         151  0.000000000000000E+000  0.000000000000000E+000
 -4.015494930833000E-009  4.382375168436400E-009
  4.890897519145218E-007  4.735556235643037E-007
         152  0.000000000000000E+000  0.000000000000000E+000
  1.418079117581319E-009  1.968207369607603E-010
  5.824681534740920E-007 -1.984281917154253E-007
         153  0.000000000000000E+000  0.000000000000000E+000
 -7.951052126081497E-010 -5.887189541535831E-009
  1.058926454581101E-007 -5.470660436459429E-007
         154  0.000000000000000E+000  0.000000000000000E+000
 -6.101878772251368E-009 -6.207326887412248E-009
 -3.904949677907550E-007 -3.215997141849893E-007
         155  0.000000000000000E+000  0.000000000000000E+000
 -9.503152732469587E-009 -3.199022398176465E-009
 -4.226571833539994E-007  1.768053332425951E-007
         156  0.000000000000000E+000  0.000000000000000E+000
 -9.324802299656327E-009  2.162362532280680E-009
 -5.628892377059910E-008  3.874164884072357E-007
         157  0.000000000000000E+000  0.000000000000000E+000
 -4.665458208211320E-009  4.094107108993462E-009
  2.145701837976612E-007  2.652898715569274E-007
         158  0.000000000000000E+000  0.000000000000000E+000
 -1.585798703345052E-009  1.543653086393139E-009
  3.381228291286796E-007  5.710084048610010E-008
         159  0.000000000000000E+000  0.000000000000000E+000
 -2.127496097979864E-009 -1.887629056249735E-009
  3.147423711155873E-007 -2.147964517695650E-007
         160  0.000000000000000E+000  0.000000000000000E+000
 -5.315696480733605E-009 -3.197085788148476E-009
  4.539842179836321E-008 -4.453358483728091E-007
         161  0.000000000000000E+000  0.000000000000000E+000
 -8.646467906238681E-009 -1.174088594034739E-009
 -4.197179695018939E-007 -3.276835650704187E-007
         162  0.000000000000000E+000  0.000000000000000E+000
 -8.533823193045921E-009  3.092915499607621E-009
 -5.549179417940330E-007  2.479918412675956E-007
         163  0.000000000000000E+000  0.000000000000000E+000
 -5.350869489153655E-009  5.079653208671727E-009
 -4.893289837893369E-008  6.807925235959760E-007
         164  0.000000000000000E+000  0.000000000000000E+000
 -1.900867131907533E-009  3.465382645618921E-009
  6.415731404499387E-007  4.128396799041444E-007
         165  0.000000000000000E+000  0.000000000000000E+000
 -2.675835447820417E-009 -6.401544889768770E-011
  7.175299906738732E-007 -4.000421857956625E-007
         166  0.000000000000000E+000  0.000000000000000E+000
 -5.637692812875995E-009 -6.523073224304371E-010
 -4.290592646237272E-008 -8.530674096808568E-007
         167  0.000000000000000E+000  0.000000000000000E+000
 -8.430145943805542E-009  2.202483531508516E-009
 -7.642278049088642E-007 -2.884703587031579E-007
         168  0.000000000000000E+000  0.000000000000000E+000
 -6.454898280436600E-009  5.938065385818840E-009
 -5.415915730179470E-007  5.196524096218894E-007
         169  0.000000000000000E+000  0.000000000000000E+000
 -2.953970697550052E-009  6.412658668246464E-009
  2.055639334483362E-007  6.918009350293127E-007
         170  0.000000000000000E+000  0.000000000000000E+000
 -1.116250226795337E-009  2.626041005351591E-009
  6.972527444197504E-007  1.197667692589488E-007
         171  0.000000000000000E+000  0.000000000000000E+000
 -4.571017465884124E-009  1.148426210684073E-009
  3.830842650717568E-007 -5.405084273530958E-007
         172  0.000000000000000E+000  0.000000000000000E+000
 -7.629942592907928E-009  3.323325624962300E-009
 -3.018555610158743E-007 -4.492535483547951E-007
         173  0.000000000000000E+000  0.000000000000000E+000
 -6.088203052703955E-009  8.849229012176533E-009
 -3.400266794213207E-007  4.855183729805745E-008
         174  0.000000000000000E+000  0.000000000000000E+000
 -7.530636962712640E-010  9.375498006245991E-009
 -1.122423798798595E-007  1.981174572347952E-007
         175  0.000000000000000E+000  0.000000000000000E+000
  2.941555442868904E-009  4.489892054874245E-009
  8.656657383876331E-008  1.514905986370349E-007
         176  0.000000000000000E+000  0.000000000000000E+000
 -1.534686335636984E-009  3.085516744640714E-010
  1.061235872516313E-007  3.261617451098585E-009
         177  0.000000000000000E+000  0.000000000000000E+000
 -6.293102948728473E-009  2.385552896107322E-009
  2.663272743364835E-008  3.335255786235767E-008
         178  0.000000000000000E+000  0.000000000000000E+000
 -5.797090330730077E-009  9.196305233996213E-009
  2.321031060656527E-007 -1.250584424264075E-008
         179  0.000000000000000E+000  0.000000000000000E+000
 -1.898135479751812E-010  9.861845412321401E-009
  5.416218798944662E-008 -3.193317804992928E-007
         180  0.000000000000000E+000  0.000000000000000E+000
  3.550329374483918E-009  7.793985935260432E-009
 -2.557639609142042E-007 -1.487844270064134E-007
         181  0.000000000000000E+000  0.000000000000000E+000
  2.905741863915172E-009  2.234457915223209E-009
 -2.128696627559534E-007  1.332799309525038E-007
         182  0.000000000000000E+000  0.000000000000000E+000
 -1.025659626700688E-009  1.624631210109984E-009
  1.467752841762507E-008  2.182801608422441E-007
         183  0.000000000000000E+000  0.000000000000000E+000
 -4.013439441954856E-009  4.667159123392641E-009
  2.488487336389356E-007  1.006020008414860E-007
         184  0.000000000000000E+000  0.000000000000000E+000
 -1.795056572348395E-009  7.454279478024443E-009
  1.402096116972582E-007 -2.624520607775335E-007
         185  0.000000000000000E+000  0.000000000000000E+000
 -1.030902728492071E-009  9.180987281186803E-009
 -1.995365083831901E-007 -1.072407265004968E-007
         186  0.000000000000000E+000  0.000000000000000E+000
  4.366876098048483E-009  9.096762096882893E-009
 -3.493366961343497E-008  1.275688985134808E-007
         187  0.000000000000000E+000  0.000000000000000E+000
  5.106947080576824E-009  4.837857483663195E-009
  1.361697813400114E-007 -1.710436579854104E-008
         188  0.000000000000000E+000  0.000000000000000E+000
  2.442950959674240E-009  2.258002747667965E-009
  6.601405968928645E-009 -1.638293050859676E-007
         189  0.000000000000000E+000  0.000000000000000E+000
  4.337869710074578E-010  3.966373911890963E-009
 -1.825205916308553E-007 -1.617518972654296E-007
         190  0.000000000000000E+000  0.000000000000000E+000
 -1.091099370413131E-009  6.084772769797704E-009
 -3.194820183162704E-007  2.154640730256694E-007
         191  0.000000000000000E+000  0.000000000000000E+000
  2.967876307260671E-009  1.004326406092892E-008
  2.193178279547679E-007  4.272621663581521E-007
         192  0.000000000000000E+000  0.000000000000000E+000
  7.049946093645855E-009  7.383558104890306E-009
  5.346712432320879E-007 -1.363100949099277E-007
         193  0.000000000000000E+000  0.000000000000000E+000
  7.496967090883805E-009  3.310945218467593E-009
  5.038950777865511E-008 -6.010050262926876E-007
         194  0.000000000000000E+000  0.000000000000000E+000
  5.686567389565150E-009  1.522571467425481E-009
 -5.643374474618754E-007 -3.458706633135014E-007
         195  0.000000000000000E+000  0.000000000000000E+000
  2.178999802463536E-009  8.320965243708534E-010
 -6.064801494791340E-007  4.635616094509345E-007
         196  0.000000000000000E+000  0.000000000000000E+000
  1.686800639068377E-009  6.074668815482814E-009
  3.113287537289542E-007  7.499326201173282E-007
         197  0.000000000000000E+000  0.000000000000000E+000
  6.615407640107817E-009  5.969568966285308E-009
  8.109863515598826E-007 -1.008391628964087E-007
         198  0.000000000000000E+000  0.000000000000000E+000
  8.059864676761147E-009  2.473906338607181E-009
  1.668152496126750E-007 -8.090932062586720E-007
         199  0.000000000000000E+000  0.000000000000000E+000
  5.845542043906276E-009  1.462257696356650E-010
 -6.761274001959279E-007 -4.515066110166487E-007
         200  0.000000000000000E+000  0.000000000000000E+000
  3.904561149974127E-009  4.666942042809525E-010
 -6.952857752671052E-007  4.270116423327949E-007
         201  0.000000000000000E+000  0.000000000000000E+000
  2.711309290903325E-009  2.832606763932630E-009
  1.426088172849189E-007  8.141125547357152E-007
         202  0.000000000000000E+000  0.000000000000000E+000
  6.330658064088023E-009  4.783019236220129E-009
  8.032055804865749E-007  1.359784495036180E-007
         203  0.000000000000000E+000  0.000000000000000E+000
  8.679816503745383E-009  1.127807469093708E-009
  4.141180603470511E-007 -6.823463343998860E-007
         204  0.000000000000000E+000  0.000000000000000E+000
  6.626990609095447E-009 -1.870972290756064E-009
 -4.388078163838372E-007 -6.613528016026756E-007
         205  0.000000000000000E+000  0.000000000000000E+000
  3.630341784667914E-009 -1.188157225835879E-009
 -7.794940156620703E-007  7.235908599020845E-008
         206  0.000000000000000E+000  0.000000000000000E+000
  3.245257965882399E-009  1.122488193495618E-009
 -3.115933477612712E-007  7.141378927028765E-007
         207  0.000000000000000E+000  0.000000000000000E+000
  5.118720093905645E-009  2.874490763964834E-009
  4.867712009604673E-007  5.954454236527190E-007
         208  0.000000000000000E+000  0.000000000000000E+000
  8.411389538394336E-009  1.780795723393794E-009
  7.445125847124150E-007 -1.602519145793643E-007
         209  0.000000000000000E+000  0.000000000000000E+000
  9.037443838549230E-009 -2.062386854603368E-009
  2.191511949651461E-007 -7.454684265285990E-007
         210  0.000000000000000E+000  0.000000000000000E+000
  6.204351028919156E-009 -4.474896891897095E-009
 -5.626381220910308E-007 -5.832923059529459E-007
         211  0.000000000000000E+000  0.000000000000000E+000
  3.604989308377831E-009 -3.357211846450386E-009
 -8.043503150014219E-007  1.873596132522638E-007
         212  0.000000000000000E+000  0.000000000000000E+000
  2.871536958754995E-009 -1.881992227993467E-009
 -2.786175746158534E-007  7.957951543743487E-007
         213  0.000000000000000E+000  0.000000000000000E+000
  3.682288434379351E-009  8.976192820999402E-010
  5.714195583149597E-007  6.679771085732630E-007
         214  0.000000000000000E+000  0.000000000000000E+000
  7.677540246871895E-009  2.922624211603757E-010
  8.832687010770115E-007 -2.059366181592033E-007
         215  0.000000000000000E+000  0.000000000000000E+000
  8.599018053082339E-009 -3.799825254982113E-009
  2.100146581982221E-007 -9.095461106541236E-007
         216  0.000000000000000E+000  0.000000000000000E+000
  5.970570457772109E-009 -5.845869054757505E-009
 -7.051283187406696E-007 -6.167865351769504E-007
         217  0.000000000000000E+000  0.000000000000000E+000
  3.920611162737675E-009 -6.529893736006971E-009
 -9.241403264111197E-007  3.123539996439294E-007
         218  0.000000000000000E+000  0.000000000000000E+000
  1.443250175039096E-010 -4.573990072764405E-009
 -1.335156468790259E-007  9.955783065633213E-007
         219  0.000000000000000E+000  0.000000000000000E+000
  2.806033818256021E-009 -3.639264724879630E-011
  8.115611980468288E-007  4.871078468452256E-007
         220  0.000000000000000E+000  0.000000000000000E+000
  6.709667771932498E-009 -1.924270251199687E-009
  6.896675510911777E-007 -4.942274000925794E-007
         221  0.000000000000000E+000  0.000000000000000E+000
  6.319789132329321E-009 -5.340542523498399E-009
 -1.499553369256408E-007 -7.153139944211657E-007
         222  0.000000000000000E+000  0.000000000000000E+000
  5.648348221558663E-009 -6.715643787819295E-009
 -6.256629642026121E-007 -1.989329411538021E-007
         223  0.000000000000000E+000  0.000000000000000E+000
  2.272533470812280E-009 -9.491208927302695E-009
 -4.367485094279882E-007  4.674307174812264E-007
         224  0.000000000000000E+000  0.000000000000000E+000
 -1.104861042092530E-009 -4.872790204060320E-009
  2.682225780384352E-007  4.699334162027802E-007
         225  0.000000000000000E+000  0.000000000000000E+000
  2.317701527035594E-009 -3.553063293885685E-009
  3.541000034820510E-007 -1.094515289307929E-007
         226  0.000000000000000E+000  0.000000000000000E+000
  2.692445678749912E-009 -5.678008393933312E-009
 -7.567648967654714E-008 -2.213887727985719E-007
         227  0.000000000000000E+000  0.000000000000000E+000
  2.361352195908092E-009 -5.426734715583509E-009
 -1.594774866766089E-007  6.476208572732650E-008
         228  0.000000000000000E+000  0.000000000000000E+000
  1.935247735466057E-009 -8.185282414194506E-009
  2.701151404219916E-008  2.382983906597324E-007
         229  0.000000000000000E+000  0.000000000000000E+000
 -1.918159762239131E-009 -6.006540940396423E-009
  3.881357649626790E-007 -6.598216858456081E-009
         230  0.000000000000000E+000  0.000000000000000E+000
  9.265114999063876E-010 -4.844844630945752E-009
  3.333385533995377E-008 -5.252822121132542E-007
         231  0.000000000000000E+000  0.000000000000000E+000
  8.286933454318687E-011 -7.288995031440288E-009
 -6.196882645283510E-007 -1.897165664318326E-007
         232  0.000000000000000E+000  0.000000000000000E+000
 -2.430923806614700E-009 -5.521045189555433E-009
 -4.210122969863484E-007  5.721421778314179E-007
         233  0.000000000000000E+000  0.000000000000000E+000
 -6.907071926151403E-010 -4.555374641952278E-009
  3.019921245364402E-007  6.731728631730580E-007
         234  0.000000000000000E+000  0.000000000000000E+000
 -1.558518707883092E-009 -5.361846359147561E-009
  8.385849534871310E-007  6.926551113292749E-008
         235  0.000000000000000E+000  0.000000000000000E+000
 -4.584919386399985E-010 -4.101415030883470E-009
  4.047200561049600E-007 -8.242567887985698E-007
         236  0.000000000000000E+000  0.000000000000000E+000
 -6.375920419325531E-010 -6.284642553198021E-009
 -6.150754740176094E-007 -6.584039298890084E-007
         237  0.000000000000000E+000  0.000000000000000E+000
 -2.854905912366884E-009 -5.877038617842374E-009
 -8.101149486512902E-007  2.815112708234781E-007
         238  0.000000000000000E+000  0.000000000000000E+000
 -1.678410925419259E-009 -4.181904507662884E-009
 -1.422356804435659E-007  7.585625370371183E-007
         239  0.000000000000000E+000  0.000000000000000E+000
 -1.520788885065547E-009 -6.728610324398471E-009
  5.240800310630185E-007  5.476625900532286E-007
         240  0.000000000000000E+000  0.000000000000000E+000
 -4.730970812584111E-009 -5.852560284728094E-009
  7.450086340438206E-007 -2.022263180364490E-007
         241  0.000000000000000E+000  0.000000000000000E+000
 -4.304900981066344E-009 -4.124978443142924E-009
  1.069887617267702E-007 -6.813027375822402E-007
         242  0.000000000000000E+000  0.000000000000000E+000
 -3.934658794295462E-009 -3.200476658760261E-009
 -4.618132223222805E-007 -3.457658817657162E-007
         243  0.000000000000000E+000  0.000000000000000E+000
 -2.030831314509488E-009 -2.723995421419231E-009
 -4.633888410158831E-007  1.509928349616511E-007
         244  0.000000000000000E+000  0.000000000000000E+000
 -1.342544926502130E-009 -6.447964531167391E-009
 -1.846279120926633E-007  4.700089362647324E-007
         245  0.000000000000000E+000  0.000000000000000E+000
 -6.155416883682978E-009 -7.455890544586685E-009
  3.196269435135457E-007  4.051167437842166E-007
         246  0.000000000000000E+000  0.000000000000000E+000
 -8.274308943358488E-009 -4.219730460506554E-009
  4.372776980055496E-007 -3.284570338484301E-008
         247  0.000000000000000E+000  0.000000000000000E+000
 -7.980898551941241E-009 -7.123044100882007E-010
  2.452644924000402E-007 -3.135439028299207E-007
         248  0.000000000000000E+000  0.000000000000000E+000
 -4.608044570158597E-009  1.347503114211761E-009
 -1.015832697635792E-007 -4.106366261419205E-007
         249  0.000000000000000E+000  0.000000000000000E+000
 -1.373155749228260E-009 -1.518485113759111E-009
 -4.691602755632722E-007 -1.066418591727978E-007
         250  0.000000000000000E+000  0.000000000000000E+000
 -3.499055069544017E-009 -5.146503892468841E-009
 -2.922889674911261E-007  4.103716624211630E-007
         251  0.000000000000000E+000  0.000000000000000E+000
 -7.381121143533996E-009 -4.447335174843843E-009
  2.322230803330908E-007  4.511672678156708E-007
         252  0.000000000000000E+000  0.000000000000000E+000
 -8.936566663117027E-009 -1.057549933663955E-009
  5.213476366644708E-007  1.620631690863170E-008
         253  0.000000000000000E+000  0.000000000000000E+000
 -6.931498883598946E-009  1.901238615506298E-009
  2.339549386954326E-007 -4.623398773685164E-007
         254  0.000000000000000E+000  0.000000000000000E+000
 -4.023469681447472E-009  1.516875459699835E-009
 -3.317228346925113E-007 -3.672346734130604E-007
         255  0.000000000000000E+000  0.000000000000000E+000
 -3.789423923426067E-009 -7.228277359804007E-010
 -4.290837737408364E-007  1.921336677302825E-007
         256  0.000000000000000E+000  0.000000000000000E+000
 -5.455327703513939E-009 -1.150903927310341E-009
  3.574433945334397E-008  4.488167314971924E-007
