   409.600000000000     
         256           1           3
  1.124309127438499E-002   40.5069906176741        115.909026519693     
   39.0000000000000        116.000000000000        6351.00000000000     
           0  0.000000000000000E+000  0.000000000000000E+000
  0.000000000000000E+000  0.000000000000000E+000
  0.000000000000000E+000  0.000000000000000E+000
           1  1.025881740602949E-006 -1.455457192457361E-007
  4.218905595061891E-006  2.019218655012891E-007
  7.860220205687832E-006 -1.164101118832128E-007
           2  1.284657372127007E-006 -4.725957093556803E-007
  4.231031655349046E-006  6.749527846094596E-007
  8.066278213902473E-006 -2.132188245446496E-007
           3  1.468163519895296E-006 -1.286279873636924E-006
  4.695129843945817E-006  1.426832405784201E-006
  8.531364734302812E-006 -3.498893124838838E-007
           4  1.021809976261826E-006 -2.520730328775074E-006
  5.909359730822998E-006  2.088307521965132E-006
  9.309409946134449E-006 -7.416524289230154E-007
           5 -4.456405440268147E-007 -3.611719344581846E-006
  7.806481642683682E-006  2.157561521146570E-006
  1.025679597069462E-005 -1.695820955948470E-006
           6 -2.810646347871101E-006 -3.751261366362889E-006
  1.007640690505479E-005  1.241350224885334E-006
  1.093741195690308E-005 -3.297954844646711E-006
           7 -5.369168513236870E-006 -2.352108206928698E-006
  1.218469595481474E-005 -8.096500194706236E-007
  1.098881818942832E-005 -5.397554257296298E-006
           8 -7.178934858247971E-006  6.470135837631635E-007
  1.371128795033281E-005 -3.866065087398745E-006
  1.005460925132408E-005 -7.617528614984527E-006
           9 -7.340651616784145E-006  4.835087289408488E-006
  1.432155777849230E-005 -7.876003409778609E-006
  8.120924457751570E-006 -9.126085032967659E-006
          10 -5.172430828334885E-006  9.392006288302472E-006
  1.342532272928415E-005 -1.258258795719417E-005
  5.891210078757809E-006 -9.485108394631641E-006
          11 -2.144666126789796E-007  1.310338756197091E-005
  1.053276098221658E-005 -1.736875551867586E-005
  4.148064085359528E-006 -8.627711364023770E-006
          12  7.326254658489923E-006  1.426212337199811E-005
  5.327982106500694E-006 -2.120597551771227E-005
  3.933548761963524E-006 -7.145246712020253E-006
          13  1.626017555339100E-005  1.108229098762933E-005
 -1.559913078809663E-006 -2.274337349487602E-005
  4.866326066018451E-006 -6.627570604049458E-006
          14  2.412280659527523E-005  2.096840588676795E-006
 -9.019106109958332E-006 -2.121809786433045E-005
  6.259001037479933E-006 -7.286279122181053E-006
          15  2.687887437260981E-005 -1.268136640005747E-005
 -1.531997563320814E-005 -1.641596836057498E-005
  7.168410547208762E-006 -9.219256011067227E-006
          16  2.021877828798968E-005 -3.022018719748827E-005
 -1.861216120968380E-005 -9.224200299903732E-006
  7.193501081482046E-006 -1.200975689173031E-005
          17  1.387420883720360E-006 -4.451085548711456E-005
 -1.775370719391841E-005 -2.191637026564158E-006
  5.256200519048122E-006 -1.586616545482176E-005
          18 -2.835344561584417E-005 -4.623617053096584E-005
 -1.476243866912879E-005  1.898367952374607E-006
  6.806083168830571E-007 -1.784976460060199E-005
          19 -5.989714131203779E-005 -2.658500844273085E-005
 -1.276508246230747E-005  3.258653497979587E-006
 -4.049868791049814E-006 -1.695724325609063E-005
          20 -7.669877014844997E-005  1.619845996789551E-005
 -1.399105096610682E-005  4.920563400344066E-006
 -7.207826166715430E-006 -1.399024951155465E-005
          21 -6.061622264443275E-005  7.004105748103179E-005
 -1.648525368956486E-005  1.199823874096178E-005
 -7.471563006610255E-006 -1.094054117777733E-005
          22 -4.272187170485085E-006  1.077028887206077E-004
 -1.256509174991100E-005  2.578903726767006E-005
 -6.735240176723253E-006 -9.618143354963674E-006
          23  7.518673244730170E-005  9.755127020645441E-005
  5.760203166006848E-006  3.939912944400013E-005
 -6.029238121054933E-006 -1.004725360214769E-005
          24  1.356279773360507E-004  2.682597972737958E-005
  3.894633609312221E-005  3.774468041514752E-005
 -7.378291536161262E-006 -1.207835748596984E-005
          25  1.299004801053016E-004 -7.936432081981880E-005
  7.170786144521266E-005  6.442849836654317E-006
 -1.166318086050523E-005 -1.251444506139152E-005
          26  4.087374417059440E-005 -1.586357831387075E-004
  7.610288364773151E-005 -5.268264165617824E-005
 -1.675469319109657E-005 -9.220032660663131E-006
          27 -8.888998220605547E-005 -1.469959016332691E-004
  2.922301317594938E-005 -1.099444618847074E-004
 -1.868082910062701E-005 -2.105268256477479E-006
          28 -1.717851259217695E-004 -3.561234273236751E-005
 -5.863589229647757E-005 -1.195406899575457E-004
 -1.499535094509067E-005  4.760194029709492E-006
          29 -1.390117596602571E-004  1.051454092358969E-004
 -1.371786048515421E-004 -5.530481643638510E-005
 -7.857494692726772E-006  7.022919307617274E-006
          30 -6.589983006219265E-006  1.681838355337664E-004
 -1.449993907571090E-004  5.591090891543817E-005
 -1.799846963129472E-006  3.360920831315080E-006
          31  1.221982080404769E-004  1.007576761615736E-004
 -6.401508188568521E-005  1.408079067654000E-004
 -1.261345034750432E-006 -3.163786720282068E-006
          32  1.408088070519176E-004 -3.951627041980439E-005
  5.446912046632931E-005  1.356948138011645E-004
 -6.152536816701739E-006 -6.985100625604340E-006
          33  3.768052043989619E-005 -1.289941818008620E-004
  1.244450214760704E-004  4.397949087325939E-005
 -1.190102501164636E-005 -5.175340689543222E-006
          34 -8.821467034582418E-005 -8.930409957308801E-005
  9.725444701301731E-005 -6.089373023892890E-005
 -1.370937079339908E-005  2.476983692230978E-007
          35 -1.164025734226515E-004  3.672912465306515E-005
  5.207017636190902E-006 -9.685205949881015E-005
 -1.075451470428872E-005  4.246268691140604E-006
          36 -2.073384061374472E-005  1.231414442063342E-004
 -6.655495259459632E-005 -4.521247716425226E-005
 -6.791118173621973E-006  3.701918652997912E-006
          37  1.042456019567923E-004  8.222142469687018E-005
 -5.791149223999641E-005  3.344888514976569E-005
 -6.263261625085895E-006  4.007611791795835E-007
          38  1.339682624803782E-004 -5.083644941257578E-005
  1.137259589275435E-005  5.892757088963941E-005
 -9.643989653626673E-006 -1.537448417920413E-006
          39  3.254868819446793E-005 -1.503296875031586E-004
  6.419457032203697E-005  6.828319225448948E-006
 -1.427339386427383E-005  8.428660778225968E-007
          40 -1.112333004778735E-004 -1.184370241059916E-004
  4.011322316231428E-005 -6.906116805381626E-005
 -1.572326792901760E-005  7.052604273308429E-006
          41 -1.668848031999010E-004  2.228853583689814E-005
 -4.558647089670344E-005 -8.898161878845768E-005
 -1.228039037158200E-005  1.270112951785625E-005
          42 -8.160746755910506E-005  1.502532659644101E-004
 -1.168067342920615E-004 -2.271601036286599E-005
 -5.955097231467475E-006  1.446622551962303E-005
          43  7.281196409413432E-005  1.543292301195336E-004
 -1.047416367757425E-004  8.143414476301121E-005
 -1.221696495780321E-006  1.146182658367058E-005
          44  1.650897979861613E-004  3.128136200728100E-005
 -1.127003166151620E-005  1.386488257999435E-004
 -9.817757258535892E-007  7.543070533211828E-006
          45  1.186951360710114E-004 -1.134906847772276E-004
  9.375136579126307E-005  1.015050276837395E-004
 -3.057376465236823E-006  5.974972044273596E-006
          46 -2.398498667454290E-005 -1.587934036686048E-004
  1.304834373354922E-004 -2.033607010666001E-006
 -5.016431047454312E-006  7.583280834972354E-006
          47 -1.418302242997566E-004 -7.028975352234847E-005
  7.558267230814328E-005 -9.142676161403650E-005
 -4.301967459770257E-006  1.028168664087008E-005
          48 -1.389613208320417E-004  7.502437222575730E-005
 -2.165677421352719E-005 -1.030171801536906E-004
 -1.707136291545742E-006  1.161369134448694E-005
          49 -2.145082333580482E-005  1.576332319059897E-004
 -8.405501657044279E-005 -3.819689708964753E-005
  1.503606253588947E-006  1.096029581417165E-005
          50  1.132410761328584E-004  1.138584494960611E-004
 -6.928946917087330E-005  4.173668438075108E-005
  2.665135410794165E-006  8.146541767552645E-006
          51  1.599807627791286E-004 -1.679305698685799E-005
 -1.777371006713001E-006  7.187627148831154E-005
  1.358971750059470E-006  6.338236785081528E-006
          52  8.902307588839052E-005 -1.307506271734492E-004
  5.625570857109531E-005  3.440578438789863E-005
 -3.842286670359512E-007  6.720011724697138E-006
          53 -3.734029234106553E-005 -1.466108557301466E-004
  5.555556246856051E-005 -3.233092879883777E-005
 -8.971579260473053E-007  9.128960330180059E-006
          54 -1.230729279834061E-004 -6.544505534248348E-005
 -2.574435169023531E-007 -6.825766648986486E-005
  1.336706279866031E-006  1.097690855695344E-005
          55 -1.150497728191445E-004  4.036328630988056E-005
 -6.341613957135682E-005 -4.271966075229879E-005
  4.183082721710862E-006  1.086466700322608E-005
          56 -3.867727660904283E-005  9.131148476619226E-005
 -8.141385596810517E-005  2.498874307026013E-005
  6.414806679000226E-006  9.241175968570175E-006
          57  3.270397658886879E-005  6.417768158069158E-005
 -3.953418398399188E-005  8.173854628271443E-005
  6.828466357249878E-006  6.749080743795729E-006
          58  4.306852558292647E-005  2.937733723543610E-006
  2.966481621612127E-005  8.649535600127756E-005
  5.989170279525448E-006  5.351692870490300E-006
          59 -2.080559948449176E-006 -2.578600903229903E-005
  7.570621322236070E-005  3.915474968026473E-005
  4.707737040275672E-006  5.285874828529994E-006
          60 -4.551634500121148E-005  8.662340729141429E-006
  6.942278028573743E-005 -2.027553120513344E-005
  4.367513487617394E-006  6.739930404080341E-006
          61 -3.009314445133767E-005  7.437303561501928E-005
  2.575397012317749E-005 -4.797814366961262E-005
  6.138549309108285E-006  7.895855575013876E-006
          62  4.966214180558832E-005  1.037350295988045E-004
 -1.463644476104868E-005 -3.081024556439489E-005
  8.509516036433929E-006  7.515712115365359E-006
          63  1.386202869566081E-004  5.032777492220751E-005
 -1.810350447627042E-005  6.702317283654049E-006
  1.025817562226336E-005  5.518343545402728E-006
          64  1.618884359077887E-004 -6.896067493893261E-005
  1.341584054278688E-005  2.444610754821993E-005
  1.021378078021063E-005  3.167711776960313E-006
          65  8.308485106031187E-005 -1.809589542049755E-004
  4.687922047570723E-005  1.774815357603970E-006
  9.283730869736562E-006  2.195157506520051E-006
          66 -6.357362963595353E-005 -2.064174671268967E-004
  4.573403368271916E-005 -4.654388409081846E-005
  8.716253720678882E-006  2.268524574310317E-006
          67 -1.930047026096028E-004 -1.177975599736680E-004
  3.479526729982834E-007 -8.110056141262032E-005
  9.317560619060166E-006  2.828376348607588E-006
          68 -2.259369920322904E-004  3.956180208664846E-005
 -6.432755739328419E-005 -6.926471184726549E-005
  1.108290788551311E-005  2.684154217802970E-006
          69 -1.415508751963574E-004  1.763340411841810E-004
 -1.049363773936077E-004 -8.315621047791274E-006
  1.315929458909202E-005  9.988417740775829E-007
          70  1.037753634226690E-005  2.167379953197956E-004
 -9.020284475668829E-005  6.870221212059691E-005
  1.430705842152182E-005 -2.054552415201906E-006
          71  1.424883760235761E-004  1.441530245456652E-004
 -2.361868497991918E-005  1.161929982235295E-004
  1.383721281820475E-005 -5.679890881561451E-006
          72  1.840572711226850E-004  8.666201818585981E-006
  5.794271346878276E-005  1.047551816985436E-004
  1.152258932175618E-005 -8.755317047804526E-006
          73  1.229280676476052E-004 -1.071905374178421E-004
  1.084356973511138E-004  4.256282772405271E-005
  8.313418377347445E-006 -1.018834135083765E-005
          74  8.346167693450446E-006 -1.406531049289247E-004
  1.029002671429288E-004 -3.299989221275961E-005
  5.246650435050729E-006 -9.734637996962410E-006
          75 -8.440728710140623E-005 -8.533111523182968E-005
  5.220523854510465E-005 -7.889279829557202E-005
  3.691414035685963E-006 -8.429303281020272E-006
          76 -1.025366880525632E-004  1.104861560444537E-005
 -7.492956217337786E-006 -7.685477926953640E-005
  3.142731245537501E-006 -7.562387062233223E-006
          77 -4.561178551865261E-005  8.128663743607468E-005
 -4.113023644768892E-005 -3.889791129924808E-005
  2.913607174536154E-006 -6.995216654087568E-006
          78  4.045049795070699E-005  8.258801258413984E-005
 -3.471946705263872E-005  1.883188079622335E-006
  2.584143460969700E-006 -6.991061547797308E-006
          79  9.627089426122164E-005  1.850581325548396E-005
 -4.062522806345462E-006  1.690251369077137E-005
  2.157234910421914E-006 -6.881471983776641E-006
          80  8.514362187258852E-005 -6.721169857055461E-005
  2.197140326059042E-005 -8.436236257516554E-007
  1.726015979241301E-006 -6.837148757537607E-006
          81  1.246402547542777E-005 -1.197874325124335E-004
  1.937866487986672E-005 -3.457791130414702E-005
  9.586724564755385E-007 -6.488796117326406E-006
          82 -8.018112952173706E-005 -1.048453464325146E-004
 -1.394933180119176E-005 -5.537486106508388E-005
  8.441180447916977E-007 -5.784793435739866E-006
          83 -1.392358675221237E-004 -2.657828872618924E-005
 -5.904289459975106E-005 -4.266893575087080E-005
  1.280964608027080E-006 -5.270287295265765E-006
          84 -1.291068551491287E-004  7.411526747198892E-005
 -8.597551642965303E-005  4.534797682757746E-006
  2.121166495106258E-006 -5.439674631356997E-006
          85 -5.295305697506493E-005  1.438849448443926E-004
 -7.330632306597038E-005  6.382975318353173E-005
  2.622822633008097E-006 -6.651425828788502E-006
          86  5.140738356282956E-005  1.460713550248017E-004
 -2.118109024146752E-005  1.053516188433672E-004
  2.305555811914849E-006 -8.028306139764550E-006
          87  1.311793374367107E-004  7.938306014541421E-005
  5.097642714136667E-005  1.047274711016083E-004
  1.175575524059242E-006 -9.437676935756911E-006
          88  1.473739222832499E-004 -2.133586539777397E-005
  1.106220715475976E-004  5.714225029931105E-005
 -7.873623802536173E-007 -1.031643020109986E-005
          89  9.535268288900037E-005 -1.053515553897400E-004
  1.300058658097484E-004 -2.030522265667626E-005
 -3.028940450141709E-006 -1.014942290119485E-005
          90  4.277739314469558E-006 -1.330114788376976E-004
  9.747669591199311E-005 -9.619227267817982E-005
 -5.134990348685356E-006 -8.823937038181936E-006
          91 -7.719289466890012E-005 -9.368493266987714E-005
  2.487429905397229E-005 -1.383975595060378E-004
 -6.005662435024725E-006 -6.701703400395499E-006
          92 -1.065009183323291E-004 -1.477358508248429E-005
 -5.984112953333453E-005 -1.291472561505770E-004
 -5.536146122736309E-006 -4.879363668046511E-006
          93 -7.388118920596346E-005  5.539630193992324E-005
 -1.226391243057660E-004 -7.093532360964358E-005
 -4.413144572922320E-006 -3.924059331441773E-006
          94 -6.213989295987351E-006  7.663330773402100E-005
 -1.382787303583633E-004  1.239222956975843E-005
 -3.230270423992945E-006 -4.176882638683396E-006
          95  4.846346410200640E-005  4.035476634883494E-005
 -1.017260553424466E-004  8.788901958262552E-005
 -2.651934513977432E-006 -5.194294324508114E-006
          96  5.049771314250935E-005 -2.191257502068646E-005
 -2.860764305886157E-005  1.249995086429335E-004
 -3.054416782442141E-006 -6.599610465606374E-006
          97 -5.886308455647251E-007 -5.814024229233695E-005
  4.877332437537892E-005  1.107745075226033E-004
 -4.676241576033230E-006 -7.703666596189960E-006
          98 -6.415948484645432E-005 -3.381040685785452E-005
  9.919019157059556E-005  5.543919738471961E-005
 -6.763403317176138E-006 -7.615868763019580E-006
          99 -8.392522617984352E-005  4.184522935125708E-005
  1.047712266452353E-004 -1.414478823313855E-005
 -8.503427060513626E-006 -6.490691718240380E-006
         100 -2.859592937734543E-005  1.148000239502212E-004
  7.055586453999155E-005 -6.792535058325230E-005
 -9.439779945660657E-006 -5.029150899429160E-006
         101  7.806488724933776E-005  1.211562735084732E-004
  1.708385685234557E-005 -8.798618878144932E-005
 -9.846552258692700E-006 -3.842478282517556E-006
         102  1.666700902721276E-004  3.534782834680137E-005
 -3.005746005356811E-005 -7.472048004836092E-005
 -1.022012181234534E-005 -2.832949960746408E-006
         103  1.657227214484308E-004 -1.054158024584300E-004
 -5.624183922116038E-005 -4.419639114240847E-005
 -1.073610958702007E-005 -1.914030958491921E-006
         104  5.172864036647133E-005 -2.151509255194453E-004
 -6.190227107674989E-005 -1.337311128395280E-005
 -1.144193727956468E-005 -6.511945415483710E-007
         105 -1.229401671661595E-004 -2.110867777963593E-004
 -5.751009300695641E-005  9.631949009529464E-006
 -1.184830667498945E-005  1.258717937328312E-006
         106 -2.545819571902906E-004 -7.403438616254944E-005
 -5.087410839075296E-005  2.849647230003409E-005
 -1.137851339899922E-005  3.415019885711614E-006
         107 -2.516860914026147E-004  1.301560774657437E-004
 -4.009299141770049E-005  4.958922269538035E-005
 -9.967539643544116E-006  5.148184045575799E-006
         108 -9.735224677246344E-005  2.819185993166441E-004
 -1.543114789352423E-005  7.078577414283277E-005
 -8.145083680463640E-006  5.901171150612240E-006
         109  1.289718016929079E-004  2.814302172590589E-004
  2.609684238889941E-005  7.763280965604691E-005
 -6.643573914891807E-006  5.545663613928144E-006
         110  2.950542964925323E-004  1.167168357312324E-004
  7.282818740263912E-005  5.561638075531325E-005
 -6.138737117750359E-006  4.692272039680143E-006
         111  2.971619824380521E-004 -1.227320128601952E-004
  1.011674852860543E-004  1.002958671118359E-006
 -6.801362818732954E-006  4.199161220647438E-006
         112  1.269855345600584E-004 -2.958690216114850E-004
  8.689216599865899E-005 -6.812569340313373E-005
 -7.992292037098091E-006  4.924690686526997E-006
         113 -1.163506641602243E-004 -2.970295112336350E-004
  2.481038847679617E-005 -1.170102423546832E-004
 -8.394109362274327E-006  6.853236426129999E-006
         114 -2.871912092033319E-004 -1.257113184929571E-004
 -6.199895107667058E-005 -1.122804408338310E-004
 -7.602247802155931E-006  9.085241525386366E-006
         115 -2.842708902289440E-004  1.136163510303304E-004
 -1.275770815013233E-004 -4.591938733941125E-005
 -5.627739372505545E-006  1.077967400509800E-005
         116 -1.127363141244837E-004  2.750993916415443E-004
 -1.304392701713470E-004  5.271121248239116E-005
 -2.953215961183242E-006  1.118378816516783E-005
         117  1.173513627511350E-004  2.624539490396067E-004
 -6.180278417828106E-005  1.282846029639989E-004
 -7.807222207357019E-007  1.020956548086478E-005
         118  2.621746472255491E-004  9.120223153901158E-005
  4.135434799658353E-005  1.345192864737059E-004
  4.222314831788741E-008  8.523643719594697E-006
         119  2.369086609475433E-004 -1.251733462551572E-004
  1.196870009592055E-004  6.644439118941124E-005
 -4.937562506240163E-007  7.444239545828466E-006
         120  6.684558532463138E-005 -2.498042647608431E-004
  1.264494144526597E-004 -3.679469240941689E-005
 -1.264871915495984E-006  7.836304728285305E-006
         121 -1.329062816658416E-004 -2.111351398842434E-004
  5.811636471786915E-005 -1.129490286718233E-004
 -1.162799671680257E-006  9.094626842372115E-006
         122 -2.358944838080885E-004 -4.489640537665772E-005
 -4.277632728576718E-005 -1.170331779374596E-004
  1.933180914552281E-007  1.016725634185108E-005
         123 -1.863202241058153E-004  1.354326485958771E-004
 -1.150401011991759E-004 -4.775828291420987E-005
  2.083335953679843E-006  1.033780282517655E-005
         124 -2.808275562599583E-005  2.179424501621085E-004
 -1.150659747795390E-004  5.099769164193648E-005
  3.782880617153903E-006  9.638917856665054E-006
         125  1.314495876657356E-004  1.608397004861730E-004
 -4.497728421408654E-005  1.185813629311289E-004
  4.941646249409543E-006  8.163128854087627E-006
         126  1.935603843938092E-004  1.361627959203703E-005
  5.046365442737515E-005  1.149372329854537E-004
  4.951171013483335E-006  6.582737416929264E-006
         127  1.307882842338396E-004 -1.220083386225499E-004
  1.115219275125575E-004  4.595738912315064E-005
  4.054248609673989E-006  5.869281799525794E-006
         128 -2.076979735968158E-006 -1.629325364555476E-004
  1.046828496038244E-004 -4.151351724599486E-005
  3.224787805789584E-006  6.357065742370674E-006
         129 -1.120813634557397E-004 -9.521229903644844E-005
  4.052873106980643E-005 -9.344532287834071E-005
  3.498190967494511E-006  7.675995249127632E-006
         130 -1.303372805813510E-004  2.339713975076289E-005
 -3.475064781128438E-005 -8.255042758202540E-005
  4.955510531056296E-006  8.643970290735167E-006
         131 -5.579800264201720E-005  1.071006195822629E-004
 -7.343798601173020E-005 -2.552712908006292E-005
  6.980377991603655E-006  8.680363847296457E-006
         132  5.010067128137633E-005  1.023758234510040E-004
 -5.762347200552407E-005  3.464870386507102E-005
  8.980136386820012E-006  7.702420501425138E-006
         133  1.114526368145249E-004  2.003317295250705E-005
 -7.218178785017173E-006  5.812957740546204E-005
  1.036238625253104E-005  6.035147782593359E-006
         134  8.745510728572080E-005 -7.919256562815447E-005
  3.780820320038342E-005  3.584857532909879E-005
  1.097251570827326E-005  4.069710619152255E-006
         135 -4.449703208312158E-006 -1.267195300378068E-004
  4.679660759572240E-005 -1.026722438630698E-005
  1.082812415150612E-005  2.310625914412433E-006
         136 -1.048177192411228E-004 -9.022005407485755E-005
  1.614602851533950E-005 -4.377044451639448E-005
  1.034093155213084E-005  1.093066853050356E-006
         137 -1.505329273960923E-004  1.176770489890142E-005
 -2.925873708068960E-005 -4.000869727466292E-005
  9.854465658281714E-006  2.714115787876812E-007
         138 -1.092766940921099E-004  1.216774035541508E-004
 -5.628718262882305E-005 -1.441419489582130E-006
  9.524754767155103E-006 -2.835127333185485E-007
         139  1.311622735016343E-006  1.751033841537105E-004
 -4.569376582707976E-005  4.647839249483531E-005
  9.424369662714254E-006 -7.780657000128833E-007
         140  1.236636829135952E-004  1.380585360547836E-004
 -2.966901001653120E-006  7.446776715184790E-005
  9.457356017371185E-006 -1.417154669190766E-006
         141  1.922835716682981E-004  2.500167216474482E-005
  4.937012275107150E-005  6.660595495413148E-005
  9.424310979866844E-006 -2.233929031079646E-006
         142  1.687621450698319E-004 -1.086523290465233E-004
  8.536551915116305E-005  2.642742491462080E-005
  9.176008328416268E-006 -3.128611936274055E-006
         143  6.186223149181359E-005 -1.965389844138285E-004
  9.006239941632971E-005 -2.758172837850942E-005
  8.699722858377526E-006 -3.902116745256544E-006
         144 -7.890408794667620E-005 -1.949311515254998E-004
  6.285997816624074E-005 -7.523524740452399E-005
  8.160377774452825E-006 -4.425157466197092E-006
         145 -1.876299922334804E-004 -1.018091462491850E-004
  1.277268342146307E-005 -1.006791815512595E-004
  7.645005192485431E-006 -4.705726482018110E-006
         146 -2.114374959870061E-004  4.121262827919479E-005
 -4.552772590937174E-005 -9.484200180634225E-005
  7.477820468125525E-006 -4.713852981625077E-006
         147 -1.373222899450551E-004  1.672818491747795E-004
 -9.394408769345822E-005 -5.590840048410300E-005
  7.850507544934306E-006 -4.917596936410797E-006
         148  1.512847482353621E-006  2.168085924063256E-004
 -1.142923666168550E-004  7.126513712751021E-006
  8.424285690471437E-006 -5.672448236041772E-006
         149  1.406701978561732E-004  1.648175592805763E-004
 -9.427711394074416E-005  7.593798141777334E-005
  8.825129043986610E-006 -7.159581760809380E-006
         150  2.135546877472255E-004  3.415596835446241E-005
 -3.382750612452571E-005  1.241910924080213E-004
  8.495929878631817E-006 -8.951721924145118E-006
         151  1.836455094932112E-004 -1.138190247206766E-004
  4.918664692780854E-005  1.285678012383977E-004
  7.664880886443830E-006 -1.067777449007206E-005
         152  6.229276378264623E-005 -2.071728217660071E-004
  1.240693810427027E-004  7.921191630598784E-005
  6.200056578315716E-006 -1.237614830090607E-005
         153 -9.326796202905207E-005 -1.962884479743792E-004
  1.555645713997451E-004 -1.110955803212798E-005
  4.198709624556393E-006 -1.351684642184693E-005
         154 -2.038463867995245E-004 -8.115454678203873E-005
  1.229296408594668E-004 -1.062671643886003E-004
  1.928100305979543E-006 -1.390989635719337E-005
         155 -2.069053922663956E-004  8.315563032909026E-005
  3.513764749409572E-005 -1.618151639884167E-004
  1.043502376515168E-007 -1.359453735030266E-005
         156 -9.234814494173485E-005  2.091195003384640E-004
 -6.886442701023945E-005 -1.493555329762094E-004
 -1.254712198692260E-006 -1.347924055177459E-005
         157  8.478153929953285E-005  2.207859720405851E-004
 -1.410305575979925E-004 -7.434987976586815E-005
 -2.852783683722466E-006 -1.328618522626225E-005
         158  2.260066178399753E-004  9.994026247034424E-005
 -1.478059776385573E-004  2.697497312427672E-005
 -4.456645714786890E-006 -1.296066422450285E-005
         159  2.428053997910413E-004 -9.516125643041096E-005
 -9.028404736523555E-005  1.041875067316275E-004
 -6.248791487100739E-006 -1.231752565892811E-005
         160  1.101635553163137E-004 -2.544680184653988E-004
 -2.333224601679536E-006  1.243498034222855E-004
 -7.857063297413434E-006 -1.120467220007170E-005
         161 -1.086261636133775E-004 -2.754371692400674E-004
  7.100380982042156E-005  8.395408105209145E-005
 -9.330865332815057E-006 -9.633190081154774E-006
         162 -2.892795020425842E-004 -1.284826893346200E-004
  9.483760115957778E-005  1.155740336114553E-005
 -1.003384208584324E-005 -7.651889549594679E-006
         163 -3.172849604386390E-004  1.163927555780080E-004
  6.429570977539230E-005 -5.002493366712402E-005
 -1.003999791604996E-005 -5.942973643789513E-006
         164 -1.583668299067602E-004  3.223916257947389E-004
  5.462209173210545E-006 -6.717765887128732E-005
 -9.672634532736188E-006 -4.652779068901051E-006
         165  1.116858291572158E-004  3.621307649513454E-004
 -3.978987610071562E-005 -3.685702356994781E-005
 -9.260439009809845E-006 -3.936488305258298E-006
         166  3.435691052978861E-004  1.975729130208521E-004
 -4.209049788841843E-005  1.303751086185741E-005
 -9.118320644958821E-006 -3.542981320977602E-006
         167  4.001792805975079E-004 -9.101639637339084E-005
 -3.276978549600455E-006  4.171132409078753E-005
 -9.396579785704547E-006 -3.227243835382340E-006
         168  2.385076051223583E-004 -3.459521549196227E-004
  4.366540460713399E-005  2.535423333997396E-005
 -1.002222732437534E-005 -2.497591088479869E-006
         169 -5.921581301392848E-005 -4.204382562312669E-004
  6.063199312851240E-005 -2.601032356727355E-005
 -1.039505553063938E-005 -1.204839524253967E-006
         170 -3.272377422779862E-004 -2.679531347207105E-004
  2.975371826689009E-005 -7.768102252416621E-005
 -1.015200920322037E-005  2.667274107687690E-007
         171 -4.144093169376565E-004  2.585669621691841E-005
 -3.504613622789086E-005 -9.227683732659383E-005
 -9.276245877456037E-006  1.412403588255861E-006
         172 -2.745284940505147E-004  2.928283186857555E-004
 -9.595481088610808E-005 -5.458922889406920E-005
 -8.151622252163057E-006  1.837418853670418E-006
         173  4.707468265061017E-006  3.818151855691058E-004
 -1.153223632797487E-004  1.777561453089068E-005
 -7.342664040661379E-006  1.528176616478963E-006
         174  2.546446618161736E-004  2.513426490696919E-004
 -8.048491183506807E-005  8.481257468966482E-005
 -7.304656490054284E-006  8.783147756391992E-007
         175  3.310762050934359E-004 -6.964676486161301E-006
 -1.148599699837766E-005  1.105816859292989E-004
 -8.116489890461076E-006  5.226130546510319E-007
         176  2.009718941852531E-004 -2.281913081646924E-004
  5.242645078054390E-005  8.451917946692158E-005
 -9.368136641014141E-006  1.042954914652008E-006
         177 -3.882744737134693E-005 -2.766980517224947E-004
  7.738868654843270E-005  2.860132157970787E-005
 -1.026419766237574E-005  2.516087144096415E-006
         178 -2.242734993572046E-004 -1.329470480162402E-004
  5.828454745200952E-005 -1.871165264154390E-005
 -1.029934133140251E-005  4.413442461143845E-006
         179 -2.327300620211756E-004  9.501671738958396E-005
  2.062815128085957E-005 -2.985944632494457E-005
 -9.415777664922494E-006  6.067004913944559E-006
         180 -6.330916045669543E-005  2.447650844773591E-004
  1.282236766603272E-006 -8.729608782519507E-006
 -8.088112007715124E-006  6.884057352279319E-006
         181  1.619680945235880E-004  2.079958927497841E-004
  1.781708439883510E-005  1.243391207828417E-005
 -7.087107538877886E-006  6.924075750391626E-006
         182  2.804261922962002E-004  6.748099125430056E-006
  5.357273656476747E-005 -3.759468934220723E-007
 -6.875152427163679E-006  6.646063061106355E-006
         183  2.022411388771379E-004 -2.211135676359227E-004
  6.800804007205081E-005 -5.393489029555690E-005
 -7.539043942894674E-006  6.934233003683456E-006
         184 -2.793451126079035E-005 -3.163808141069134E-004
  2.827303433438872E-005 -1.171751885996505E-004
 -8.210516072172602E-006  8.416652381301924E-006
         185 -2.596815188405885E-004 -2.060269302438552E-004
 -6.321602412568374E-005 -1.403441898082843E-004
 -7.962686142160002E-006  1.078367563509767E-005
         186 -3.364312452273483E-004  4.441778609054099E-005
 -1.628999926437927E-004 -8.745632966430093E-005
 -6.247502629810621E-006  1.313364463407470E-005
         187 -2.036496693279333E-004  2.730709985425072E-004
 -2.091207256875274E-004  3.292198846357427E-005
 -3.583197865885947E-006  1.447804037815733E-005
         188  5.412849277304387E-005  3.310434103217131E-004
 -1.617902599266555E-004  1.673440357891102E-004
 -6.675230781543808E-007  1.467926805066119E-005
         189  2.690885506544018E-004  1.819628771911694E-004
 -3.013071156099628E-005  2.438945571149718E-004
  1.839196786606179E-006  1.357972730249085E-005
         190  3.017683378921098E-004 -7.363123774708619E-005
  1.243635949767661E-004  2.165748482212206E-004
  3.048935692771094E-006  1.197703058553357E-005
         191  1.343016605865894E-004 -2.631071929693700E-004
  2.250452745513242E-004  9.636775675533112E-005
  3.229255369213545E-006  1.088882888377046E-005
         192 -1.143633168635006E-004 -2.592681583932944E-004
  2.241778976068049E-004 -5.552280739135276E-005
  3.169257942811265E-006  1.092706505191305E-005
         193 -2.705377328264757E-004 -6.740904741895370E-005
  1.319495350648814E-004 -1.629744800291375E-004
  4.082369610249575E-006  1.158623852556952E-005
         194 -2.221980559958192E-004  1.779098327286492E-004
  5.755393708403336E-006 -1.825554609545354E-004
  5.779431587286260E-006  1.181212572389882E-005
         195  2.981920150981208E-006  3.014199731629424E-004
 -8.734670672872068E-005 -1.232850344017705E-004
  7.839680075665757E-006  1.131437110102078E-005
         196  2.534242505568689E-004  2.074796876091725E-004
 -1.107596206731544E-004 -3.581616528110341E-005
  9.756944443891111E-006  9.919771997844067E-006
         197  3.557286781422262E-004 -5.511625113898447E-005
 -7.504210185394508E-005  2.394554306728110E-005
  1.100957968580928E-005  7.833957320830817E-006
         198  2.259435922616110E-004 -3.242127746297120E-004
 -2.693573913460231E-005  2.842887910153039E-005
  1.115175022998462E-005  5.597059545678266E-006
         199 -7.445180828565147E-005 -4.231775175541989E-004
 -1.389812283764475E-005 -2.167299233019665E-006
  1.047868690411934E-005  4.129894169004114E-006
         200 -3.711339208216808E-004 -2.731493590601057E-004
 -4.687644330817454E-005 -1.993032086722605E-005
  9.874633847812977E-006  3.578312887233839E-006
         201 -4.839281973712254E-004  5.423058557881901E-005
 -9.339899800183104E-005  1.315944435625146E-005
  9.909960767431814E-006  3.489423592481062E-006
         202 -3.360308332664022E-004  3.793587196878227E-004
 -1.001167343026942E-004  9.318357220218656E-005
  1.062347697817054E-005  3.096175133195361E-006
         203  2.967679278290411E-008  5.190200385735875E-004
 -3.515160669253828E-005  1.729343850124925E-004
  1.140630617462013E-005  2.049371252954989E-006
         204  3.437548409995719E-004  3.946724271478162E-004
  8.654058360364590E-005  1.936499491205624E-004
  1.179826855496162E-005  5.580291470402207E-007
         205  5.150570240789320E-004  7.516762094618438E-005
  2.091242524854473E-004  1.233288051372370E-004
  1.163236445737936E-005 -9.970970996018469E-007
         206  4.331747264628130E-004 -2.710203129950991E-004
  2.672849935847308E-004 -2.230586954757695E-005
  1.104588129784845E-005 -2.280831366117481E-006
         207  1.521168564400509E-004 -4.712932998742947E-004
  2.202476602545187E-004 -1.853422625451990E-004
  1.032952437053580E-005 -3.149386544844384E-006
         208 -1.773388270323649E-004 -4.399941103083004E-004
  7.622429714628510E-005 -2.921831921526256E-004
  9.759538767272845E-006 -3.720539216740366E-006
         209 -3.955994730752690E-004 -2.137609498643791E-004
 -1.103598082339824E-004 -2.912516377535907E-004
  9.421362876746403E-006 -4.192915767471405E-006
         210 -4.139112145135055E-004  8.174935738302146E-005
 -2.634414067389270E-004 -1.763051484510298E-004
  9.333664955226088E-006 -4.792881313021416E-006
         211 -2.485837871971969E-004  3.028817061474647E-004
 -3.194609892106223E-004  9.431515133707841E-006
  9.252426456514640E-006 -5.758088142922403E-006
         212 -5.227658943851385E-007  3.608933219677147E-004
 -2.552092908855009E-004  1.931542455308570E-004
  8.825442081417027E-006 -6.983166653157093E-006
         213  2.087962709708218E-004  2.564855121883535E-004
 -9.695288440460545E-005  3.041513038343596E-004
  7.923619525416723E-006 -8.145827690303698E-006
         214  2.958019681209983E-004  6.038521710989997E-005
  9.438967007584717E-005  3.037377216623410E-004
  6.750104980628088E-006 -8.919770155365706E-006
         215  2.429123226779625E-004 -1.286988466693275E-004
  2.492933090198035E-004  1.949872287572073E-004
  5.629040963587588E-006 -9.407677315828667E-006
         216  9.551775001938412E-005 -2.316331041204112E-004
  3.137749389705514E-004  1.940370777108382E-005
  4.512601432823721E-006 -9.776527130505281E-006
         217 -6.986213787338796E-005 -2.185432938895301E-004
  2.671841822148861E-004 -1.601025685897333E-004
  3.325900936892036E-006 -9.953044485537281E-006
         218 -1.802267779872814E-004 -1.101021879098006E-004
  1.269217423446168E-004 -2.790378968741790E-004
  2.212893540591603E-006 -9.803410646735279E-006
         219 -1.924629003684396E-004  3.451506263921217E-005
 -5.380229634849933E-005 -2.942708930983973E-004
  1.427677718325256E-006 -9.508199927381716E-006
         220 -1.112140132698007E-004  1.450123423622455E-004
 -2.065644248814991E-004 -2.024652239065136E-004
  8.339784033436688E-007 -9.341471355700294E-006
         221  1.713533759354736E-005  1.719837147109124E-004
 -2.733021458389459E-004 -4.181901919182017E-005
  2.579902701695031E-007 -9.244349124904251E-006
         222  1.261814489980869E-004  1.069794639163666E-004
 -2.318665541065330E-004  1.211098428801645E-004
 -2.717737542737063E-007 -9.208897549503644E-006
         223  1.593733447026811E-004 -1.220063690479185E-005
 -1.053335547739244E-004  2.211981698006199E-004
 -8.321089128250009E-007 -9.261744682571026E-006
         224  1.014878269744475E-004 -1.184183590963453E-004
  4.764827792455556E-005  2.218408863715992E-004
 -1.512891957359372E-006 -9.401096532705125E-006
         225 -1.282721473492533E-005 -1.530633449625204E-004
  1.596753645212231E-004  1.329697845972256E-004
 -2.435663818314352E-006 -9.461335446985555E-006
         226 -1.172610863874104E-004 -9.646644164845666E-005
  1.873409436923014E-004  4.005810297109716E-006
 -3.426889304092417E-006 -9.231483809690029E-006
         227 -1.490107640441529E-004  1.727700947997029E-005
  1.307919399897168E-004 -1.006776890202419E-004
 -4.268140256191819E-006 -8.822197761227810E-006
         228 -8.900311159560914E-005  1.180551508615142E-004
  3.267011958094990E-005 -1.365351858286986E-004
 -4.993250665209581E-006 -8.412342017600027E-006
         229  2.490208980516235E-005  1.431587437777972E-004
 -4.898993568392174E-005 -1.016753796856978E-004
 -5.717979325342446E-006 -8.006603177607068E-006
         230  1.200369616764753E-004  7.646908559134493E-005
 -7.481104935057495E-005 -3.449934779860773E-005
 -6.492369799427338E-006 -7.535447662236755E-006
         231  1.337288996761087E-004 -3.844920494292216E-005
 -4.798150705664923E-005  1.384986415711880E-005
 -7.287171345236086E-006 -6.922171493397583E-006
         232  5.636740210416343E-005 -1.243988826304467E-004
 -6.436865477084506E-006  1.575885286285439E-005
 -8.031447450259099E-006 -6.083862199249892E-006
         233 -6.004915649726700E-005 -1.214389838853739E-004
  7.006055106676699E-006 -1.711975152122050E-005
 -8.524761788935428E-006 -5.024033198137431E-006
         234 -1.336695078587484E-004 -2.877210949351516E-005
 -2.358815025946386E-005 -4.370982734773176E-005
 -8.617170279782600E-006 -3.955692869324786E-006
         235 -1.085160132574863E-004  9.012606183822784E-005
 -7.381908692664453E-005 -2.663631827551534E-005
 -8.354024832901589E-006 -3.190964410110759E-006
         236  3.156889308266456E-006  1.488573566317705E-004
 -9.672782696759740E-005  3.767600043788443E-005
 -8.089323156960403E-006 -2.953525711864609E-006
         237  1.260438831472157E-004  9.885391643197302E-005
 -5.732710831157025E-005  1.113115135092357E-004
 -8.249046949831667E-006 -3.080142411235118E-006
         238  1.707688280171672E-004 -3.482742992016087E-005
  3.660086474879513E-005  1.383060245682006E-004
 -8.985406275524690E-006 -3.183254255122824E-006
         239  9.501295755218340E-005 -1.650199939141570E-004
  1.331187424707772E-004  8.451440731588479E-005
 -1.027094109591769E-005 -2.896738662395737E-006
         240 -6.311857918427160E-005 -1.982690249099495E-004
  1.661175489321667E-004 -3.159796532391035E-005
 -1.183773159939211E-005 -1.789989949566756E-006
         241 -2.048593278356287E-004 -9.737706303915723E-005
  1.041037735540372E-004 -1.435967243789503E-004
 -1.305621319470912E-005  3.001048398802260E-007
         242 -2.296411567947162E-004  8.846855933309638E-005
 -2.319468251344937E-005 -1.803611667180631E-004
 -1.332289292585862E-005  3.010610395910111E-006
         243 -1.025352409836544E-004  2.448867413623091E-004
 -1.400953930776044E-004 -1.154020272540559E-004
 -1.240817668676932E-005  5.681954977379758E-006
         244  1.127849743243483E-004  2.616411342471813E-004
 -1.752881824708201E-004  1.168180863641157E-005
 -1.056650886532668E-005  7.621421066185811E-006
         245  2.847325198386083E-004  1.078939046609625E-004
 -1.105363523779809E-004  1.214531350132346E-004
 -8.448160302625225E-006  8.520464482412896E-006
         246  2.938618788379585E-004 -1.376773464060877E-004
  7.654813768248070E-006  1.479796192152651E-004
 -6.693283393743848E-006  8.522325695353163E-006
         247  1.129706366916658E-004 -3.262660633551310E-004
  1.009431118947730E-004  8.166175938084998E-005
 -5.687439816047139E-006  8.225138443754346E-006
         248 -1.645757311909653E-004 -3.281145640981477E-004
  1.097434793765847E-004 -2.645353528629407E-005
 -5.193640858664570E-006  8.211353652327617E-006
         249 -3.715437975185911E-004 -1.184761698304959E-004
  3.352647959071764E-005 -9.742546010023414E-005
 -4.742720612490849E-006  8.671236346126730E-006
         250 -3.656229163256409E-004  1.936570904291063E-004
 -6.822987284036379E-005 -7.994374874441249E-005
 -3.839682447816608E-006  9.434344114100435E-006
         251 -1.250176408018718E-004  4.196727490589442E-004
 -1.171493309759107E-004  1.425478127557101E-005
 -2.318532676713189E-006  9.940560301075017E-006
         252  2.224873899816289E-004  4.044242393837636E-004
 -7.158780262506693E-005  1.165487088502919E-004
 -4.883121526571182E-007  9.682169249469720E-006
         253  4.652712059937482E-004  1.323597972099543E-004
  4.327601936025203E-005  1.510925758392152E-004
  9.462570002577411E-007  8.489781711899245E-006
         254  4.387418378549915E-004 -2.463700937722419E-004
  1.544333248470574E-004  8.589477547946691E-005
  1.328317366963439E-006  6.959711193828905E-006
         255  1.394233011907964E-004 -4.999638556678310E-004
  1.888691888605818E-004 -4.722146239176476E-005
  7.887587178631773E-007  5.901561996942424E-006
         256 -2.610815736763657E-004 -4.617429674045499E-004
  1.183958682516290E-004 -1.747103034742931E-004
 -1.088108524508535E-007  5.789962267779296E-006
