   5120.00000000000     
         256           1           3
  8.994473019507991E-004   40.8133759167543        114.774700328094     
   18.8300000000000        145.590000000000        6160.02000000000     
           0  0.000000000000000E+000  0.000000000000000E+000
  0.000000000000000E+000  0.000000000000000E+000
  0.000000000000000E+000  0.000000000000000E+000
           1  0.000000000000000E+000  0.000000000000000E+000
  1.600986668153558E-009  2.222138756541091E-010
 -2.010847201083955E-008  3.346088708188187E-011
           2  0.000000000000000E+000  0.000000000000000E+000
  1.507785450145802E-009  8.151750069212353E-010
 -2.232953188690664E-008 -9.179858936459345E-010
           3  0.000000000000000E+000  0.000000000000000E+000
  1.653961546714378E-009  1.727233833527886E-009
 -2.720867077503694E-008  6.395470958683616E-010
           4  0.000000000000000E+000  0.000000000000000E+000
  2.552673000775684E-009  2.891552078146414E-009
 -3.329382726425563E-008  8.180274908231312E-009
           5  0.000000000000000E+000  0.000000000000000E+000
  4.720870904993185E-009  3.606536935124956E-009
 -3.342642761111765E-008  2.381833761082363E-008
           6  0.000000000000000E+000  0.000000000000000E+000
  7.756728123123373E-009  2.158450988050142E-009
 -1.792263248385223E-008  3.996265660577940E-008
           7  0.000000000000000E+000  0.000000000000000E+000
  8.493387870234673E-009 -1.171287121914490E-009
  1.120791967361304E-008  4.090093972932295E-008
           8  0.000000000000000E+000  0.000000000000000E+000
  7.484436453407816E-009 -4.189058990293128E-009
  3.867012273727062E-008  1.124332624952193E-008
           9  0.000000000000000E+000  0.000000000000000E+000
  4.438728975517800E-009 -5.953767629485724E-009
  2.712765823045153E-008 -4.095609211669820E-008
          10  0.000000000000000E+000  0.000000000000000E+000
  1.484968370882283E-009 -4.697045342477573E-009
 -3.679443239276745E-008 -6.547378457249881E-008
          11  0.000000000000000E+000  0.000000000000000E+000
  9.306809965477732E-010 -3.408968075029196E-009
 -1.086159904375838E-007 -1.600037717522507E-008
          12  0.000000000000000E+000  0.000000000000000E+000
 -1.014858832840385E-009  2.487830622580849E-010
 -1.050899503237939E-007  1.018646409431248E-007
          13  0.000000000000000E+000  0.000000000000000E+000
  4.481499282224890E-009  3.613996631554892E-009
  2.579529470411733E-008  1.640098046536633E-007
          14  0.000000000000000E+000  0.000000000000000E+000
  9.857864846257956E-009 -6.684221935846546E-010
  1.597251347301926E-007  6.969718281542973E-008
          15  0.000000000000000E+000  0.000000000000000E+000
  9.165145447699398E-009 -7.425085179526929E-009
  1.464936666319653E-007 -1.127321774282572E-007
          16  0.000000000000000E+000  0.000000000000000E+000
  3.969580394185849E-009 -1.230954962507419E-008
 -3.761243184164960E-008 -2.069436268159188E-007
          17  0.000000000000000E+000  0.000000000000000E+000
 -7.533252859861592E-009 -9.608313253451284E-009
 -2.345246480317497E-007 -7.316176929276626E-008
          18  0.000000000000000E+000  0.000000000000000E+000
 -6.854423346457343E-009  3.036174043281442E-009
 -2.030308925796089E-007  1.754883085915471E-007
          19  0.000000000000000E+000  0.000000000000000E+000
  3.233424664653890E-009  6.636387194166459E-009
  3.189727363125843E-008  2.788387939069146E-007
          20  0.000000000000000E+000  0.000000000000000E+000
  1.059942847149087E-008  7.319098099104407E-010
  2.548212098158292E-007  1.279053863074774E-007
          21  0.000000000000000E+000  0.000000000000000E+000
  1.084443169537624E-008 -8.153540272299004E-009
  2.423770189905551E-007 -1.566670401807927E-007
          22  0.000000000000000E+000  0.000000000000000E+000
  2.521029518353826E-009 -1.686132414021138E-008
 -2.856485149608218E-008 -2.979254504510542E-007
          23  0.000000000000000E+000  0.000000000000000E+000
 -1.088790761979696E-008 -7.543494175406985E-009
 -2.747754084452766E-007 -1.154307667743706E-007
          24  0.000000000000000E+000  0.000000000000000E+000
 -4.999132969458076E-009  4.176222874701044E-009
 -2.526683875535151E-007  1.642653214457453E-007
          25  0.000000000000000E+000  0.000000000000000E+000
  5.097125168029660E-009  3.714397838019434E-009
 -1.497724912122331E-008  3.066853761799098E-007
          26  0.000000000000000E+000  0.000000000000000E+000
  9.739845060431574E-009 -3.940914848361432E-009
  2.379034352276308E-007  1.862660270383956E-007
          27  0.000000000000000E+000  0.000000000000000E+000
  6.630423567749987E-009 -1.451390537539598E-008
  2.652656900417114E-007 -9.325698515773815E-008
          28  0.000000000000000E+000  0.000000000000000E+000
 -1.113284096342446E-008 -1.302675933105932E-008
  6.009048071150534E-008 -2.358511438608830E-007
          29  0.000000000000000E+000  0.000000000000000E+000
 -8.775875135758702E-009  2.766828815771706E-009
 -1.559143655164920E-007 -1.914602289895677E-007
          30  0.000000000000000E+000  0.000000000000000E+000
  2.108543710292312E-009  4.150004673134405E-009
 -2.691445245735586E-007  3.028598484072582E-008
          31  0.000000000000000E+000  0.000000000000000E+000
  7.376771210847772E-009 -2.675758662657968E-009
 -1.292857549476101E-007  2.578212584402574E-007
          32  0.000000000000000E+000  0.000000000000000E+000
  5.828722497387840E-009 -1.142345165607970E-008
  1.370118437500570E-007  2.504684636522100E-007
          33  0.000000000000000E+000  0.000000000000000E+000
 -8.246517098814267E-009 -1.648367274631838E-008
  2.640350260607943E-007  4.297118038732196E-008
          34  0.000000000000000E+000  0.000000000000000E+000
 -1.389214472406981E-008 -3.771986741945777E-010
  1.892846045522327E-007 -1.972233505697647E-007
          35  0.000000000000000E+000  0.000000000000000E+000
 -4.090373700418846E-009  6.295557680902051E-009
 -9.047156125362616E-008 -2.543991616205168E-007
          36  0.000000000000000E+000  0.000000000000000E+000
  4.147016996556796E-009  3.282586689101456E-009
 -2.584891926373613E-007 -2.697391173930881E-008
          37  0.000000000000000E+000  0.000000000000000E+000
  7.432372338184498E-009 -4.251269989608396E-009
 -1.398733199647931E-007  2.061142962655374E-007
          38  0.000000000000000E+000  0.000000000000000E+000
  3.424741067079489E-009 -1.413943033853912E-008
  9.301652837618059E-008  2.143023024555974E-007
          39  0.000000000000000E+000  0.000000000000000E+000
 -1.233135702468790E-008 -1.190972047937687E-008
  2.250135029650070E-007  4.564836652577309E-008
          40  0.000000000000000E+000  0.000000000000000E+000
 -1.161664535416127E-008  3.909433984156330E-010
  1.258544912364771E-007 -1.751475135286513E-007
          41  0.000000000000000E+000  0.000000000000000E+000
 -5.471297344195226E-009  4.439515749148345E-009
 -1.083421850325631E-007 -1.459659670986392E-007
          42  0.000000000000000E+000  0.000000000000000E+000
  1.138180619988092E-009  3.928100664608010E-009
 -1.503909623998953E-007  5.822193236384409E-008
          43  0.000000000000000E+000  0.000000000000000E+000
  6.116785879971742E-009 -2.829561121887530E-009
  1.922195644391218E-009  1.547976686225479E-007
          44  0.000000000000000E+000  0.000000000000000E+000
 -1.104668060134334E-009 -1.184491991879611E-008
  1.401736291594479E-007  7.001148970056372E-008
          45  0.000000000000000E+000  0.000000000000000E+000
 -7.358760374674419E-009 -7.227847170549747E-009
  1.125087180046818E-007 -1.168522354472634E-007
          46  0.000000000000000E+000  0.000000000000000E+000
 -9.759811239482171E-009 -4.142423324307911E-009
 -9.174678392936108E-008 -1.221707027171161E-007
          47  0.000000000000000E+000  0.000000000000000E+000
 -9.867613524722449E-009  1.943780898285174E-009
 -1.450789205298215E-007  6.719377033197251E-008
          48  0.000000000000000E+000  0.000000000000000E+000
 -3.581545056595810E-009  5.432981196375057E-009
  8.032694271116004E-009  1.805057385014631E-007
          49  0.000000000000000E+000  0.000000000000000E+000
  1.433316367083621E-009  4.569252914230980E-010
  1.787261104325442E-007  9.497896758501801E-008
          50  0.000000000000000E+000  0.000000000000000E+000
  2.922541962072700E-011 -3.544267179955850E-009
  1.896502481268456E-007 -1.151677626956897E-007
          51  0.000000000000000E+000  0.000000000000000E+000
 -3.821561776350342E-009 -6.617190577391390E-009
 -1.243808168024847E-008 -2.219746444277355E-007
          52  0.000000000000000E+000  0.000000000000000E+000
 -9.468224903573617E-009 -4.115680773116504E-009
 -2.020064928094125E-007 -9.074310692938479E-008
          53  0.000000000000000E+000  0.000000000000000E+000
 -9.892900465341390E-009  2.205773379353149E-009
 -1.851544505111183E-007  1.450471592577078E-007
          54  0.000000000000000E+000  0.000000000000000E+000
 -4.883762933505558E-009  5.465598786549250E-009
  3.661470752426937E-008  2.590408232407900E-007
          55  0.000000000000000E+000  0.000000000000000E+000
 -1.509837359437391E-010  2.634953464493767E-009
  2.607647684200005E-007  1.191278044111044E-007
          56  0.000000000000000E+000  0.000000000000000E+000
 -8.864086549799772E-010 -1.949422101010654E-009
  2.566804261857751E-007 -1.545644896225606E-007
          57  0.000000000000000E+000  0.000000000000000E+000
 -4.658984869713246E-009 -3.515578675298779E-009
  1.297346996879816E-008 -3.064443289595500E-007
          58  0.000000000000000E+000  0.000000000000000E+000
 -8.260852657939894E-009 -1.164847442166649E-009
 -2.639984642961281E-007 -1.689171856777789E-007
          59  0.000000000000000E+000  0.000000000000000E+000
 -8.345758817882215E-009  3.394470281300014E-009
 -2.838811600803185E-007  1.617057207132415E-007
          60  0.000000000000000E+000  0.000000000000000E+000
 -4.295619026260993E-009  6.571167574778467E-009
  1.221619873425443E-008  3.470708065319330E-007
          61  0.000000000000000E+000  0.000000000000000E+000
  8.384704515186848E-010  2.216110272827338E-009
  3.157681125772653E-007  1.788237579810915E-007
          62  0.000000000000000E+000  0.000000000000000E+000
 -2.123560904731075E-009 -1.361002874519025E-009
  3.587850771344484E-007 -1.799988135817769E-007
          63  0.000000000000000E+000  0.000000000000000E+000
 -5.654886168287642E-009 -2.234551663522778E-009
  1.859305390052028E-008 -4.286540309453199E-007
          64  0.000000000000000E+000  0.000000000000000E+000
 -1.022465536081131E-008  1.146029912559836E-009
 -3.760745258706731E-007 -2.054789129392215E-007
          65  0.000000000000000E+000  0.000000000000000E+000
 -9.368969196875384E-009  9.312865820913898E-009
 -3.360964575156584E-007  2.494190891936120E-007
          66  0.000000000000000E+000  0.000000000000000E+000
  2.406228052807732E-009  1.068141042649132E-008
  6.252434799720610E-008  4.105974305767693E-007
          67  0.000000000000000E+000  0.000000000000000E+000
  3.819839979519273E-009  2.460230480412009E-009
  4.381585139391775E-007  1.636102147533278E-007
          68  0.000000000000000E+000  0.000000000000000E+000
  1.380309128353573E-009 -3.935374506366264E-009
  3.484587962123536E-007 -3.485747437445558E-007
          69  0.000000000000000E+000  0.000000000000000E+000
 -8.629263343986785E-009 -5.227966042082993E-009
 -1.524749872936368E-007 -4.384509387675559E-007
          70  0.000000000000000E+000  0.000000000000000E+000
 -1.483269937708894E-008  5.319232665802989E-009
 -4.115092504640378E-007 -6.196746794737096E-008
          71  0.000000000000000E+000  0.000000000000000E+000
 -5.110654728097098E-009  1.750882194806060E-008
 -2.356735774273180E-007  2.938520129696538E-007
          72  0.000000000000000E+000  0.000000000000000E+000
  5.953712778036092E-009  9.833468692976982E-009
  1.366185491817486E-007  3.793071795628024E-007
          73  0.000000000000000E+000  0.000000000000000E+000
  8.290166069025529E-009  1.809747511125769E-009
  4.236116287429089E-007  2.489505946279096E-008
          74  0.000000000000000E+000  0.000000000000000E+000
  7.965476781965861E-010 -7.505252056702119E-009
  1.985029131417898E-007 -3.298768464933647E-007
          75  0.000000000000000E+000  0.000000000000000E+000
 -1.190899300714185E-008 -3.304423668207804E-009
 -1.311447784880925E-007 -3.027918871074633E-007
          76  0.000000000000000E+000  0.000000000000000E+000
 -1.361418524803044E-008  1.141627494320998E-008
 -2.782716447572730E-007 -8.497877689248475E-008
          77  0.000000000000000E+000  0.000000000000000E+000
  2.167855260049150E-009  1.592331992032505E-008
 -2.524805700554611E-007  1.678413382947974E-007
          78  0.000000000000000E+000  0.000000000000000E+000
  6.988720144290569E-009  9.231262831101575E-009
  6.197179366145161E-008  3.067251257645671E-007
          79  0.000000000000000E+000  0.000000000000000E+000
  7.698156602191464E-009 -8.446858883496689E-010
  2.429555858971537E-007  9.385040898089832E-008
          80  0.000000000000000E+000  0.000000000000000E+000
 -3.308218796122282E-009 -4.092603580795500E-009
  2.540705211220813E-007 -8.948474378209225E-008
          81  0.000000000000000E+000  0.000000000000000E+000
 -9.368879825019379E-009  5.502048022806862E-009
  1.349012701813216E-007 -3.129893395707570E-007
          82  0.000000000000000E+000  0.000000000000000E+000
  5.813512401366994E-010  1.395742431585818E-008
 -2.323829628291587E-007 -3.412602158504605E-007
          83  0.000000000000000E+000  0.000000000000000E+000
  4.791157743651339E-009  7.942626787934220E-009
 -3.907354973869978E-007  5.533213059221188E-008
          84  0.000000000000000E+000  0.000000000000000E+000
  6.849849722331272E-009  2.940961038642647E-009
 -1.845464849232002E-007  3.224070504421552E-007
          85  0.000000000000000E+000  0.000000000000000E+000
  1.036475423577398E-009 -4.322115987923153E-010
  2.018195400015873E-007  3.691802341924598E-007
          86  0.000000000000000E+000  0.000000000000000E+000
 -2.409951682115530E-009  3.818865637801962E-009
  4.596756779026403E-007 -2.962745907889919E-008
          87  0.000000000000000E+000  0.000000000000000E+000
  4.571842404012715E-010  9.108853619199772E-009
  1.728401723393853E-007 -4.383967006194548E-007
          88  0.000000000000000E+000  0.000000000000000E+000
  5.444500925840484E-009  4.868767048823815E-009
 -2.879908863734213E-007 -3.095665134251994E-007
          89  0.000000000000000E+000  0.000000000000000E+000
  5.239282601673020E-009  3.797036164624928E-009
 -3.399569117912521E-007  3.561397921042804E-008
          90  0.000000000000000E+000  0.000000000000000E+000
  3.882765861373942E-009  4.968588074769071E-010
 -1.516628927514186E-007  2.792472153057681E-007
          91  0.000000000000000E+000  0.000000000000000E+000
  7.820826169581410E-010  1.379640594406620E-009
  1.689771167787728E-007  2.221612886268593E-007
          92  0.000000000000000E+000  0.000000000000000E+000
 -4.178785445855846E-011  3.555866564105738E-009
  2.150894648521554E-007 -6.322675993304529E-008
          93  0.000000000000000E+000  0.000000000000000E+000
  2.405338308536235E-009  6.565537891141795E-009
  1.252937881470576E-008 -1.619766797232049E-007
          94  0.000000000000000E+000  0.000000000000000E+000
  3.517856107836192E-009  4.742676705662234E-009
 -5.293173371744911E-008 -2.602953207762354E-008
          95  0.000000000000000E+000  0.000000000000000E+000
  6.018252244774169E-009  4.139482715604409E-009
  2.859157509118547E-009 -2.956686159434310E-008
          96  0.000000000000000E+000  0.000000000000000E+000
  5.309252253612566E-009  1.415065750308888E-009
  8.508056019742553E-009 -6.550133829563605E-008
          97  0.000000000000000E+000  0.000000000000000E+000
  3.970284127273501E-009  6.423598527858252E-010
 -8.290450375333566E-008 -1.330109884052441E-007
          98  0.000000000000000E+000  0.000000000000000E+000
  1.933966192952329E-009  1.313247587823801E-009
 -2.524714388590334E-007  3.554991135068608E-009
          99  0.000000000000000E+000  0.000000000000000E+000
  1.915532144496649E-009  2.133426686200607E-009
 -1.407375853949265E-007  3.056463467639381E-007
         100  0.000000000000000E+000  0.000000000000000E+000
  2.427100173796598E-009  5.381691725168253E-009
  2.552921711246207E-007  2.760919807837115E-007
         101  0.000000000000000E+000  0.000000000000000E+000
  5.803663941517222E-009  5.588689717966751E-009
  4.096959750468773E-007 -9.774037935877801E-008
         102  0.000000000000000E+000  0.000000000000000E+000
  9.047545239852576E-009  3.337803370216051E-009
  1.371284109048364E-007 -4.818124829534332E-007
         103  0.000000000000000E+000  0.000000000000000E+000
  8.703514352507670E-009 -1.605161603301014E-009
 -3.987252075027093E-007 -3.976856480617904E-007
         104  0.000000000000000E+000  0.000000000000000E+000
  4.692664119052901E-009 -3.899097956758465E-009
 -5.681329677087704E-007  1.525524969636547E-007
         105  0.000000000000000E+000  0.000000000000000E+000
  3.305529729411482E-010 -9.245045519208276E-010
 -1.541652419497769E-007  5.549020426806659E-007
         106  0.000000000000000E+000  0.000000000000000E+000
  1.502990003187998E-009  3.499124321627757E-009
  3.881500400113969E-007  4.112272085957985E-007
         107  0.000000000000000E+000  0.000000000000000E+000
  5.770220647249268E-009  4.959724400581000E-009
  5.512222086576785E-007 -1.341669714912218E-007
         108  0.000000000000000E+000  0.000000000000000E+000
  9.665063084141969E-009  1.944085239210807E-009
  1.625902736512826E-007 -5.512436811213515E-007
         109  0.000000000000000E+000  0.000000000000000E+000
  9.140928118597529E-009 -3.172904219961631E-009
 -3.896815726571811E-007 -4.352944323798335E-007
         110  0.000000000000000E+000  0.000000000000000E+000
  4.945744988410438E-009 -5.029589718520606E-009
 -5.836014957487341E-007  9.117481874851393E-008
         111  0.000000000000000E+000  0.000000000000000E+000
  1.696182829490804E-009 -2.561733124762998E-009
 -2.227722704396114E-007  5.414273800532563E-007
         112  0.000000000000000E+000  0.000000000000000E+000
  2.529916123545666E-009  4.641466623530536E-010
  3.375930483980373E-007  4.356426541672519E-007
         113  0.000000000000000E+000  0.000000000000000E+000
  5.059361656221504E-009  1.649798845715319E-009
  5.167777146211085E-007 -7.556982603741350E-008
         114  0.000000000000000E+000  0.000000000000000E+000
  8.517279239365162E-009 -1.926879263800406E-010
  1.772458396698384E-007 -4.885566104457408E-007
         115  0.000000000000000E+000  0.000000000000000E+000
  7.338927060182591E-009 -5.015580567746713E-009
 -3.565512548204841E-007 -3.937412305988654E-007
         116  0.000000000000000E+000  0.000000000000000E+000
  3.717390834833574E-009 -5.332939111174495E-009
 -5.313795514917041E-007  1.453123142222464E-007
         117  0.000000000000000E+000  0.000000000000000E+000
  2.840191351161210E-009 -2.376220470515167E-009
 -7.966834289213809E-008  5.041452588786615E-007
         118  0.000000000000000E+000  0.000000000000000E+000
  4.227103730882837E-009 -1.835531370865936E-009
  3.691566103462348E-007  2.700992864091825E-007
         119  0.000000000000000E+000  0.000000000000000E+000
  6.635597463105005E-009 -1.831015103996455E-009
  3.947515256106766E-007 -2.277633076193343E-007
         120  0.000000000000000E+000  0.000000000000000E+000
  7.321321507351272E-009 -7.536927834053654E-009
 -9.695467518541231E-008 -4.775827349006841E-007
         121  0.000000000000000E+000  0.000000000000000E+000
  1.198248126007127E-009 -8.049527397421457E-009
 -5.406687717207067E-007 -5.785993806583695E-008
         122  0.000000000000000E+000  0.000000000000000E+000
 -6.885571718354499E-010 -2.699919501169495E-009
 -2.015222175409554E-007  5.111516378082932E-007
         123  0.000000000000000E+000  0.000000000000000E+000
  2.956033336344474E-009 -1.352897231996340E-009
  3.713895671898773E-007  3.613885345165364E-007
         124  0.000000000000000E+000  0.000000000000000E+000
  5.774312741057000E-009 -1.627954431800648E-009
  5.058342523174816E-007 -2.196769669748777E-007
         125  0.000000000000000E+000  0.000000000000000E+000
  8.806624178702382E-009 -7.664140053244385E-009
 -6.623181006803278E-008 -6.211375752905490E-007
         126  0.000000000000000E+000  0.000000000000000E+000
  2.933109980880071E-010 -1.170787811316258E-008
 -6.855197907705353E-007 -1.498286782547669E-007
         127  0.000000000000000E+000  0.000000000000000E+000
 -4.343029140075705E-009 -5.263174265289840E-009
 -3.872563816498817E-007  6.576245188522184E-007
         128  0.000000000000000E+000  0.000000000000000E+000
  7.773432982418615E-010 -1.166137992357187E-009
  4.358747601527481E-007  5.711217515120104E-007
         129  0.000000000000000E+000  0.000000000000000E+000
  3.013580857764111E-009 -2.709577798501843E-009
  7.010387843672847E-007 -1.225858743803570E-007
         130  0.000000000000000E+000  0.000000000000000E+000
  6.098970141496444E-009 -4.964143871749558E-009
  1.814869996737313E-007 -7.501743320177653E-007
         131  0.000000000000000E+000  0.000000000000000E+000
  2.487756181252476E-009 -1.253000957183690E-008
 -6.927098736218645E-007 -4.661859209623330E-007
         132  0.000000000000000E+000  0.000000000000000E+000
 -5.134776497820442E-009 -7.650532750822614E-009
 -7.306897448220601E-007  5.077971298162548E-007
         133  0.000000000000000E+000  0.000000000000000E+000
 -8.517385116245057E-010 -1.043604734355192E-009
  2.091489173356235E-007  8.323103560433619E-007
         134  0.000000000000000E+000  0.000000000000000E+000
  3.155031050248068E-009 -5.641078440652873E-009
  7.698625059445604E-007  1.950341406615618E-007
         135  0.000000000000000E+000  0.000000000000000E+000
  1.941245959751607E-009 -8.216034957800177E-009
  5.369188037876689E-007 -6.203473159936384E-007
         136  0.000000000000000E+000  0.000000000000000E+000
 -1.672303096392511E-009 -1.304244080117333E-008
 -4.081037124493438E-007 -7.460687592451930E-007
         137  0.000000000000000E+000  0.000000000000000E+000
 -1.096648358756446E-008 -6.690392031595454E-009
 -8.465225940781351E-007  1.259649338939539E-007
         138  0.000000000000000E+000  0.000000000000000E+000
 -4.592904018943882E-009  3.502354808752201E-009
 -1.849756732590027E-007  7.794535657008696E-007
         139  0.000000000000000E+000  0.000000000000000E+000
  4.515316223270206E-009 -2.387723233396902E-009
  5.141268799676610E-007  5.234895443294844E-007
         140  0.000000000000000E+000  0.000000000000000E+000
  2.332425488648463E-009 -9.393425706905699E-009
  7.305840676475811E-007 -1.777863201492165E-007
         141  0.000000000000000E+000  0.000000000000000E+000
 -3.622503762083467E-009 -1.322570577282378E-008
  1.462811569341265E-007 -7.276985169752274E-007
         142  0.000000000000000E+000  0.000000000000000E+000
 -1.383704120875691E-008 -8.241434449489998E-009
 -5.598943717198647E-007 -4.252977087431161E-007
         143  0.000000000000000E+000  0.000000000000000E+000
 -1.073211148793920E-008  4.128063370066933E-009
 -6.137283083374256E-007  2.806050297236914E-007
         144  0.000000000000000E+000  0.000000000000000E+000
  1.082718089828304E-009  3.699692664473023E-009
 -1.269770428592051E-007  6.540809799057702E-007
         145  0.000000000000000E+000  0.000000000000000E+000
  2.513275930182138E-009 -4.530253071177301E-009
  5.261012367819110E-007  5.200542685902409E-007
         146  0.000000000000000E+000  0.000000000000000E+000
 -1.402270347168747E-009 -8.523453874132018E-009
  7.390120215530320E-007 -2.262751865872715E-007
         147  0.000000000000000E+000  0.000000000000000E+000
 -7.228302237865097E-009 -9.049975769281780E-009
  1.410104707752995E-007 -7.312569213979473E-007
         148  0.000000000000000E+000  0.000000000000000E+000
 -1.163606158387347E-008 -2.215260900246704E-009
 -5.421016432974018E-007 -4.606597010467668E-007
         149  0.000000000000000E+000  0.000000000000000E+000
 -5.965341610587896E-009  3.667744895569748E-009
 -6.486075882293031E-007  2.253677039405862E-007
         150  0.000000000000000E+000  0.000000000000000E+000
 -3.069249558908881E-010 -4.510403949730498E-010
 -1.685204323573170E-007  6.909515885865479E-007
         151  0.000000000000000E+000  0.000000000000000E+000
 -2.180144067183469E-009 -4.538303487486442E-009
  5.332722144453117E-007  5.019675665259825E-007
         152  0.000000000000000E+000  0.000000000000000E+000
 -5.208539521580720E-009 -5.508487945994863E-009
  6.537568789056883E-007 -1.980194539861391E-007
         153  0.000000000000000E+000  0.000000000000000E+000
 -9.053594988710071E-009 -3.665682971778473E-009
  1.625485508417051E-007 -5.811375521960179E-007
         154  0.000000000000000E+000  0.000000000000000E+000
 -8.093468688991704E-009  1.736147221693957E-009
 -3.575086153445805E-007 -4.016434898193988E-007
         155  0.000000000000000E+000  0.000000000000000E+000
 -2.920311923664549E-009  1.410632114743075E-009
 -4.953567046216714E-007  8.718988787331348E-008
         156  0.000000000000000E+000  0.000000000000000E+000
 -3.062004331096184E-009 -2.781296500658682E-009
 -1.514926934107653E-007  4.423888079420835E-007
         157  0.000000000000000E+000  0.000000000000000E+000
 -6.422914855165386E-009 -3.847331175303562E-009
  2.512207527680969E-007  3.162413237547362E-007
         158  0.000000000000000E+000  0.000000000000000E+000
 -9.436469300209412E-009 -1.526389914407436E-009
  3.335114843696889E-007 -9.440545692512069E-010
         159  0.000000000000000E+000  0.000000000000000E+000
 -9.075108705727687E-009  2.722921858482462E-009
  1.756270464862975E-007 -1.895915202400994E-007
         160  0.000000000000000E+000  0.000000000000000E+000
 -5.175380363697684E-009  4.554647387017725E-009
  1.809504490389969E-008 -1.877049876703111E-007
         161  0.000000000000000E+000  0.000000000000000E+000
 -2.198031966543384E-009  1.599774184572594E-009
 -7.265437076541271E-008 -1.619724560905285E-007
         162  0.000000000000000E+000  0.000000000000000E+000
 -4.067897403796319E-009 -1.593487661572865E-009
 -1.873585230181228E-007 -7.604537658493248E-008
         163  0.000000000000000E+000  0.000000000000000E+000
 -7.457939953438311E-009 -1.057652495549033E-009
 -2.075537548593238E-007  1.159186618498200E-007
         164  0.000000000000000E+000  0.000000000000000E+000
 -8.436964879906140E-009  1.464223274602701E-009
 -3.269953891229825E-008  2.957527025524102E-007
         165  0.000000000000000E+000  0.000000000000000E+000
 -8.260121506013568E-009  3.925938012658048E-009
  2.769827447350675E-007  2.307458468079563E-007
         166  0.000000000000000E+000  0.000000000000000E+000
 -5.270831991810476E-009  5.880683640357656E-009
  3.887798643212554E-007 -1.466702456341272E-007
         167  0.000000000000000E+000  0.000000000000000E+000
 -3.562878731316314E-009  3.308257596297670E-009
  3.085024665406724E-008 -3.833602484195509E-007
         168  0.000000000000000E+000  0.000000000000000E+000
 -5.328733546316876E-009  2.819272319353041E-009
 -2.491520551341471E-007 -1.635450223429551E-007
         169  0.000000000000000E+000  0.000000000000000E+000
 -5.014315861257946E-009  4.612537508497533E-009
 -2.100503253607159E-007  1.054789194184979E-007
         170  0.000000000000000E+000  0.000000000000000E+000
 -4.056625155693086E-009  3.078533304516302E-009
  1.994450577336537E-008  2.015032084948713E-007
         171  0.000000000000000E+000  0.000000000000000E+000
 -6.126998360789403E-009  3.852468296182246E-009
  1.882239545726908E-007  2.345337162515324E-008
         172  0.000000000000000E+000  0.000000000000000E+000
 -5.373513669252764E-009  4.331986943249799E-009
 -2.908970584755628E-008 -1.677899763633056E-007
         173  0.000000000000000E+000  0.000000000000000E+000
 -7.805667151017408E-009  6.273803018888311E-009
 -1.395599459453973E-007  1.378923838910519E-007
         174  0.000000000000000E+000  0.000000000000000E+000
 -4.712729189641738E-009  1.173221777100479E-008
  2.006054460873132E-007  2.099672990338222E-007
         175  0.000000000000000E+000  0.000000000000000E+000
  2.777965377321731E-009  9.032785322320863E-009
  3.904990370863846E-007 -1.163375427499469E-007
         176  0.000000000000000E+000  0.000000000000000E+000
  1.716287967506737E-009  3.255330051762390E-009
  1.403439146734496E-007 -5.334782925010709E-007
         177  0.000000000000000E+000  0.000000000000000E+000
 -8.916273003203893E-010  3.948534827475763E-010
 -5.719607890682556E-007 -4.967444541168753E-007
         178  0.000000000000000E+000  0.000000000000000E+000
 -8.387425664313982E-009  2.023499270155565E-009
 -7.641720212319699E-007  4.691928119985738E-007
         179  0.000000000000000E+000  0.000000000000000E+000
 -8.292872356753468E-009  1.158937027218853E-008
  1.831253406969525E-007  9.160717410141311E-007
         180  0.000000000000000E+000  0.000000000000000E+000
  1.940332672755191E-009  1.495658899827011E-008
  9.363151119361061E-007  2.513456833010754E-007
         181  0.000000000000000E+000  0.000000000000000E+000
  6.945424132537528E-009  6.739808686074225E-009
  7.091852289201749E-007 -7.546828128036712E-007
         182  0.000000000000000E+000  0.000000000000000E+000
  3.878987082091619E-009  1.274327372325553E-009
 -3.476017825464423E-007 -1.054715392540686E-006
         183  0.000000000000000E+000  0.000000000000000E+000
 -3.459150397593968E-009 -7.002698797502954E-010
 -1.143067654357656E-006 -9.041004375256227E-008
         184  0.000000000000000E+000  0.000000000000000E+000
 -7.735061651075514E-009  7.801464256838262E-009
 -4.556821530661692E-007  9.307870044919039E-007
         185  0.000000000000000E+000  0.000000000000000E+000
 -1.120006541698046E-009  1.467018399122218E-008
  5.520532236646136E-007  7.149729321799123E-007
         186  0.000000000000000E+000  0.000000000000000E+000
  7.846427827176908E-009  1.021379361876123E-008
  8.392960634462420E-007 -1.190349483574552E-007
         187  0.000000000000000E+000  0.000000000000000E+000
  5.967842076793718E-009  3.025814678165398E-009
  3.023112814023456E-007 -7.685811131472919E-007
         188  0.000000000000000E+000  0.000000000000000E+000
  9.862948609643005E-010  7.271811138478508E-010
 -5.544374215557128E-007 -5.808398411646317E-007
         189  0.000000000000000E+000  0.000000000000000E+000
 -4.612928194100562E-009  6.626170881145577E-009
 -5.773962857807144E-007  2.406121546925836E-007
         190  0.000000000000000E+000  0.000000000000000E+000
  1.025764234345280E-009  1.415912610009247E-008
 -5.219184315409345E-008  4.092622734424095E-007
         191  0.000000000000000E+000  0.000000000000000E+000
  1.095418246604190E-008  1.084672666772432E-008
  2.231609435450547E-007  2.199279563749593E-007
         192  0.000000000000000E+000  0.000000000000000E+000
  1.038873649230528E-008  1.660799371059090E-009
  2.647699385175063E-007 -5.407141688970140E-008
         193  0.000000000000000E+000  0.000000000000000E+000
  4.370149655976181E-009 -1.689131853818287E-009
  6.731651171641759E-008 -2.007305997972496E-007
         194  0.000000000000000E+000  0.000000000000000E+000
 -2.009775241485440E-009  3.142484542604116E-009
  2.153038363746966E-008 -1.289983604377442E-007
         195  0.000000000000000E+000  0.000000000000000E+000
  1.689374182561560E-009  1.007610543462674E-008
 -1.014657432374947E-007 -2.738775062191686E-007
         196  0.000000000000000E+000  0.000000000000000E+000
  9.063665928840476E-009  9.738430403422960E-009
 -4.109920064946238E-007 -3.939066701053879E-008
         197  0.000000000000000E+000  0.000000000000000E+000
  1.172022943956874E-008  2.869726579654644E-009
 -2.298699781504715E-007  3.980889296940606E-007
         198  0.000000000000000E+000  0.000000000000000E+000
  8.167570772302720E-009 -1.138050122701278E-009
  2.914499466438904E-007  3.898854874354881E-007
         199  0.000000000000000E+000  0.000000000000000E+000
  3.679748366469069E-009 -1.161029926705984E-009
  5.193643320632360E-007 -9.622049722467526E-008
         200  0.000000000000000E+000  0.000000000000000E+000
  2.482416164642770E-009  2.722830653981106E-009
  1.657957546052571E-007 -6.084457670320350E-007
         201  0.000000000000000E+000  0.000000000000000E+000
  4.572820962290340E-009  4.349050228177351E-009
 -5.538967943318395E-007 -4.474275945013552E-007
         202  0.000000000000000E+000  0.000000000000000E+000
  7.050004590004020E-009  4.257358307396485E-009
 -6.505370958839882E-007  3.230059610045065E-007
         203  0.000000000000000E+000  0.000000000000000E+000
  8.281329235615749E-009  2.154893425336436E-009
  6.566580486137639E-009  7.021582945627397E-007
         204  0.000000000000000E+000  0.000000000000000E+000
  8.152598109354974E-009  4.149560602557600E-010
  6.110580931224374E-007  2.862708145874036E-007
         205  0.000000000000000E+000  0.000000000000000E+000
  6.885789095371403E-009 -6.773887535513679E-010
  5.299400608332648E-007 -4.144463548397637E-007
         206  0.000000000000000E+000  0.000000000000000E+000
  6.314091922571286E-009 -5.474117039390574E-010
 -1.306861427938986E-007 -6.750170876824692E-007
         207  0.000000000000000E+000  0.000000000000000E+000
  5.826619688032273E-009 -7.794910460793313E-010
 -6.393143719326256E-007 -2.024272878260062E-007
         208  0.000000000000000E+000  0.000000000000000E+000
  5.413345664028201E-009 -1.955283876535846E-010
 -4.621760737549968E-007  4.096723312880308E-007
         209  0.000000000000000E+000  0.000000000000000E+000
  6.072100179943959E-009  4.302512982769094E-010
  9.278154258978278E-008  5.390314534972227E-007
         210  0.000000000000000E+000  0.000000000000000E+000
  7.438211375718024E-009  8.685831786535126E-012
  4.334254771910345E-007  1.682225693732166E-007
         211  0.000000000000000E+000  0.000000000000000E+000
  8.215894260441804E-009 -1.242506629313049E-009
  3.195293103293592E-007 -2.169386002067245E-007
         212  0.000000000000000E+000  0.000000000000000E+000
  8.340255774630904E-009 -3.773155529910609E-009
  3.635674302442760E-008 -3.555738386178582E-007
         213  0.000000000000000E+000  0.000000000000000E+000
  5.541090796395821E-009 -4.817319107679231E-009
 -2.473009873640244E-007 -2.628439039919154E-007
         214  0.000000000000000E+000  0.000000000000000E+000
  4.225544326299861E-009 -3.630459634296330E-009
 -3.711594170430363E-007  3.999145288640523E-009
         215  0.000000000000000E+000  0.000000000000000E+000
  4.597481484584504E-009 -2.272061233271754E-009
 -2.622494203499326E-007  2.681332869161698E-007
         216  0.000000000000000E+000  0.000000000000000E+000
  5.387648907308806E-009 -1.949325991998356E-009
  2.868984097732382E-008  4.309314477659319E-007
         217  0.000000000000000E+000  0.000000000000000E+000
  7.953665063774353E-009 -2.768995134094378E-009
  4.279314924112755E-007  1.872384288896650E-007
         218  0.000000000000000E+000  0.000000000000000E+000
  6.363025129211516E-009 -7.004160363629577E-009
  3.164103758177847E-007 -2.932791000369689E-007
         219  0.000000000000000E+000  0.000000000000000E+000
  3.348157079589896E-009 -5.694825386165980E-009
 -9.668213009050118E-008 -3.665982724255920E-007
         220  0.000000000000000E+000  0.000000000000000E+000
  3.428288141854082E-009 -3.842380596554164E-009
 -3.096551264958663E-007 -1.035889773197346E-007
         221  0.000000000000000E+000  0.000000000000000E+000
  5.273203229928770E-009 -4.061717730576643E-009
 -2.665886909440129E-007  1.585176290226079E-007
         222  0.000000000000000E+000  0.000000000000000E+000
  6.391147233250095E-009 -5.029349306996585E-009
  2.351105459376070E-008  2.616751733693846E-007
         223  0.000000000000000E+000  0.000000000000000E+000
  6.248450358054369E-009 -1.022623754478338E-008
  8.971411262302275E-008  1.238873650412356E-008
         224  0.000000000000000E+000  0.000000000000000E+000
 -1.164659656340069E-009 -9.763598471192155E-009
 -7.259629457588487E-008  7.700871991172256E-008
         225  0.000000000000000E+000  0.000000000000000E+000
 -1.700102121332131E-009 -4.029892348478781E-009
  1.021195226861035E-007  2.194578362309104E-007
         226  0.000000000000000E+000  0.000000000000000E+000
  2.877712830749579E-009 -1.935551981646561E-009
  3.120189821586339E-007 -7.764529064684484E-009
         227  0.000000000000000E+000  0.000000000000000E+000
  6.032619559803842E-009 -4.356293331987842E-009
  2.303732328742571E-007 -3.044919919776373E-007
         228  0.000000000000000E+000  0.000000000000000E+000
  7.561143620141654E-009 -1.117988130134642E-008
 -2.304279371796261E-007 -5.485041451860488E-007
         229  0.000000000000000E+000  0.000000000000000E+000
 -2.608228399796141E-009 -1.517005234725137E-008
 -7.917845952339656E-007  1.635346105316600E-008
         230  0.000000000000000E+000  0.000000000000000E+000
 -7.918552679286313E-009 -7.282576256736127E-009
 -3.567206236142011E-007  8.169771948724139E-007
         231  0.000000000000000E+000  0.000000000000000E+000
 -4.291244490797393E-009 -3.732521357783256E-010
  5.739019674519561E-007  7.094743389270848E-007
         232  0.000000000000000E+000  0.000000000000000E+000
  1.713499800713656E-009 -6.432455141309670E-011
  9.070499207611000E-007 -1.079038018471462E-007
         233  0.000000000000000E+000  0.000000000000000E+000
  7.272681114380074E-009 -4.927977945859377E-009
  3.582204033706677E-007 -9.213510094272446E-007
         234  0.000000000000000E+000  0.000000000000000E+000
  2.216462770723585E-009 -1.480837473231434E-008
 -7.238193409435280E-007 -6.852266556522980E-007
         235  0.000000000000000E+000  0.000000000000000E+000
 -7.615043331367504E-009 -1.056149754520572E-008
 -8.348883891378393E-007  3.397826703501307E-007
         236  0.000000000000000E+000  0.000000000000000E+000
 -7.086472835374581E-009 -3.357810766562037E-009
 -1.098840549357805E-007  7.734611461624681E-007
         237  0.000000000000000E+000  0.000000000000000E+000
 -2.281287035034226E-009 -1.507621713101654E-009
  4.604528046597744E-007  4.552728910834481E-007
         238  0.000000000000000E+000  0.000000000000000E+000
  8.645003257922665E-010 -2.965320579959406E-009
  5.934163163182323E-007 -7.055404017499547E-008
         239  0.000000000000000E+000  0.000000000000000E+000
  2.011698436429599E-009 -8.891829039850441E-009
  1.873552330373067E-007 -4.769312059502807E-007
         240  0.000000000000000E+000  0.000000000000000E+000
 -6.118909450090323E-009 -1.040575357112573E-008
 -2.083057747960333E-007 -2.716820428032917E-007
         241  0.000000000000000E+000  0.000000000000000E+000
 -7.120587110474098E-009 -4.029011137564071E-009
 -2.258454604378170E-007 -7.086057844079243E-008
         242  0.000000000000000E+000  0.000000000000000E+000
 -3.366819740350951E-009 -2.751615335440167E-009
 -2.705287409908351E-007  5.202864741740094E-008
         243  0.000000000000000E+000  0.000000000000000E+000
 -2.478880187589146E-009 -4.916172033480397E-009
 -1.767156343880408E-007  3.238278677981166E-007
         244  0.000000000000000E+000  0.000000000000000E+000
 -2.831758693468765E-009 -7.382015510028583E-009
  1.293587115090160E-007  3.515884483692144E-007
         245  0.000000000000000E+000  0.000000000000000E+000
 -8.722059716400829E-009 -8.136515828322929E-009
  3.891699755750704E-007  2.152625700788944E-007
         246  0.000000000000000E+000  0.000000000000000E+000
 -9.771710242677770E-009 -1.410257216645977E-009
  4.991237599535464E-007 -2.520813413131054E-007
         247  0.000000000000000E+000  0.000000000000000E+000
 -4.995328014703980E-009  4.903252031233781E-010
 -1.013573846129344E-009 -6.185723607449764E-007
         248  0.000000000000000E+000  0.000000000000000E+000
 -3.002952946064625E-009 -2.447651406692304E-009
 -5.732325984165938E-007 -2.526854414016216E-007
         249  0.000000000000000E+000  0.000000000000000E+000
 -4.026486868332509E-009 -4.638612618815599E-009
 -4.872290868530454E-007  3.858449974202018E-007
         250  0.000000000000000E+000  0.000000000000000E+000
 -7.458066137640544E-009 -5.578561739481509E-009
  1.057777808196071E-007  6.493636806849710E-007
         251  0.000000000000000E+000  0.000000000000000E+000
 -9.824802752916278E-009 -1.521389130716188E-009
  6.407049955329491E-007  1.979155771255759E-007
         252  0.000000000000000E+000  0.000000000000000E+000
 -7.196159688643879E-009  1.022637691367510E-009
  4.164200947580982E-007 -4.495141421428992E-007
         253  0.000000000000000E+000  0.000000000000000E+000
 -5.335795038007688E-009  7.091930633900687E-011
 -1.949729535347274E-007 -4.831387732791710E-007
         254  0.000000000000000E+000  0.000000000000000E+000
 -5.908734395161208E-009 -7.459790694875727E-010
 -4.291113864261542E-007 -2.047428663817984E-008
         255  0.000000000000000E+000  0.000000000000000E+000
 -6.335028561804983E-009 -2.752581650666463E-010
 -1.813200614461148E-007  3.260311487769355E-007
         256  0.000000000000000E+000  0.000000000000000E+000
 -6.344602787222949E-009  1.940720570087980E-010
  1.830972635760088E-007  2.846002710414946E-007
