   5120.00000000000     
         256           1           3
  8.994473019507991E-004   40.1014966324369        116.730421780286     
   18.8300000000000        145.590000000000        6160.02000000000     
           0  0.000000000000000E+000  0.000000000000000E+000
  0.000000000000000E+000  0.000000000000000E+000
  0.000000000000000E+000  0.000000000000000E+000
           1  0.000000000000000E+000  0.000000000000000E+000
  1.563164192790901E-009  2.327604921851432E-010
 -2.205139801263633E-008  3.562739013757290E-011
           2  0.000000000000000E+000  0.000000000000000E+000
  1.437633274557855E-009  8.456276625226394E-010
 -2.423527253327277E-008 -1.011754540396865E-009
           3  0.000000000000000E+000  0.000000000000000E+000
  1.522460154947335E-009  1.808726044877383E-009
 -2.921400226176112E-008  1.451714477990256E-010
           4  0.000000000000000E+000  0.000000000000000E+000
  2.339094917233643E-009  3.103934357398799E-009
 -3.609077544143127E-008  6.988759029763793E-009
           5  0.000000000000000E+000  0.000000000000000E+000
  4.479284077218312E-009  4.096294463513954E-009
 -3.849448496919805E-008  2.253237320980323E-008
           6  0.000000000000000E+000  0.000000000000000E+000
  7.734484648530647E-009  3.071795534755991E-009
 -2.628213619273777E-008  4.142926461374407E-008
           7  0.000000000000000E+000  0.000000000000000E+000
  9.162886880351919E-009  1.368661484637016E-011
  2.220344789692664E-009  4.971920505268126E-008
           8  0.000000000000000E+000  0.000000000000000E+000
  9.102760560171026E-009 -3.374543846412493E-009
  3.788584894363429E-008  2.865142900474572E-008
           9  0.000000000000000E+000  0.000000000000000E+000
  6.619931257396648E-009 -6.378277105924351E-009
  4.440991517835142E-008 -2.538285783834971E-008
          10  0.000000000000000E+000  0.000000000000000E+000
  2.964541789452386E-009 -6.714611894680829E-009
 -6.641924824041221E-009 -7.246789218856232E-008
          11  0.000000000000000E+000  0.000000000000000E+000
  3.970456797633255E-010 -5.975926525441923E-009
 -9.381083739383939E-008 -5.542311661411891E-008
          12  0.000000000000000E+000  0.000000000000000E+000
 -3.575338710176612E-009 -9.208736027161423E-010
 -1.389504664284871E-007  5.569465477843592E-008
          13  0.000000000000000E+000  0.000000000000000E+000
  1.840382568471902E-009  5.473731565682700E-009
 -4.853312224784740E-008  1.672294615060435E-007
          14  0.000000000000000E+000  0.000000000000000E+000
  1.011670378761737E-008  3.215022471953000E-009
  1.109478311072645E-007  1.488392613866730E-007
          15  0.000000000000000E+000  0.000000000000000E+000
  1.315615221348138E-008 -5.011542860892586E-009
  1.933545192927245E-007 -1.091506823108040E-008
          16  0.000000000000000E+000  0.000000000000000E+000
  8.936612515294305E-009 -1.421843349731783E-008
  9.365066351210712E-008 -1.878453138500691E-007
          17  0.000000000000000E+000  0.000000000000000E+000
 -5.931690905474688E-009 -1.517521873240827E-008
 -1.348642732299305E-007 -1.909898243871717E-007
          18  0.000000000000000E+000  0.000000000000000E+000
 -1.061346957573872E-008 -1.421354615827832E-009
 -2.566557027695202E-007  6.819514539737066E-009
          19  0.000000000000000E+000  0.000000000000000E+000
 -2.397562643514832E-009  7.548391411981876E-009
 -1.634045486329742E-007  2.271185294196421E-007
          20  0.000000000000000E+000  0.000000000000000E+000
  8.653828846974845E-009  6.143096823165898E-009
  8.579143564614654E-008  2.808768124979535E-007
          21  0.000000000000000E+000  0.000000000000000E+000
  1.479029464857013E-008 -3.499499490972482E-009
  2.825285910781400E-007  9.405263261000763E-008
          22  0.000000000000000E+000  0.000000000000000E+000
  9.059589112894911E-009 -1.786241023391549E-008
  2.258428046473122E-007 -1.870316538838937E-007
          23  0.000000000000000E+000  0.000000000000000E+000
 -8.344972868853868E-009 -1.382975560422680E-008
 -2.740828973977499E-008 -2.816012875344282E-007
          24  0.000000000000000E+000  0.000000000000000E+000
 -8.835734660286030E-009 -8.696945313915164E-010
 -2.578531667230040E-007 -1.546176248089739E-007
          25  0.000000000000000E+000  0.000000000000000E+000
 -5.614527185129868E-010  4.572963425968414E-009
 -3.045925978676443E-007  1.250079169753262E-007
          26  0.000000000000000E+000  0.000000000000000E+000
  8.311312206649478E-009  1.230525747858929E-009
 -9.174973303006333E-008  3.390622350126401E-007
          27  0.000000000000000E+000  0.000000000000000E+000
  1.108575560103037E-008 -1.115302273083216E-008
  2.100311360491876E-007  2.853532035019979E-007
          28  0.000000000000000E+000  0.000000000000000E+000
 -6.008416440876307E-009 -1.616293201530147E-008
  3.558496787671008E-007  2.967349940778383E-008
          29  0.000000000000000E+000  0.000000000000000E+000
 -9.247451202553389E-009 -3.137450723917700E-009
  2.465522743558638E-007 -2.935049430794089E-007
          30  0.000000000000000E+000  0.000000000000000E+000
 -3.049734607594005E-009  1.723085426751494E-009
 -1.306418013881776E-007 -3.788075096165806E-007
          31  0.000000000000000E+000  0.000000000000000E+000
  2.982004855984522E-009  7.365114253525588E-010
 -4.077848257377917E-007 -8.912273387536041E-008
          32  0.000000000000000E+000  0.000000000000000E+000
  7.287648990839025E-009 -5.736513809959243E-009
 -3.151365509497054E-007  3.007896813417095E-007
          33  0.000000000000000E+000  0.000000000000000E+000
 -1.714117567976929E-009 -1.554109424205830E-008
  5.754085123978065E-008  4.575968009056295E-007
          34  0.000000000000000E+000  0.000000000000000E+000
 -9.625973608076614E-009 -6.030768485357119E-009
  4.326713971157201E-007  2.082272174253711E-007
          35  0.000000000000000E+000  0.000000000000000E+000
 -6.463452339369650E-009 -9.370621134943591E-010
  3.844955213749452E-007 -2.477000133551958E-007
          36  0.000000000000000E+000  0.000000000000000E+000
 -3.649520464350042E-009  9.383362467320519E-010
 -7.501797693896611E-009 -4.258461666459907E-007
          37  0.000000000000000E+000  0.000000000000000E+000
  9.156266701563707E-010  1.367895135723004E-009
 -3.483728417119808E-007 -2.075877328974828E-007
          38  0.000000000000000E+000  0.000000000000000E+000
  5.135834439247669E-009 -5.238705585122381E-009
 -3.598117019570459E-007  1.799333233593222E-007
          39  0.000000000000000E+000  0.000000000000000E+000
 -3.501009630183441E-009 -8.832395539479456E-009
 -3.248956876159044E-008  4.103528104177250E-007
          40  0.000000000000000E+000  0.000000000000000E+000
 -3.540848016109387E-009 -5.452439252909873E-009
  3.105257882088425E-007  2.195154300990838E-007
          41  0.000000000000000E+000  0.000000000000000E+000
 -5.463287762502801E-009 -6.568189307249069E-009
  3.076946007271195E-007 -1.166317687251461E-007
          42  0.000000000000000E+000  0.000000000000000E+000
 -8.524468832331643E-009 -2.939127829652568E-009
  6.527133833793730E-008 -2.737527692150253E-007
          43  0.000000000000000E+000  0.000000000000000E+000
 -5.328791470497478E-009  1.395431956554733E-009
 -1.785033751680482E-007 -1.744497117987398E-007
          44  0.000000000000000E+000  0.000000000000000E+000
 -3.954067389645065E-009 -1.118631911348108E-010
 -2.201064416773990E-007  7.834842052413791E-008
          45  0.000000000000000E+000  0.000000000000000E+000
  1.034919677542680E-009  2.007220579677597E-009
 -3.249892653529131E-008  1.999716889303992E-007
          46  0.000000000000000E+000  0.000000000000000E+000
  3.363520626152214E-009 -6.633228570214643E-009
  1.194749902902755E-007  1.378220436515217E-007
          47  0.000000000000000E+000  0.000000000000000E+000
 -4.834089692376422E-009 -1.126269716579777E-008
  1.744632436137708E-007 -2.363159964207320E-009
          48  0.000000000000000E+000  0.000000000000000E+000
 -1.215251796769947E-008 -6.303451182401815E-009
  8.783413546425588E-008 -1.341861877884987E-007
          49  0.000000000000000E+000  0.000000000000000E+000
 -1.301041881965145E-008  9.368026467512615E-010
 -7.286095079189680E-008 -1.196805092041993E-007
          50  0.000000000000000E+000  0.000000000000000E+000
 -7.477204036274575E-009  8.519314861605730E-009
 -1.250893711223511E-007  2.091023203944130E-008
          51  0.000000000000000E+000  0.000000000000000E+000
  2.339920343378664E-009  5.654070719828362E-009
 -3.696565775462382E-008  1.371044240264130E-007
          52  0.000000000000000E+000  0.000000000000000E+000
  3.728870515530158E-009 -3.309931268438005E-009
  1.227358795012708E-007  1.121129703227252E-007
          53  0.000000000000000E+000  0.000000000000000E+000
 -2.714730119979727E-009 -8.513634768129507E-009
  1.708582640903122E-007 -5.623192176914755E-008
          54  0.000000000000000E+000  0.000000000000000E+000
 -1.018939307440422E-008 -6.051611275742534E-009
  3.167122871647675E-008 -1.771754354990929E-007
          55  0.000000000000000E+000  0.000000000000000E+000
 -1.228981988799365E-008  9.594030668069005E-010
 -1.468236011232096E-007 -1.026947962345229E-007
          56  0.000000000000000E+000  0.000000000000000E+000
 -8.421466735162751E-009  6.820702976364867E-009
 -1.621833992446187E-007  1.068496914033814E-007
          57  0.000000000000000E+000  0.000000000000000E+000
 -1.269458500395880E-009  6.649989442544447E-009
  3.474665482790063E-008  2.181433282423545E-007
          58  0.000000000000000E+000  0.000000000000000E+000
  1.564365806928020E-009  4.852864407017294E-010
  2.290093103813524E-007  8.615114018907499E-008
          59  0.000000000000000E+000  0.000000000000000E+000
 -2.770939455734855E-009 -4.401969457826568E-009
  2.046573233073192E-007 -1.518500143201750E-007
          60  0.000000000000000E+000  0.000000000000000E+000
 -8.745099662269176E-009 -1.843448031451943E-009
 -1.634571313465491E-008 -2.550802953242807E-007
          61  0.000000000000000E+000  0.000000000000000E+000
 -8.499158390602179E-009  1.946277183887931E-009
 -2.395636984427629E-007 -1.077989415155748E-007
          62  0.000000000000000E+000  0.000000000000000E+000
 -7.259111748775126E-009  6.512366558329303E-009
 -1.839273736180796E-007  1.771513457233975E-007
          63  0.000000000000000E+000  0.000000000000000E+000
 -9.697767894669935E-010  5.990770566223800E-009
  7.033544370378380E-008  2.331717572046844E-007
          64  0.000000000000000E+000  0.000000000000000E+000
 -7.847708770221031E-010  1.138275948225414E-010
  2.315825843353495E-007  7.591909439572776E-008
          65  0.000000000000000E+000  0.000000000000000E+000
 -6.562805048825926E-009 -9.919780756562803E-011
  2.124748636295110E-007 -1.395200958540411E-007
          66  0.000000000000000E+000  0.000000000000000E+000
 -4.992967909812029E-009  3.571280083467506E-009
  1.097038855472053E-009 -2.645691330631835E-007
          67  0.000000000000000E+000  0.000000000000000E+000
 -7.364873835593501E-009  5.287712383907569E-009
 -1.846075315639527E-007 -1.110035692679683E-007
          68  0.000000000000000E+000  0.000000000000000E+000
 -1.711136164829921E-009  8.315016810243448E-009
 -1.845819116166195E-007  5.055953463395751E-008
          69  0.000000000000000E+000  0.000000000000000E+000
  8.984586637306892E-010  3.217714592005304E-009
 -8.472852510056482E-008  2.135806284630449E-007
          70  0.000000000000000E+000  0.000000000000000E+000
 -3.223391143612772E-009  9.296459986019937E-010
  1.812237015284506E-007  2.257699929702452E-007
          71  0.000000000000000E+000  0.000000000000000E+000
 -3.212583789151360E-009  5.530253545399101E-009
  3.348358832890324E-007 -6.690023007654184E-008
          72  0.000000000000000E+000  0.000000000000000E+000
 -3.592209408842069E-009  1.069548989914493E-009
  1.158779670210860E-007 -3.102106274206049E-007
          73  0.000000000000000E+000  0.000000000000000E+000
 -5.094309536188495E-009  6.116488006005838E-009
 -1.734040119742113E-007 -3.148374451949266E-007
          74  0.000000000000000E+000  0.000000000000000E+000
 -2.225721468267049E-009  5.895103110301283E-009
 -4.226998343772114E-007 -1.030048918849969E-008
          75  0.000000000000000E+000  0.000000000000000E+000
 -3.174010261536771E-009  5.786646113041901E-009
 -2.056712497040770E-007  4.268924547263323E-007
          76  0.000000000000000E+000  0.000000000000000E+000
 -2.373773307288108E-009  9.701739804746279E-009
  3.361527313930340E-007  3.939818740706437E-007
          77  0.000000000000000E+000  0.000000000000000E+000
  7.351651406488487E-009  6.188179283473670E-009
  5.138441718652621E-007 -1.265044834492915E-007
          78  0.000000000000000E+000  0.000000000000000E+000
  6.909190635519224E-010 -3.259138291430288E-010
  2.218840534575996E-007 -5.191189697310103E-007
          79  0.000000000000000E+000  0.000000000000000E+000
 -2.681380848744288E-009 -3.336542046037284E-010
 -3.861541825602095E-007 -5.291499168171116E-007
          80  0.000000000000000E+000  0.000000000000000E+000
 -9.046549826629373E-009  3.313784209433202E-009
 -6.722826413101045E-007  1.243030386019687E-007
          81  0.000000000000000E+000  0.000000000000000E+000
 -8.159650266188927E-009  1.464537393340451E-008
 -1.687753148024549E-007  6.429917864325123E-007
          82  0.000000000000000E+000  0.000000000000000E+000
  8.839018449268715E-009  1.922889968554359E-008
  4.585438117928023E-007  4.207917565325518E-007
          83  0.000000000000000E+000  0.000000000000000E+000
  1.293095059689185E-008  3.670356498949942E-009
  6.230072340579373E-007 -1.328695378252700E-007
          84  0.000000000000000E+000  0.000000000000000E+000
  8.159461627239888E-009 -4.843255757999063E-009
  2.066180067989339E-007 -6.547362012084449E-007
          85  0.000000000000000E+000  0.000000000000000E+000
 -4.632811027457605E-009 -6.421905197147533E-009
 -4.393549639363171E-007 -4.717006722843151E-007
          86  0.000000000000000E+000  0.000000000000000E+000
 -1.124300428090840E-008  5.824127384600989E-009
 -5.555765717708091E-007  8.634333169405310E-008
          87  0.000000000000000E+000  0.000000000000000E+000
 -2.144507210256407E-009  1.826540530482544E-008
 -2.422409145247828E-007  4.289536274894016E-007
          88  0.000000000000000E+000  0.000000000000000E+000
  1.197400241880603E-008  1.073866759464604E-008
  1.614225923812635E-007  4.621867947450029E-007
          89  0.000000000000000E+000  0.000000000000000E+000
  1.205160909707194E-008  2.053326666524612E-009
  5.054685529192726E-007  1.117632453147273E-007
          90  0.000000000000000E+000  0.000000000000000E+000
  5.846449999464005E-009 -5.566859766396446E-009
  3.521897159500188E-007 -3.346275804488623E-007
          91  0.000000000000000E+000  0.000000000000000E+000
 -3.929449500278587E-009 -2.493694962347731E-009
 -1.683611118233412E-008 -4.665724922837277E-007
          92  0.000000000000000E+000  0.000000000000000E+000
 -5.141909493184329E-009  6.865413088779118E-009
 -3.650568607283767E-007 -3.149913291179189E-007
          93  0.000000000000000E+000  0.000000000000000E+000
  3.923606153627707E-009  1.260595269520692E-008
 -5.049388837859396E-007  7.920059645378128E-008
          94  0.000000000000000E+000  0.000000000000000E+000
  9.036604947744314E-009  5.161165839123622E-009
 -2.191737328038701E-007  4.884339184850144E-007
          95  0.000000000000000E+000  0.000000000000000E+000
  8.531799818545751E-009  8.553811761647418E-011
  2.681252595283827E-007  4.108141082397260E-007
          96  0.000000000000000E+000  0.000000000000000E+000
  2.252759629174573E-009 -2.857018584724575E-009
  4.805627893030763E-007  4.188173510591953E-008
          97  0.000000000000000E+000  0.000000000000000E+000
 -2.185346996908554E-009  2.491718668660375E-009
  3.425230545223397E-007 -3.906308212304605E-007
          98  0.000000000000000E+000  0.000000000000000E+000
  1.061462871053295E-009  8.981035586341287E-009
 -1.394545976244558E-007 -5.315089894597343E-007
          99  0.000000000000000E+000  0.000000000000000E+000
  9.024248613485450E-009  6.625088415180520E-009
 -5.167648034723560E-007 -1.619752970522612E-007
         100  0.000000000000000E+000  0.000000000000000E+000
  9.735720610025825E-009  1.924808236134343E-009
 -3.726767326711466E-007  2.857288941904155E-007
         101  0.000000000000000E+000  0.000000000000000E+000
  6.880686182438436E-009 -2.659932291076506E-009
  4.368667276149566E-009  4.252815059866502E-007
         102  0.000000000000000E+000  0.000000000000000E+000
  2.035995438188906E-009 -1.504585130760958E-009
  3.231951587102841E-007  1.921764578348629E-007
         103  0.000000000000000E+000  0.000000000000000E+000
  1.136216402792140E-009  2.477445235151638E-009
  2.695399243822112E-007 -1.477241253034569E-007
         104  0.000000000000000E+000  0.000000000000000E+000
  4.381464210566550E-009  4.689307011847636E-009
  2.980278275705498E-008 -2.334399213854007E-007
         105  0.000000000000000E+000  0.000000000000000E+000
  6.849353295135336E-009  4.348488943199032E-009
 -9.218147718594229E-008 -1.536659265860703E-007
         106  0.000000000000000E+000  0.000000000000000E+000
  9.652432747152734E-009  1.749191215283978E-009
 -1.431201991239204E-007 -8.335863257830128E-008
         107  0.000000000000000E+000  0.000000000000000E+000
  9.115216343514351E-009 -2.226337049680312E-009
 -1.807801866471947E-007 -9.979545547924388E-009
         108  0.000000000000000E+000  0.000000000000000E+000
  6.067294635576736E-009 -4.343161805429388E-009
 -1.874553428955264E-007  1.232483177071664E-007
         109  0.000000000000000E+000  0.000000000000000E+000
  2.474221241343318E-009 -3.603406108369623E-009
 -4.284326607002931E-008  2.634276585998410E-007
         110  0.000000000000000E+000  0.000000000000000E+000
  1.135567820063258E-009  1.219348822480447E-010
  2.062238171396733E-007  2.095459831944464E-007
         111  0.000000000000000E+000  0.000000000000000E+000
  3.499350693714581E-009  3.461961496143399E-009
  3.226855900957591E-007 -5.012360573207401E-008
         112  0.000000000000000E+000  0.000000000000000E+000
  8.478782783040416E-009  2.968619810076688E-009
  1.557831202363246E-007 -3.482334586864495E-007
         113  0.000000000000000E+000  0.000000000000000E+000
  1.053199234781312E-008 -1.379128608506116E-009
 -2.363536766703182E-007 -3.562904793501711E-007
         114  0.000000000000000E+000  0.000000000000000E+000
  9.362773745677453E-009 -5.509167994698651E-009
 -4.497994230400610E-007 -9.157563420472017E-009
         115  0.000000000000000E+000  0.000000000000000E+000
  4.421235770064576E-009 -8.069553466464322E-009
 -2.740523007454229E-007  3.549719973584826E-007
         116  0.000000000000000E+000  0.000000000000000E+000
  7.971632754525173E-010 -5.124156210613235E-009
  9.503148389147689E-008  4.288366316830518E-007
         117  0.000000000000000E+000  0.000000000000000E+000
  1.101400467209031E-009 -1.254097684287028E-010
  4.341201119626483E-007  1.658435393006118E-007
         118  0.000000000000000E+000  0.000000000000000E+000
  5.360393661720480E-009  6.380048318835902E-010
  3.417874437006373E-007 -2.893588778735978E-007
         119  0.000000000000000E+000  0.000000000000000E+000
  8.526239610395050E-009 -1.040672654504609E-009
 -4.373016262203768E-008 -4.273827668353800E-007
         120  0.000000000000000E+000  0.000000000000000E+000
  9.549882233724963E-009 -7.240258089697688E-009
 -3.810380302763219E-007 -2.487556701486841E-007
         121  0.000000000000000E+000  0.000000000000000E+000
  4.486499450660239E-009 -9.547213704485408E-009
 -5.078625530684295E-007  1.599216939249144E-007
         122  0.000000000000000E+000  0.000000000000000E+000
 -3.704165505040991E-010 -6.968763055921771E-009
 -1.224452614208972E-007  5.906272823149142E-007
         123  0.000000000000000E+000  0.000000000000000E+000
  5.145564050092928E-010 -3.710646468285307E-009
  4.263486315368810E-007  3.938545636613037E-007
         124  0.000000000000000E+000  0.000000000000000E+000
  2.331885272550966E-009 -1.287287539902395E-009
  5.817164866792926E-007 -1.430772326360458E-007
         125  0.000000000000000E+000  0.000000000000000E+000
  7.885143078719186E-009 -3.911864842211248E-009
  1.647338687972424E-007 -6.487672194204977E-007
         126  0.000000000000000E+000  0.000000000000000E+000
  3.954307320237808E-009 -9.468020518304388E-009
 -5.813523795515300E-007 -4.835514351071859E-007
         127  0.000000000000000E+000  0.000000000000000E+000
 -1.289801231692409E-009 -8.465289229440944E-009
 -7.360719774299905E-007  3.946363814754111E-007
         128  0.000000000000000E+000  0.000000000000000E+000
 -4.165001892710503E-010 -3.485682276349637E-009
  3.622131666438188E-008  7.978389760369647E-007
         129  0.000000000000000E+000  0.000000000000000E+000
  1.708944446296685E-009 -2.991058217569385E-009
  6.938128171366520E-007  3.718725614808540E-007
         130  0.000000000000000E+000  0.000000000000000E+000
  6.027673154423500E-009 -3.568148698782241E-009
  6.792092020382569E-007 -4.741908271704106E-007
         131  0.000000000000000E+000  0.000000000000000E+000
  5.403198570110097E-009 -1.269179796412883E-008
 -1.829728387861755E-007 -8.538764104799707E-007
         132  0.000000000000000E+000  0.000000000000000E+000
 -3.629241392598065E-009 -1.220792903335763E-008
 -9.212115224118728E-007 -1.593141966894399E-007
         133  0.000000000000000E+000  0.000000000000000E+000
 -6.055223525299116E-009 -4.109464109520032E-009
 -4.764675174164331E-007  7.690325078078125E-007
         134  0.000000000000000E+000  0.000000000000000E+000
 -8.250218712838588E-010 -2.106643982877325E-009
  4.017397632321821E-007  7.568202614170077E-007
         135  0.000000000000000E+000  0.000000000000000E+000
  3.063073176341783E-009 -2.787455933180421E-009
  8.798215735649765E-007  4.688287973159492E-009
         136  0.000000000000000E+000  0.000000000000000E+000
  5.416788229793443E-009 -1.128158513868597E-008
  3.375594954851792E-007 -8.145655884406101E-007
         137  0.000000000000000E+000  0.000000000000000E+000
 -5.284124913769146E-009 -1.380317397108837E-008
 -6.358443791981325E-007 -5.810541325280142E-007
         138  0.000000000000000E+000  0.000000000000000E+000
 -9.712158141685435E-009 -5.128073751702213E-009
 -6.847608313586620E-007  3.585861268507110E-007
         139  0.000000000000000E+000  0.000000000000000E+000
 -3.808975717933596E-009 -1.569885253655693E-009
 -2.838210067708462E-008  6.974034549795705E-007
         140  0.000000000000000E+000  0.000000000000000E+000
 -7.550288201285142E-010 -2.905390893671576E-009
  5.935591355888917E-007  3.552300825873454E-007
         141  0.000000000000000E+000  0.000000000000000E+000
  1.118552909344879E-009 -8.107131213619840E-009
  5.181470412183721E-007 -3.754464429223744E-007
         142  0.000000000000000E+000  0.000000000000000E+000
 -7.738783843323377E-009 -1.130037225985778E-008
 -1.368991454305373E-007 -5.370518588467374E-007
         143  0.000000000000000E+000  0.000000000000000E+000
 -1.181565505562381E-008 -2.525083056280817E-009
 -4.743858350739219E-007 -4.536888156502481E-008
         144  0.000000000000000E+000  0.000000000000000E+000
 -4.119082290474183E-009  3.199503884477929E-009
 -2.444453628391734E-007  3.405509084567569E-007
         145  0.000000000000000E+000  0.000000000000000E+000
  1.085353557164912E-009 -1.558901520593731E-009
  1.663814750620078E-007  4.271747966145809E-007
         146  0.000000000000000E+000  0.000000000000000E+000
  7.082660519919321E-010 -6.792991084209571E-009
  4.900918967556770E-007  4.467894540614353E-008
         147  0.000000000000000E+000  0.000000000000000E+000
 -4.517728893334253E-009 -1.146022520191226E-008
  2.384146629914458E-007 -4.187691361906192E-007
         148  0.000000000000000E+000  0.000000000000000E+000
 -1.353001271789629E-008 -6.659889515594599E-009
 -2.736060834906347E-007 -3.860335248689743E-007
         149  0.000000000000000E+000  0.000000000000000E+000
 -1.186099404319845E-008  3.584565766165751E-009
 -4.687423489651241E-007  7.536602531988362E-008
         150  0.000000000000000E+000  0.000000000000000E+000
 -2.312369939291461E-009  5.129307625993304E-009
 -2.153471848664931E-007  4.833797454278095E-007
         151  0.000000000000000E+000  0.000000000000000E+000
  1.806753735861464E-009 -7.453157171917267E-010
  3.643965067056581E-007  5.082213861929174E-007
         152  0.000000000000000E+000  0.000000000000000E+000
  4.884760302276113E-010 -7.314567574587895E-009
  6.728433157644685E-007 -7.868551270519372E-008
         153  0.000000000000000E+000  0.000000000000000E+000
 -7.606397449350872E-009 -1.065830493937110E-008
  2.805497130143625E-007 -6.323555816211665E-007
         154  0.000000000000000E+000  0.000000000000000E+000
 -1.404620700314641E-008 -3.736355007235128E-009
 -4.054440501097326E-007 -5.808997869637541E-007
         155  0.000000000000000E+000  0.000000000000000E+000
 -1.074986458660518E-008  3.876780124810373E-009
 -7.569672378104309E-007  4.254656803279936E-008
         156  0.000000000000000E+000  0.000000000000000E+000
 -4.916606867965786E-009  4.269083825689013E-009
 -3.741307057066585E-007  7.483012408873460E-007
         157  0.000000000000000E+000  0.000000000000000E+000
 -1.948221100730934E-009  9.690085456493488E-010
  4.843186459225078E-007  7.498639222376409E-007
         158  0.000000000000000E+000  0.000000000000000E+000
 -3.298605219168524E-009 -3.100453718180237E-009
  9.257839815120934E-007 -9.817823337892274E-009
         159  0.000000000000000E+000  0.000000000000000E+000
 -7.502561345559168E-009 -3.478859386178180E-009
  4.868660256923385E-007 -7.949671865336166E-007
         160  0.000000000000000E+000  0.000000000000000E+000
 -9.686212251876169E-009 -6.946285940571044E-011
 -4.170856836001354E-007 -8.000389609012873E-007
         161  0.000000000000000E+000  0.000000000000000E+000
 -8.008947284538577E-009  2.534039317876981E-009
 -8.544945654011263E-007 -5.348121680887400E-008
         162  0.000000000000000E+000  0.000000000000000E+000
 -6.638859604478761E-009  2.631089193800752E-009
 -4.719428223328129E-007  6.725236944044439E-007
         163  0.000000000000000E+000  0.000000000000000E+000
 -6.082614566398800E-009  2.863802176560787E-009
  3.000128698836696E-007  7.212818681631817E-007
         164  0.000000000000000E+000  0.000000000000000E+000
 -5.008008142779484E-009  2.042413337898253E-009
  6.994503896765881E-007  1.589647205002292E-007
         165  0.000000000000000E+000  0.000000000000000E+000
 -6.704620101110210E-009  1.248171818651693E-009
  4.981528121601257E-007 -3.917076991591666E-007
         166  0.000000000000000E+000  0.000000000000000E+000
 -7.253215760677150E-009  3.886702966496488E-009
  7.315769114680729E-008 -5.653686676514855E-007
         167  0.000000000000000E+000  0.000000000000000E+000
 -5.311797448894059E-009  3.590040111460845E-009
 -3.695175537615250E-007 -4.333045198766752E-007
         168  0.000000000000000E+000  0.000000000000000E+000
 -6.676750478145904E-009  3.308664483998861E-009
 -5.457843455918844E-007  2.742841993805557E-008
         169  0.000000000000000E+000  0.000000000000000E+000
 -5.849838359515098E-009  5.845922048826643E-009
 -3.234896641697880E-007  4.186285997504512E-007
         170  0.000000000000000E+000  0.000000000000000E+000
 -4.221324137853329E-009  3.704771591752663E-009
  1.064698429618716E-007  5.695320472109616E-007
         171  0.000000000000000E+000  0.000000000000000E+000
 -7.321903506543708E-009  4.390442829368342E-009
  6.118564390094950E-007  3.411973878173172E-007
         172  0.000000000000000E+000  0.000000000000000E+000
 -5.004387959867137E-009  7.079583484456314E-009
  7.066979668550154E-007 -4.092507567765953E-007
         173  0.000000000000000E+000  0.000000000000000E+000
 -5.301711640288412E-009  5.900485767971428E-009
  1.953788529560803E-008 -8.048353109757568E-007
         174  0.000000000000000E+000  0.000000000000000E+000
 -4.870403121549801E-009  9.712617803371560E-009
 -6.354617008851465E-007 -4.709240415457617E-007
         175  0.000000000000000E+000  0.000000000000000E+000
  6.484553248337671E-010  7.758856221092138E-009
 -7.566075832559999E-007  3.189961248188841E-007
         176  0.000000000000000E+000  0.000000000000000E+000
 -1.916471983061447E-009  4.556660838102291E-009
 -3.280902713477367E-008  8.600031690238426E-007
         177  0.000000000000000E+000  0.000000000000000E+000
 -9.732920187658328E-010  6.143355769846820E-009
  7.716952837414021E-007  2.984801422149431E-007
         178  0.000000000000000E+000  0.000000000000000E+000
 -2.847532226237207E-009  2.622202677496393E-009
  4.939687036217641E-007 -4.789051235295434E-007
         179  0.000000000000000E+000  0.000000000000000E+000
 -7.532983541753027E-009  7.090161969461641E-009
 -1.235607714840339E-007 -5.728925186677757E-007
         180  0.000000000000000E+000  0.000000000000000E+000
 -2.126107578486528E-009  1.300808419955545E-008
 -5.055241661588697E-007 -1.307540643412396E-007
         181  0.000000000000000E+000  0.000000000000000E+000
  2.602543413156693E-009  1.005699291885781E-008
 -2.320092858396490E-007  3.754589585708084E-007
         182  0.000000000000000E+000  0.000000000000000E+000
  4.592071311396402E-009  8.168381313618594E-009
  3.252686845993597E-007  2.275799519847415E-007
         183  0.000000000000000E+000  0.000000000000000E+000
  4.772100618629307E-009  7.674195525464186E-010
  1.785104075843732E-007 -2.684567611303793E-007
         184  0.000000000000000E+000  0.000000000000000E+000
 -5.112307430290891E-009  1.058181082042287E-010
 -1.558579474876521E-007 -1.691619481931702E-007
         185  0.000000000000000E+000  0.000000000000000E+000
 -7.409670124777015E-009  1.050980018604780E-008
 -1.900314647348796E-007  5.110349310481682E-008
         186  0.000000000000000E+000  0.000000000000000E+000
  1.125487137827516E-009  1.390076706798296E-008
 -8.029810135044278E-009  2.409577474470913E-007
         187  0.000000000000000E+000  0.000000000000000E+000
  5.211100006555520E-009  1.135420932037556E-008
  3.209891820796661E-007  9.573308771687306E-008
         188  0.000000000000000E+000  0.000000000000000E+000
  9.188666197209590E-009  6.322420904356904E-009
  1.930381596537950E-007 -3.857018344120323E-007
         189  0.000000000000000E+000  0.000000000000000E+000
  2.845026752738266E-009  3.734948194079253E-010
 -2.811433969389922E-007 -2.570128296991322E-007
         190  0.000000000000000E+000  0.000000000000000E+000
 -2.343516036963144E-009  6.852510888288282E-009
 -2.754508918816703E-007  7.578141958114179E-008
         191  0.000000000000000E+000  0.000000000000000E+000
  3.724013435502765E-009  1.106929614262436E-008
 -7.680586204405730E-008  2.478601882565218E-007
         192  0.000000000000000E+000  0.000000000000000E+000
  7.022897337435499E-009  8.488481989061049E-009
  2.099847817963055E-007  1.475158405517910E-007
         193  0.000000000000000E+000  0.000000000000000E+000
  9.657264094976616E-009  5.111873885781754E-009
  1.569329714050565E-007 -2.052139070608983E-007
         194  0.000000000000000E+000  0.000000000000000E+000
  5.243206813650096E-009  1.167499132384872E-010
 -1.385854917801172E-007 -1.039491000669282E-007
         195  0.000000000000000E+000  0.000000000000000E+000
  6.551125614650313E-010  4.612783482654894E-009
 -2.309576559691527E-008  3.916950624925993E-008
         196  0.000000000000000E+000  0.000000000000000E+000
  5.020221094456622E-009  9.622953306980914E-009
  1.856300412148549E-008 -5.377542151146218E-008
         197  0.000000000000000E+000  0.000000000000000E+000
  1.034960472596103E-008  6.477113666713728E-009
 -6.344232443677853E-008 -8.774011729169878E-008
         198  0.000000000000000E+000  0.000000000000000E+000
  1.069665867861611E-008  1.922937048610330E-009
 -1.358881723300807E-007 -1.293288374343982E-008
         199  0.000000000000000E+000  0.000000000000000E+000
  7.616742717737327E-009 -2.232554865424187E-009
 -1.167783941314731E-007  1.499688061677323E-007
         200  0.000000000000000E+000  0.000000000000000E+000
  2.178583078536544E-009 -3.734942861122917E-010
  1.582313838889618E-007  1.752606349876612E-007
         201  0.000000000000000E+000  0.000000000000000E+000
  2.438490708410093E-009  4.669561899670148E-009
  2.261566063454208E-007 -1.458182725635447E-007
         202  0.000000000000000E+000  0.000000000000000E+000
  7.024052784958716E-009  6.205493885618297E-009
 -6.544050983296532E-008 -2.870531243486516E-007
         203  0.000000000000000E+000  0.000000000000000E+000
  9.780863159343243E-009  3.291370594165586E-009
 -3.010788080249436E-007 -8.505712725971734E-008
         204  0.000000000000000E+000  0.000000000000000E+000
  9.853690804826236E-009  4.250649140249891E-010
 -2.334495992247679E-007  2.174114537520812E-007
         205  0.000000000000000E+000  0.000000000000000E+000
  7.938032421817893E-009 -1.828740495446551E-009
  8.826239925035628E-008  3.278392765797503E-007
         206  0.000000000000000E+000  0.000000000000000E+000
  5.855836454473545E-009 -1.156351621585079E-009
  3.621305282239543E-007  4.127052710038148E-008
         207  0.000000000000000E+000  0.000000000000000E+000
  5.847466200460799E-009 -1.284009480631320E-010
  1.975119934763221E-007 -3.449227219148602E-007
         208  0.000000000000000E+000  0.000000000000000E+000
  6.303943941547247E-009  1.396389297223244E-010
 -2.309195352489670E-007 -3.766784081390896E-007
         209  0.000000000000000E+000  0.000000000000000E+000
  6.836505703987780E-009  2.011314476052909E-010
 -4.809547417270107E-007 -2.731900669436578E-009
         210  0.000000000000000E+000  0.000000000000000E+000
  8.065825598351207E-009 -1.433884443760490E-010
 -2.670497258875110E-007  4.051161493621984E-007
         211  0.000000000000000E+000  0.000000000000000E+000
  8.652648915815474E-009 -1.837903026549400E-009
  1.724616041659498E-007  4.446762037705157E-007
         212  0.000000000000000E+000  0.000000000000000E+000
  8.075382906903086E-009 -3.686320259574148E-009
  4.822463941273718E-007  1.077300866347296E-007
         213  0.000000000000000E+000  0.000000000000000E+000
  6.235003280255623E-009 -4.003611061329310E-009
  3.670088111373526E-007 -3.741018501384880E-007
         214  0.000000000000000E+000  0.000000000000000E+000
  5.840189774453969E-009 -3.622391169589900E-009
 -1.149255420237613E-007 -5.518755581538618E-007
         215  0.000000000000000E+000  0.000000000000000E+000
  5.979928561251873E-009 -3.109301820347438E-009
 -5.414908139234496E-007 -2.800811394680209E-007
         216  0.000000000000000E+000  0.000000000000000E+000
  6.237249238857320E-009 -4.246651360711439E-009
 -6.668865507886295E-007  2.950886329161397E-007
         217  0.000000000000000E+000  0.000000000000000E+000
  5.608509914327129E-009 -4.293049460269390E-009
 -1.131005366989560E-007  8.205822173672684E-007
         218  0.000000000000000E+000  0.000000000000000E+000
  4.859415953544811E-009 -4.655547285202674E-009
  6.673533601336789E-007  5.198601771400378E-007
         219  0.000000000000000E+000  0.000000000000000E+000
  5.523535940139979E-009 -3.451693435320006E-009
  7.859314113165024E-007 -2.993786471270926E-007
         220  0.000000000000000E+000  0.000000000000000E+000
  6.587194373241838E-009 -4.702460545416682E-009
  1.719332229945613E-007 -8.282431995580578E-007
         221  0.000000000000000E+000  0.000000000000000E+000
  7.239244744676840E-009 -6.842370804145216E-009
 -6.606008218189039E-007 -6.520071575471936E-007
         222  0.000000000000000E+000  0.000000000000000E+000
  4.575089372514304E-009 -8.869532530705590E-009
 -9.288987284172528E-007  2.918981460442841E-007
         223  0.000000000000000E+000  0.000000000000000E+000
  2.546147356707386E-009 -8.897885339138257E-009
 -1.859503685014533E-007  8.660045824316274E-007
         224  0.000000000000000E+000  0.000000000000000E+000
  1.335437255509268E-010 -6.414350334539890E-009
  5.154513993712237E-007  5.535087345382346E-007
         225  0.000000000000000E+000  0.000000000000000E+000
  2.079096320065146E-009 -4.589523631448031E-009
  6.509626955110961E-007 -7.143756067669167E-008
         226  0.000000000000000E+000  0.000000000000000E+000
  4.495653013203247E-009 -5.150426680515676E-009
  2.723727203618690E-007 -5.521065040659071E-007
         227  0.000000000000000E+000  0.000000000000000E+000
  3.919867907301406E-009 -8.631802187019691E-009
 -3.252663403540782E-007 -3.735215847251165E-007
         228  0.000000000000000E+000  0.000000000000000E+000
  2.259098251857580E-009 -9.441290179549092E-009
 -2.781901050221668E-007  2.350572822620091E-008
         229  0.000000000000000E+000  0.000000000000000E+000
 -9.246239550688209E-010 -9.563368901875251E-009
 -1.977324106988075E-007  4.757310577898351E-008
         230  0.000000000000000E+000  0.000000000000000E+000
 -1.458781669757946E-009 -7.698470018432108E-009
 -2.345877006176530E-007  1.807312637488904E-007
         231  0.000000000000000E+000  0.000000000000000E+000
 -1.865123408662982E-009 -6.567632602232958E-009
 -5.884764692612652E-008  3.714707440921690E-007
         232  0.000000000000000E+000  0.000000000000000E+000
 -2.179193091304223E-009 -6.237035211616014E-009
  2.238725515289386E-007  4.179664751635494E-007
         233  0.000000000000000E+000  0.000000000000000E+000
 -9.828444329345456E-010 -3.455480357357398E-009
  6.758902933954680E-007  8.967258237394155E-008
         234  0.000000000000000E+000  0.000000000000000E+000
  1.952460669824286E-009 -6.627654723881001E-009
  4.241445128035626E-007 -6.835801375129160E-007
         235  0.000000000000000E+000  0.000000000000000E+000
 -4.610472370255553E-010 -8.456976582714499E-009
 -4.520949196752198E-007 -6.931562326735981E-007
         236  0.000000000000000E+000  0.000000000000000E+000
 -2.735386855452624E-009 -8.700905440042218E-009
 -8.213452154239347E-007  6.622409960758495E-008
         237  0.000000000000000E+000  0.000000000000000E+000
 -3.925664282815449E-009 -7.067442796924486E-009
 -3.999383021791187E-007  6.946675428616250E-007
         238  0.000000000000000E+000  0.000000000000000E+000
 -4.517621018048090E-009 -5.075364570973992E-009
  3.694426302113355E-007  7.660099798227408E-007
         239  0.000000000000000E+000  0.000000000000000E+000
 -1.194519400296737E-009 -4.772337092584453E-009
  8.264640418412172E-007  1.778600480843638E-008
         240  0.000000000000000E+000  0.000000000000000E+000
 -3.096097792082231E-009 -8.007938467895899E-009
  3.155661238101993E-007 -6.055897866549698E-007
         241  0.000000000000000E+000  0.000000000000000E+000
 -5.147333693811696E-009 -6.458401457333474E-009
 -2.844499587543669E-007 -4.443379580089216E-007
         242  0.000000000000000E+000  0.000000000000000E+000
 -4.922349721077346E-009 -4.682424883420637E-009
 -4.111581013660865E-007 -1.582239623198521E-008
         243  0.000000000000000E+000  0.000000000000000E+000
 -4.209300191367047E-009 -4.943434238920101E-009
 -2.222626607633138E-007  3.077448563132520E-007
         244  0.000000000000000E+000  0.000000000000000E+000
 -3.211175406652330E-009 -5.273688646669030E-009
  1.458305710526719E-007  2.403697350304291E-007
         245  0.000000000000000E+000  0.000000000000000E+000
 -5.284067181376988E-009 -8.401217385885718E-009
  8.732699394732193E-008  9.174053192927699E-009
         246  0.000000000000000E+000  0.000000000000000E+000
 -9.329624148359492E-009 -6.335603977000086E-009
  2.178424715278890E-008  1.138054278999749E-007
         247  0.000000000000000E+000  0.000000000000000E+000
 -9.916520162541576E-009 -2.185751656220605E-009
  2.156322736197848E-007  1.191512060802764E-007
         248  0.000000000000000E+000  0.000000000000000E+000
 -7.388218466403848E-009  1.551017706408629E-010
  2.760509139439638E-007 -1.280121194598281E-007
         249  0.000000000000000E+000  0.000000000000000E+000
 -4.110489429776204E-009  3.071244774550205E-010
  7.312726448330680E-008 -3.686917540051298E-007
         250  0.000000000000000E+000  0.000000000000000E+000
 -2.579862209243906E-009 -3.926953949384688E-009
 -3.702646367274849E-007 -2.696019257590273E-007
         251  0.000000000000000E+000  0.000000000000000E+000
 -6.929394732904036E-009 -5.921458371680533E-009
 -4.282434853661276E-007  2.686212666751591E-007
         252  0.000000000000000E+000  0.000000000000000E+000
 -9.959209531023759E-009 -3.189045885119507E-009
  5.474710118953141E-008  5.164921527212545E-007
         253  0.000000000000000E+000  0.000000000000000E+000
 -9.547056633527390E-009  2.710745713959534E-010
  4.564112243074318E-007  2.049756572723090E-007
         254  0.000000000000000E+000  0.000000000000000E+000
 -7.584396238527597E-009  1.619721793749292E-009
  3.887326159832800E-007 -2.411842079288280E-007
         255  0.000000000000000E+000  0.000000000000000E+000
 -5.779083518616649E-009  1.428128514645109E-009
  9.156287490195470E-009 -4.093982756688291E-007
         256  0.000000000000000E+000  0.000000000000000E+000
 -5.349002425689840E-009 -5.389295759810433E-011
 -2.999564835044666E-007 -1.834362882742662E-007
