   5120.00000000000     
         256           1           3
  8.994473019507991E-004   40.0074498340885        116.696188905546     
   18.8300000000000        145.590000000000        6160.02000000000     
           0  0.000000000000000E+000  0.000000000000000E+000
  0.000000000000000E+000  0.000000000000000E+000
  0.000000000000000E+000  0.000000000000000E+000
           1  0.000000000000000E+000  0.000000000000000E+000
  1.693592982800862E-009  2.196920148303578E-010
 -2.207976066237997E-008  3.438661423364372E-011
           2  0.000000000000000E+000  0.000000000000000E+000
  1.570924130788847E-009  8.079030107856739E-010
 -2.426421911268236E-008 -1.017522197840570E-009
           3  0.000000000000000E+000  0.000000000000000E+000
  1.650940824968803E-009  1.738469412711867E-009
 -2.924862132152187E-008  1.297152616647084E-010
           4  0.000000000000000E+000  0.000000000000000E+000
  2.441800237833192E-009  2.998748601726028E-009
 -3.614768767626784E-008  6.961314284978581E-009
           5  0.000000000000000E+000  0.000000000000000E+000
  4.531973722888889E-009  3.973214457049054E-009
 -3.860242540225976E-008  2.251189329492069E-008
           6  0.000000000000000E+000  0.000000000000000E+000
  7.730402448747010E-009  2.965093573947883E-009
 -2.645308617685841E-008  4.147899603413198E-008
           7  0.000000000000000E+000  0.000000000000000E+000
  9.114956234241744E-009 -3.240187903610768E-011
  2.054216018030654E-009  4.992405143433504E-008
           8  0.000000000000000E+000  0.000000000000000E+000
  9.082803040293006E-009 -3.330937348659893E-009
  3.789637416918421E-008  2.902281781894925E-008
           9  0.000000000000000E+000  0.000000000000000E+000
  6.707100660595240E-009 -6.301719949750718E-009
  4.478719690483831E-008 -2.504838666892045E-008
          10  0.000000000000000E+000  0.000000000000000E+000
  3.159214671455250E-009 -6.719245226347752E-009
 -5.985518726338754E-009 -7.257375329330197E-008
          11  0.000000000000000E+000  0.000000000000000E+000
  5.915077606247781E-010 -6.157221886210012E-009
 -9.339756075671646E-008 -5.619482737040670E-008
          12  0.000000000000000E+000  0.000000000000000E+000
 -3.580770333064779E-009 -1.199210160953676E-009
 -1.394600735839255E-007  5.465926592364824E-008
          13  0.000000000000000E+000  0.000000000000000E+000
  1.654470655167865E-009  5.323449768496130E-009
 -4.998764661353578E-008  1.670032520410105E-007
          14  0.000000000000000E+000  0.000000000000000E+000
  9.934805557004287E-009  3.287628442839394E-009
  1.096802238108350E-007  1.501513425300945E-007
          15  0.000000000000000E+000  0.000000000000000E+000
  1.317142654101794E-008 -4.812865512613207E-009
  1.937697599652260E-007 -8.756994537211650E-009
          16  0.000000000000000E+000  0.000000000000000E+000
  9.184476148121741E-009 -1.413645930658172E-008
  9.602991353718687E-008 -1.867895592474938E-007
          17  0.000000000000000E+000  0.000000000000000E+000
 -5.703738376216406E-009 -1.535957463355307E-008
 -1.323069286196368E-007 -1.925953323298277E-007
          18  0.000000000000000E+000  0.000000000000000E+000
 -1.058847577648894E-008 -1.710453938618044E-009
 -2.565471282338686E-007  3.387066952391595E-009
          19  0.000000000000000E+000  0.000000000000000E+000
 -2.575680388095033E-009  7.352379467251211E-009
 -1.665494307324578E-007  2.248513541381763E-007
          20  0.000000000000000E+000  0.000000000000000E+000
  8.434479893515098E-009  6.172664888437111E-009
  8.169805512675658E-008  2.823615561358551E-007
          21  0.000000000000000E+000  0.000000000000000E+000
  1.475098792925078E-008 -3.309513093143690E-009
  2.813298532606302E-007  9.875246072178283E-008
          22  0.000000000000000E+000  0.000000000000000E+000
  9.243317454272715E-009 -1.777995245116133E-008
  2.293783460045192E-007 -1.830485800961813E-007
          23  0.000000000000000E+000  0.000000000000000E+000
 -8.168234497790742E-009 -1.392805525032937E-008
 -2.172190303721116E-008 -2.823485372897537E-007
          24  0.000000000000000E+000  0.000000000000000E+000
 -8.760191208301466E-009 -1.078757059833110E-009
 -2.550456664525217E-007 -1.600938399408188E-007
          25  0.000000000000000E+000  0.000000000000000E+000
 -6.470255721035384E-010  4.371840712958185E-009
 -3.077361159648023E-007  1.191912616189092E-007
          26  0.000000000000000E+000  0.000000000000000E+000
  8.150965595749409E-009  1.173212751743176E-009
 -9.876439318322819E-008  3.383201439304863E-007
          27  0.000000000000000E+000  0.000000000000000E+000
  1.101927880314290E-008 -1.110773975506002E-008
  2.051858185944985E-007  2.910519807629324E-007
          28  0.000000000000000E+000  0.000000000000000E+000
 -6.025832166158633E-009 -1.611904987484111E-008
  3.578657115061016E-007  3.727134763469098E-008
          29  0.000000000000000E+000  0.000000000000000E+000
 -9.155064086048288E-009 -3.112367223356450E-009
  2.543914261120628E-007 -2.906590698799008E-007
          30  0.000000000000000E+000  0.000000000000000E+000
 -2.944521060264089E-009  1.602542779377076E-009
 -1.235295365495349E-007 -3.839629339854182E-007
          31  0.000000000000000E+000  0.000000000000000E+000
  2.955204610010935E-009  5.506378359915326E-010
 -4.081190814964880E-007 -9.828121177374194E-008
          32  0.000000000000000E+000  0.000000000000000E+000
  7.161186262563148E-009 -5.844297516857003E-009
 -3.232059348567541E-007  2.958271196158216E-007
          33  0.000000000000000E+000  0.000000000000000E+000
 -1.871004499479832E-009 -1.555447832240207E-008
  4.864591998731696E-008  4.616674593840468E-007
          34  0.000000000000000E+000  0.000000000000000E+000
 -9.670514686525661E-009 -5.907687330588080E-009
  4.311211167684722E-007  2.182294599082195E-007
          35  0.000000000000000E+000  0.000000000000000E+000
 -6.339793594382817E-009 -9.093811476309207E-010
  3.922148474451812E-007 -2.408013737879422E-007
          36  0.000000000000000E+000  0.000000000000000E+000
 -3.562033144120203E-009  7.850447270275831E-010
  2.582888050686790E-009 -4.286310052208257E-007
          37  0.000000000000000E+000  0.000000000000000E+000
  8.335294010343592E-010  1.177304948242980E-009
 -3.452497654425413E-007 -2.176080267288549E-007
          38  0.000000000000000E+000  0.000000000000000E+000
  4.947675948374188E-009 -5.319233082665759E-009
 -3.665821570710961E-007  1.718814389522014E-007
          39  0.000000000000000E+000  0.000000000000000E+000
 -3.690597281350412E-009 -8.727384530890401E-009
 -4.297407678990170E-008  4.117679911208863E-007
          40  0.000000000000000E+000  0.000000000000000E+000
 -3.493089800319727E-009 -5.269368337578027E-009
  3.062556512778553E-007  2.291535001816558E-007
          41  0.000000000000000E+000  0.000000000000000E+000
 -5.264324545266663E-009 -6.583970740578349E-009
  3.135754227759738E-007 -1.080744862105459E-007
          42  0.000000000000000E+000  0.000000000000000E+000
 -8.431321384395846E-009 -3.173372675591839E-009
  7.547724094111855E-008 -2.742697983684249E-007
          43  0.000000000000000E+000  0.000000000000000E+000
 -5.472080365897273E-009  1.134164294237720E-009
 -1.736861923087010E-007 -1.832802894155280E-007
          44  0.000000000000000E+000  0.000000000000000E+000
 -4.286479554331992E-009 -1.887800764135446E-010
 -2.251578637135688E-007  6.977296357837316E-008
          45  0.000000000000000E+000  0.000000000000000E+000
  8.086951066059225E-010  2.228890555740342E-009
 -4.226627323336447E-008  2.000181582336112E-007
          46  0.000000000000000E+000  0.000000000000000E+000
  3.429507072972523E-009 -6.383082252563063E-009
  1.146063130356573E-007  1.461431080562631E-007
          47  0.000000000000000E+000  0.000000000000000E+000
 -4.595983567914145E-009 -1.122867461902301E-008
  1.791589609780173E-007  6.050592522584699E-009
          48  0.000000000000000E+000  0.000000000000000E+000
 -1.199588971158491E-008 -6.534506212123243E-009
  9.756758802466439E-008 -1.339864324241130E-007
          49  0.000000000000000E+000  0.000000000000000E+000
 -1.313588726434325E-008  6.180664837852511E-010
 -6.776014136640533E-008 -1.281716132607317E-007
          50  0.000000000000000E+000  0.000000000000000E+000
 -7.828866068459615E-009  8.411136420892766E-009
 -1.300473397608161E-007  1.209397584506409E-008
          51  0.000000000000000E+000  0.000000000000000E+000
  2.035726305931562E-009  5.838416756730615E-009
 -4.740350469243233E-008  1.370539643568474E-007
          52  0.000000000000000E+000  0.000000000000000E+000
  3.694194359932308E-009 -2.995394345559017E-009
  1.173333331458182E-007  1.215229277787152E-007
          53  0.000000000000000E+000  0.000000000000000E+000
 -2.490936155466394E-009 -8.357302431054796E-009
  1.766105941410332E-007 -4.648118960405995E-008
          54  0.000000000000000E+000  0.000000000000000E+000
 -9.965644490224727E-009 -6.197799689145749E-009
  4.350025219564531E-008 -1.773270067785491E-007
          55  0.000000000000000E+000  0.000000000000000E+000
 -1.231599019897638E-008  6.555643710887309E-010
 -1.407751729921829E-007 -1.135127011509942E-007
          56  0.000000000000000E+000  0.000000000000000E+000
 -8.725548874084218E-009  6.634803081536059E-009
 -1.688149741585111E-007  9.568338594100488E-008
          57  0.000000000000000E+000  0.000000000000000E+000
 -1.619421589357530E-009  6.778336082300735E-009
  2.117409287712220E-008  2.182796258105293E-007
          58  0.000000000000000E+000  0.000000000000000E+000
  1.464466922425365E-009  8.071092345608071E-010
  2.219847548675869E-007  9.841994236339871E-008
          59  0.000000000000000E+000  0.000000000000000E+000
 -2.593050274504264E-009 -4.197824374177981E-009
  2.119220772022069E-007 -1.390608635752350E-007
          60  0.000000000000000E+000  0.000000000000000E+000
 -8.533320307007966E-009 -1.913780988473057E-009
 -1.105096491181812E-009 -2.547426275918168E-007
          61  0.000000000000000E+000  0.000000000000000E+000
 -8.480502744737604E-009  1.682952965627327E-009
 -2.311587333223639E-007 -1.211950118429960E-007
          62  0.000000000000000E+000  0.000000000000000E+000
 -7.551464406260507E-009  6.349339068257602E-009
 -1.914016586694535E-007  1.627470428065652E-007
          63  0.000000000000000E+000  0.000000000000000E+000
 -1.284516520153617E-009  6.150918824111401E-009
  5.385309402372188E-008  2.321262025015619E-007
          64  0.000000000000000E+000  0.000000000000000E+000
 -8.477400948865318E-010  4.251977133100893E-010
  2.218893936999145E-007  8.968116677428858E-008
          65  0.000000000000000E+000  0.000000000000000E+000
 -6.395533890077395E-009  9.648669846644864E-011
  2.192629870491801E-007 -1.236573214758099E-007
          66  0.000000000000000E+000  0.000000000000000E+000
 -4.752158162079205E-009  3.506492920382110E-009
  1.867042696773513E-008 -2.620558279989361E-007
          67  0.000000000000000E+000  0.000000000000000E+000
 -7.401710356953165E-009  5.020052110689137E-009
 -1.731145048477548E-007 -1.249481794881392E-007
          68  0.000000000000000E+000  0.000000000000000E+000
 -1.996896736554947E-009  8.224179696276735E-009
 -1.903775368056871E-007  3.300447758996665E-008
          69  0.000000000000000E+000  0.000000000000000E+000
  6.196957847390523E-010  3.388387033054265E-009
 -1.034123868891221E-007  2.089784424642890E-007
          70  0.000000000000000E+000  0.000000000000000E+000
 -3.305802871641186E-009  1.263416941918505E-009
  1.669072736887470E-007  2.400444796435330E-007
          71  0.000000000000000E+000  0.000000000000000E+000
 -2.994407528000755E-009  5.826881583710721E-009
  3.400602333500214E-007 -4.632333471633193E-008
          72  0.000000000000000E+000  0.000000000000000E+000
 -3.270694167131976E-009  9.852710484759590E-010
  1.370758228710458E-007 -3.039538682013063E-007
          73  0.000000000000000E+000  0.000000000000000E+000
 -5.042435398427471E-009  5.829420242984737E-009
 -1.561819216477503E-007 -3.303260779006271E-007
          74  0.000000000000000E+000  0.000000000000000E+000
 -2.477583494310157E-009  5.668098304724301E-009
 -4.273460704831155E-007 -3.451270794626680E-008
          75  0.000000000000000E+000  0.000000000000000E+000
 -3.596859335861574E-009  5.868297603314554E-009
 -2.303822009442797E-007  4.181404279082810E-007
          76  0.000000000000000E+000  0.000000000000000E+000
 -2.618882064494209E-009  1.016440064827854E-008
  3.150503684316245E-007  4.118980490164402E-007
          77  0.000000000000000E+000  0.000000000000000E+000
  7.625484786082588E-009  6.664224174541610E-009
  5.187967415437938E-007 -9.799358465326562E-008
          78  0.000000000000000E+000  0.000000000000000E+000
  1.150242541059731E-009 -2.679668390599354E-010
  2.500853559410054E-007 -5.079784232798130E-007
          79  0.000000000000000E+000  0.000000000000000E+000
 -2.386353166523465E-009 -6.703966341993444E-010
 -3.606178189017961E-007 -5.487638072854554E-007
          80  0.000000000000000E+000  0.000000000000000E+000
 -9.240591537242021E-009  2.867984703471901E-009
 -6.765624655795731E-007  9.073980973085037E-008
          81  0.000000000000000E+000  0.000000000000000E+000
 -8.728554470413526E-009  1.462077245788593E-008
 -2.008504354274879E-007  6.291368006163379E-007
          82  0.000000000000000E+000  0.000000000000000E+000
  8.518949508304386E-009  1.976242567334001E-008
  4.293953026978248E-007  4.413955571263634E-007
          83  0.000000000000000E+000  0.000000000000000E+000
  1.312315418904086E-008  4.228320362912865E-009
  6.249679936902061E-007 -9.634017205839291E-008
          84  0.000000000000000E+000  0.000000000000000E+000
  8.715275592618418E-009 -4.645539098109457E-009
  2.396006437688099E-007 -6.367156390757343E-007
          85  0.000000000000000E+000  0.000000000000000E+000
 -4.218674462315168E-009 -6.760262416289830E-009
 -4.063112312955453E-007 -4.902902929751015E-007
          86  0.000000000000000E+000  0.000000000000000E+000
 -1.135630614416108E-008  5.364808113808758E-009
 -5.531781273288886E-007  4.851550212433484E-008
          87  0.000000000000000E+000  0.000000000000000E+000
 -2.588601926026779E-009  1.820051042892472E-008
 -2.723960000082171E-007  4.059491994273909E-007
          88  0.000000000000000E+000  0.000000000000000E+000
  1.168961096366006E-008  1.106236636618000E-008
  1.251755620985582E-007  4.744591221809334E-007
          89  0.000000000000000E+000  0.000000000000000E+000
  1.213658012053139E-008  2.518261598961537E-009
  4.957062474347033E-007  1.491579395328502E-007
          90  0.000000000000000E+000  0.000000000000000E+000
  6.256858925063296E-009 -5.370395411688920E-009
  3.778742571954649E-007 -3.060290706595620E-007
          91  0.000000000000000E+000  0.000000000000000E+000
 -3.598586297599392E-009 -2.681825472029221E-009
  2.083935231449066E-008 -4.717462846623260E-007
          92  0.000000000000000E+000  0.000000000000000E+000
 -5.151387418632087E-009  6.567898668069154E-009
 -3.482405213234060E-007 -3.487511204365700E-007
          93  0.000000000000000E+000  0.000000000000000E+000
  3.691961112521230E-009  1.253599063130022E-008
 -5.233230864588251E-007  4.663042940682754E-008
          94  0.000000000000000E+000  0.000000000000000E+000
  8.844511865834555E-009  5.343137292533156E-009
 -2.560192097336067E-007  4.857519473648116E-007
          95  0.000000000000000E+000  0.000000000000000E+000
  8.600424066842676E-009  3.916853785694307E-010
  2.463184071170514E-007  4.391410970505873E-007
          96  0.000000000000000E+000  0.000000000000000E+000
  2.532895112090211E-009 -2.735849175114130E-009
  4.913508692092113E-007  7.434535040921829E-008
          97  0.000000000000000E+000  0.000000000000000E+000
 -1.966172671968101E-009  2.364934401908502E-009
  3.740351735425654E-007 -3.818468372259609E-007
          98  0.000000000000000E+000  0.000000000000000E+000
  1.049678073420939E-009  8.799601486256498E-009
 -1.160263472589881E-007 -5.519046506283442E-007
          99  0.000000000000000E+000  0.000000000000000E+000
  8.868156548525175E-009  6.591677248835576E-009
 -5.209363952367920E-007 -1.906503881990694E-007
         100  0.000000000000000E+000  0.000000000000000E+000
  9.627080666486362E-009  2.124896055456254E-009
 -3.964887205755385E-007  2.749861149182028E-007
         101  0.000000000000000E+000  0.000000000000000E+000
  7.021567098534715E-009 -2.404765831681089E-009
 -1.498757312208134E-008  4.377786355593128E-007
         102  0.000000000000000E+000  0.000000000000000E+000
  2.353789099383607E-009 -1.443242571625188E-009
  3.234893914985051E-007  2.119126618279733E-007
         103  0.000000000000000E+000  0.000000000000000E+000
  1.372172832162260E-009  2.275186621704500E-009
  2.832765539675504E-007 -1.396869658240385E-007
         104  0.000000000000000E+000  0.000000000000000E+000
  4.342264064726836E-009  4.420916205370694E-009
  3.991407724991821E-008 -2.390801379865294E-007
         105  0.000000000000000E+000  0.000000000000000E+000
  6.600031336389857E-009  4.297602317292170E-009
 -9.211844003572065E-008 -1.606373415732707E-007
         106  0.000000000000000E+000  0.000000000000000E+000
  9.495843570200429E-009  2.002024238956555E-009
 -1.453793708462029E-007 -8.426427919706809E-008
         107  0.000000000000000E+000  0.000000000000000E+000
  9.283636713807514E-009 -1.899737075183589E-009
 -1.783918280098691E-007 -1.005937467370272E-008
         108  0.000000000000000E+000  0.000000000000000E+000
  6.469915540732190E-009 -4.265244750750906E-009
 -1.852498260599949E-007  1.166862955703155E-007
         109  0.000000000000000E+000  0.000000000000000E+000
  2.788191404351741E-009 -3.857089825881866E-009
 -5.041760208583728E-008  2.549452765433325E-007
         110  0.000000000000000E+000  0.000000000000000E+000
  1.132896803778573E-009 -2.274731156593774E-010
  1.908848147474896E-007  2.123769778505067E-007
         111  0.000000000000000E+000  0.000000000000000E+000
  3.241278203710997E-009  3.309856177200385E-009
  3.154614631891390E-007 -3.178838844896853E-008
         112  0.000000000000000E+000  0.000000000000000E+000
  8.258603949805907E-009  3.144994930177792E-009
  1.700479998463334E-007 -3.293252648394244E-007
         113  0.000000000000000E+000  0.000000000000000E+000
  1.060056951706619E-008 -1.076380666728422E-009
 -2.092200318342954E-007 -3.590132761112681E-007
         114  0.000000000000000E+000  0.000000000000000E+000
  9.681259264970811E-009 -5.365659822975324E-009
 -4.365304580643906E-007 -3.658529955793012E-008
         115  0.000000000000000E+000  0.000000000000000E+000
  4.743316634201039E-009 -8.206999019498546E-009
 -2.919498472812932E-007  3.267593841539627E-007
         116  0.000000000000000E+000  0.000000000000000E+000
  9.342333682605421E-010 -5.419698157383272E-009
  5.874934867314368E-008  4.291459109055416E-007
         117  0.000000000000000E+000  0.000000000000000E+000
  9.896232595111472E-010 -3.589860661958461E-010
  4.141335333360056E-007  1.995788903330690E-007
         118  0.000000000000000E+000  0.000000000000000E+000
  5.192572092608930E-009  6.109760689459590E-010
  3.616310917431725E-007 -2.530173073448913E-007
         119  0.000000000000000E+000  0.000000000000000E+000
  8.459103076226862E-009 -9.190983307969841E-010
 -5.412589001977205E-010 -4.254639412863715E-007
         120  0.000000000000000E+000  0.000000000000000E+000
  9.655689770066222E-009 -7.112844316253308E-009
 -3.558241488631979E-007 -2.864403534906767E-007
         121  0.000000000000000E+000  0.000000000000000E+000
  4.713094392068595E-009 -9.535333854538553E-009
 -5.285578119099062E-007  1.166149564882955E-007
         122  0.000000000000000E+000  0.000000000000000E+000
 -2.073719898899790E-010 -7.139147949354359E-009
 -1.730752962342424E-007  5.872843473508679E-007
         123  0.000000000000000E+000  0.000000000000000E+000
  5.415396590757645E-010 -3.912809697956841E-009
  3.978114209038839E-007  4.380817381697902E-007
         124  0.000000000000000E+000  0.000000000000000E+000
  2.243478347323508E-009 -1.411930668197342E-009
  6.073181915706076E-007 -9.459954585228142E-008
         125  0.000000000000000E+000  0.000000000000000E+000
  7.830442597198602E-009 -3.910074727575118E-009
  2.224132037601018E-007 -6.478747823649315E-007
         126  0.000000000000000E+000  0.000000000000000E+000
  3.986702904309976E-009 -9.449420324285066E-009
 -5.521372254276650E-007 -5.368248343273423E-007
         127  0.000000000000000E+000  0.000000000000000E+000
 -1.223491474568313E-009 -8.536191391506360E-009
 -7.719074853764170E-007  3.421835861722111E-007
         128  0.000000000000000E+000  0.000000000000000E+000
 -3.987877387389549E-010 -3.557690735062471E-009
 -2.843676392125221E-008  8.062391566187033E-007
         129  0.000000000000000E+000  0.000000000000000E+000
  1.715093501241239E-009 -3.053639368270124E-009
  6.705094084406071E-007  4.348826516762637E-007
         130  0.000000000000000E+000  0.000000000000000E+000
  6.055628145956154E-009 -3.597469729327821E-009
  7.261755426257537E-007 -4.223189447161810E-007
         131  0.000000000000000E+000  0.000000000000000E+000
  5.475078877831129E-009 -1.278521548604943E-008
 -1.126584883644415E-007 -8.728991475149680E-007
         132  0.000000000000000E+000  0.000000000000000E+000
 -3.608942970040874E-009 -1.235589647513148E-008
 -9.062505990349958E-007 -2.330906700283578E-007
         133  0.000000000000000E+000  0.000000000000000E+000
 -6.140598592314932E-009 -4.215303614428617E-009
 -5.366997291443740E-007  7.219349986202460E-007
         134  0.000000000000000E+000  0.000000000000000E+000
 -8.734620338158498E-010 -2.128069598084062E-009
  3.311922027524074E-007  7.888175383215467E-007
         135  0.000000000000000E+000  0.000000000000000E+000
  3.078926384368212E-009 -2.798938863704866E-009
  8.755506125575279E-007  8.382460566421553E-008
         136  0.000000000000000E+000  0.000000000000000E+000
  5.491645432244442E-009 -1.138708688489095E-008
  4.074417682354656E-007 -7.745010428269566E-007
         137  0.000000000000000E+000  0.000000000000000E+000
 -5.328184560198697E-009 -1.399379144419707E-008
 -5.688741879780946E-007 -6.259107461781413E-007
         138  0.000000000000000E+000  0.000000000000000E+000
 -9.913910142683049E-009 -5.214739245145359E-009
 -6.946593399341064E-007  2.799902085232231E-007
         139  0.000000000000000E+000  0.000000000000000E+000
 -3.922586167751091E-009 -1.453698032727171E-009
 -1.015392206519044E-007  6.702383333880042E-007
         140  0.000000000000000E+000  0.000000000000000E+000
 -6.472864355667704E-010 -2.787350024614384E-009
  5.364137043568985E-007  4.076767705987808E-007
         141  0.000000000000000E+000  0.000000000000000E+000
  1.369232776492353E-009 -8.232055806268239E-009
  5.394664411281365E-007 -3.018357895629263E-007
         142  0.000000000000000E+000  0.000000000000000E+000
 -7.718192788856746E-009 -1.171331650064844E-008
 -6.281874425457520E-008 -5.237527799763852E-007
         143  0.000000000000000E+000  0.000000000000000E+000
 -1.219735040774411E-008 -2.839168210804719E-009
 -4.302751869977030E-007 -1.045920590087524E-007
         144  0.000000000000000E+000  0.000000000000000E+000
 -4.595409133864862E-009  3.341864688847700E-009
 -2.770126345165592E-007  2.749856395107715E-007
         145  0.000000000000000E+000  0.000000000000000E+000
  9.670052752341658E-010 -1.112834029001061E-009
  9.240552965609543E-008  4.272844472206547E-007
         146  0.000000000000000E+000  0.000000000000000E+000
  1.065188494048773E-009 -6.487795182022565E-009
  4.577283637425446E-007  1.125928097398807E-007
         147  0.000000000000000E+000  0.000000000000000E+000
 -4.023195824246972E-009 -1.169090132712977E-008
  2.866375979169203E-007 -3.591785130115018E-007
         148  0.000000000000000E+000  0.000000000000000E+000
 -1.347346423569488E-008 -7.286297940980183E-009
 -1.971694816109243E-007 -4.037803069352640E-007
         149  0.000000000000000E+000  0.000000000000000E+000
 -1.238001600537434E-008  3.138408730077320E-009
 -4.501451895539902E-007 -3.166730167389147E-009
         150  0.000000000000000E+000  0.000000000000000E+000
 -2.967942993634143E-009  5.271076857950401E-009
 -2.793589519893357E-007  4.291260206014052E-007
         151  0.000000000000000E+000  0.000000000000000E+000
  1.561533518163429E-009 -1.733382652570685E-010
  2.834268274058640E-007  5.420766122040093E-007
         152  0.000000000000000E+000  0.000000000000000E+000
  8.391103574940969E-010 -6.858749965606058E-009
  6.654355494731321E-007  1.225903716520491E-008
         153  0.000000000000000E+000  0.000000000000000E+000
 -7.057295757099735E-009 -1.078206318804464E-008
  3.598488624642360E-007 -5.814652262262687E-007
         154  0.000000000000000E+000  0.000000000000000E+000
 -1.388210279119491E-008 -4.309059199008616E-009
 -3.203724964836020E-007 -6.273244794625850E-007
         155  0.000000000000000E+000  0.000000000000000E+000
 -1.115016771869869E-008  3.391943217144482E-009
 -7.559156166233258E-007 -5.693886095430485E-008
         156  0.000000000000000E+000  0.000000000000000E+000
 -5.536421084622665E-009  4.285485465944106E-009
 -4.620782038037367E-007  6.974215817648054E-007
         157  0.000000000000000E+000  0.000000000000000E+000
 -2.275211865431140E-009  1.416661231317731E-009
  3.956693544451678E-007  8.014425422523516E-007
         158  0.000000000000000E+000  0.000000000000000E+000
 -3.136043080562456E-009 -2.676364912065623E-009
  9.258169715022634E-007  9.263184642587059E-008
         159  0.000000000000000E+000  0.000000000000000E+000
 -7.129168271829782E-009 -3.460806548240724E-009
  5.740932417007653E-007 -7.435619499543192E-007
         160  0.000000000000000E+000  0.000000000000000E+000
 -9.552521922250294E-009 -4.064084142183403E-010
 -3.304743011537604E-007 -8.471511279944769E-007
         161  0.000000000000000E+000  0.000000000000000E+000
 -8.257670377420035E-009  2.246922534192340E-009
 -8.494801728652257E-007 -1.478350405239025E-007
         162  0.000000000000000E+000  0.000000000000000E+000
 -7.012876358241334E-009  2.653849984184355E-009
 -5.448414933495699E-007  6.208942334932805E-007
         163  0.000000000000000E+000  0.000000000000000E+000
 -6.273299431593265E-009  3.127951216508431E-009
  2.227006291217730E-007  7.520096560818784E-007
         164  0.000000000000000E+000  0.000000000000000E+000
 -4.919432076358937E-009  2.245522446834251E-009
  6.829764483579939E-007  2.333982848356769E-007
         165  0.000000000000000E+000  0.000000000000000E+000
 -6.585719527851498E-009  1.198213548885619E-009
  5.440880380233569E-007 -3.402870217498401E-007
         166  0.000000000000000E+000  0.000000000000000E+000
 -7.347118187586577E-009  3.754186047915573E-009
  1.354324561698757E-007 -5.694560298035689E-007
         167  0.000000000000000E+000  0.000000000000000E+000
 -5.516853296617287E-009  3.600465044116282E-009
 -3.356634883692611E-007 -4.801856879190262E-007
         168  0.000000000000000E+000  0.000000000000000E+000
 -6.832630408057198E-009  3.462988301586489E-009
 -5.587188409724167E-007 -2.557580204115799E-008
         169  0.000000000000000E+000  0.000000000000000E+000
 -5.838519669117680E-009  6.047780964429362E-009
 -3.701398682931062E-007  3.938695538289038E-007
         170  0.000000000000000E+000  0.000000000000000E+000
 -4.099229951516099E-009  3.735735475468292E-009
  5.616976255311875E-008  5.880058928164050E-007
         171  0.000000000000000E+000  0.000000000000000E+000
 -7.343226528199262E-009  4.274514271470743E-009
  5.922740046023089E-007  3.947963814307852E-007
         172  0.000000000000000E+000  0.000000000000000E+000
 -5.164623137178091E-009  7.060481164780022E-009
  7.406202442138380E-007 -3.577172014148430E-007
         173  0.000000000000000E+000  0.000000000000000E+000
 -5.466797456601797E-009  5.978205284136199E-009
  8.438480453182000E-008 -8.033799504760362E-007
         174  0.000000000000000E+000  0.000000000000000E+000
 -4.988199624308596E-009  9.898509404975434E-009
 -5.963430406561359E-007 -5.261239052464375E-007
         175  0.000000000000000E+000  0.000000000000000E+000
  6.679825829652609E-010  7.932825220549035E-009
 -7.833861982115292E-007  2.538053956863567E-007
         176  0.000000000000000E+000  0.000000000000000E+000
 -1.895676580685304E-009  4.659017315833233E-009
 -1.043938221315390E-007  8.501481229201080E-007
         177  0.000000000000000E+000  0.000000000000000E+000
 -9.117796351837832E-010  6.290589002662758E-009
  7.298196829972063E-007  3.559651353656461E-007
         178  0.000000000000000E+000  0.000000000000000E+000
 -2.682991130039092E-009  2.624865172053091E-009
  5.227815808837812E-007 -4.181804709153046E-007
         179  0.000000000000000E+000  0.000000000000000E+000
 -7.523000189946921E-009  6.934820207488610E-009
 -6.038001463857238E-008 -5.693319041383048E-007
         180  0.000000000000000E+000  0.000000000000000E+000
 -2.316272822380684E-009  1.291193055894093E-008
 -4.756793071015759E-007 -1.821188599979223E-007
         181  0.000000000000000E+000  0.000000000000000E+000
  2.291736592078275E-009  1.017638688735285E-008
 -2.633136693740874E-007  3.304804873243145E-007
         182  0.000000000000000E+000  0.000000000000000E+000
  4.432274528551461E-009  8.600707241835635E-009
  2.771188539623812E-007  2.378245821384109E-007
         183  0.000000000000000E+000  0.000000000000000E+000
  5.059742483255117E-009  1.171310826551622E-009
  1.708818281206415E-007 -2.263502909716137E-007
         184  0.000000000000000E+000  0.000000000000000E+000
 -4.702166582176137E-009  8.427466010986955E-011
 -1.236706855057613E-007 -1.483988280682808E-007
         185  0.000000000000000E+000  0.000000000000000E+000
 -7.270480484431500E-009  1.022996085581791E-008
 -1.607284546679357E-007  2.946766643848307E-008
         186  0.000000000000000E+000  0.000000000000000E+000
  9.302988280043748E-010  1.365912807714425E-008
 -1.899748482415347E-008  2.068507895569912E-007
         187  0.000000000000000E+000  0.000000000000000E+000
  4.829578291099861E-009  1.144496021097925E-008
  2.852173876514491E-007  9.566287351884854E-008
         188  0.000000000000000E+000  0.000000000000000E+000
  9.060071059115496E-009  6.754610267566485E-009
  1.816508393047197E-007 -3.526510879234581E-007
         189  0.000000000000000E+000  0.000000000000000E+000
  3.064197564063586E-009  6.971093506747145E-010
 -2.560762241006779E-007 -2.339212731941071E-007
         190  0.000000000000000E+000  0.000000000000000E+000
 -2.064982254914143E-009  6.937994595688992E-009
 -2.430562778127022E-007  6.320590823693574E-008
         191  0.000000000000000E+000  0.000000000000000E+000
  3.911321489108819E-009  1.098405079164934E-008
 -7.407912855714181E-008  2.125280732816564E-007
         192  0.000000000000000E+000  0.000000000000000E+000
  7.019160094081289E-009  8.399728767745039E-009
  1.799674164499360E-007  1.299127415541061E-007
         193  0.000000000000000E+000  0.000000000000000E+000
  9.635350701667117E-009  5.171444648746781E-009
  1.292063167061416E-007 -1.883276670756310E-007
         194  0.000000000000000E+000  0.000000000000000E+000
  5.291863154393539E-009  1.550566852655569E-010
 -1.394792132413496E-007 -7.332606402105509E-008
         195  0.000000000000000E+000  0.000000000000000E+000
  6.465210711116980E-010  4.638732055387923E-009
  2.065529412445102E-009  5.653388562854491E-008
         196  0.000000000000000E+000  0.000000000000000E+000
  5.004888956613337E-009  9.731472906804100E-009
  4.608848374572186E-008 -6.639663279764820E-008
         197  0.000000000000000E+000  0.000000000000000E+000
  1.040516470413593E-008  6.637057112204830E-009
 -6.032864256416968E-008 -1.168620108017073E-007
         198  0.000000000000000E+000  0.000000000000000E+000
  1.086281079776649E-008  2.072317721958536E-009
 -1.580817818208293E-007 -3.012410181821166E-008
         199  0.000000000000000E+000  0.000000000000000E+000
  7.865230160933959E-009 -2.219962646789770E-009
 -1.427269812364179E-007  1.589621266778933E-007
         200  0.000000000000000E+000  0.000000000000000E+000
  2.328683235729258E-009 -5.064726138902146E-010
  1.522298855645402E-007  2.024948799997520E-007
         201  0.000000000000000E+000  0.000000000000000E+000
  2.436173947419802E-009  4.550784874186073E-009
  2.471346685326897E-007 -1.269528472734400E-007
         202  0.000000000000000E+000  0.000000000000000E+000
  6.962261857635785E-009  6.191548267647809E-009
 -3.848287518191218E-008 -2.959135797778105E-007
         203  0.000000000000000E+000  0.000000000000000E+000
  9.743594269848614E-009  3.372844289439868E-009
 -2.946547284357129E-007 -1.134457441161847E-007
         204  0.000000000000000E+000  0.000000000000000E+000
  9.897837481614766E-009  5.603237450092875E-010
 -2.554846709207692E-007  1.959451505695454E-007
         205  0.000000000000000E+000  0.000000000000000E+000
  8.076645499501144E-009 -1.715868399001306E-009
  5.569026014098647E-008  3.363393906565487E-007
         206  0.000000000000000E+000  0.000000000000000E+000
  6.046984016600956E-009 -1.114671751838101E-009
  3.520867788008187E-007  7.717114621889752E-008
         207  0.000000000000000E+000  0.000000000000000E+000
  6.043711535234556E-009 -1.752046642515199E-010
  2.261939986771237E-007 -3.152395029723349E-007
         208  0.000000000000000E+000  0.000000000000000E+000
  6.445856513261372E-009  7.127469084565002E-012
 -1.863397498837295E-007 -3.872444904808153E-007
         209  0.000000000000000E+000  0.000000000000000E+000
  6.860150237636947E-009  4.035406636427733E-011
 -4.657603036248543E-007 -5.119126235404066E-008
         210  0.000000000000000E+000  0.000000000000000E+000
  7.985208624814054E-009 -2.113313965910619E-010
 -3.040434422252558E-007  3.633863017966777E-007
         211  0.000000000000000E+000  0.000000000000000E+000
  8.592093437001352E-009 -1.779118851578667E-009
  1.123632624135526E-007  4.550618422412613E-007
         212  0.000000000000000E+000  0.000000000000000E+000
  8.107342871357263E-009 -3.556147993493513E-009
  4.571391604005745E-007  1.693735519777671E-007
         213  0.000000000000000E+000  0.000000000000000E+000
  6.402735721336817E-009 -3.880313047010972E-009
  4.089856652702939E-007 -3.158587675037789E-007
         214  0.000000000000000E+000  0.000000000000000E+000
  6.105804928462928E-009 -3.632127162639200E-009
 -3.852979728748722E-008 -5.563134534001527E-007
         215  0.000000000000000E+000  0.000000000000000E+000
  6.198088719432139E-009 -3.272883399079577E-009
 -5.011379285083304E-007 -3.503593809497464E-007
         216  0.000000000000000E+000  0.000000000000000E+000
  6.332282666945405E-009 -4.509313808941637E-009
 -7.059134757424760E-007  2.180331527310992E-007
         217  0.000000000000000E+000  0.000000000000000E+000
  5.491053524134421E-009 -4.525783503084551E-009
 -2.036805163795333E-007  8.117526198998997E-007
         218  0.000000000000000E+000  0.000000000000000E+000
  4.643573787671396E-009 -4.658988258577303E-009
  6.098470870184615E-007  5.934266363944418E-007
         219  0.000000000000000E+000  0.000000000000000E+000
  5.468329662306991E-009 -3.248143296666385E-009
  8.161846889298591E-007 -2.101838013294506E-007
         220  0.000000000000000E+000  0.000000000000000E+000
  6.774769559656153E-009 -4.527123355007110E-009
  2.628056258896222E-007 -8.033927776586263E-007
         221  0.000000000000000E+000  0.000000000000000E+000
  7.573434671362197E-009 -6.859175376799178E-009
 -5.886936900734826E-007 -7.133764651241887E-007
         222  0.000000000000000E+000  0.000000000000000E+000
  4.816608740525861E-009 -9.162020295840080E-009
 -9.402608392262085E-007  1.993448871808276E-007
         223  0.000000000000000E+000  0.000000000000000E+000
  2.505413504950730E-009 -9.229467379030978E-009
 -2.649829210927841E-007  8.251516729624813E-007
         224  0.000000000000000E+000  0.000000000000000E+000
 -4.878987714310298E-011 -6.548469472010930E-009
  4.400870086034876E-007  5.909836642233797E-007
         225  0.000000000000000E+000  0.000000000000000E+000
  1.969914113083026E-009 -4.563626582765183E-009
  6.359855247683920E-007  7.440085734662764E-009
         226  0.000000000000000E+000  0.000000000000000E+000
  4.520772038109792E-009 -5.079524936135699E-009
  3.242195358267557E-007 -4.952773569668917E-007
         227  0.000000000000000E+000  0.000000000000000E+000
  4.032541923204591E-009 -8.683210146569582E-009
 -2.546175555521379E-007 -3.801429804691821E-007
         228  0.000000000000000E+000  0.000000000000000E+000
  2.274189617006065E-009 -9.548191188966357E-009
 -2.407443791269139E-007 -2.916336005603737E-008
         229  0.000000000000000E+000  0.000000000000000E+000
 -9.230614991893899E-010 -9.583970059676520E-009
 -2.104356172018174E-007 -1.339497497914425E-008
         230  0.000000000000000E+000  0.000000000000000E+000
 -1.341239962618739E-009 -7.734936866070822E-009
 -2.885128841659637E-007  1.496567345504722E-007
         231  0.000000000000000E+000  0.000000000000000E+000
 -1.739665163540956E-009 -6.750183313413774E-009
 -1.176705217898617E-007  3.922117949528506E-007
         232  0.000000000000000E+000  0.000000000000000E+000
 -2.196751808560682E-009 -6.547100792059602E-009
  2.001800840905115E-007  4.760822626530046E-007
         233  0.000000000000000E+000  0.000000000000000E+000
 -1.262433749019454E-009 -3.659837412383657E-009
  7.063326192509750E-007  1.489725540937853E-007
         234  0.000000000000000E+000  0.000000000000000E+000
  1.673692039523753E-009 -6.520059336004609E-009
  4.939215234514037E-007 -6.718354210788437E-007
         235  0.000000000000000E+000  0.000000000000000E+000
 -4.647548623506731E-010 -8.203703303515056E-009
 -4.018445057176807E-007 -7.439336977069254E-007
         236  0.000000000000000E+000  0.000000000000000E+000
 -2.488352866268665E-009 -8.612743353910911E-009
 -8.330553955796291E-007 -2.359508743638551E-009
         237  0.000000000000000E+000  0.000000000000000E+000
 -3.664833949351974E-009 -7.251987768727211E-009
 -4.592957116791649E-007  6.641381183770040E-007
         238  0.000000000000000E+000  0.000000000000000E+000
 -4.484920671233795E-009 -5.448984327005088E-009
  3.108530050630299E-007  7.945159593800957E-007
         239  0.000000000000000E+000  0.000000000000000E+000
 -1.420836272252695E-009 -5.039777983985756E-009
  8.167181566416630E-007  7.899070673949052E-008
         240  0.000000000000000E+000  0.000000000000000E+000
 -3.377529204311813E-009 -8.057557456247669E-009
  3.549708669230011E-007 -5.663933496728219E-007
         241  0.000000000000000E+000  0.000000000000000E+000
 -5.322436065696388E-009 -6.356078155755342E-009
 -2.360471473297288E-007 -4.497893835246573E-007
         242  0.000000000000000E+000  0.000000000000000E+000
 -4.946470364690208E-009 -4.547031146218921E-009
 -3.864945727781036E-007 -5.146320800863396E-008
         243  0.000000000000000E+000  0.000000000000000E+000
 -4.109783296660405E-009 -4.905799417605042E-009
 -2.321625258735206E-007  2.697042714748366E-007
         244  0.000000000000000E+000  0.000000000000000E+000
 -3.113726067016973E-009 -5.353918685363597E-009
  1.160172710706094E-007  2.247853417263569E-007
         245  0.000000000000000E+000  0.000000000000000E+000
 -5.236919172540867E-009 -8.579550616274875E-009
  5.849542295911078E-008  1.562253696102204E-008
         246  0.000000000000000E+000  0.000000000000000E+000
 -9.411127793410431E-009 -6.569859412016545E-009
  2.954402427088383E-009  1.376045300163843E-007
         247  0.000000000000000E+000  0.000000000000000E+000
 -1.015684358487954E-008 -2.346047394008767E-009
  2.192305547345089E-007  1.525187391626450E-007
         248  0.000000000000000E+000  0.000000000000000E+000
 -7.665266959940419E-009  1.758550711810932E-010
  3.059055317062382E-007 -1.066835956660498E-007
         249  0.000000000000000E+000  0.000000000000000E+000
 -4.273115371081927E-009  4.816151303962237E-010
  1.122477943040203E-007 -3.785429040906369E-007
         250  0.000000000000000E+000  0.000000000000000E+000
 -2.534762693033473E-009 -3.766225436597504E-009
 -3.531000463292555E-007 -3.105655775609599E-007
         251  0.000000000000000E+000  0.000000000000000E+000
 -6.805668932123778E-009 -5.939374343270160E-009
 -4.537697776682393E-007  2.294983513667044E-007
         252  0.000000000000000E+000  0.000000000000000E+000
 -9.938028977565901E-009 -3.344009685696989E-009
  7.819662135673467E-009  5.159663004540275E-007
         253  0.000000000000000E+000  0.000000000000000E+000
 -9.667836365547974E-009  1.333580264146889E-010
  4.300744127485413E-007  2.426188416620097E-007
         254  0.000000000000000E+000  0.000000000000000E+000
 -7.754134963977693E-009  1.577783897683615E-009
  4.038815474404294E-007 -1.992556586420124E-007
         255  0.000000000000000E+000  0.000000000000000E+000
 -5.917579219846113E-009  1.453622019846354E-009
  5.081594346194575E-008 -3.979397455183168E-007
         256  0.000000000000000E+000  0.000000000000000E+000
 -5.447747336215251E-009 -2.156925351959373E-011
 -2.677937314173057E-007 -2.098440863723574E-007
