   409.600000000000     
         256           1           3
  1.124309127438499E-002   41.2926691491052        112.872745717183     
   39.0000000000000        116.000000000000        6351.00000000000     
           0  0.000000000000000E+000  0.000000000000000E+000
  0.000000000000000E+000  0.000000000000000E+000
  0.000000000000000E+000  0.000000000000000E+000
           1  4.765221469717689E-008 -3.682614332964982E-008
 -6.662925036499866E-007  6.145565738769629E-008
  3.024557139834614E-006 -2.928939264408101E-007
           2 -1.275344301136613E-008 -1.618726298652607E-007
 -6.240921348947797E-007  1.280709914697173E-007
  3.053455639857073E-006 -8.121372283166906E-007
           3 -3.319744250839362E-007 -8.038130067752276E-008
 -6.431851856389853E-007  9.388196302586525E-008
  2.740347844286353E-006 -1.351780625839444E-006
           4 -2.521633425365258E-007  4.700775455495364E-007
 -8.133937353320576E-007  3.195291644968308E-007
  2.272336219398640E-006 -1.565447169825081E-006
           5  5.021105989658111E-007  4.268473952540649E-007
 -3.877400282174672E-007  7.991349241451326E-007
  2.008609754762758E-006 -1.626331469748644E-006
           6  4.777506083581555E-007 -4.534433756834891E-007
  5.313331673266074E-007  2.493929023082988E-007
  1.738444205881427E-006 -1.785272960995837E-006
           7 -4.822768954871417E-007 -3.312909306374470E-007
  2.948224633475535E-008 -1.174491535523761E-006
  1.243136518888969E-006 -1.821209258890801E-006
           8 -6.460702904217208E-008  7.863227248731264E-007
 -1.791001926392442E-006 -9.894030767960527E-007
  8.117210689875069E-007 -1.315028103782919E-006
           9  1.474713867725188E-006 -7.419560883645249E-008
 -2.018358237462117E-006  8.069828270065978E-007
  1.269080114330804E-006 -4.832328223555264E-007
          10  1.737547753495676E-007 -2.449786196639098E-006
 -6.678137980245587E-007  1.014597220056860E-006
  2.592011538525085E-006 -7.062940177230453E-007
          11 -3.383281790781570E-006 -9.279147831337461E-007
 -1.364163106111006E-006 -2.220344560169215E-008
  3.143068972468396E-006 -2.355062308732017E-006
          12 -2.053183229098494E-006  3.936964063206745E-006
 -3.014802934042379E-006  2.166012163493018E-006
  2.040621994259578E-006 -3.912596480858988E-006
          13  3.988262323318678E-006  3.144421354119139E-006
  5.294377400869522E-007  5.667499106337552E-006
  1.909447076042462E-008 -3.902621120995176E-006
          14  3.701907213715240E-006 -3.765116347541140E-006
  6.660343278889379E-006  1.596957723526651E-006
 -7.619886137625337E-007 -2.436413897939596E-006
          15 -3.738632645889608E-006 -3.439013621833507E-006
  2.993490108534534E-006 -7.413490920179116E-006
  7.538020001251318E-008 -1.478397266394393E-006
          16 -2.508890750958584E-006  4.515504938106055E-006
 -8.487751865631971E-006 -4.857172493800077E-006
  1.008905327612643E-006 -2.021400105150861E-006
          17  6.493430569261637E-006  1.299402743955373E-006
 -7.355986321317174E-006  8.215619134595628E-006
  6.785793623869359E-007 -3.098548952548581E-006
          18  2.980324120926703E-007 -9.550181048479822E-006
  5.867838856712681E-006  7.974620937522971E-006
 -2.868073074138637E-008 -3.417321419425909E-006
          19 -1.316173005746912E-005  2.149602145757784E-007
  5.008906222180920E-006 -4.261769639781369E-006
 -6.871631187182037E-007 -3.726677646793650E-006
          20  4.587533871209184E-007  1.663477121422537E-005
 -5.819093659050829E-006 -4.846564903284533E-007
 -2.192476596094863E-006 -3.694083434447154E-006
          21  1.929024007256232E-005 -1.184970004193405E-006
  2.665341523330584E-006  9.237807972498133E-006
 -3.329179104733780E-006 -1.966060577199340E-006
          22 -3.208129347155350E-006 -2.057569136073749E-005
  1.131658733638068E-005 -4.944856747005627E-006
 -1.935649139229293E-006 -6.763213833048319E-009
          23 -2.020140328023654E-005  7.065417236311632E-006
 -8.392275806832138E-006 -1.147315439957530E-005
  1.042404572684452E-007 -1.256725168474295E-006
          24  1.267259827848364E-005  1.770237653608214E-005
 -1.087128028863811E-005  1.283117004404561E-005
 -1.374451710633662E-006 -3.269906635795106E-006
          25  1.241381309634234E-005 -1.884046921953173E-005
  1.589119019311970E-005  8.766533354664715E-006
 -3.317234641013535E-006 -1.813645718500537E-006
          26 -2.342343775506652E-005 -3.907546590289440E-006
  3.075856536497571E-006 -1.686816691440055E-005
 -2.200860374489497E-006 -3.582520461997544E-007
          27  7.337129104520548E-006  2.393522279526194E-005
 -1.644511060756739E-005  5.578087466944997E-006
 -1.884925737193403E-006 -1.359394928168266E-006
          28  1.850218703028018E-005 -1.943184712019137E-005
  1.333113736863582E-005  1.380731507278954E-005
 -3.063897799621835E-006 -6.091739544137205E-007
          29 -2.894611916221739E-005 -6.794159848357778E-006
  6.532127928376453E-006 -1.747672270133009E-005
 -1.760217201743923E-006  5.279479794472568E-007
          30  8.997365230703093E-006  3.181483719267688E-005
 -1.771715413152531E-005  4.985997565310662E-006
 -1.304937467096467E-006 -1.052746108990024E-006
          31  2.543564142672093E-005 -2.428030328526228E-005
  1.589699489274651E-005  1.390443544207676E-005
 -3.050692597566988E-006 -6.383133976160847E-007
          32 -3.359093221018540E-005 -1.056108301846857E-005
  5.071681927599014E-006 -2.133689126746942E-005
 -2.112765963854258E-006  8.053392617753338E-007
          33  8.222812396754871E-006  3.293840220933748E-005
 -2.002050231310239E-005  7.203891706029748E-006
 -1.622546188639941E-006 -3.526087980781143E-007
          34  2.175535677985162E-005 -2.398997837199365E-005
  1.754352890930237E-005  1.302245990323312E-005
 -2.869377187232982E-006  2.303437310888246E-007
          35 -3.028252111597677E-005 -3.569483816510838E-006
  1.576787116855853E-006 -2.083294282459074E-005
 -1.718686088795983E-006  1.140020178992341E-006
          36  1.510881768638295E-005  2.417613197586773E-005
 -1.639523565670277E-005  1.122601087209196E-005
 -1.770828374398803E-006 -1.282382415889216E-007
          37  7.743264627992079E-006 -2.746224266393710E-005
  1.976092547393209E-005  6.928525869149158E-006
 -2.998086168345141E-006  9.753523232509788E-007
          38 -2.905363301377693E-005  1.285078511176389E-005
 -5.011509348341644E-006 -1.975079211645857E-005
 -1.521545572625899E-006  1.901639893530251E-006
          39  3.000444726818487E-005  1.947466416952436E-005
 -1.212077092867707E-005  1.666502673819515E-005
 -1.396572175029157E-006  6.813675912673113E-007
          40  2.261799781289606E-006 -3.779400064496483E-005
  2.340754176557870E-005  1.434176285187078E-006
 -2.171429977605679E-006  1.486871680300250E-006
          41 -3.407442728734784E-005  1.652209419203983E-005
 -8.658871701552198E-006 -2.140283821585731E-005
 -1.054881470835675E-006  1.799322015179499E-006
          42  3.051594804847757E-005  2.103832746624627E-005
 -1.176825879844771E-005  1.634130758182438E-005
 -1.428546547081268E-006  9.400663887613294E-007
          43  3.897611186948610E-006 -3.534927535496592E-005
  1.951119726343644E-005 -3.598380072960949E-007
 -1.970864347238310E-006  2.049302668468827E-006
          44 -2.988066205975396E-005  1.142566410124127E-005
 -1.080593075019420E-005 -1.604867309837194E-005
 -7.046367638484978E-007  2.398844522921862E-006
          45  2.036112746962884E-005  1.624899335931009E-005
 -7.028278352558935E-006  1.773124630587052E-005
 -8.144109605688207E-007  1.636939767764850E-006
          46 -1.031764432455044E-006 -2.080761904340484E-005
  1.969365542942043E-005 -3.111041197671770E-006
 -9.424149103866220E-007  2.461569110783898E-006
          47 -1.333532627091255E-005  1.652720212530888E-005
 -1.098866032903060E-005 -1.518956564396047E-005
  2.544542128027733E-007  2.288602976356658E-006
          48  2.577706290343421E-005  6.360466881748080E-007
 -5.494961825453435E-006  1.598413179101685E-005
 -1.596630711140826E-007  1.354659557715018E-006
          49 -1.377995622720122E-005 -2.666749460243560E-005
  1.777487275283894E-005 -4.881798463100082E-006
 -5.310467323604791E-007  2.099466685539028E-006
          50 -1.970204770697690E-005  2.655514267543042E-005
 -1.208433652520108E-005 -1.463375601783919E-005
  2.834007263888527E-007  2.124554195189556E-006
          51  3.500682102953109E-005  7.580560174537129E-006
 -6.589931440494815E-006  1.565412313755747E-005
  5.631985865471157E-009  1.654717790337051E-006
          52 -5.758674883817167E-006 -3.752835847902331E-005
  1.658451844183155E-005 -3.099488952247564E-006
 -3.978493332871684E-008  2.422470266928701E-006
          53 -3.394676633314514E-005  1.657105459864242E-005
 -1.064999306334339E-005 -1.424574599064810E-005
  1.086215330401815E-006  2.402474438533298E-006
          54  2.254228799141521E-005  2.536414399547302E-005
 -8.347000960070971E-006  1.491063325786860E-005
  1.111477400709983E-006  1.452360880057065E-006
          55  1.389538394089917E-005 -2.298519542630075E-005
  1.619263047595298E-005  1.013802034192538E-006
  7.233571650030689E-007  1.605783826448671E-006
          56 -1.863056288178109E-005 -2.478167102766371E-006
 -4.844757058240140E-006 -1.382008612073897E-005
  1.183123089150236E-006  1.582306007562520E-006
          57  5.875404283663606E-006  1.117606461440227E-005
 -7.453413113416490E-006  8.902034822565869E-006
  8.551230238177641E-007  1.052304342109206E-006
          58  2.531350597331315E-006 -9.036439445485248E-006
  1.193327411699696E-005 -6.376913413616799E-007
  4.722877017653906E-007  1.717642001871734E-006
          59 -6.319855112323923E-006  5.802102742471743E-006
 -6.744039211028444E-006 -1.292410834912748E-005
  1.339576057016567E-006  2.140247827694620E-006
          60  1.271370422349206E-005 -1.484885263049704E-006
 -9.954120428765659E-006  9.858800105718029E-006
  1.835488545722295E-006  1.560445423062599E-006
          61 -1.224885348124777E-005 -1.727765910292417E-005
  1.132983514420064E-005  3.523224130766240E-006
  1.847370557532222E-006  1.327518330029286E-006
          62 -1.884545912348392E-005  2.324242440990529E-005
 -3.405816376200915E-006 -1.158222678017508E-005
  2.195819157173993E-006  9.988581660967538E-007
          63  3.213527714520223E-005  1.706534071304927E-005
 -9.326250330652925E-006  9.099594255816380E-006
  1.860847468462801E-006  3.473311038846609E-007
          64  1.195897029825246E-005 -3.758384436856459E-005
  1.374744546910758E-005  4.827348670284324E-006
  1.307496998140762E-006  7.415487531442350E-007
          65 -3.927427862477347E-005 -4.126337008305438E-006
  4.605655785531399E-007 -1.702252390555696E-005
  1.954144904041493E-006  1.240864126851909E-006
          66  5.109547765277056E-006  3.771480484732229E-005
 -1.680992668890634E-005  2.661375697604716E-006
  2.534540557027373E-006  6.520604514279703E-007
          67  3.388809026537215E-005 -1.406918147047679E-005
  5.788725652373201E-006  1.268931497466529E-005
  2.451831348580566E-006  2.979670620226287E-007
          68 -2.122573292467648E-005 -2.873172583218141E-005
  7.373046301964591E-006 -9.736633105602345E-006
  2.815882929626009E-006  4.098399107915872E-008
          69 -2.294366208992625E-005  2.557785940453335E-005
 -1.249551605098101E-005 -3.410770490715609E-006
  2.836819223434748E-006 -9.341144569565941E-007
          70  2.686028853977494E-005  1.708070404111990E-005
 -3.839479132384280E-007  1.220905626560484E-005
  1.908960794191384E-006 -1.364309062141012E-006
          71  1.174776083284948E-005 -2.560114335029693E-005
  9.884586629057882E-006 -2.907517747061159E-006
  1.552276438086912E-006 -8.285858084195981E-007
          72 -2.288549033829248E-005 -7.451226197955937E-006
 -5.332229303680117E-006 -7.795645673700882E-006
  1.988846064326539E-006 -8.014193641993791E-007
          73 -4.515391477390363E-006  1.978529453482908E-005
 -5.858629691922134E-006  5.287298623972720E-006
  2.016789422453510E-006 -1.411569218359150E-006
          74  1.715127799976055E-005  3.072891248287227E-006
  3.301743988132337E-006  2.752336820314601E-006
  1.571764288930255E-006 -1.665293900524446E-006
          75  2.917810328533441E-006 -1.560857645401595E-005
 -5.968696809968207E-007 -1.539977828778362E-006
  1.346673019090404E-006 -1.737384897396272E-006
          76 -1.556428410406877E-005 -3.444885562350499E-006
 -3.710479952612753E-007  2.011187280504319E-006
  1.009294702929668E-006 -1.923716373885951E-006
          77 -3.896070302363417E-006  1.708685165870695E-005
  1.164088063319480E-006 -1.504553425612700E-006
  5.950979176532356E-007 -1.761484895268595E-006
          78  2.006381468453137E-005  3.753663591541067E-006
 -3.938455066445190E-006  2.035964479875207E-007
  5.130322126423599E-007 -1.512342459964722E-006
          79  2.612378302438571E-006 -2.422479306784576E-005
  1.628497845623766E-006  4.892104934396170E-006
  5.783604501460141E-007 -1.440847882655873E-006
          80 -2.885285926473126E-005 -1.752397096813952E-007
  3.623786871138536E-006 -4.171104319668460E-006
  6.724510358730319E-007 -1.596524415217704E-006
          81  3.631950420998394E-006  3.289704753047998E-005
 -8.027374424141775E-006 -1.861560113707015E-006
  4.021474900275130E-007 -1.921683271887448E-006
          82  3.540123239520143E-005 -8.732189493202409E-006
 -4.648319903385162E-007  1.126299500143312E-005
 -1.672851661466676E-007 -1.803047497154076E-006
          83 -1.508283610676190E-005 -3.569827119371315E-005
  1.232885239379765E-005 -1.598211097648112E-006
 -2.272614196083153E-007 -1.238025575880615E-006
          84 -3.342150917091339E-005  2.233678017717039E-005
 -5.075774523718251E-006 -1.191483789613473E-005
  2.302065153657147E-007 -1.196071974007121E-006
          85  2.966488789111721E-005  2.875523616049978E-005
 -1.084825640871090E-005  8.690429442196603E-006
  1.578860420394740E-007 -1.664143740550425E-006
          86  2.225031069838312E-005 -3.602354040852892E-005
  1.138138989118812E-005  8.505116223091625E-006
 -2.820512835750506E-007 -1.592909209790511E-006
          87 -4.037953205728525E-005 -1.436739118738274E-005
  4.262504804533645E-006 -1.373424298379112E-005
 -2.140399292268020E-007 -1.374493732481796E-006
          88 -5.366858767276756E-006  4.177862764427796E-005
 -1.613741854948440E-005  3.517165381431353E-007
 -2.632101871946369E-007 -1.607473799216764E-006
          89  3.971898680637202E-005 -4.368856444212046E-006
  3.879733645807041E-006  1.725612789578807E-005
 -6.654568020742773E-007 -1.474040664036623E-006
          90 -1.429461369148796E-005 -3.442980368915449E-005
  1.555929591289149E-005 -7.028396226109508E-006
 -5.108075876991764E-007 -1.068872091077835E-006
          91 -2.650625290052475E-005  2.369605226265793E-005
 -1.107792689516029E-005 -1.187883279278984E-005
 -1.577288434016504E-007 -1.395496280055746E-006
          92  3.146396946238922E-005  1.651249148218693E-005
 -7.943306415113458E-006  1.519789606399144E-005
 -6.548802295628049E-007 -1.816894076218868E-006
          93  5.038770749024680E-006 -3.631487434242649E-005
  1.755391232069971E-005  4.013128295582189E-006
 -1.103657463082207E-006 -1.339359121355364E-006
          94 -3.744759864511240E-005  7.376329198842913E-006
 -8.479646602082039E-007 -1.809440554519247E-005
 -6.960978412728534E-007 -1.128786991826556E-006
          95  2.030025477064479E-005  3.472794466081361E-005
 -1.762163359888400E-005  6.071073646356808E-006
 -7.581327430619237E-007 -1.667336034357118E-006
          96  2.850610794360401E-005 -3.304087874976226E-005
  1.008665747080545E-005  1.570140517061985E-005
 -1.450382912735712E-006 -1.603562063628327E-006
          97 -4.438337736585621E-005 -1.953155366935708E-005
  1.113037464906821E-005 -1.309615876814877E-005
 -1.531734268121670E-006 -1.083831064730883E-006
          98 -8.661111002080556E-006  5.293276177096074E-005
 -1.663310789607550E-005 -4.850304687890519E-006
 -1.344861095678375E-006 -1.127207037285704E-006
          99  5.751710003421164E-005 -3.557768481281566E-006
  6.404442429037303E-007  2.031665388480426E-005
 -1.695989577980304E-006 -1.210559536495220E-006
         100 -1.684002360510079E-005 -5.744270250854654E-005
  2.147467743767434E-005 -4.397241586911694E-006
 -1.879690400606315E-006 -8.464537131066608E-007
         101 -5.274544183841256E-005  3.073276596314631E-005
 -8.031927479772735E-006 -1.914436777987858E-005
 -1.788521284198468E-006 -8.518144488789903E-007
         102  4.432690987350685E-005  4.420910408032865E-005
 -1.498243119938099E-005  1.262028778859368E-005
 -2.303825106605456E-006 -8.882060538732118E-007
         103  3.294486844314342E-005 -5.624609583996082E-005
  1.665635887834732E-005  1.043576629227109E-005
 -2.657027817495414E-006 -1.045103416050200E-007
         104 -6.484399588776833E-005 -1.990481320160692E-005
  4.967122018454376E-006 -1.883072609922955E-005
 -2.101705467052024E-006  3.798847746537789E-007
         105 -5.711857879553749E-006  6.866757207855548E-005
 -1.994709083863218E-005  1.613589585964906E-006
 -2.012716978677672E-006  4.090025526576128E-008
         106  6.702676490933291E-005 -9.195684403060328E-006
  7.411618809179970E-006  2.062466139931421E-005
 -2.565762568491989E-006  4.224627355129746E-007
         107 -2.423102890907038E-005 -6.028789876632963E-005
  1.897084311362158E-005 -1.085013106177204E-005
 -2.169778151300137E-006  1.255117957644065E-006
         108 -4.969749975507628E-005  3.845263394550136E-005
 -1.316849039803678E-005 -1.342776454923851E-005
 -1.495743375218377E-006  1.059739601314279E-006
         109  5.043212629900787E-005  3.669101115756656E-005
 -5.688167265126046E-006  1.657735648721053E-005
 -1.821044393868108E-006  7.849508000340454E-007
         110  2.251897939603097E-005 -5.839344804287108E-005
  2.028042045024857E-005 -1.093397250336054E-006
 -1.948434152968415E-006  1.426593522173299E-006
         111 -6.096606845602318E-005 -8.064355731748604E-006
 -5.967677306555121E-006 -2.174061599816430E-005
 -1.343017632582328E-006  1.649645263791393E-006
         112  6.211904613296773E-006  5.776555169441684E-005
 -2.018822978561553E-005  1.015278709523888E-005
 -1.285042881182363E-006  1.394261583079066E-006
         113  4.944451995798382E-005 -1.994736955335289E-005
  1.363950538536057E-005  1.688089902882373E-005
 -1.349866433666032E-006  1.788013201561751E-006
         114 -3.227718562609582E-005 -3.745530789914010E-005
  1.211184354737760E-005 -1.523711852857758E-005
 -6.936368651375392E-007  1.968294110864271E-006
         115 -2.381191548119137E-005  4.188464336151422E-005
 -1.512642336351588E-005 -5.147365552815715E-006
 -5.105862820087908E-007  1.382626215651225E-006
         116  4.755138154394822E-005  1.025972304279191E-005
  2.849596593887663E-006  1.525443946832916E-005
 -1.056325358264269E-006  1.445089298875080E-006
         117 -2.166264074543236E-006 -4.843996555739946E-005
  1.575284654383784E-005 -8.852666481326182E-006
 -8.110043166981335E-007  2.142723739936704E-006
         118 -4.453292679646877E-005  1.292420171984638E-005
 -1.128927834286380E-005 -1.438971768214550E-005
 -1.538113544472679E-007  1.966564901528222E-006
         119  2.165029989954211E-005  3.692589075183202E-005
 -1.001413288349107E-005  1.182709698121723E-005
 -3.120709501012342E-007  1.652327787906686E-006
         120  2.754485098401355E-005 -2.810476031893027E-005
  1.204118433538951E-005  4.394826773705084E-006
 -3.371438883219591E-007  2.061103715676687E-006
         121 -3.200088607975458E-005 -1.822383993182778E-005
 -3.550803070065202E-007 -1.138700721884882E-005
  2.443855803774865E-007  2.117781222590942E-006
         122 -1.035921935116885E-005  3.290118681015014E-005
 -9.102909781761551E-006  4.271131352433143E-006
  3.572144211631474E-007  1.670784880333318E-006
         123  3.084990647072123E-005  4.770735671743687E-006
  7.471377643235822E-006  6.470294781303958E-006
  8.133718286765893E-008  1.760583685276004E-006
         124  1.458071029035580E-006 -2.667175115652488E-005
  4.717972960586335E-006 -8.573432586064274E-006
  3.659949372251674E-007  2.137536797779575E-006
         125 -2.164401244197265E-005  1.191785849625823E-007
 -6.415107032028598E-006 -2.720856576069853E-006
  8.203534974003499E-007  1.963533552763111E-006
         126  4.490961455543312E-007  1.713119167291929E-005
  7.095508341345810E-007  2.795129682615027E-006
  8.524792063570962E-007  1.786683890259192E-006
         127  1.437433118642803E-005  8.259679097685153E-008
  3.763280267784002E-007 -4.140549803441712E-006
  1.032619814342711E-006  1.874474284956200E-006
         128  8.976864051472902E-007 -1.383043444672918E-005
 -4.966628784367867E-006  7.019305833458581E-007
  1.389606031880951E-006  1.697142904606923E-006
         129 -1.499496013280011E-005 -1.433622298011289E-006
  2.115521219512531E-006  3.218152784617327E-006
  1.458586858664220E-006  1.374107600461812E-006
         130 -1.067879300301833E-006  1.696529819256385E-005
  7.779946233068873E-007 -3.782530988866874E-006
  1.407830432643412E-006  1.293096971982648E-006
         131  1.880343974765715E-005 -1.037205914730722E-006
 -3.787440055230055E-006  1.577796062657815E-006
  1.523915147202247E-006  1.295247814556922E-006
         132 -5.568870926727238E-006 -1.960860369628833E-005
  4.631655123330647E-006  1.898699304942083E-006
  1.728057129942910E-006  1.210549843570567E-006
         133 -1.877347749810356E-005  1.253575918481264E-005
 -4.104873774810537E-007 -7.808621363878404E-006
  1.951639747430338E-006  1.000422087855785E-006
         134  2.132483416945108E-005  1.601180051522601E-005
 -8.865505121008891E-006  2.932238166910567E-006
  2.002822224657537E-006  6.575423824815280E-007
         135  1.099969704201870E-005 -3.077158361133086E-005
  7.308119994978565E-006  7.146083583886048E-006
  1.900033342041167E-006  5.184947273904173E-007
         136 -3.936143487246698E-005 -3.448168409437191E-006
  4.627313928430545E-006 -1.354360109348494E-005
  2.023436353404708E-006  4.445459857688702E-007
         137  6.708635509992765E-006  4.569883660903003E-005
 -1.903886469960824E-005 -2.641607992962703E-006
  2.079602075766029E-006  1.011630058575831E-007
         138  4.887863659063619E-005 -1.911645279370079E-005
  2.121975837859964E-007  2.170588200055051E-005
  1.828539089196087E-006 -5.432167563032595E-008
         139 -3.294974503945115E-005 -4.854996841869527E-005
  2.217140372134933E-005 -5.034519979922716E-006
  1.870730329922034E-006  9.309203382312193E-008
         140 -4.474749193664453E-005  4.693767575695820E-005
 -1.033457213812774E-005 -2.153895183950903E-005
  2.160444706569663E-006 -1.542114700360953E-007
         141  5.957902912502944E-005  3.772919460155739E-005
 -1.892729600389170E-005  1.438902401875063E-005
  1.986469749092882E-006 -5.499266911547583E-007
         142  2.789078498425199E-005 -6.948241683899401E-005
  1.775990182920767E-005  1.338350612126962E-005
  1.811438828580273E-006 -4.601070751061263E-007
         143 -7.563647990549824E-005 -1.580141194107330E-005
  6.403950540585417E-006 -2.134693430200206E-005
  2.121103875266291E-006 -5.656919329031843E-007
         144 -2.287820958369518E-006  7.755215216908079E-005
 -2.372500491070636E-005 -1.658417748313519E-007
  2.027863102924086E-006 -1.149531939533425E-006
         145  7.515005194999461E-005 -1.153912670753999E-005
  5.658882668349892E-006  2.299169486594027E-005
  1.486514005486216E-006 -1.149056821660458E-006
         146 -2.428806898813800E-005 -6.866955765591541E-005
  1.983734136916157E-005 -1.249355176896633E-005
  1.682288595250212E-006 -7.864069895746870E-007
         147 -5.867784683523001E-005  3.461673463686110E-005
 -1.926152903948816E-005 -1.653937671288975E-005
  2.123024328759476E-006 -1.253279666777127E-006
         148  4.159921404008160E-005  4.592583706784952E-005
 -1.326163436243546E-005  2.340141646708322E-005
  1.725667466768154E-006 -1.850426479721399E-006
         149  3.131001725424678E-005 -4.478760565467086E-005
  2.457899062860732E-005  8.313976662686124E-006
  1.352543224511464E-006 -1.701495077994338E-006
         150 -4.415971282983068E-005 -1.596774837365468E-005
  1.886216895433850E-006 -2.477601545742817E-005
  1.607258229065530E-006 -1.758330458207462E-006
         151 -1.215650965404122E-006  4.013358243183183E-005
 -2.438787027577291E-005  3.632441608768902E-006
  1.481786547982721E-006 -2.380372544519264E-006
         152  3.335277481092313E-005 -1.187100077861296E-005
  7.299994008813587E-006  2.170783138118896E-005
  8.641903567525407E-007 -2.523893274973249E-006
         153 -2.251446185959783E-005 -2.434815688706661E-005
  1.647215587035579E-005 -1.091178577207893E-005
  7.881362300475781E-007 -2.349414561980682E-006
         154 -1.372510986097240E-005  3.021062141655427E-005
 -1.505037698871379E-005 -1.112966567175863E-005
  7.646764791305366E-007 -2.779594661789209E-006
         155  3.486203690969478E-005  2.275077404499448E-006
 -7.249740740501851E-006  1.755822090602648E-005
  8.396868409923178E-008 -3.116645546675438E-006
         156 -9.176271227745187E-006 -3.670585754296742E-005
  1.690698454911074E-005  3.181670350435457E-006
 -4.763718019731057E-007 -2.818704960618736E-006
         157 -3.592205592090096E-005  1.992299421539560E-005
 -2.443355203441552E-006 -1.507408488954922E-005
 -5.683543218395368E-007 -2.660444430875417E-006
         158  2.923506986545446E-005  3.256660215255716E-005
 -1.432458113801030E-005  7.850700236362563E-006
 -9.212813436294972E-007 -2.811071256861288E-006
         159  2.689860182374747E-005 -3.660734267247163E-005
  1.047251047770432E-005  1.370689560015027E-005
 -1.511070922216476E-006 -2.564517164469320E-006
         160 -4.196655946328769E-005 -1.930491256846262E-005
  1.109025600017323E-005 -1.108600324310810E-005
 -1.706008476897312E-006 -2.085831195761108E-006
         161 -1.030384660595423E-005  4.534153223328773E-005
 -1.202571169250399E-005 -7.087043756424985E-006
 -1.739186876483830E-006 -1.870218145231625E-006
         162  4.666864237079624E-005  7.182193942902901E-007
 -4.039863856195057E-006  1.337175414638142E-005
 -1.937109400190956E-006 -1.716595678563250E-006
         163 -8.484334473013194E-006 -4.588421698966459E-005
  1.317140523676324E-005  2.030033930445963E-006
 -2.116727393110365E-006 -1.353751503316672E-006
         164 -4.290704474621383E-005  1.661895127062934E-005
 -6.344035353608703E-007 -1.155574667902220E-005
 -2.044996881973028E-006 -1.024249301441064E-006
         165  2.327330826313500E-005  3.760131178694965E-005
 -1.063197555941914E-005  3.982879609648512E-006
 -1.994125822387291E-006 -9.088413204681861E-007
         166  3.015727898796058E-005 -2.815130839263341E-005
  5.761515865759784E-006  1.068044996487191E-005
 -2.070613408085876E-006 -7.465589528916302E-007
         167 -3.107010233243452E-005 -2.125786679973194E-005
  9.606117043790832E-006 -5.362293219589197E-006
 -2.061037037267125E-006 -5.106313057731703E-007
         168 -1.191135321196628E-005  3.182397877323391E-005
 -4.879039507495877E-006 -6.607421575160925E-006
 -1.998005451484442E-006 -3.671695956094619E-007
         169  3.009376635545601E-005  3.242609213385786E-006
 -3.644785281741946E-006  5.700039503316194E-006
 -2.011468206799401E-006 -2.594177721067956E-007
         170 -3.717403236396654E-006 -2.564776410402896E-005
  6.390115226569614E-006  2.155038298161076E-006
 -2.038130910781403E-006 -5.970755356527710E-008
         171 -1.867223122023774E-005  8.273507847713661E-006
  1.158344853362412E-006 -5.659571935568682E-006
 -1.930656315235732E-006  1.537179320837963E-007
         172  1.017770363553442E-005  9.925986853554897E-006
 -4.639078593147811E-006  4.394811326239746E-007
 -1.773711162988308E-006  1.985425370726588E-007
         173  6.520332096616147E-007 -9.514765035178950E-006
  1.627119492785622E-006  4.424528821820169E-006
 -1.800019552640026E-006  1.469109669672923E-007
         174 -6.521054452544498E-006  7.704141625991087E-006
  3.917892702567157E-006 -1.409636242013281E-006
 -1.952156746655466E-006  2.788229132800243E-007
         175  1.384875650291582E-005  1.521089549770259E-006
 -1.138306961178785E-006 -2.079361967863544E-006
 -1.937230457737855E-006  5.436468208054668E-007
         176 -4.953675833426628E-006 -1.703289479305908E-005
 -4.545991090213270E-007  2.449824055171200E-006
 -1.810589343780481E-006  6.590953435407326E-007
         177 -1.723835299936957E-005  1.210868568497902E-005
  4.340682508943275E-006  9.896802849291340E-007
 -1.831778741677032E-006  7.140368155999307E-007
         178  1.888449237826226E-005  1.503015479879857E-005
  2.930928240638977E-006 -4.768024750229757E-006
 -1.858474106629712E-006  9.383706428337429E-007
         179  1.123944216937577E-005 -2.404142929470052E-005
 -4.159246859549106E-006 -4.189474428571402E-006
 -1.689944465501610E-006  1.115772680546258E-006
         180 -2.640656840676006E-005 -6.752051470473576E-006
 -4.652593001021798E-006  4.430661338618591E-006
 -1.634189390363991E-006  1.085197991404288E-006
         181 -2.432713683146074E-006  2.526611514079988E-005
  5.474954484877461E-006  5.664966655794931E-006
 -1.789127197697433E-006  1.246867241081731E-006
         182  2.070137006274728E-005 -9.411902224858181E-007
  6.801669549144781E-006 -5.631164117273203E-006
 -1.714021677019777E-006  1.592845286672975E-006
         183 -2.739877403694058E-006 -1.345791096100699E-005
 -5.087074340711645E-006 -6.167248909996143E-006
 -1.539606301963404E-006  1.731378882255460E-006
         184 -4.647096716730062E-006  2.349375839871989E-006
 -3.846689189922454E-006  5.697469127563188E-006
 -1.565355635193425E-006  1.932739686213716E-006
         185 -6.852988333979696E-007 -4.490659334236950E-006
  7.226995650684828E-006  2.151009756169214E-006
 -1.365627316376293E-006  2.381295551700387E-006
         186 -1.293257000671698E-005  6.339910103745021E-006
  1.680102481415348E-006 -7.152741970311897E-006
 -8.592066892766553E-007  2.532487515776830E-006
         187  1.406053427036032E-005  2.013979701397986E-005
 -4.599950357617893E-006 -7.428503592202835E-008
 -6.756211017825286E-007  2.406607111295869E-006
         188  2.585822945393702E-005 -2.298216332526259E-005
  3.838321087142842E-006  1.846402232850481E-006
 -6.498799181476045E-007  2.666220580926436E-006
         189 -3.198164436232304E-005 -2.978207542112427E-005
  7.255192406042055E-007 -7.871125702170911E-006
 -1.568616525935074E-007  2.974630278604876E-006
         190 -3.171647102384984E-005  3.985640906084165E-005
 -1.001469794233038E-005 -2.464880723061640E-008
  3.565056115883912E-007  2.839064773753574E-006
         191  4.588541428828576E-005  3.166725432006243E-005
  1.739629938425750E-006  1.140462304231067E-005
  5.319256516917633E-007  2.717161676220560E-006
         192  2.973859706055778E-005 -4.983608196750773E-005
  1.344293288391398E-005 -3.219851684305561E-006
  8.731166143169140E-007  2.834138537584908E-006
         193 -5.171539780327487E-005 -2.637890693569315E-005
 -2.437918107796981E-006 -1.482865496773427E-005
  1.435899289175840E-006  2.637718056478200E-006
         194 -2.243821710256794E-005  5.179172906890868E-005
 -1.368195785753606E-005  6.486658585244606E-007
  1.655360540854801E-006  2.208154428532976E-006
         195  5.052908339886813E-005  1.857543691664802E-005
  1.845798345520150E-007  1.106199250851024E-005
  1.742897792908227E-006  2.046978521481214E-006
         196  1.498977464271099E-005 -4.810103621938904E-005
  9.696591615867666E-006 -4.321410069689901E-007
  2.031694906560688E-006  1.824394871538462E-006
         197 -4.459876336130117E-005 -1.163531775778467E-005
  1.088720210376731E-006 -9.547619151384407E-006
  2.113953313107859E-006  1.413648392516168E-006
         198 -8.180513151964686E-006  4.034013473498997E-005
 -8.117910753991218E-006 -4.239068803533479E-006
  2.004263314838942E-006  1.242538605507922E-006
         199  3.579583905631570E-005  4.201855152997924E-006
 -6.198880472746910E-006  4.783325052766912E-006
  2.147333867077717E-006  1.233374663847905E-006
         200 -3.764963594269127E-007 -3.142307765188607E-005
  1.750921438960229E-006  5.512689923626385E-006
  2.420361238040969E-006  9.521710597209373E-007
         201 -2.760427787637014E-005  5.188833136271030E-006
  3.499367933071689E-006 -7.314595295141938E-009
  2.422715964487291E-006  5.081664604306046E-007
         202  9.720172981136265E-006  2.429866214195274E-005
  1.797544655114571E-006 -1.013042493805224E-006
  2.217739068372592E-006  2.960271260736112E-007
         203  2.086224520885938E-005 -1.343133362729460E-005
  3.188452169369675E-006 -4.184563158307010E-006
  2.200363363247079E-006  2.942883293126709E-007
         204 -1.591155420192234E-005 -1.640450391022467E-005
 -5.307971966458059E-006 -9.162439997232421E-006
  2.376399347229355E-006  1.120333856613952E-007
         205 -1.026974947039617E-005  1.704160387421413E-005
 -1.409195004872955E-005  4.248351776966008E-006
  2.356862270651068E-006 -2.694356158079166E-007
         206  1.685973705889263E-005  2.406061424164220E-006
  3.245260615099888E-006  1.569063799423760E-005
  2.128756976220777E-006 -4.566094612917276E-007
         207 -6.473298305809494E-006 -1.529377455663682E-005
  1.520131011281044E-005 -4.695056490313127E-006
  2.080406439231725E-006 -4.496756169565109E-007
         208 -1.196447801978013E-005  1.506034990565940E-005
 -7.803731386261082E-006 -1.469729050896429E-005
  2.195398247874832E-006 -6.254564970827330E-007
         209  2.191631746163073E-005  6.264707043585776E-006
 -1.374718817344058E-005  1.027924296713882E-005
  2.124276250961493E-006 -9.176602622066373E-007
         210 -2.379706955331983E-006 -2.600539440547698E-005
  1.191894520220193E-005  1.091998608466351E-005
  2.035702695531510E-006 -1.061124761978845E-006
         211 -2.693967691392488E-005  1.416220609884541E-005
  6.742029959011334E-006 -1.354111881809302E-005
  2.051534258640504E-006 -1.349595276660959E-006
         212  2.856374380178968E-005  2.479421461548195E-005
 -1.386148291479583E-005 -2.686750011393517E-006
  1.732968145810914E-006 -1.754347104734348E-006
         213  1.981054133085352E-005 -4.414750192721757E-005
  1.894837345239008E-006  1.075053161456450E-005
  1.256872673963916E-006 -1.685876086817143E-006
         214 -5.889213344323659E-005 -1.217613258438521E-005
  4.983691254877537E-006 -8.868728178836973E-006
  1.321939028843211E-006 -1.449780495849137E-006
         215 -1.823285929081310E-006  7.075000211893490E-005
 -1.762678871195343E-005  4.213545554575071E-007
  1.515910275853661E-006 -1.790835267172047E-006
         216  7.808188223895458E-005 -1.142728584910481E-005
  4.471157718248767E-006  2.484283407820192E-005
  1.130273198495040E-006 -2.217087673846758E-006
         217 -2.738964770722960E-005 -7.995758842861332E-005
  2.853711306871807E-005 -8.757634084312703E-006
  7.026783552992639E-007 -2.147792270878037E-006
         218 -7.630046409178826E-005  4.515940616165051E-005
 -1.408804114427835E-005 -2.966383515377969E-005
  6.011000344475401E-007 -2.104866636865905E-006
         219  6.316238040136368E-005  6.766532173639695E-005
 -2.891977947170258E-005  1.914962174735074E-005
  3.572455235385447E-007 -2.247459662832497E-006
         220  5.474140458087337E-005 -7.942289514261995E-005
  2.323039582970470E-005  2.517202013153009E-005
 -8.465753169171910E-009 -2.120667491555117E-006
         221 -9.187001667592293E-005 -3.811209593279006E-005
  1.837186224847515E-005 -2.752766837410777E-005
 -4.429826166196296E-008 -1.905420963152092E-006
         222 -1.835003329222995E-005  9.893803979743806E-005
 -3.250249171691195E-005 -1.118505755295388E-005
 -5.464199082715040E-008 -2.013103641891463E-006
         223  9.996357673691845E-005 -3.983317545601970E-006
 -5.704683998966542E-006  3.582234726276209E-005
 -3.400661740536526E-007 -2.051909321989949E-006
         224 -2.813855330252988E-005 -9.508703527648122E-005
  3.500513721674207E-005  1.070853506535419E-006
 -4.696540925053231E-007 -1.909338749373090E-006
         225 -8.503713681497818E-005  5.287681174830116E-005
 -4.227710114608900E-006 -3.063692192531617E-005
 -5.715869440973610E-007 -1.992285450772951E-006
         226  7.647580305284883E-005  7.099387645365244E-005
 -2.460750185056189E-005  9.592088079670362E-006
 -9.686918949830855E-007 -1.941588188786540E-006
         227  5.429953617465785E-005 -9.707412800592926E-005
  1.373080616058164E-005  1.698486609163648E-005
 -1.122199949245299E-006 -1.511775595466736E-006
         228 -1.129395435217664E-004 -3.619863031626833E-005
  7.220288527633149E-006 -1.732528739122489E-005
 -8.402100277702042E-007 -1.387333016344837E-006
         229 -1.778741738287804E-005  1.227059386246194E-004
 -2.190493207627860E-005  2.866509714511859E-006
 -8.853897818952860E-007 -1.702224218145184E-006
         230  1.255986917276699E-004  1.998179260512734E-008
  1.043020165887013E-005  2.688883939117596E-005
 -1.337726808647076E-006 -1.703305779510518E-006
         231 -1.640353210147519E-005 -1.215448370088635E-004
  3.006864721208803E-005 -1.502122118760531E-005
 -1.526126948458063E-006 -1.373334067242837E-006
         232 -1.110095058373093E-004  3.113104855133882E-005
 -1.802252947844033E-005 -3.098346911035425E-005
 -1.512944690455218E-006 -1.237477355267875E-006
         233  4.398893426660875E-005  9.486634315197439E-005
 -3.100684420581454E-005  1.941196890572608E-005
 -1.628469098819463E-006 -1.147434915035113E-006
         234  7.448399808948009E-005 -5.489219732469719E-005
  1.773280703160920E-005  3.004226590697409E-005
 -1.651363510736426E-006 -9.834692983940431E-007
         235 -6.384408294768104E-005 -5.163097155884505E-005
  2.606414643417312E-005 -1.331159752522541E-005
 -1.650348994806116E-006 -1.046598167331312E-006
         236 -2.829620847691637E-005  7.078825200321947E-005
 -8.769810067338829E-006 -1.867037484771551E-005
 -2.014556787070812E-006 -1.094904127055359E-006
         237  7.551384210475493E-005  6.525436421977738E-006
 -1.018992910593290E-005  5.781228744990768E-006
 -2.374686379582730E-006 -6.933991713530999E-007
         238 -1.180963903935965E-005 -7.771077377494578E-005
  3.512760073359026E-006  2.267959398383522E-006
 -2.306479923097196E-006 -2.596509214201329E-007
         239 -7.709067837450084E-005  2.535481609811246E-005
 -5.781678479609094E-006 -1.448496407411824E-006
 -2.218318528677306E-006 -1.495376702355509E-007
         240  3.351654132025039E-005  7.340362834492831E-005
 -1.332973207741324E-006  1.408558186734592E-005
 -2.352016127726374E-006  3.889532599204371E-010
         241  6.652557553639658E-005 -3.642133071800379E-005
  2.020613583502281E-005  4.371866155216049E-006
 -2.426205570447513E-006  3.053343330468476E-007
         242 -3.479423897433054E-005 -5.665662879169967E-005
  8.590040070091678E-006 -2.196536757919437E-005
 -2.439614466351395E-006  5.972666371489119E-007
         243 -4.443465981805381E-005  2.982266918195864E-005
 -2.031886777933437E-005 -1.127186729051920E-005
 -2.444461369193120E-006  9.943931144140710E-007
         244  2.292753342056179E-005  3.089838908014937E-005
 -1.247456137865398E-005  1.748331210919377E-005
 -2.198830246103426E-006  1.454893099710380E-006
         245  1.740948952592516E-005 -1.546880070252169E-005
  1.359967763226101E-005  1.346115106461386E-005
 -1.781836888122102E-006  1.660208523704584E-006
         246 -8.581969330514894E-006 -5.504364604430057E-006
  1.342730118053458E-005 -7.620993267926966E-006
 -1.530264549126038E-006  1.667551487503703E-006
         247  3.424300385599394E-006  3.105332364996307E-006
 -7.992629287302458E-007 -1.044977332169225E-005
 -1.388136940457578E-006  1.789737868642000E-006
         248 -5.025386397752250E-007 -8.481530334118071E-006
 -4.976556098093837E-006 -3.965693610352621E-006
 -1.117918194493043E-006  1.933254971506141E-006
         249 -9.375527854650962E-006  2.197821164583166E-006
 -5.834813030835909E-006 -2.919941577672332E-007
 -8.316066708150132E-007  1.946706673285013E-006
         250  2.104245894021948E-006  6.369695482729326E-006
 -4.057056477383761E-006  6.497729866235970E-006
 -6.057583227783345E-007  1.918787479289536E-006
         251  2.790918739905462E-007 -3.461380961379723E-007
  6.730313727525106E-006  7.331449492317262E-006
 -4.071374224509048E-007  1.865557950552819E-006
         252  2.908252938988038E-006  7.773504429122174E-006
  1.048805903070594E-005 -5.378915959555717E-006
 -2.614408393074665E-007  1.807961594459199E-006
         253  1.671219060800412E-005 -7.476383753716403E-006
 -2.098067151519292E-006 -1.188167825648381E-005
 -1.059616204343621E-007  1.773971509242065E-006
         254 -1.320367852820610E-005 -2.557704233424983E-005
 -1.065094111160473E-005 -1.357620877819167E-006
  6.037304975845184E-008  1.674906554337022E-006
         255 -3.345330932858552E-005  1.979031698069439E-005
 -3.652417711030960E-006  8.218069830706477E-006
  1.026440149743404E-007  1.538213769079181E-006
         256  2.674143644069604E-005  3.953036169514040E-005
  5.890540673386254E-006  5.663029070213634E-006
  8.247540631677929E-008  1.554821821057820E-006
