   409.600000000000     
         256           1           3
  1.124309127438499E-002   40.9367295069465        113.850606443279     
   39.0000000000000        116.000000000000        6351.00000000000     
           0  0.000000000000000E+000  0.000000000000000E+000
  0.000000000000000E+000  0.000000000000000E+000
  0.000000000000000E+000  0.000000000000000E+000
           1  1.687396205385656E-007 -7.338067192638282E-008
 -6.513391186675383E-007  8.452718092433613E-008
  5.094548003001998E-006 -3.491785846159719E-007
           2  1.739730980623775E-007 -3.179810985675743E-007
 -5.768174540017474E-007  2.174012811116495E-007
  5.296306259511318E-006 -9.713556323001179E-007
           3 -2.723065916318245E-007 -6.220655667979312E-007
 -3.927089852832348E-007  1.671805119830180E-007
  5.228697890992854E-006 -1.865974649438281E-006
           4 -1.059898546332175E-006 -1.881632940820245E-007
 -5.205726493543348E-007 -5.698537664727229E-008
  4.721336865339655E-006 -2.694371754588710E-006
           5 -1.010004815735063E-006  1.080035323061102E-006
 -9.630456784048756E-007  2.241148654008271E-007
  4.004273702329695E-006 -3.179564173700777E-006
           6  4.371116131412926E-007  1.743865155653588E-006
 -6.803160192620796E-007  1.158037686607194E-006
  3.346889305555879E-006 -3.297619860356326E-006
           7  1.845101114362966E-006  6.004475584856947E-007
  8.840742221576026E-007  1.367243342919423E-006
  2.978191624368238E-006 -3.340270213772629E-006
           8  1.353120530115519E-006 -1.223975133400667E-006
  2.269727986271609E-006 -5.045103637109599E-007
  2.599788212732401E-006 -3.595279933880490E-006
           9 -4.744696321099466E-007 -1.310837397481433E-006
  1.087281175117162E-006 -3.452935966504812E-006
  1.904220840973996E-006 -3.640619579044362E-006
          10 -7.625320347062376E-007  4.304767317202719E-007
 -2.816667953296709E-006 -4.186507361556823E-006
  1.278043849797062E-006 -3.186998821247051E-006
          11  1.355446754051922E-006  7.545663888734664E-007
 -5.894367013548253E-006 -9.745878901753403E-007
  1.264890769551448E-006 -2.266586258030727E-006
          12  2.235075451850046E-006 -2.394822112637379E-006
 -4.848124287773402E-006  3.265156580458400E-006
  2.543662063778228E-006 -1.618522824345848E-006
          13 -1.984204017117512E-006 -5.065389464473954E-006
 -1.445882180228866E-006  4.221911383319919E-006
  4.198898874383497E-006 -2.700327251364610E-006
          14 -7.725115196209481E-006 -9.630303538297611E-007
 -5.144072305380616E-007  2.534221851388795E-006
  4.767174540778741E-006 -5.419335551245988E-006
          15 -5.967991238650385E-006  8.179175727014180E-006
 -1.894780748203633E-006  3.540382988710457E-006
  2.767708824275855E-006 -8.311770030318069E-006
          16  5.270934720967481E-006  1.102701358696037E-005
  7.943650640089661E-007  7.490592135632167E-006
 -1.077617305833145E-006 -8.990195599224521E-006
          17  1.389459307523124E-005  2.601268214230986E-007
  9.191442949572260E-006  6.015977038612593E-006
 -4.543125915083276E-006 -6.805532135500554E-006
          18  6.208287746769050E-006 -1.354850599495550E-005
  1.281259947669903E-005 -6.181545100125142E-006
 -4.873063139893775E-006 -2.667886515844660E-006
          19 -1.094095785015567E-005 -1.049129032664412E-005
  2.469709456411785E-007 -1.756860474592381E-005
 -1.865299900501556E-006 -5.298737177648188E-007
          20 -1.256441316533388E-005  8.253049853337145E-006
 -1.913820011963543E-005 -9.263750430618495E-006
  9.091382205431600E-007 -2.230356913014090E-006
          21  7.224739503598547E-006  1.367209836303007E-005
 -1.905463523761057E-005  1.562381598790823E-005
  3.603917745202977E-007 -5.560494077286873E-006
          22  1.579933994942491E-005 -7.843910030660851E-006
  7.282746449799506E-006  2.509082337203601E-005
 -2.976093289997144E-006 -6.142284296671440E-006
          23 -8.616935909272943E-006 -2.017847419380227E-005
  2.467695725804851E-005  1.228705369267123E-006
 -4.482293929033660E-006 -3.936729768131329E-006
          24 -2.626627995935565E-005  7.879345664240904E-006
  4.787356503208514E-006 -2.088820682178554E-005
 -3.777220392315220E-006 -2.901206103734625E-006
          25  5.039686122497545E-006  3.233050147892944E-005
 -1.917645785071960E-005 -3.831117313053951E-006
 -4.088660396554513E-006 -3.461532802356043E-006
          26  3.679595111475422E-005 -1.060028001352476E-006
 -2.502663814989476E-006  2.073977307329088E-005
 -6.109591852423148E-006 -2.333005691650195E-006
          27  2.300008401218392E-006 -3.923545325871280E-005
  2.256318687777709E-005  2.488466495809606E-006
 -5.646208351764679E-006  1.039736444402001E-006
          28 -4.028443933593086E-005 -3.644899166071844E-006
  1.601760834916793E-006 -2.327979503677795E-005
 -1.919451541647147E-006  1.728076997672226E-006
          29 -2.634699376328732E-006  4.086036177684731E-005
 -2.465748503896049E-005  1.165752082294180E-006
 -6.059097514493801E-007 -1.721531951350430E-006
          30  4.146427125538597E-005 -3.924314017356173E-007
  3.798404060607809E-006  2.769727564233649E-005
 -3.890894842063535E-006 -3.336730930574257E-006
          31 -5.066671630566419E-006 -4.201350050382726E-005
  3.029763603361305E-005 -5.121997990443655E-006
 -5.742020947560771E-006 -4.013005301913076E-007
          32 -4.246285666722110E-005  1.116978345101341E-005
 -6.581147506219194E-006 -3.092519345158624E-005
 -3.479937800784999E-006  1.206340644145107E-006
          33  1.838968804740988E-005  4.326025357736973E-005
 -3.081766649524230E-005  9.281355450752160E-006
 -2.836150802424210E-006 -7.637541924962085E-007
          34  4.501749959494314E-005 -2.587342965885891E-005
  1.182195670817220E-005  3.095572738705483E-005
 -5.389338993450442E-006 -5.884204976158372E-007
          35 -3.221717253296621E-005 -4.769593879554275E-005
  2.985753195498966E-005 -1.341846500238522E-005
 -5.289641615774059E-006  2.660846746943549E-006
          36 -5.027406228329886E-005  3.608160860872768E-005
 -1.585435835573080E-005 -2.654028265312854E-005
 -2.134426171748019E-006  2.954144993226651E-006
          37  3.716080847852473E-005  5.123597660147537E-005
 -2.336501299465715E-005  2.039536142320103E-005
 -1.992631596815325E-006  4.008985309564186E-007
          38  4.948562688418069E-005 -3.637723801281503E-005
  2.490766485400118E-005  2.253580757780461E-005
 -4.420639439909615E-006  7.408885474178622E-007
          39 -3.513557463025057E-005 -4.505260864889361E-005
  2.245569790263744E-005 -2.660625535556365E-005
 -3.946721334433513E-006  3.301363642476189E-006
          40 -3.890654685279159E-005  3.429107557750544E-005
 -2.648778002327812E-005 -2.038226202231459E-005
 -1.670904547213808E-006  3.015497457710019E-006
          41  3.384056779737227E-005  3.208237755059246E-005
 -1.689898595678137E-005  2.737050011090602E-005
 -2.314003846600893E-006  1.363643553662547E-006
          42  2.483600630111136E-005 -3.352502015693762E-005
  2.910207958975915E-005  1.478065155656948E-005
 -3.775614379649084E-006  2.604042471311399E-006
          43 -3.359084017644578E-005 -1.684314193732316E-005
  1.399899719401339E-005 -2.897802806187494E-005
 -2.398189732556679E-006  4.389129129208560E-006
          44 -8.266322010989581E-006  3.505432440131734E-005
 -2.664917258875086E-005 -1.192065143543258E-005
 -7.037358151115281E-007  3.483996850167119E-006
          45  3.888278006662264E-005  4.239447210545291E-007
 -7.513061611889137E-006  2.505951571092541E-005
 -1.578662047879480E-006  2.269416544322128E-006
          46 -4.658982302707041E-006 -4.476015414723620E-005
  2.576938211978662E-005  2.987616462484518E-006
 -2.509823663235274E-006  3.748083726788226E-006
          47 -5.067584479921832E-005  5.710100165553386E-006
  2.265340302744398E-007 -2.765392531491419E-005
 -7.876739918997987E-007  5.161415557691823E-006
          48  3.350458917807708E-006  5.409403910603123E-005
 -2.945851454765150E-005  1.212311419240866E-006
  8.788172778470925E-007  3.932853356878067E-006
          49  5.393034028659977E-005 -5.218823014316143E-008
  1.376755435168669E-006  3.145710754895424E-005
  3.266275428017069E-007  2.740303955330808E-006
          50  1.607627515230612E-006 -5.141218501293285E-005
  3.268992610571237E-005  6.561480804635121E-007
 -2.115843225981487E-007  3.392644531422117E-006
          51 -4.920865375139383E-005 -1.082008637633708E-006
  4.083243285243251E-006 -3.067481703744480E-005
  7.941190605300810E-007  3.780730622299186E-006
          52 -3.662243742253715E-007  4.922701859976102E-005
 -2.550697546211428E-005 -4.930755210322312E-006
  1.326468474455578E-006  2.612130690671917E-006
          53  5.077221298593225E-005  2.278494512947607E-006
 -1.357263591901440E-006  2.130096716422679E-005
  1.766012883105316E-007  2.270530484259858E-006
          54  7.844241988218189E-006 -5.068823574305300E-005
  2.182340014961798E-005 -3.215763613235762E-006
 -1.758381159374125E-007  3.646214259896557E-006
          55 -4.584598022872401E-005 -1.497526859453988E-005
 -4.064405065693102E-006 -2.524940562914057E-005
  1.330643765435849E-006  4.487834493267059E-006
          56 -1.944644270186132E-005  3.596926208799431E-005
 -2.706044079612993E-005  8.831811370190368E-007
  2.704983218473803E-006  3.524397302168351E-006
          57  2.430358018444740E-005  1.788249676476628E-005
 -2.714410413787308E-006  2.527687783026276E-005
  2.418462306670605E-006  2.465258078383814E-006
          58  1.046777663741571E-005 -1.566088940194820E-005
  2.152641900882321E-005  4.285292918875078E-006
  2.175038693856160E-006  2.688958429700843E-006
          59 -1.312433676927512E-005 -1.020966912173766E-006
  3.406543032967652E-006 -1.762992473982770E-005
  2.952534400772604E-006  2.602008457184820E-006
          60  5.775197865720285E-006  1.591188998496335E-005
 -1.480676351003420E-005 -3.033876706854995E-007
  3.148847793121931E-006  1.578400900107306E-006
          61  2.001917466038130E-005 -7.771910158538554E-006
  4.177897943507025E-006  1.523193490295470E-005
  2.280389040884826E-006  1.062907236405368E-006
          62 -6.709159049530767E-006 -2.145680552829221E-005
  1.977508006649754E-005 -6.596149239007961E-006
  1.689659105205873E-006  1.896893724556765E-006
          63 -1.948086622577436E-005  6.697798675331268E-006
 -3.578716502559660E-006 -2.512050471919816E-005
  2.518487924328634E-006  2.782230812911635E-006
          64  1.076985309390811E-005  1.714275705284945E-005
 -2.563477580974069E-005 -3.123074350406486E-006
  3.729840462278107E-006  2.522108385418937E-006
          65  1.891787668073168E-005 -1.818065472276148E-005
 -7.519913239111788E-006  2.040979687275325E-005
  4.362264803088686E-006  1.750619582870397E-006
          66 -2.458094965947307E-005 -2.717311832044511E-005
  1.445819307750949E-005  5.960804501222305E-006
  4.778025797026000E-006  1.108346154320022E-006
          67 -4.015929027124361E-005  2.495875181553410E-005
  1.203308171722063E-006 -1.275385986470153E-005
  5.266975898374016E-006  5.815181283095397E-008
          68  1.707670170897320E-005  5.284079126623324E-005
 -1.536282773820245E-005  2.292552780998007E-006
  4.925195393903681E-006 -1.442028979647423E-006
          69  6.004643931789422E-005 -2.839853223432819E-006
  2.750618121868771E-006  1.941525844612903E-005
  3.579399252354230E-006 -2.178232524918284E-006
          70  1.299891598132160E-005 -5.953979852499389E-005
  2.338783426097211E-005 -3.778608346247649E-007
  2.608268152019724E-006 -1.586578687097049E-006
          71 -5.284685005672830E-005 -2.580389748185219E-005
  4.965577681591200E-006 -2.608778028943400E-005
  2.963804624177106E-006 -9.302341009632528E-007
          72 -3.349676666773001E-005  4.361778132493865E-005
 -2.522913553096522E-005 -1.233107144088467E-005
  3.631747982459909E-006 -1.446706022209633E-006
          73  3.507440065842431E-005  3.707365226904440E-005
 -1.798199135053575E-005  1.968543166838344E-005
  3.376509515789839E-006 -2.393509670026262E-006
          74  3.902023055813410E-005 -2.842546012287644E-005
  1.264527954761586E-005  1.891188839050073E-005
  2.688122447188307E-006 -2.587649201118361E-006
          75 -2.284210770284399E-005 -4.125385241881871E-005
  1.650481763364654E-005 -8.489342914356427E-006
  2.708404368222437E-006 -2.556573874716411E-006
          76 -4.408548585075279E-005  1.671988059363494E-005
 -7.515193240516344E-006 -1.501875458274436E-005
  2.698489546708724E-006 -3.377379957763140E-006
          77  9.049852728575381E-006  4.658328133871832E-005
 -1.586645972387211E-005  6.764604706968471E-006
  1.631702239651560E-006 -4.184973041999332E-006
          78  4.747981706985442E-005 -2.713902573792795E-008
  4.532013389688112E-006  1.707445209520756E-005
  1.020870460327627E-007 -3.811593394750686E-006
          79  9.457259315049032E-006 -4.592648994569013E-005
  1.746147798814738E-005 -1.891387450109835E-006
 -3.563270934390889E-007 -2.404238492878530E-006
          80 -4.187456487702283E-005 -1.842789266612325E-005
  7.924263523771181E-007 -1.790725310818120E-005
  5.618427918454669E-007 -1.657672983521409E-006
          81 -2.609040047486934E-005  3.581520379140086E-005
 -1.829465522767074E-005 -4.659404233155572E-006
  1.297579099294423E-006 -2.286611164793396E-006
          82  2.844488141677821E-005  3.198340846805829E-005
 -9.610747371086477E-006  1.631941667734421E-005
  9.223794470611205E-007 -3.160377998255393E-006
          83  3.605048748443086E-005 -2.049399850613781E-005
  1.138215345150777E-005  1.309623775675191E-005
  3.221757661318648E-008 -3.227149853765257E-006
          84 -1.255312569957697E-005 -3.863779501003648E-005
  1.330946175447880E-005 -5.873265223760311E-006
 -3.512952806281970E-007 -2.711006082581819E-006
          85 -4.027459430508731E-005  4.705262970528420E-006
 -2.136231765798723E-006 -1.168911315775872E-005
 -2.349752460682798E-007 -2.505785926956576E-006
          86 -3.665182866664751E-006  4.135713592873586E-005
 -1.013219856724215E-005 -2.160400679693420E-007
 -3.280674919892214E-007 -2.600930189804901E-006
          87  4.161769578174420E-005  1.337574202260352E-005
 -2.279607522880335E-006  8.656551874995425E-006
 -6.186722885970634E-007 -2.506089289102823E-006
          88  2.467860502026770E-005 -3.983384884169244E-005
  6.706562395456152E-006  3.652957884159621E-006
 -6.581353624048988E-007 -2.203084785411190E-006
          89 -3.441330887675876E-005 -3.672914347832383E-005
  4.208216947764033E-006 -5.365874917128417E-006
 -3.255982435780099E-007 -2.174251535584757E-006
          90 -4.760044271561030E-005  2.456857773272081E-005
 -5.217945793055753E-006 -5.378757624093258E-006
 -2.630669736071910E-007 -2.730905176445768E-006
          91  1.094878832513043E-005  5.501665775742158E-005
 -8.219666817041630E-006  4.285396881091555E-006
 -9.157547069362759E-007 -3.219300078861863E-006
          92  5.761434407132442E-005  4.648821723794107E-006
  8.221848656573381E-007  1.081993588267611E-005
 -1.834630974240499E-006 -2.961447568253959E-006
          93  2.013855542452637E-005 -5.549964876078375E-005
  1.084817126762965E-005  3.600854588317601E-006
 -2.159167400119042E-006 -2.027439747512251E-006
          94 -4.963880854511370E-005 -3.410454399259048E-005
  6.042403641108887E-006 -9.147551483603173E-006
 -1.478138625068151E-006 -1.505480023848926E-006
          95 -4.607321907654853E-005  4.085061468798676E-005
 -8.486110037398957E-006 -6.856497875320554E-006
 -8.905599296679255E-007 -2.098576881012790E-006
          96  2.936717274642356E-005  5.580213174549118E-005
 -8.698143440746748E-006  9.256113417689332E-006
 -1.375932942865538E-006 -3.004527986166284E-006
          97  6.240915170456194E-005 -1.524179635241258E-005
  8.939526249373351E-006  1.242065708360681E-005
 -2.599197616542514E-006 -3.104558980191099E-006
          98  7.421025443288747E-007 -6.445885563572995E-005
  1.620797656203215E-005 -6.322486771153835E-006
 -3.341950499991855E-006 -2.236932184611432E-006
          99 -6.110539407441587E-005 -1.651212455122415E-005
 -2.439142911620914E-006 -1.873260948102775E-005
 -3.210326688012464E-006 -1.504910751555527E-006
         100 -2.932890007071281E-005  5.309959853540564E-005
 -2.023886458040330E-005 -2.020030608966549E-006
 -3.045915330571359E-006 -1.469715521773661E-006
         101  4.282184836510018E-005  3.749001102779854E-005
 -7.567242079585371E-006  2.015052989889589E-005
 -3.462703371644840E-006 -1.515184670307231E-006
         102  4.143950539973533E-005 -3.308330498585385E-005
  1.718273878337425E-005  1.290134795652840E-005
 -3.982679940292211E-006 -9.396740868591144E-007
         103 -2.531711889551732E-005 -4.334342421528965E-005
  1.508261176446550E-005 -1.221671752922144E-005
 -3.936915980910472E-006 -2.535530193853602E-007
         104 -4.532610938988625E-005  1.877532012549193E-005
 -8.934966465027316E-006 -1.418293682654365E-005
 -3.798437849329437E-006 -1.005542235703226E-008
         105  1.149006141415329E-005  4.773853034426182E-005
 -1.411915404476104E-005  8.771021695758640E-006
 -4.113832451981459E-006  2.756679776584089E-007
         106  4.892336110735468E-005 -2.314386551666790E-006
  8.162131516215489E-006  1.751778058558797E-005
 -4.247770090262978E-006  1.208344754752105E-006
         107  7.697012069093118E-006 -4.673883696064548E-005
  2.138655810090502E-005 -3.405533164661518E-006
 -3.504115793900867E-006  2.014901947359437E-006
         108 -4.067385047426026E-005 -1.584614984469144E-005
  4.004425167343812E-006 -2.097608869147189E-005
 -2.676026012794767E-006  1.812355783141920E-006
         109 -1.993832887136096E-005  3.274027133200034E-005
 -1.567657760975345E-005 -9.103822697018756E-006
 -2.886673436343780E-006  1.275875639528247E-006
         110  2.625135111564796E-005  2.014065585641466E-005
 -9.485032294095720E-006  9.116317331928100E-006
 -3.656766793252945E-006  1.782976547909476E-006
         111  1.905953688748281E-005 -2.317881859961377E-005
  4.688947977969674E-006  6.064598302994304E-006
 -3.490490377069832E-006  3.185188445906919E-006
         112 -2.255085394584943E-005 -1.992940701690553E-005
  6.946861381001859E-007 -3.703560988881993E-006
 -2.053662854383080E-006  3.916166677706816E-006
         113 -2.393050275929578E-005  2.121275500771461E-005
 -7.121293035015620E-006  4.454176602737328E-006
 -7.767892628029287E-007  3.121054546157083E-006
         114  1.627470339336687E-005  2.905118984729222E-005
  5.728247408877282E-006  1.428364816933819E-005
 -1.065414671808798E-006  2.031960033807771E-006
         115  3.148930169512553E-005 -7.449028076985472E-006
  2.096182594192887E-005 -4.907973807675272E-007
 -1.965036753636255E-006  2.231162371823616E-006
         116  2.479889099241975E-006 -2.866120428554215E-005
  8.451746433895607E-006 -2.168737788511113E-005
 -1.940656780536887E-006  3.225047785504509E-006
         117 -2.109448036004821E-005 -9.446205291627553E-006
 -1.607555344466438E-005 -1.471073713923715E-005
 -1.052890056434440E-006  3.679183485084032E-006
         118 -1.115226193824251E-005  1.206371240426141E-005
 -1.496909612338189E-005  9.392012486635143E-006
 -4.818606319109645E-007  3.314570532189447E-006
         119  5.360172852345777E-006  8.520386485992588E-006
  6.105684374001648E-006  1.226002061772630E-005
 -5.441051823446708E-007  3.155183293703052E-006
         120  4.696064883849633E-006 -2.664945630816156E-006
  1.073324396112945E-005 -5.664090057334909E-006
 -3.868105759385359E-007  3.527045361504748E-006
         121 -2.612388674581131E-006 -2.601905104267644E-006
 -5.058039533135735E-006 -1.098689679732602E-005
  2.250659625911472E-007  3.654350540343073E-006
         122 -3.048907436237874E-006  2.273951677053044E-006
 -1.136065996861361E-005  3.348925224617031E-006
  6.984533269334800E-007  3.305744675073131E-006
         123 -3.029942319318575E-007  4.400607546147186E-006
  8.616741430039154E-007  1.099666032379343E-005
  6.964055347401476E-007  3.009279867693763E-006
         124  4.130275091393678E-006  4.995604063276490E-006
  9.395054489442020E-006  2.274248729191765E-006
  6.663196570274877E-007  3.141794928427563E-006
         125  1.007406498181569E-005 -1.014705630621771E-006
  4.955892118965911E-006 -5.089746061038248E-006
  9.660058854290859E-007  3.326078695096511E-006
         126  4.254981948387264E-006 -1.373155192957525E-005
  1.398416269381938E-006 -3.977812283782721E-006
  1.402089820591302E-006  3.347032541272037E-006
         127 -1.543493957323531E-005 -1.018102767768932E-005
  2.298511053592056E-006 -5.987833495287518E-006
  1.794698453223182E-006  3.234587508590207E-006
         128 -1.599282808801068E-005  1.601132871910800E-005
 -4.627591209062455E-006 -1.026220203969624E-005
  2.168381691487514E-006  3.094072103581968E-006
         129  1.628323608789342E-005  2.216072568579152E-005
 -1.461619513877018E-005 -1.454959932777417E-006
  2.618842934058993E-006  2.839083133343525E-006
         130  2.987590918986039E-005 -1.577275987707609E-005
 -7.475786233076157E-006  1.419245296087385E-005
  2.895093974966839E-006  2.399258974926669E-006
         131 -1.280425940871203E-005 -3.962041517152988E-005
  1.210503588130097E-005  1.099375644816710E-005
  3.003277922427519E-006  2.072078240114448E-006
         132 -5.018478848591276E-005  5.581296688613071E-006
  1.320007576963156E-005 -1.021399961865236E-005
  3.194998288614588E-006  1.751744458062142E-006
         133 -6.531846687782794E-006  5.904538322667228E-005
 -7.803325281327086E-006 -1.499527946398757E-005
  3.259280300710047E-006  1.292898904834270E-006
         134  6.365185676721866E-005  2.251063987787632E-005
 -1.512484739911207E-005  4.939133362571170E-006
  3.016401967538998E-006  9.708348949521820E-007
         135  4.013561711391439E-005 -6.255064760618201E-005
  3.668279766403975E-006  1.363189886972593E-005
  2.861112814020821E-006  1.144484193013037E-006
         136 -5.557344276284434E-005 -5.706078231256398E-005
  1.295639226768582E-005 -4.792780607722593E-006
  3.368116556057322E-006  1.330400760351793E-006
         137 -7.147159658364741E-005  4.346837958941287E-005
 -6.295670214490419E-006 -1.458941673977551E-005
  4.066133602994471E-006  7.499295995822601E-007
         138  2.736362064760367E-005  8.197815310987228E-005
 -1.729660069908696E-005  6.625040390975163E-006
  4.011977371565325E-006 -2.674661403032949E-007
         139  8.738004821134086E-005 -8.653566303182838E-006
  6.486691609083593E-006  2.029547874828592E-005
  3.325932347824951E-006 -6.663974476668637E-007
         140  1.076892722178587E-005 -8.676323083752773E-005
  2.503235423087083E-005 -5.898587591523090E-006
  3.093538822236853E-006 -3.732410543617035E-007
         141 -8.012047337993708E-005 -2.852589688478501E-005
 -2.070347523998650E-006 -3.154017891309806E-005
  3.537220167534601E-006 -4.126067909689164E-007
         142 -4.229573445404187E-005  6.886313468380498E-005
 -3.609254337402291E-005 -6.820796279672766E-006
  3.717973054009911E-006 -1.141368452116090E-006
         143  5.553603967399195E-005  5.075652702545851E-005
 -1.779198057289396E-005  3.498676013175988E-005
  3.156124053425765E-006 -1.673768208147353E-006
         144  5.427278085057043E-005 -4.289177592940102E-005
  2.908334873217732E-005  2.627824672230073E-005
  2.706176064040695E-006 -1.401711091033814E-006
         145 -3.280442243761442E-005 -5.456179000413894E-005
  3.125195413645929E-005 -2.189377280431872E-005
  3.109488505647191E-006 -1.103362078101425E-006
         146 -5.370485636552751E-005  2.568169258886445E-005
 -1.460233827952812E-005 -3.439835397925727E-005
  3.764220146957202E-006 -1.700298700288186E-006
         147  2.074358681515102E-005  5.328480814222948E-005
 -3.564794854263806E-005  6.424055857256467E-006
  3.566990265436574E-006 -2.796293471334880E-006
         148  5.414705525248273E-005 -1.688265608669000E-005
 -1.645417023014972E-006  3.350778020454224E-005
  2.707100270916221E-006 -3.197050639491644E-006
         149 -1.319748930598338E-005 -5.659233277708060E-005
  2.905224445167703E-005  6.859625126189660E-006
  2.371363560085514E-006 -2.921825594244363E-006
         150 -6.072843360272896E-005  8.775522280898485E-006
  9.026420822384697E-006 -2.537140954181203E-005
  2.709301589667602E-006 -3.061001037882304E-006
         151  2.391929466222811E-006  6.643415845687557E-005
 -2.342239282483998E-005 -1.075379736176344E-005
  2.701337186204727E-006 -3.990094176351810E-006
         152  7.282651697071767E-005  7.352054900505166E-006
 -1.295728325223980E-005  2.133456800992449E-005
  1.769427843987261E-006 -4.702315026525495E-006
         153  2.133883701316203E-005 -7.783245548294854E-005
  1.896088104129245E-005  1.402744651198043E-005
  8.820331007623271E-007 -4.522018760796145E-006
         154 -7.872158806880193E-005 -3.919451732203940E-005
  1.410904423385521E-005 -1.865268564166605E-005
  7.226177777690570E-007 -4.231777894897746E-006
         155 -5.886961027893294E-005  7.338672142719289E-005
 -2.057028441120782E-005 -1.681391808749025E-005
  8.042981631041822E-007 -4.647746010497706E-006
         156  6.128965398759780E-005  7.725780036639955E-005
 -2.363152323666104E-005  2.049340894262242E-005
  7.492212225527952E-008 -5.501001714090875E-006
         157  9.162869119405490E-005 -4.370947949966224E-005
  1.494060015359251E-005  3.089153760855925E-005
 -1.408106880146138E-006 -5.560799934166298E-006
         158 -2.304183224084486E-005 -1.005819172117050E-004
  3.407836091021224E-005 -6.056582534413705E-006
 -2.395141389548533E-006 -4.674278960749282E-006
         159 -1.040551159237658E-004  1.537764745161663E-006
  2.009860041398401E-006 -3.341557948299406E-005
 -2.509415869288645E-006 -3.893197379876905E-006
         160 -1.951655123563713E-005  1.027200569246369E-004
 -3.158877250753998E-005 -8.483078406588712E-006
 -2.578968717863722E-006 -3.755715301183287E-006
         161  9.723011719772307E-005  3.948637773372162E-005
 -1.522676628725465E-005  2.881875773091648E-005
 -3.170904238558499E-006 -3.585301116383868E-006
         162  5.776088446272972E-005 -8.783371658460555E-005
  2.354796217855849E-005  2.153046486755896E-005
 -3.683890169052717E-006 -2.862142589289106E-006
         163 -7.482225447391831E-005 -7.350927775554524E-005
  2.484468033835436E-005 -1.650686864067661E-005
 -3.603097190317178E-006 -2.063407848026674E-006
         164 -8.584614844524978E-005  5.908983942931861E-005
 -1.052568314149617E-005 -2.516494266304810E-005
 -3.285878770557253E-006 -1.813724867657016E-006
         165  4.199143142351519E-005  9.433443245157839E-005
 -2.513394810575289E-005  6.138739345782066E-006
 -3.406312545138552E-006 -1.847700276501257E-006
         166  9.926754142726946E-005 -2.463726648353888E-005
  1.508413589532940E-006  2.543276374310323E-005
 -3.823966182817187E-006 -1.497128929757767E-006
         167 -7.371474798732193E-006 -1.013361904243522E-004
  2.416267017656187E-005  3.599015452151301E-006
 -3.898793107548668E-006 -7.792324911501580E-007
         168 -1.007849587890316E-004 -1.006732600411572E-005
  6.851668411359542E-006 -2.126269543003304E-005
 -3.506339497051425E-006 -2.882973541707654E-007
         169 -2.783190350978118E-005  9.699394892451878E-005
 -1.945854191433719E-005 -7.834711041191905E-006
 -3.156606276334868E-006 -2.947566510182783E-007
         170  8.897751432429043E-005  4.515361765167975E-005
 -9.571099788623830E-006  1.986745688895861E-005
 -3.263341455350954E-006 -4.108086347239525E-007
         171  6.020380512081409E-005 -7.633951717256970E-005
  1.968444618726342E-005  1.388919886106743E-005
 -3.559120412400115E-006 -1.512222346757117E-007
         172 -5.993090033089118E-005 -7.089852986809754E-005
  1.843477545715744E-005 -1.643273579434674E-005
 -3.576348528981253E-006  3.438218164937442E-007
         173 -7.602107662173296E-005  4.170045759345819E-005
 -1.156624622606855E-005 -2.034639113251430E-005
 -3.343554953065900E-006  6.755034318388958E-007
         174  2.383128679157287E-005  7.566069090083077E-005
 -2.038013857969240E-005  7.755576660690805E-006
 -3.158517301648599E-006  7.937739095985704E-007
         175  7.077005778957831E-005 -7.874132842426801E-006
  4.945947665729221E-006  2.069981648828453E-005
 -3.113685037687146E-006  8.835000485625989E-007
         176  5.366005811231461E-006 -6.230903393977544E-005
  2.118664226807381E-005 -1.563513137071095E-006
 -3.119648116311051E-006  1.032442159322566E-006
         177 -5.084693613789585E-005 -1.519251058204104E-005
  2.257369915508243E-006 -2.063087109024723E-005
 -3.131242569967281E-006  1.212391691773736E-006
         178 -2.041235922108754E-005  3.703919480876905E-005
 -1.942705596173323E-005 -5.741550948538065E-006
 -3.176876567772959E-006  1.430074367112288E-006
         179  2.251245050222777E-005  1.956363141317310E-005
 -9.912404551449920E-006  1.801975494583363E-005
 -3.198677586456337E-006  1.741494636766520E-006
         180  1.208377624034116E-005 -1.027122652077974E-005
  1.420157045906385E-005  1.544775649242369E-005
 -3.134860341321578E-006  2.069951936088905E-006
         181 -3.957902270231086E-006  5.196244120938526E-007
  1.915250689589371E-005 -5.902424277097991E-006
 -3.064896901816973E-006  2.396674760606901E-006
         182  1.449511377795452E-005  6.096554448520809E-006
  4.101055486915750E-006 -1.649599190533499E-005
 -2.957320577431961E-006  2.763178025863988E-006
         183  1.655357829746444E-005 -2.497994600183289E-005
 -7.902691364832800E-006 -9.771292711552159E-006
 -2.783701873402991E-006  3.180534613282743E-006
         184 -2.795350919022793E-005 -3.224154162608729E-005
 -8.324372231295116E-006 -1.191641120647600E-006
 -2.482397049350594E-006  3.598080537728736E-006
         185 -4.837356381706802E-005  2.185607600425809E-005
 -6.473314705192185E-006  2.339801642809297E-006
 -2.094836810389039E-006  3.923262828211536E-006
         186  8.035813215395063E-006  6.032450272163985E-005
 -4.921109176098969E-006  7.584412499991003E-006
 -1.685302502533731E-006  4.168173520239664E-006
         187  6.510205490079442E-005  1.023195599741623E-005
  4.788511233167855E-006  1.218429250840297E-005
 -1.315146591787613E-006  4.379477477240929E-006
         188  2.917642860180791E-005 -6.199104406084626E-005
  1.747975405875206E-005  2.753518911997511E-006
 -9.107271198795968E-007  4.655600582586012E-006
         189 -5.208222206679937E-005 -4.550479109640848E-005
  1.336621873954617E-005 -1.688745641564868E-005
 -3.580482291555635E-007  4.875759592601847E-006
         190 -5.694530972476166E-005  3.742389907559727E-005
 -9.139743399361180E-006 -2.160330789234267E-005
  2.241297225098355E-007  5.035353009233445E-006
         191  2.041286897764258E-005  6.246401397228231E-005
 -2.307080382135990E-005 -1.399846634678983E-006
  9.216806537076382E-007  5.115967576490646E-006
         192  6.220721481770863E-005 -3.558723732098751E-006
 -9.399769096994920E-006  1.891604737444174E-005
  1.718351876650130E-006  5.037111702302030E-006
         193  1.106160357386289E-005 -5.725740438522455E-005
  1.276813616099070E-005  1.349706831971695E-005
  2.571455937425792E-006  4.653356355715003E-006
         194 -4.940475483143156E-005 -2.232914449875049E-005
  1.459177019618374E-005 -6.024932019918265E-006
  3.124125131359890E-006  3.931147842493572E-006
         195 -3.014410251968556E-005  4.042511944040701E-005
  7.062212604842284E-007 -1.173449418801657E-005
  3.250714035361669E-006  3.280298185829522E-006
         196  3.127165660417832E-005  3.513557288450451E-005
 -4.382627487998644E-006 -3.870858782684616E-006
  3.282564257572745E-006  2.933173289192755E-006
         197  3.797314549671539E-005 -2.200829317741847E-005
  4.670555509489727E-007 -3.260132802739813E-006
  3.469786524653848E-006  2.712866658792466E-006
         198 -1.257847674332914E-005 -3.862751960109447E-005
 -4.323452890731577E-006 -1.030479610456522E-005
  3.772810825642685E-006  2.352378133091131E-006
         199 -3.636515593365447E-005  3.586480856138879E-006
 -1.847307900932557E-005 -3.298696293187089E-006
  3.943420892998015E-006  1.828750198961204E-006
         200 -3.354750145920596E-006  3.083289334206650E-005
 -1.502223523548509E-005  1.958531780584081E-005
  3.870244116487120E-006  1.380482412039873E-006
         201  2.310442222409749E-005  6.167623628693923E-006
  1.380386271381029E-005  2.532133857028031E-005
  3.816412591990719E-006  1.207568500134821E-006
         202  3.644934102071843E-006 -1.579588815421232E-005
  3.159621157798372E-005 -3.527232217330439E-006
  4.051282570163271E-006  1.032522763935980E-006
         203 -1.205092060649659E-005  3.394743458742544E-006
  9.194548255775149E-006 -3.233723780642931E-005
  4.346777920256419E-006  5.315191655996248E-007
         204  1.217221972362956E-005  1.404613684533951E-005
 -2.594573196989439E-005 -2.086798945276754E-005
  4.293058081170506E-006 -1.704539912362130E-007
         205  2.197500474439650E-005 -1.928140018973475E-005
 -2.631878663807943E-005  1.411928450573800E-005
  3.910706656012098E-006 -5.861452804082340E-007
         206 -2.216259896573560E-005 -3.419568417797136E-005
  2.811334892094154E-006  2.330534104195666E-005
  3.724385691056478E-006 -6.319670751956264E-007
         207 -4.839187865498277E-005  1.972214917940422E-005
  1.538090407995804E-005  2.862885035270889E-006
  3.907994575485570E-006 -8.564860626389686E-007
         208  1.181483761527639E-005  6.263042129333725E-005
  2.741972380461858E-006 -7.435705493978117E-006
  3.879974881178135E-006 -1.497580887173842E-006
         209  7.543462107846379E-005  1.635909550281380E-006
 -1.012992169099935E-006  1.202286877868007E-006
  3.324636511210212E-006 -1.940005072341975E-006
         210  2.086971681564932E-005 -8.500446958790033E-005
  9.185453301099930E-006 -3.425380797310867E-006
  2.887715442167338E-006 -1.739682237795843E-006
         211 -8.864115986543008E-005 -4.546297132045748E-005
 -2.319098226660809E-006 -2.147533362599955E-005
  3.188722870901151E-006 -1.506622202629501E-006
         212 -7.313035902592097E-005  8.345167056941252E-005
 -3.371139575508602E-005 -8.493022003131953E-006
  3.772926736829343E-006 -2.081853033610040E-006
         213  6.798448081448258E-005  9.942842537590477E-005
 -2.765424846649281E-005  3.828211689105087E-005
  3.588632474532346E-006 -3.281713935469784E-006
         214  1.193173473681805E-004 -4.366498440045179E-005
  3.082924566402943E-005  4.820418934734239E-005
  2.518296905161671E-006 -3.954123228610008E-006
         215 -1.471111540699359E-005 -1.296966915836251E-004
  6.294026438687602E-005 -1.298117886980529E-005
  1.592661728215468E-006 -3.731875476607861E-006
         216 -1.309775886254118E-004 -1.391352814018216E-005
  1.064752607687818E-005 -6.762140885677204E-005
  1.337122819466850E-006 -3.373372140791719E-006
         217 -3.940156317865260E-005  1.264376874745306E-004
 -6.030788731953404E-005 -3.426717129919617E-005
  1.277495394590634E-006 -3.426650619649256E-006
         218  1.195671404059528E-004  6.248910256203676E-005
 -5.051709885745640E-005  4.238438367275897E-005
  9.112353050249431E-007 -3.583544424805024E-006
         219  8.611060985493551E-005 -1.110272288548818E-004
  2.112283507359728E-005  5.354484065709937E-005
  5.588173078746868E-007 -3.412795125091220E-006
         220 -9.766312737280537E-005 -1.121509587885919E-004
  4.543254379218687E-005 -6.867000042076875E-006
  5.974764535267729E-007 -3.329067018638409E-006
         221 -1.384967635917414E-004  7.463815560262516E-005
 -4.488082780815257E-006 -3.626816137951451E-005
  5.562541075299113E-007 -3.726816472166978E-006
         222  3.953180482418833E-005  1.587218903191210E-004
 -3.537272577670123E-005  8.627624214874030E-006
 -8.829405086685544E-008 -4.172758854257436E-006
         223  1.649829067030833E-004  4.458328947713124E-006
  9.326383132439913E-006  4.365481178699192E-005
 -9.912389852923744E-007 -3.978010160133867E-006
         224  4.857571599771893E-005 -1.527179883078309E-004
  5.476570619655046E-005 -5.011410615203244E-007
 -1.399679790627559E-006 -3.337043352564382E-006
         225 -1.241056100610319E-004 -8.207855738359088E-005
  1.759819065082157E-005 -6.090224169049551E-005
 -1.319795121577197E-006 -2.953399584632868E-006
         226 -9.754586485983853E-005  8.789721309343389E-005
 -5.594988772184638E-005 -4.031130825405584E-005
 -1.330713546169951E-006 -2.963838185650218E-006
         227  5.566835542698234E-005  9.485417374173238E-005
 -5.937754829668462E-005  3.730239046072150E-005
 -1.634332491301182E-006 -2.891845614084822E-006
         228  8.134758379416535E-005 -3.638487791025451E-005
  9.151874220105752E-006  6.487950375404129E-005
 -1.747091121987201E-006 -2.549260365545062E-006
         229 -3.223760182394961E-005 -6.815736716738038E-005
  5.217541882384268E-005  1.671702870751527E-005
 -1.517979528679462E-006 -2.530123651122230E-006
         230 -6.470679207477267E-005  3.785540410441179E-005
  2.781485690923550E-005 -2.756639106583333E-005
 -1.667444648322414E-006 -3.011564638839816E-006
         231  4.334578298155730E-005  7.431157452579274E-005
 -4.668671110193271E-006 -2.044487092179246E-005
 -2.542841850352868E-006 -3.217942749552111E-006
         232  9.290057518025432E-005 -3.937923467344459E-005
 -1.431581190601423E-006 -5.341351208389978E-006
 -3.404003794030493E-006 -2.529764442862622E-006
         233 -2.172558668844597E-005 -1.113327049183986E-004
  9.400599018615152E-007 -1.812767876118477E-005
 -3.387475287009919E-006 -1.521653654563437E-006
         234 -1.200897099230422E-004 -6.899699539033072E-006
 -2.849394973259998E-005 -2.039957016130192E-005
 -2.782999942583863E-006 -1.205131111041110E-006
         235 -3.823104437986183E-005  1.139339823369062E-004
 -4.511289462251796E-005  2.282777916228923E-005
 -2.605583424516871E-006 -1.606720752744679E-006
         236  9.427539726453651E-005  6.244578308710711E-005
 -1.949758870561441E-007  6.315599291989488E-005
 -3.152966672675593E-006 -1.860161966583194E-006
         237  7.289053944471512E-005 -6.844036431168862E-005
  6.325755043543865E-005  3.259854224656500E-005
 -3.802763883412215E-006 -1.510492622077025E-006
         238 -4.626211696063267E-005 -6.914695843785766E-005
  5.963458547946172E-005 -4.299444347125085E-005
 -4.098592608553724E-006 -9.386046074228772E-007
         239 -5.717301634869048E-005  3.548967542186998E-005
 -1.137656613972035E-005 -6.949737383363933E-005
 -4.264641402074847E-006 -4.757687318442979E-007
         240  3.820658448686270E-005  4.652965036268674E-005
 -6.048426988183785E-005 -1.806941063427018E-005
 -4.518799409299671E-006  7.616639755870467E-008
         241  4.600575654880414E-005 -4.992630285184780E-005
 -3.570114864028980E-005  3.887280302376753E-005
 -4.558553940972434E-006  9.309097486538249E-007
         242 -6.169656950219779E-005 -5.963480196962385E-005
  1.353641578261526E-005  3.769976020774591E-005
 -4.085489163468608E-006  1.670072790116504E-006
         243 -8.491375792093782E-005  6.406159812878256E-005
  2.471797340192149E-005  6.147439109414143E-006
 -3.537228188998844E-006  1.869825856535350E-006
         244  5.105588528130217E-005  1.140801235865617E-004
  1.166923965760548E-005 -3.093125581578195E-006
 -3.439304290354396E-006  1.906875228156934E-006
         245  1.375129736673535E-004 -2.254182541234121E-005
  1.531988762116533E-005 -3.639359046011109E-007
 -3.521895320405846E-006  2.342530713490444E-006
         246  1.608630766588112E-005 -1.475862652667405E-004
  2.063700574766815E-005 -1.969356266082123E-005
 -3.236086770056203E-006  3.057317522905102E-006
         247 -1.413003491361398E-004 -5.645746854079739E-005
 -8.107669269517399E-006 -3.889970238846652E-005
 -2.507526388375035E-006  3.554746103072867E-006
         248 -9.057556478973960E-005  1.208284739498620E-004
 -4.566635263769791E-005 -1.259167485038420E-005
 -1.733426240814420E-006  3.576720997662908E-006
         249  9.191785626906946E-005  1.134981670950632E-004
 -3.358657115191637E-005  3.950893397868264E-005
 -1.260877492576394E-006  3.370696518647211E-006
         250  1.244975240781815E-004 -6.115969205900620E-005
  2.305977001400643E-005  4.842244019905480E-005
 -9.824692783841909E-007  3.234790345752332E-006
         251 -3.352941283909230E-005 -1.264494157615761E-004
  5.263071497302576E-005 -8.186817925272905E-007
 -7.478610913075648E-007  3.164857489299205E-006
         252 -1.237936812263908E-004  1.096802681098167E-005
  2.006039666202919E-005 -4.421047386212973E-005
 -5.193070441921731E-007  3.117683284201145E-006
         253 -7.645511965918502E-006  1.202369932946470E-004
 -2.677117043279110E-005 -3.168236085966668E-005
 -3.036152842817604E-007  3.091545588349681E-006
         254  1.172260305298587E-004  2.517983784139209E-005
 -3.104836839595197E-005  8.807852049023681E-006
 -2.449934589318872E-008  3.107399609149262E-006
         255  4.418645701698879E-005 -1.136407323111214E-004
 -2.434988558812461E-006  2.231133882274290E-005
  3.685075011863073E-007  2.977947916736979E-006
         256 -1.067467459181050E-004 -6.533707614213165E-005
  1.202400961275940E-005  5.477939411029952E-006
  5.878391438015533E-007  2.599627182173187E-006
