   5120.00000000000     
         256           1           3
  8.994473019507991E-004   40.8032521411370        114.217304215565     
   18.8300000000000        145.590000000000        6160.02000000000     
           0  0.000000000000000E+000  0.000000000000000E+000
  0.000000000000000E+000  0.000000000000000E+000
  0.000000000000000E+000  0.000000000000000E+000
           1  0.000000000000000E+000  0.000000000000000E+000
  1.820634049568401E-009  1.965022318513391E-010
 -1.970529709041345E-008  3.124627293167444E-011
           2  0.000000000000000E+000  0.000000000000000E+000
  1.737820604828939E-009  7.398314684730285E-010
 -2.193567747436552E-008 -9.038784655359907E-010
           3  0.000000000000000E+000  0.000000000000000E+000
  1.884455544825384E-009  1.582719537606719E-009
 -2.679639255190143E-008  7.358431418205619E-010
           4  0.000000000000000E+000  0.000000000000000E+000
  2.748006452448135E-009  2.660088269615111E-009
 -3.271457308644914E-008  8.419082644104978E-009
           5  0.000000000000000E+000  0.000000000000000E+000
  4.826581780508509E-009  3.293881115875703E-009
 -3.236945703898828E-008  2.405442710400980E-008
           6  0.000000000000000E+000  0.000000000000000E+000
  7.714437156239222E-009  1.801468982182821E-009
 -1.621630430256119E-008  3.956689956775452E-008
           7  0.000000000000000E+000  0.000000000000000E+000
  8.238678093232551E-009 -1.458504067781482E-009
  1.288078891420066E-008  3.894200463661613E-008
           8  0.000000000000000E+000  0.000000000000000E+000
  7.108582650726270E-009 -4.228890311694459E-009
  3.836717122340525E-008  7.720883170077682E-009
           9  0.000000000000000E+000  0.000000000000000E+000
  4.171100092281421E-009 -5.690909323556672E-009
  2.310225397088795E-008 -4.344566241730128E-008
          10  0.000000000000000E+000  0.000000000000000E+000
  1.572288006323439E-009 -4.292326603677644E-009
 -4.254882791350898E-008 -6.268216443637792E-008
          11  0.000000000000000E+000  0.000000000000000E+000
  1.404999105702169E-009 -3.259885831637816E-009
 -1.095614468110667E-007 -7.206307577894889E-009
          12  0.000000000000000E+000  0.000000000000000E+000
 -5.525935772078896E-010 -7.267825774616681E-011
 -9.552728731484240E-008  1.093848966905084E-007
          13  0.000000000000000E+000  0.000000000000000E+000
  4.573169703051266E-009  2.953432418207604E-009
  4.075926195800677E-008  1.587526313303254E-007
          14  0.000000000000000E+000  0.000000000000000E+000
  9.359824368058240E-009 -1.235539228440738E-009
  1.642614006602755E-007  5.043506053049093E-008
          15  0.000000000000000E+000  0.000000000000000E+000
  8.366493691193415E-009 -7.380568112662067E-009
  1.296272475572341E-007 -1.296289900885610E-007
          16  0.000000000000000E+000  0.000000000000000E+000
  3.547769545413486E-009 -1.164224136251366E-008
 -6.510566272744795E-008 -2.001839599863014E-007
          17  0.000000000000000E+000  0.000000000000000E+000
 -7.245939745802985E-009 -8.853976125697926E-009
 -2.438655859778211E-007 -4.126677259351226E-008
          18  0.000000000000000E+000  0.000000000000000E+000
 -5.975176237988218E-009  3.187191571161403E-009
 -1.767103943851483E-007  2.034130279867039E-007
          19  0.000000000000000E+000  0.000000000000000E+000
  3.846392798990310E-009  5.886222727430056E-009
  7.484566294532843E-008  2.694343024237345E-007
          20  0.000000000000000E+000  0.000000000000000E+000
  1.025292762737691E-008 -2.301328659673973E-010
  2.709586226226267E-007  8.110496314340204E-008
          21  0.000000000000000E+000  0.000000000000000E+000
  9.840526941641122E-009 -8.376165679659779E-009
  2.073121782646722E-007 -1.990061786825314E-007
          22  0.000000000000000E+000  0.000000000000000E+000
  1.788879569762291E-009 -1.616590396467071E-008
 -8.796954851647302E-008 -2.885315728470394E-007
          23  0.000000000000000E+000  0.000000000000000E+000
 -1.061176231811698E-008 -6.505456380787566E-009
 -2.984378611395400E-007 -5.518364337085439E-008
          24  0.000000000000000E+000  0.000000000000000E+000
 -3.918945055612665E-009  4.322736489260257E-009
 -2.103592526302331E-007  2.190671083713333E-007
          25  0.000000000000000E+000  0.000000000000000E+000
  5.659762864652719E-009  2.769647310181804E-009
  5.842408964989444E-008  2.983860145152575E-007
          26  0.000000000000000E+000  0.000000000000000E+000
  9.102110630858527E-009 -4.869472821923146E-009
  2.705548068789343E-007  1.152317403821282E-007
          27  0.000000000000000E+000  0.000000000000000E+000
  5.469082381323933E-009 -1.435962427590263E-008
  2.193778314064967E-007 -1.608062238367223E-007
          28  0.000000000000000E+000  0.000000000000000E+000
 -1.153152689266059E-008 -1.175713603424289E-008
 -2.353497693536356E-008 -2.315347328515673E-007
          29  0.000000000000000E+000  0.000000000000000E+000
 -7.641082303138696E-009  3.615476941154759E-009
 -1.971328146172606E-007 -1.163819547982745E-007
          30  0.000000000000000E+000  0.000000000000000E+000
  3.373743582460330E-009  3.387451036986700E-009
 -2.248836325270618E-007  1.064559118775687E-007
          31  0.000000000000000E+000  0.000000000000000E+000
  7.213705096690192E-009 -4.255974829708576E-009
 -3.919178590027632E-008  2.582922136071309E-007
          32  0.000000000000000E+000  0.000000000000000E+000
  4.213180279082510E-009 -1.208054849456454E-008
  1.835866300550754E-007  1.718518877822806E-007
          33  0.000000000000000E+000  0.000000000000000E+000
 -9.791252461069156E-009 -1.524035117230014E-008
  2.200185314676398E-007 -3.706397213580459E-008
          34  0.000000000000000E+000  0.000000000000000E+000
 -1.340422643782730E-008  1.711991836966461E-009
  9.799137254818875E-008 -2.001954970306698E-007
          35  0.000000000000000E+000  0.000000000000000E+000
 -1.956176924791897E-009  6.869379251487111E-009
 -1.375592063380067E-007 -1.764406605013073E-007
          36  0.000000000000000E+000  0.000000000000000E+000
  5.788232223028920E-009  1.652478632405148E-009
 -2.130041844526546E-007  5.064160567555988E-008
          37  0.000000000000000E+000  0.000000000000000E+000
  6.853685540501923E-009 -6.647540401316012E-009
 -5.152948307489487E-008  2.023048338914917E-007
          38  0.000000000000000E+000  0.000000000000000E+000
  9.027314249310394E-010 -1.496314079537282E-008
  1.295264860933202E-007  1.363214452053647E-007
          39  0.000000000000000E+000  0.000000000000000E+000
 -1.442956635904091E-008 -1.001070871843436E-008
  1.738981087612396E-007 -2.099983438760600E-008
          40  0.000000000000000E+000  0.000000000000000E+000
 -1.105448462379755E-008  3.159045328750964E-009
  4.441856795390055E-008 -1.587514575585656E-007
          41  0.000000000000000E+000  0.000000000000000E+000
 -2.831386959593560E-009  5.474420156453951E-009
 -1.269794486390157E-007 -6.581495657160980E-008
          42  0.000000000000000E+000  0.000000000000000E+000
  3.494358788964565E-009  2.230680646878620E-009
 -8.488918575525368E-008  1.068071007563888E-007
          43  0.000000000000000E+000  0.000000000000000E+000
  5.919944962180639E-009 -5.822516414540771E-009
  7.310252272540910E-008  1.134076249958835E-007
          44  0.000000000000000E+000  0.000000000000000E+000
 -3.837692456546866E-009 -1.324176277846728E-008
  1.303569992358006E-007 -1.453546227953016E-008
          45  0.000000000000000E+000  0.000000000000000E+000
 -9.967259817170346E-009 -5.711143717466845E-009
  2.657261897000019E-008 -1.435247367826492E-007
          46  0.000000000000000E+000  0.000000000000000E+000
 -9.968961831660246E-009 -1.084539149653826E-009
 -1.540747412569785E-007 -5.008207988582150E-008
          47  0.000000000000000E+000  0.000000000000000E+000
 -7.343129426992442E-009  3.796155530861884E-009
 -1.026846771702868E-007  1.585629503641386E-007
          48  0.000000000000000E+000  0.000000000000000E+000
 -6.758153218163206E-010  4.208840910509051E-009
  1.158312124101986E-007  1.814968856363919E-007
          49  0.000000000000000E+000  0.000000000000000E+000
  1.820711783368448E-009 -2.637740720025365E-009
  2.314863273326049E-007 -8.600050684552805E-009
          50  0.000000000000000E+000  0.000000000000000E+000
 -2.377122636720403E-009 -5.420301519086762E-009
  1.163808266160003E-007 -2.173250427832263E-007
          51  0.000000000000000E+000  0.000000000000000E+000
 -6.645537026086143E-009 -5.499885724326010E-009
 -1.461935541433675E-007 -2.034604151069145E-007
          52  0.000000000000000E+000  0.000000000000000E+000
 -9.873851993629874E-009 -1.150733994588357E-009
 -2.525593950121331E-007  4.406243075858210E-008
          53  0.000000000000000E+000  0.000000000000000E+000
 -7.553929131760468E-009  3.929993093935175E-009
 -8.538826597747110E-008  2.613876570933856E-007
          54  0.000000000000000E+000  0.000000000000000E+000
 -2.366844178422567E-009  4.254505252413260E-009
  1.960011075644668E-007  2.264033058771496E-007
          55  0.000000000000000E+000  0.000000000000000E+000
 -7.298743139671540E-011 -4.545661807186664E-011
  3.127508998092267E-007 -4.519159493776012E-008
          56  0.000000000000000E+000  0.000000000000000E+000
 -3.163809297984371E-009 -3.188998967019016E-009
  1.325396091099684E-007 -2.872668506644153E-007
          57  0.000000000000000E+000  0.000000000000000E+000
 -6.738473432326782E-009 -2.064662898632911E-009
 -1.728026623269873E-007 -2.617353518627938E-007
          58  0.000000000000000E+000  0.000000000000000E+000
 -7.878727216088851E-009  1.311366085469027E-009
 -3.190765629332220E-007  2.345201700435834E-008
          59  0.000000000000000E+000  0.000000000000000E+000
 -5.956991969410540E-009  4.129646989385378E-009
 -1.368032601213112E-007  3.099844638770154E-007
          60  0.000000000000000E+000  0.000000000000000E+000
 -2.582643477869292E-009  4.714569617436861E-009
  2.211521391515083E-007  2.884895147960525E-007
          61  0.000000000000000E+000  0.000000000000000E+000
 -1.439611163388981E-010 -1.890232653088785E-010
  3.684650684076865E-007 -3.972992344160825E-008
          62  0.000000000000000E+000  0.000000000000000E+000
 -4.767158673406486E-009 -1.538360198114849E-009
  1.872183117397984E-007 -3.387895778352126E-007
          63  0.000000000000000E+000  0.000000000000000E+000
 -7.134261352831298E-009  1.163536161836184E-010
 -2.124953708637448E-007 -3.514612287413343E-007
          64  0.000000000000000E+000  0.000000000000000E+000
 -8.775626472587346E-009  3.752227973817362E-009
 -4.190509360032222E-007  4.311028037254638E-008
          65  0.000000000000000E+000  0.000000000000000E+000
 -6.165317221704162E-009  9.283334020671167E-009
 -1.319811662330388E-007  4.088150653312038E-007
          66  0.000000000000000E+000  0.000000000000000E+000
  3.981872196945518E-009  7.645836322863029E-009
  3.049468640061940E-007  3.038601565817719E-007
          67  0.000000000000000E+000  0.000000000000000E+000
  1.890181593190616E-009 -4.862060573429553E-010
  4.595776200465244E-007 -1.089805982037744E-007
          68  0.000000000000000E+000  0.000000000000000E+000
 -2.396877312967121E-009 -3.804182417392873E-009
  1.095152634785816E-007 -4.978359248283505E-007
          69  0.000000000000000E+000  0.000000000000000E+000
 -1.053425653420708E-008 -1.592549260897169E-009
 -3.988623727080969E-007 -2.939059188035378E-007
          70  0.000000000000000E+000  0.000000000000000E+000
 -1.243550531037024E-008  8.950943491425529E-009
 -4.002975554678233E-007  2.253399065043404E-007
          71  0.000000000000000E+000  0.000000000000000E+000
 -6.192785058417894E-010  1.714932394919096E-008
  2.330911500839543E-008  4.224395844344584E-007
          72  0.000000000000000E+000  0.000000000000000E+000
  7.871264018695377E-009  5.773612030203337E-009
  3.787933961291641E-007  2.120680093314743E-007
          73  0.000000000000000E+000  0.000000000000000E+000
  5.768882420300074E-009 -2.075861874674726E-009
  3.900468228412896E-007 -2.723041987094259E-007
          74  0.000000000000000E+000  0.000000000000000E+000
 -4.020460997681953E-009 -7.193428143739352E-009
 -7.781100394572771E-008 -4.420598162805812E-007
          75  0.000000000000000E+000  0.000000000000000E+000
 -1.393233567353957E-008  1.129058934881140E-009
 -3.625932342991879E-007 -1.190540321009626E-007
          76  0.000000000000000E+000  0.000000000000000E+000
 -1.073298452912864E-008  1.524718108164605E-008
 -2.362275675047289E-007  2.056373557987673E-007
          77  0.000000000000000E+000  0.000000000000000E+000
  6.709815903321470E-009  1.529440068553397E-008
  1.938273059659060E-008  2.796146425441967E-007
          78  0.000000000000000E+000  0.000000000000000E+000
  8.792742827164931E-009  5.144996768162825E-009
  2.933914396346901E-007  1.262656315397141E-007
          79  0.000000000000000E+000  0.000000000000000E+000
  4.919722770564349E-009 -4.358796822127175E-009
  2.033160214135142E-007 -1.878181409975464E-007
          80  0.000000000000000E+000  0.000000000000000E+000
 -7.454819198292944E-009 -3.164510755841302E-009
  1.250487187637220E-009 -1.994634223761669E-007
          81  0.000000000000000E+000  0.000000000000000E+000
 -1.030308814329056E-008  9.272099556793588E-009
 -8.961868908181594E-008 -1.596076725262127E-007
          82  0.000000000000000E+000  0.000000000000000E+000
  3.175835448345384E-009  1.628327628430243E-008
 -2.200729070607688E-007 -7.085608031806354E-008
          83  0.000000000000000E+000  0.000000000000000E+000
  7.905330960199115E-009  6.959305879811444E-009
 -1.556943929932974E-007  1.785125324839548E-007
          84  0.000000000000000E+000  0.000000000000000E+000
  7.237452290393044E-009 -1.987387776720743E-010
  3.077068799035621E-008  1.912633938972476E-007
          85  0.000000000000000E+000  0.000000000000000E+000
 -1.415290471994490E-009 -1.860772341508484E-009
  2.032857654666744E-007  1.266086253288324E-007
          86  0.000000000000000E+000  0.000000000000000E+000
 -4.495954852583381E-009  5.227772798263702E-009
  2.587530015839423E-007 -1.494098905368809E-007
          87  0.000000000000000E+000  0.000000000000000E+000
  7.246723749908054E-010  1.141854774036729E-008
 -1.712789190086412E-008 -3.269579954309168E-007
          88  0.000000000000000E+000  0.000000000000000E+000
  7.555281888148271E-009  5.752420384227254E-009
 -2.770735152956730E-007 -1.109633545190730E-007
          89  0.000000000000000E+000  0.000000000000000E+000
  7.076231342655543E-009  2.115982188668455E-009
 -1.851616298444047E-007  1.048079468256533E-007
          90  0.000000000000000E+000  0.000000000000000E+000
  3.020214155011535E-009 -1.877559392621339E-009
 -4.115160457267262E-008  1.910258104518522E-007
          91  0.000000000000000E+000  0.000000000000000E+000
 -1.709688475512571E-009  1.101061963219445E-009
  1.387311142521292E-007  1.113593135609520E-007
          92  0.000000000000000E+000  0.000000000000000E+000
 -1.538919404961251E-009  5.657011193625364E-009
  1.264862505714663E-007 -6.277009886710797E-008
          93  0.000000000000000E+000  0.000000000000000E+000
  3.544415564992050E-009  9.062555938200796E-009
  1.080505285386878E-008 -9.009094471690392E-008
          94  0.000000000000000E+000  0.000000000000000E+000
  6.550117682295112E-009  5.080516973047514E-009
  2.427442860181008E-008 -3.324708276082144E-008
          95  0.000000000000000E+000  0.000000000000000E+000
  7.858974536474520E-009  1.366560109613897E-009
  1.816792151005857E-009 -1.315029476264039E-007
          96  0.000000000000000E+000  0.000000000000000E+000
  3.770747997116015E-009 -1.584686251806090E-009
 -1.235812903588072E-007 -1.077092910436692E-007
          97  0.000000000000000E+000  0.000000000000000E+000
  5.393674451486812E-010  3.353917916872444E-010
 -2.064478813355941E-007  4.078660959422074E-009
          98  0.000000000000000E+000  0.000000000000000E+000
 -2.854145417590270E-010  4.184219353399552E-009
 -1.649573498688615E-007  2.214596510017891E-007
          99  0.000000000000000E+000  0.000000000000000E+000
  3.262701668247887E-009  5.779380529981642E-009
  1.433117918813831E-007  3.292823319393562E-007
         100  0.000000000000000E+000  0.000000000000000E+000
  6.455926858513657E-009  6.039022807131764E-009
  4.296540675058176E-007 -3.949008044115099E-009
         101  0.000000000000000E+000  0.000000000000000E+000
  8.455820228299780E-009  2.496692716369718E-009
  2.263329628907454E-007 -4.203274277298182E-007
         102  0.000000000000000E+000  0.000000000000000E+000
  7.863169129831109E-009 -6.286601586667499E-010
 -2.751933645924418E-007 -4.746091208846815E-007
         103  0.000000000000000E+000  0.000000000000000E+000
  4.627084955144598E-009 -2.706625590551079E-009
 -6.055530484094208E-007  1.885975455346465E-009
         104  0.000000000000000E+000  0.000000000000000E+000
  1.650740894850714E-009 -9.594454666841366E-010
 -2.979129884330505E-007  5.504139161816582E-007
         105  0.000000000000000E+000  0.000000000000000E+000
  1.315435794743701E-009  3.062865902055904E-009
  3.478716371953171E-007  5.079791618197781E-007
         106  0.000000000000000E+000  0.000000000000000E+000
  5.201307262134860E-009  4.679167943701967E-009
  5.988100060587266E-007 -6.699051076969414E-008
         107  0.000000000000000E+000  0.000000000000000E+000
  8.594334207610336E-009  2.601123138126141E-009
  2.262874397197235E-007 -5.611892951279175E-007
         108  0.000000000000000E+000  0.000000000000000E+000
  9.219564632339479E-009 -1.487631401208848E-009
 -3.769740846505247E-007 -4.702840386224224E-007
         109  0.000000000000000E+000  0.000000000000000E+000
  6.241764764055521E-009 -4.539822941846024E-009
 -5.785604526642277E-007  8.141416917734891E-008
         110  0.000000000000000E+000  0.000000000000000E+000
  2.458779486477578E-009 -3.477220243605216E-009
 -2.180576325837063E-007  5.035221354759575E-007
         111  0.000000000000000E+000  0.000000000000000E+000
  1.673698788471293E-009  7.505318860514839E-011
  3.099060689144095E-007  4.113983508012760E-007
         112  0.000000000000000E+000  0.000000000000000E+000
  4.441189132956091E-009  1.757808356151960E-009
  4.639229560505784E-007 -8.924585075609371E-008
         113  0.000000000000000E+000  0.000000000000000E+000
  6.969537810660025E-009  9.389264598847803E-010
  1.147286103876266E-007 -4.174306690846418E-007
         114  0.000000000000000E+000  0.000000000000000E+000
  8.999484523537299E-009 -1.972016929492016E-009
 -2.953746984558895E-007 -2.846121246478564E-007
         115  0.000000000000000E+000  0.000000000000000E+000
  6.248990501436740E-009 -6.285683181834181E-009
 -3.753879125004298E-007  1.091574475567266E-007
         116  0.000000000000000E+000  0.000000000000000E+000
  2.222783908048469E-009 -5.089318212296061E-009
 -8.854104625154155E-008  3.668058533318208E-007
         117  0.000000000000000E+000  0.000000000000000E+000
  2.405560127234472E-009 -1.235958511739524E-009
  2.910640962422014E-007  1.888972701761170E-007
         118  0.000000000000000E+000  0.000000000000000E+000
  4.778255258557727E-009 -9.552747079150628E-010
  2.239574378696725E-007 -1.846647493307882E-007
         119  0.000000000000000E+000  0.000000000000000E+000
  7.664743452144141E-009 -1.867029017551317E-009
 -8.221230527535345E-008 -2.672609075952724E-007
         120  0.000000000000000E+000  0.000000000000000E+000
  7.631015175181781E-009 -8.490874959939176E-009
 -3.176308880307782E-007 -3.604767517762566E-008
         121  0.000000000000000E+000  0.000000000000000E+000
  3.839705145623202E-010 -8.552680114180387E-009
 -1.909186908532630E-007  3.278859430515159E-007
         122  0.000000000000000E+000  0.000000000000000E+000
 -1.216891729361369E-009 -2.137698013805866E-009
  3.116832183473319E-007  3.078666329930979E-007
         123  0.000000000000000E+000  0.000000000000000E+000
  3.126828066342892E-009 -6.651265039389750E-010
  3.707193891653794E-007 -2.197088052770198E-007
         124  0.000000000000000E+000  0.000000000000000E+000
  6.685526291926354E-009 -1.419003797932880E-009
 -6.645629353910143E-008 -4.590839783114191E-007
         125  0.000000000000000E+000  0.000000000000000E+000
  9.432513246172207E-009 -8.625570216620071E-009
 -5.445732657452516E-007 -1.520491014620323E-007
         126  0.000000000000000E+000  0.000000000000000E+000
 -3.803048765500349E-010 -1.276760787513226E-008
 -4.187194915730597E-007  5.220535334268341E-007
         127  0.000000000000000E+000  0.000000000000000E+000
 -5.534629293966017E-009 -5.173803257866152E-009
  3.866636476601032E-007  6.716291610407017E-007
         128  0.000000000000000E+000  0.000000000000000E+000
 -8.188338690440222E-011 -3.327236510606711E-010
  7.695885808436992E-007 -1.672108408894326E-007
         129  0.000000000000000E+000  0.000000000000000E+000
  3.156099182113973E-009 -1.036207559425666E-009
  1.449152208546335E-007 -7.582664662658522E-007
         130  0.000000000000000E+000  0.000000000000000E+000
  7.954455203710736E-009 -4.110040825559122E-009
 -6.690469383779723E-007 -4.963556531282086E-007
         131  0.000000000000000E+000  0.000000000000000E+000
  4.383457001132968E-009 -1.373156751465899E-008
 -8.137203807600519E-007  4.583168734767383E-007
         132  0.000000000000000E+000  0.000000000000000E+000
 -4.963705306552633E-009 -1.010057396302551E-008
  1.016990016442810E-007  1.012232778708690E-006
         133  0.000000000000000E+000  0.000000000000000E+000
 -2.907877320417768E-009 -3.111105261923373E-009
  1.026060695129032E-006  2.558401154304421E-007
         134  0.000000000000000E+000  0.000000000000000E+000
 -4.751010323765569E-010 -4.777689455557647E-009
  5.809586952042300E-007 -8.044289997592749E-007
         135  0.000000000000000E+000  0.000000000000000E+000
  8.450277620053791E-010 -4.191591028270754E-009
 -4.792036946859078E-007 -8.750309283690804E-007
         136  0.000000000000000E+000  0.000000000000000E+000
  1.346290346128741E-009 -9.734035579721185E-009
 -1.077942147494423E-006  1.028670482500868E-007
         137  0.000000000000000E+000  0.000000000000000E+000
 -6.069347859829042E-009 -7.471952998663250E-009
 -3.308799100727635E-007  1.104044549111916E-006
         138  0.000000000000000E+000  0.000000000000000E+000
 -2.371702391155560E-009 -1.770986481950678E-009
  9.265106578810250E-007  7.073396191512903E-007
         139  0.000000000000000E+000  0.000000000000000E+000
  3.679633091120992E-010 -7.231286469915332E-009
  9.246106485232982E-007 -5.153431791255959E-007
         140  0.000000000000000E+000  0.000000000000000E+000
 -4.052273088860627E-009 -7.917636540659932E-009
 -3.865413571315405E-008 -1.010870411956151E-006
         141  0.000000000000000E+000  0.000000000000000E+000
 -5.530515670271521E-009 -6.794980246435707E-009
 -9.507452870959242E-007 -3.873310301257431E-007
         142  0.000000000000000E+000  0.000000000000000E+000
 -8.961201655664490E-009 -3.324654437015989E-009
 -7.279028103351163E-007  7.143539880909060E-007
         143  0.000000000000000E+000  0.000000000000000E+000
 -3.955632128004195E-009  2.048424684375855E-009
  3.322296306815153E-007  9.294115034490156E-007
         144  0.000000000000000E+000  0.000000000000000E+000
  2.104037812828565E-009 -3.355590355612684E-009
  8.701934243912188E-007  1.098673514635445E-007
         145  0.000000000000000E+000  0.000000000000000E+000
 -3.114021056107720E-009 -8.283320424106435E-009
  5.019417244404107E-007 -6.107667652825768E-007
         146  0.000000000000000E+000  0.000000000000000E+000
 -6.953233898685012E-009 -5.436465498504375E-009
 -2.701431356457587E-007 -7.149374143779628E-007
         147  0.000000000000000E+000  0.000000000000000E+000
 -7.008641445202031E-009 -2.992248725486077E-009
 -7.304297939548463E-007 -6.859614447094448E-008
         148  0.000000000000000E+000  0.000000000000000E+000
 -6.305739989810234E-009  8.775380828053276E-011
 -3.584391749795835E-007  5.759000070239826E-007
         149  0.000000000000000E+000  0.000000000000000E+000
 -1.830672600480737E-009 -1.064619587880911E-010
  3.019823629521066E-007  5.261586656587281E-007
         150  0.000000000000000E+000  0.000000000000000E+000
 -2.187600832011465E-009 -5.443044030266777E-009
  5.008960031027447E-007  3.994686775523017E-008
         151  0.000000000000000E+000  0.000000000000000E+000
 -7.141408996413207E-009 -4.684982897096929E-009
  2.940229813039411E-007 -3.320896121930679E-007
         152  0.000000000000000E+000  0.000000000000000E+000
 -7.242871483530365E-009 -1.214872480914277E-009
 -1.172027516872353E-007 -3.611813404624430E-007
         153  0.000000000000000E+000  0.000000000000000E+000
 -5.932292174619067E-009 -1.041088530082433E-010
 -2.857480401162812E-007 -5.238512223147877E-008
         154  0.000000000000000E+000  0.000000000000000E+000
 -3.522335398026446E-009  2.332913532030926E-010
 -1.494696088648165E-007  1.507530691423205E-007
         155  0.000000000000000E+000  0.000000000000000E+000
 -2.544924336769602E-009 -3.521021060430501E-009
 -1.506560603907602E-008  1.657366245490653E-007
         156  0.000000000000000E+000  0.000000000000000E+000
 -7.458332082951857E-009 -5.114853361408293E-009
  9.489769813110174E-008  1.438546774441536E-007
         157  0.000000000000000E+000  0.000000000000000E+000
 -1.050104606688668E-008 -9.094996708237126E-010
  1.562172109561864E-007  4.715607758600486E-008
         158  0.000000000000000E+000  0.000000000000000E+000
 -8.710616502873589E-009  3.558721982848500E-009
  1.547883973013528E-007 -4.846451284193746E-008
         159  0.000000000000000E+000  0.000000000000000E+000
 -4.165086539455340E-009  4.530046036443223E-009
  9.331409104471586E-008 -1.419795496155254E-007
         160  0.000000000000000E+000  0.000000000000000E+000
 -1.155613575641535E-009  1.097499822619955E-009
 -2.846158497623860E-008 -1.684779276631144E-007
         161  0.000000000000000E+000  0.000000000000000E+000
 -3.213724517362288E-009 -3.608811371896147E-009
 -1.600573021006915E-007 -1.039768013817886E-007
         162  0.000000000000000E+000  0.000000000000000E+000
 -8.982513010035855E-009 -3.385051135656616E-009
 -2.022360923143075E-007  9.212589395711000E-008
         163  0.000000000000000E+000  0.000000000000000E+000
 -1.156406966190034E-008  2.074338331784993E-009
 -3.467584494738696E-008  2.475004844168521E-007
         164  0.000000000000000E+000  0.000000000000000E+000
 -8.073250488494483E-009  6.599390512083534E-009
  1.976973602029303E-007  2.008844718554083E-007
         165  0.000000000000000E+000  0.000000000000000E+000
 -3.789367567512175E-009  6.452826567697630E-009
  3.084204429920380E-007 -3.076850941463841E-008
         166  0.000000000000000E+000  0.000000000000000E+000
 -7.131106182782445E-010  3.488031517153981E-009
  1.747261079565750E-007 -2.947360924122259E-007
         167  0.000000000000000E+000  0.000000000000000E+000
 -3.132947110964250E-009 -1.637757978689816E-009
 -1.671649785455949E-007 -2.692183430695243E-007
         168  0.000000000000000E+000  0.000000000000000E+000
 -8.969146306982244E-009 -2.533660873475113E-010
 -2.333375203331010E-007  2.114985400918781E-009
         169  0.000000000000000E+000  0.000000000000000E+000
 -9.617326556555370E-009  5.780241064178490E-009
 -1.257179963122567E-007  1.300181508538928E-007
         170  0.000000000000000E+000  0.000000000000000E+000
 -5.655398944132995E-009  7.568897003104083E-009
  4.160193623518518E-009  1.848257656880652E-007
         171  0.000000000000000E+000  0.000000000000000E+000
 -3.210879714973235E-009  7.577126595028277E-009
  1.647327349404937E-007  1.297641321707116E-007
         172  0.000000000000000E+000  0.000000000000000E+000
 -1.042837523010334E-009  3.862112601956360E-009
  1.551270922978912E-007 -2.772995867735451E-008
         173  0.000000000000000E+000  0.000000000000000E+000
 -5.751462591827575E-009  2.826580656049545E-009
  1.936300447255602E-007 -4.082414965484658E-008
         174  0.000000000000000E+000  0.000000000000000E+000
 -6.315058521022401E-009  8.087231925200750E-009
  1.692951412577168E-007 -3.090039322571943E-007
         175  0.000000000000000E+000  0.000000000000000E+000
 -1.009460080577204E-009  8.499954330654783E-009
 -2.096779046598662E-007 -3.730378556862030E-007
         176  0.000000000000000E+000  0.000000000000000E+000
 -4.956331652993046E-010  5.944395548122130E-009
 -4.691725084221415E-007 -3.762008243966251E-008
         177  0.000000000000000E+000  0.000000000000000E+000
 -1.758848695859971E-010  3.257821774221080E-009
 -3.908026625312831E-007  4.151080625516552E-007
         178  0.000000000000000E+000  0.000000000000000E+000
 -5.742868253891391E-009  3.326539604304190E-009
  2.676002319700776E-007  7.458392653548112E-007
         179  0.000000000000000E+000  0.000000000000000E+000
 -5.774817062193510E-009  9.890389989655567E-009
  9.452719151125177E-007  3.387728155317257E-008
         180  0.000000000000000E+000  0.000000000000000E+000
  1.555048585360238E-009  1.221235006971445E-008
  4.653981730660610E-007 -8.864860058795518E-007
         181  0.000000000000000E+000  0.000000000000000E+000
  4.675887214824575E-009  5.944323925001785E-009
 -5.675988557919638E-007 -8.609282066239785E-007
         182  0.000000000000000E+000  0.000000000000000E+000
  2.394995477879144E-009  2.607669964881727E-009
 -1.049062056333757E-006  6.037217373790544E-008
         183  0.000000000000000E+000  0.000000000000000E+000
 -3.068257752020441E-009  1.235309033532811E-009
 -4.499923025503834E-007  1.054949577580344E-006
         184  0.000000000000000E+000  0.000000000000000E+000
 -5.617119696368328E-009  7.952962887445446E-009
  8.532871236345134E-007  8.180606465540587E-007
         185  0.000000000000000E+000  0.000000000000000E+000
 -6.398261373776360E-010  1.262420633786000E-008
  1.029079117608695E-006 -4.434716755032615E-007
         186  0.000000000000000E+000  0.000000000000000E+000
  6.016816360268390E-009  9.320633137911679E-009
  8.748114601678888E-008 -1.036951305760405E-006
         187  0.000000000000000E+000  0.000000000000000E+000
  4.505629692273657E-009  4.521650697685723E-009
 -7.997554687969797E-007 -5.583943722700408E-007
         188  0.000000000000000E+000  0.000000000000000E+000
  1.651363219796469E-009  2.903520694968450E-009
 -8.675232896071671E-007  4.308058853055690E-007
         189  0.000000000000000E+000  0.000000000000000E+000
 -1.668856111184580E-009  7.158456385611043E-009
  1.087778098909804E-007  9.209353738260715E-007
         190  0.000000000000000E+000  0.000000000000000E+000
  2.903483836306766E-009  1.109710280411697E-008
  7.726185541890274E-007  1.789593250763633E-007
         191  0.000000000000000E+000  0.000000000000000E+000
  8.818412721175452E-009  7.660821479265511E-009
  4.357855890422723E-007 -5.197225726804887E-007
         192  0.000000000000000E+000  0.000000000000000E+000
  6.371087204272109E-009  2.007161878160622E-009
 -2.066677874339809E-007 -5.791237167678766E-007
         193  0.000000000000000E+000  0.000000000000000E+000
  2.396636308857970E-009  2.187326992126590E-009
 -5.749216803675929E-007 -8.859257338654267E-008
         194  0.000000000000000E+000  0.000000000000000E+000
  7.663442059349189E-010  7.173102005206457E-009
 -2.236376579974985E-007  4.162618756474080E-007
         195  0.000000000000000E+000  0.000000000000000E+000
  6.651718609133813E-009  9.329729846944553E-009
  1.806643688514579E-007  2.376734223483417E-007
         196  0.000000000000000E+000  0.000000000000000E+000
  1.074994822444319E-008  5.259760091906314E-009
  2.026701307815237E-007  2.444234833527411E-008
         197  0.000000000000000E+000  0.000000000000000E+000
  8.956271988817804E-009 -7.754927747029879E-010
  1.739224843124788E-007 -1.280338905330117E-007
         198  0.000000000000000E+000  0.000000000000000E+000
  3.778992695823807E-009 -8.364095894892433E-010
  1.718893591858671E-008 -2.650005168616460E-007
         199  0.000000000000000E+000  0.000000000000000E+000
  1.603675305235021E-009  2.644216564149919E-009
 -2.264117186106260E-007 -1.789989773738190E-007
         200  0.000000000000000E+000  0.000000000000000E+000
  4.567448380719867E-009  6.216829378371314E-009
 -2.921337214042688E-007  4.242396910524019E-008
         201  0.000000000000000E+000  0.000000000000000E+000
  8.187424016997925E-009  4.489721070396724E-009
 -1.677004190247125E-007  3.037763447539077E-007
         202  0.000000000000000E+000  0.000000000000000E+000
  9.071469034676193E-009  1.701380215226948E-009
  2.289192286571491E-007  3.178638236936987E-007
         203  0.000000000000000E+000  0.000000000000000E+000
  7.463574038669423E-009 -7.463216098097288E-010
  4.069110210864583E-007 -9.625549722963790E-008
         204  0.000000000000000E+000  0.000000000000000E+000
  5.530313113708452E-009 -5.055065482887012E-010
  8.828835213837147E-008 -4.326742454312801E-007
         205  0.000000000000000E+000  0.000000000000000E+000
  4.934134030711548E-009  8.513700481389328E-010
 -3.322096255145638E-007 -2.922195157129518E-007
         206  0.000000000000000E+000  0.000000000000000E+000
  6.480921020049210E-009  1.474734894894443E-009
 -4.234740138837109E-007  1.166479349146575E-007
         207  0.000000000000000E+000  0.000000000000000E+000
  7.176111469827997E-009  7.917528129322182E-011
 -1.120666069820225E-007  4.025043215466788E-007
         208  0.000000000000000E+000  0.000000000000000E+000
  6.604472876348251E-009 -5.867522800883688E-010
  2.654706992175291E-007  2.580898009103239E-007
         209  0.000000000000000E+000  0.000000000000000E+000
  6.430212798542191E-009 -4.257356064081893E-010
  3.062115510334978E-007 -9.801052920658956E-008
         210  0.000000000000000E+000  0.000000000000000E+000
  7.196814357619029E-009 -5.498219640118862E-010
  5.130817226147324E-008 -2.840840473375378E-007
         211  0.000000000000000E+000  0.000000000000000E+000
  8.037373637831250E-009 -1.443085238206921E-009
 -1.796751599232105E-007 -1.550612211561100E-007
         212  0.000000000000000E+000  0.000000000000000E+000
  8.142086622244561E-009 -4.193666604375752E-009
 -1.699127135290405E-007  7.227169633514211E-009
         213  0.000000000000000E+000  0.000000000000000E+000
  4.784887626858228E-009 -5.062916993506911E-009
 -1.282097503478031E-007  6.492976032933053E-008
         214  0.000000000000000E+000  0.000000000000000E+000
  3.361493538188504E-009 -3.073785195616746E-009
 -9.730415292167569E-008  1.259180292499276E-007
         215  0.000000000000000E+000  0.000000000000000E+000
  4.434656628289893E-009 -1.094868901621933E-009
 -5.379243682721820E-009  1.801100714170553E-007
         216  0.000000000000000E+000  0.000000000000000E+000
  6.370102289484120E-009 -8.063949740637435E-010
  1.654857851484909E-007  1.910345168142235E-007
         217  0.000000000000000E+000  0.000000000000000E+000
  9.748532318538079E-009 -3.081354862362824E-009
  3.306002614847203E-007 -9.898712964856187E-008
         218  0.000000000000000E+000  0.000000000000000E+000
  6.993505132372671E-009 -8.712441511724866E-009
  2.606511940453322E-008 -3.848883343531788E-007
         219  0.000000000000000E+000  0.000000000000000E+000
  2.472610712801590E-009 -7.119552911505418E-009
 -3.268140944246877E-007 -2.084278883237416E-007
         220  0.000000000000000E+000  0.000000000000000E+000
  1.876792509204313E-009 -4.167201094441254E-009
 -3.451395836113111E-007  1.396133919803138E-007
         221  0.000000000000000E+000  0.000000000000000E+000
  3.818435137228063E-009 -3.114634044334746E-009
 -1.406687161655782E-007  3.496331994543550E-007
         222  0.000000000000000E+000  0.000000000000000E+000
  6.368291562160589E-009 -3.222726732976433E-009
  2.347917959778204E-007  3.157745717282076E-007
         223  0.000000000000000E+000  0.000000000000000E+000
  7.367700191058162E-009 -9.231535892248850E-009
  2.905093803127699E-007 -5.473447968314730E-008
         224  0.000000000000000E+000  0.000000000000000E+000
  3.164535260716121E-010 -9.524963256109885E-009
  1.038860644789799E-007 -1.415686810649795E-007
         225  0.000000000000000E+000  0.000000000000000E+000
 -1.088162847703608E-010 -5.084493296458137E-009
  4.416930265998429E-008 -1.740458252296130E-007
         226  0.000000000000000E+000  0.000000000000000E+000
  3.016808951137798E-009 -4.284489933277372E-009
 -1.450624697284375E-007 -2.424648082783245E-007
         227  0.000000000000000E+000  0.000000000000000E+000
  4.220703762433697E-009 -5.940413402384430E-009
 -3.107244335310882E-007 -2.290999970504949E-008
         228  0.000000000000000E+000  0.000000000000000E+000
  4.782582971189513E-009 -1.106578584652572E-008
 -3.336482723857945E-007  1.790229245083484E-007
         229  0.000000000000000E+000  0.000000000000000E+000
 -4.590851477799372E-009 -1.217761746241080E-008
 -1.182773704126372E-007  5.825144384901946E-007
         230  0.000000000000000E+000  0.000000000000000E+000
 -6.084919690558339E-009 -3.594499402144961E-009
  5.795461635862398E-007  4.790193151285148E-007
         231  0.000000000000000E+000  0.000000000000000E+000
  6.946497753708865E-011 -1.122424944830095E-010
  7.665066421320394E-007 -3.464443669260973E-007
         232  0.000000000000000E+000  0.000000000000000E+000
  4.343977252185525E-009 -3.557681574082291E-009
  6.742087703803703E-008 -8.569338775831238E-007
         233  0.000000000000000E+000  0.000000000000000E+000
  5.770381113793299E-009 -9.394101832211716E-009
 -7.767005821532689E-007 -5.783095836537088E-007
         234  0.000000000000000E+000  0.000000000000000E+000
 -2.688376310501242E-009 -1.568290699806070E-008
 -1.003003455696597E-006  5.065206325522710E-007
         235  0.000000000000000E+000  0.000000000000000E+000
 -1.049819783369695E-008 -6.812188077695687E-009
  4.529960720712513E-008  1.167740915512031E-006
         236  0.000000000000000E+000  0.000000000000000E+000
 -5.508574536922015E-009  5.547137307960694E-010
  1.010201028808994E-006  4.685336170712678E-007
         237  0.000000000000000E+000  0.000000000000000E+000
  1.238012315767943E-009 -7.779445994723530E-010
  7.992451061822698E-007 -5.965955909413862E-007
         238  0.000000000000000E+000  0.000000000000000E+000
  3.339263016425797E-009 -5.093949397941218E-009
 -6.850161744267002E-008 -9.111996943394875E-007
         239  0.000000000000000E+000  0.000000000000000E+000
  1.512494702837507E-009 -1.187074237600400E-008
 -8.400827228483990E-007 -3.786354630030540E-007
         240  0.000000000000000E+000  0.000000000000000E+000
 -8.331493554899376E-009 -1.119836810334198E-008
 -6.512230637091550E-007  5.788686255501446E-007
         241  0.000000000000000E+000  0.000000000000000E+000
 -8.456674509519063E-009 -3.239091583939057E-009
  1.794165619740214E-007  7.105640275548506E-007
         242  0.000000000000000E+000  0.000000000000000E+000
 -3.851908470949429E-009 -1.813710378701871E-009
  5.434964291131067E-007  1.816858643633514E-007
         243  0.000000000000000E+000  0.000000000000000E+000
 -2.413862046219674E-009 -3.830223011700014E-009
  3.857012273567324E-007 -2.360729711856759E-007
         244  0.000000000000000E+000  0.000000000000000E+000
 -2.192144925234297E-009 -6.689008389009693E-009
 -1.223404704979290E-009 -3.861774313254946E-007
         245  0.000000000000000E+000  0.000000000000000E+000
 -7.713486239597753E-009 -7.641483633059225E-009
 -2.286242421665008E-007 -9.737256498188464E-008
         246  0.000000000000000E+000  0.000000000000000E+000
 -8.194993706688106E-009 -2.066379116929014E-009
 -1.073861750370764E-007  2.859937871532865E-008
         247  0.000000000000000E+000  0.000000000000000E+000
 -4.691610198576453E-009 -1.577992530450506E-009
 -1.361187527314718E-007  3.721369095145641E-008
         248  0.000000000000000E+000  0.000000000000000E+000
 -4.715431389387420E-009 -3.787672381800744E-009
 -1.044223838663365E-007  2.258020013355372E-007
         249  0.000000000000000E+000  0.000000000000000E+000
 -6.045526139120301E-009 -4.032919236632360E-009
  1.528701811717758E-007  2.574844710901712E-007
         250  0.000000000000000E+000  0.000000000000000E+000
 -8.124242614376247E-009 -3.537279036923331E-009
  3.410622347338218E-007  5.674620608201471E-008
         251  0.000000000000000E+000  0.000000000000000E+000
 -8.459184108196795E-009  1.899410667778130E-012
  2.628078063476591E-007 -3.010087086934048E-007
         252  0.000000000000000E+000  0.000000000000000E+000
 -5.540656988708236E-009  6.929706321599143E-010
 -1.773281902342268E-007 -3.688185789524709E-007
         253  0.000000000000000E+000  0.000000000000000E+000
 -4.841757059581199E-009 -1.049353494598100E-009
 -3.943421454923675E-007  3.436335741769558E-008
         254  0.000000000000000E+000  0.000000000000000E+000
 -6.146397566021851E-009 -1.473553211410276E-009
 -1.083755928939725E-007  3.602825918420657E-007
         255  0.000000000000000E+000  0.000000000000000E+000
 -6.700386702466457E-009 -7.404451855740877E-010
  2.513468730133562E-007  2.434890654727619E-007
         256  0.000000000000000E+000  0.000000000000000E+000
 -6.932583119771193E-009 -1.269182962580927E-010
  3.072425858393777E-007 -8.334532366850922E-008
