   5120.00000000000     
         256           1           3
  8.994473019507991E-004   39.9134030357401        116.661956030805     
   18.8300000000000        145.590000000000        6160.02000000000     
           0  0.000000000000000E+000  0.000000000000000E+000
  0.000000000000000E+000  0.000000000000000E+000
  0.000000000000000E+000  0.000000000000000E+000
           1  0.000000000000000E+000  0.000000000000000E+000
  1.824707964880657E-009  2.065754958002023E-010
 -2.210741330855710E-008  3.315569579808042E-011
           2  0.000000000000000E+000  0.000000000000000E+000
  1.704954814714225E-009  7.700523890670584E-010
 -2.429240064263320E-008 -1.023216777967761E-009
           3  0.000000000000000E+000  0.000000000000000E+000
  1.780240210073167E-009  1.667939759930397E-009
 -2.928230478519256E-008  1.143943822063624E-010
           4  0.000000000000000E+000  0.000000000000000E+000
  2.545370863449712E-009  2.893021666976768E-009
 -3.620328046338369E-008  6.933937188497744E-009
           5  0.000000000000000E+000  0.000000000000000E+000
  4.585414103290739E-009  3.849191102228379E-009
 -3.870851655222765E-008  2.249095363421705E-008
           6  0.000000000000000E+000  0.000000000000000E+000
  7.726618329769255E-009  2.857029471296553E-009
 -2.662202320042926E-008  4.152695344847128E-008
           7  0.000000000000000E+000  0.000000000000000E+000
  9.066443650089321E-009 -7.991987065695669E-011
  1.888796357947102E-009  5.012540578052719E-008
           8  0.000000000000000E+000  0.000000000000000E+000
  9.061368599853600E-009 -3.288015846625750E-009
  3.790428973162659E-008  2.939038352621675E-008
           9  0.000000000000000E+000  0.000000000000000E+000
  6.792708524229297E-009 -6.224375219677077E-009
  4.515827849828696E-008 -2.471414591066485E-008
          10  0.000000000000000E+000  0.000000000000000E+000
  3.353667909656606E-009 -6.721831464106305E-009
 -5.334145912223513E-009 -7.267260204714300E-008
          11  0.000000000000000E+000  0.000000000000000E+000
  7.879799299175533E-010 -6.336866205092752E-009
 -9.298012497001871E-008 -5.695503882516259E-008
          12  0.000000000000000E+000  0.000000000000000E+000
 -3.583031602568866E-009 -1.478327013161142E-009
 -1.399532296009009E-007  5.362830278917660E-008
          13  0.000000000000000E+000  0.000000000000000E+000
  1.470194447482313E-009  5.169622169130850E-009
 -5.142495964439951E-008  1.667625127967159E-007
          14  0.000000000000000E+000  0.000000000000000E+000
  9.750926170542329E-009  3.356307856356546E-009
  1.084098696905252E-007  1.514351165056305E-007
          15  0.000000000000000E+000  0.000000000000000E+000
  1.318202262039974E-008 -4.614996800908782E-009
  1.941541221083786E-007 -6.615332005442928E-009
          16  0.000000000000000E+000  0.000000000000000E+000
  9.428862916347642E-009 -1.405088629273597E-008
  9.837208275626132E-008 -1.857131725643184E-007
          17  0.000000000000000E+000  0.000000000000000E+000
 -5.474577030031256E-009 -1.553874540467774E-008
 -1.297523192356005E-007 -1.941498953497289E-007
          18  0.000000000000000E+000  0.000000000000000E+000
 -1.055803684549520E-008 -1.997613696144677E-009
 -2.563893325766323E-007 -1.022175362379989E-011
          19  0.000000000000000E+000  0.000000000000000E+000
 -2.748742770519812E-009  7.152599078522592E-009
 -1.696281051421003E-007  2.225581935529898E-007
          20  0.000000000000000E+000  0.000000000000000E+000
  8.214856189257667E-009  6.195497606863253E-009
  7.762154173780378E-008  2.837658699031363E-007
          21  0.000000000000000E+000  0.000000000000000E+000
  1.470573739898555E-008 -3.123253391917128E-009
  2.800648209648814E-007  1.033859247255086E-007
          22  0.000000000000000E+000  0.000000000000000E+000
  9.420542269110356E-009 -1.769455500764441E-008
  2.328105416610767E-007 -1.790429750441628E-007
          23  0.000000000000000E+000  0.000000000000000E+000
 -7.992556906157685E-009 -1.401916315911745E-008
 -1.607649598213620E-008 -2.829853903618650E-007
          24  0.000000000000000E+000  0.000000000000000E+000
 -8.678914933817409E-009 -1.282992013995753E-009
 -2.521600764650648E-007 -1.654654391623407E-007
          25  0.000000000000000E+000  0.000000000000000E+000
 -7.251892199213647E-010  4.168306110395613E-009
 -3.107356162892590E-007  1.133654104832607E-007
          26  0.000000000000000E+000  0.000000000000000E+000
  7.992627635674723E-009  1.108070012984573E-009
 -1.057013750384776E-007  3.374399483228576E-007
          27  0.000000000000000E+000  0.000000000000000E+000
  1.094721893855584E-008 -1.106853893677147E-008
  2.002608745274057E-007  2.965980101942434E-007
          28  0.000000000000000E+000  0.000000000000000E+000
 -6.051505679217358E-009 -1.607372961144242E-008
  3.596973335123023E-007  4.485094753659373E-008
          29  0.000000000000000E+000  0.000000000000000E+000
 -9.065740276834995E-009 -3.079423002063798E-009
  2.621053763210393E-007 -2.876583743184817E-007
          30  0.000000000000000E+000  0.000000000000000E+000
 -2.833979338779620E-009  1.488671072505777E-009
 -1.163502043809453E-007 -3.889151653889565E-007
          31  0.000000000000000E+000  0.000000000000000E+000
  2.937047198766324E-009  3.634375274051190E-010
 -4.082318303565812E-007 -1.073833793969025E-007
          32  0.000000000000000E+000  0.000000000000000E+000
  7.038094972862214E-009 -5.960487978645801E-009
 -3.310983670795937E-007  2.906980718251525E-007
          33  0.000000000000000E+000  0.000000000000000E+000
 -2.033564310798905E-009 -1.557536126131836E-008
  3.970356691152727E-008  4.654859635751036E-007
          34  0.000000000000000E+000  0.000000000000000E+000
 -9.724641918899305E-009 -5.783531101864971E-009
  4.293192364276473E-007  2.281310043181010E-007
          35  0.000000000000000E+000  0.000000000000000E+000
 -6.220090001892286E-009 -8.727452321589013E-010
  3.997051592385101E-007 -2.337344291570267E-007
          36  0.000000000000000E+000  0.000000000000000E+000
 -3.468635804732334E-009  6.398040872757271E-010
  1.269139633289823E-008 -4.311199856138737E-007
          37  0.000000000000000E+000  0.000000000000000E+000
  7.617130936567753E-010  9.855417258257430E-010
 -3.418511219276040E-007 -2.274886707657357E-007
          38  0.000000000000000E+000  0.000000000000000E+000
  4.763910333099260E-009 -5.409691611191966E-009
 -3.730795833350296E-007  1.636613325642740E-007
          39  0.000000000000000E+000  0.000000000000000E+000
 -3.886798930223922E-009 -8.631682890654999E-009
 -5.346033117870951E-008  4.128501520729293E-007
          40  0.000000000000000E+000  0.000000000000000E+000
 -3.457128367949018E-009 -5.085456438791005E-009
  3.016881932273571E-007  2.386154960698052E-007
          41  0.000000000000000E+000  0.000000000000000E+000
 -5.070971185164441E-009 -6.588951289256081E-009
  3.191433509161030E-007 -9.934541874274695E-008
          42  0.000000000000000E+000  0.000000000000000E+000
 -8.331674757042193E-009 -3.396908772734095E-009
  8.567141875227811E-008 -2.744191317387806E-007
          43  0.000000000000000E+000  0.000000000000000E+000
 -5.602364877044592E-009  8.728759964597098E-010
 -1.685472216299827E-007 -1.919081031884873E-007
          44  0.000000000000000E+000  0.000000000000000E+000
 -4.611865195826668E-009 -2.772871763154943E-010
 -2.298593126883793E-007  6.101549389664893E-008
          45  0.000000000000000E+000  0.000000000000000E+000
  5.761690292392884E-010  2.437961871741949E-009
 -5.201462169760963E-008  1.996543623165007E-007
          46  0.000000000000000E+000  0.000000000000000E+000
  3.480967267711448E-009 -6.134509301910173E-009
  1.093795987672526E-007  1.542324451524030E-007
          47  0.000000000000000E+000  0.000000000000000E+000
 -4.367334623720932E-009 -1.118292277216908E-008
  1.834571459518184E-007  1.466389351696789E-008
          48  0.000000000000000E+000  0.000000000000000E+000
 -1.183426980504581E-008 -6.750959117014872E-009
  1.072711685283948E-007 -1.333221044736213E-007
          49  0.000000000000000E+000  0.000000000000000E+000
 -1.324599672396390E-008  3.028986337833430E-010
 -6.225364646283029E-008 -1.363884690317898E-007
          50  0.000000000000000E+000  0.000000000000000E+000
 -8.169085214870730E-009  8.291518447118993E-009
 -1.345395373099795E-007  3.054757534804886E-009
          51  0.000000000000000E+000  0.000000000000000E+000
  1.727772075321869E-009  6.006519073428893E-009
 -5.779369925645783E-008  1.364599409504009E-007
          52  0.000000000000000E+000  0.000000000000000E+000
  3.643356570673408E-009 -2.686413619101107E-009
  1.114612079575320E-007  1.305958624645272E-007
          53  0.000000000000000E+000  0.000000000000000E+000
 -2.280620173182030E-009 -8.190086475818123E-009
  1.818015230524601E-007 -3.648548488094907E-008
          54  0.000000000000000E+000  0.000000000000000E+000
 -9.739762451392065E-009 -6.326714741502251E-009
  5.524750986719993E-008 -1.768349685527735E-007
          55  0.000000000000000E+000  0.000000000000000E+000
 -1.232629047529116E-008  3.589363699023104E-010
 -1.341872446687236E-007 -1.239064115387564E-007
          56  0.000000000000000E+000  0.000000000000000E+000
 -9.015188246004282E-009  6.438894387003155E-009
 -1.747683682912221E-007  8.425862208831421E-008
          57  0.000000000000000E+000  0.000000000000000E+000
 -1.970695505073456E-009  6.888984973757033E-009
  7.736516838732477E-009  2.176615134982946E-007
          58  0.000000000000000E+000  0.000000000000000E+000
  1.348529459454500E-009  1.120980402983589E-009
  2.143522464543849E-007  1.101568405293804E-007
          59  0.000000000000000E+000  0.000000000000000E+000
 -2.430245297054549E-009 -3.983925654854442E-009
  2.183784523251074E-007 -1.260142574755502E-007
          60  0.000000000000000E+000  0.000000000000000E+000
 -8.320836335239050E-009 -1.966135365045951E-009
  1.392789494806551E-008 -2.535396425780864E-007
          61  0.000000000000000E+000  0.000000000000000E+000
 -8.445812786962424E-009  1.428027326568905E-009
 -2.220911687302652E-007 -1.339367995501813E-007
          62  0.000000000000000E+000  0.000000000000000E+000
 -7.828599826687958E-009  6.176304856445706E-009
 -1.979332987573349E-007  1.481016781000644E-007
          63  0.000000000000000E+000  0.000000000000000E+000
 -1.600636044163270E-009  6.292740246331051E-009
  3.766074254469410E-008  2.301118261551399E-007
          64  0.000000000000000E+000  0.000000000000000E+000
 -9.276367314065462E-010  7.285670904760119E-010
  2.114909526631606E-007  1.026651770172654E-007
          65  0.000000000000000E+000  0.000000000000000E+000
 -6.244101158797697E-009  3.030768782697868E-010
  2.249814388163174E-007 -1.075863479366757E-007
          66  0.000000000000000E+000  0.000000000000000E+000
 -4.509815486183875E-009  3.461464280103953E-009
  3.585363718079429E-008 -2.584798684451884E-007
          67  0.000000000000000E+000  0.000000000000000E+000
 -7.420288438650810E-009  4.761082630123926E-009
 -1.608857531441339E-007 -1.379800710992098E-007
          68  0.000000000000000E+000  0.000000000000000E+000
 -2.265516926263165E-009  8.121753073931784E-009
 -1.949712590351248E-007  1.528681125387130E-008
          69  0.000000000000000E+000  0.000000000000000E+000
  3.397475202999667E-010  3.537549384614197E-009
 -1.215936993283614E-007  2.032197483562848E-007
          70  0.000000000000000E+000  0.000000000000000E+000
 -3.408268144832413E-009  1.586486503195403E-009
  1.518292167381910E-007  2.532453960364203E-007
          71  0.000000000000000E+000  0.000000000000000E+000
 -2.796955870524259E-009  6.135727519594861E-009
  3.439114630340226E-007 -2.564137338196754E-008
          72  0.000000000000000E+000  0.000000000000000E+000
 -2.949679732034476E-009  9.261156526684452E-010
  1.576325278047048E-007 -2.964102518427067E-007
          73  0.000000000000000E+000  0.000000000000000E+000
 -4.968758060399341E-009  5.556784864898938E-009
 -1.381535430680983E-007 -3.445482448942487E-007
          74  0.000000000000000E+000  0.000000000000000E+000
 -2.704474517511779E-009  5.429905695231220E-009
 -4.304170818162744E-007 -5.876279887503959E-008
          75  0.000000000000000E+000  0.000000000000000E+000
 -4.015741457324116E-009  5.921501598439243E-009
 -2.542736890388107E-007  4.079464377258208E-007
          76  0.000000000000000E+000  0.000000000000000E+000
 -2.887098438043874E-009  1.060774572192340E-008
  2.930890355643872E-007  4.282952493558819E-007
          77  0.000000000000000E+000  0.000000000000000E+000
  7.869548194924091E-009  7.149935665330901E-009
  5.219180178038783E-007 -6.952705945443202E-008
          78  0.000000000000000E+000  0.000000000000000E+000
  1.601196473059043E-009 -1.787379731945245E-010
  2.772529442408046E-007 -4.952198354288268E-007
          79  0.000000000000000E+000  0.000000000000000E+000
 -2.068825600972861E-009 -9.822174673275939E-010
 -3.341920928154350E-007 -5.665634428449816E-007
          80  0.000000000000000E+000  0.000000000000000E+000
 -9.400593428716326E-009  2.416420836777458E-009
 -6.787283861833577E-007  5.736450995489581E-008
          81  0.000000000000000E+000  0.000000000000000E+000
 -9.284007857082970E-009  1.456370184944954E-008
 -2.316153362031253E-007  6.134936252641969E-007
          82  0.000000000000000E+000  0.000000000000000E+000
  8.178359609793194E-009  2.026702455041692E-008
  3.993678680700776E-007  4.598710369683615E-007
          83  0.000000000000000E+000  0.000000000000000E+000
  1.327949832188791E-008  4.788037156569611E-009
  6.245729641145193E-007 -6.019268702965880E-008
          84  0.000000000000000E+000  0.000000000000000E+000
  9.253221309705892E-009 -4.416215985632471E-009
  2.709646716758558E-007 -6.168282104182122E-007
          85  0.000000000000000E+000  0.000000000000000E+000
 -3.787345844961016E-009 -7.066691719230816E-009
 -3.725077817479261E-007 -5.064537107836414E-007
          86  0.000000000000000E+000  0.000000000000000E+000
 -1.143390002799606E-008  4.907972210206327E-009
 -5.482641887189843E-007  1.133833303156833E-008
          87  0.000000000000000E+000  0.000000000000000E+000
 -3.011962864864059E-009  1.810730774190452E-008
 -3.006274143439766E-007  3.811266291412493E-007
          88  0.000000000000000E+000  0.000000000000000E+000
  1.139251326783253E-008  1.135406006993192E-008
  8.841272371109980E-008  4.840925652611299E-007
          89  0.000000000000000E+000  0.000000000000000E+000
  1.218820174588616E-008  2.977388557389664E-009
  4.834019314725975E-007  1.855655047313248E-007
          90  0.000000000000000E+000  0.000000000000000E+000
  6.645476270690415E-009 -5.149029878037515E-009
  4.013545282491588E-007 -2.757941037431251E-007
          91  0.000000000000000E+000  0.000000000000000E+000
 -3.258047905706342E-009 -2.839220265289917E-009
  5.872220289482219E-008 -4.741817677748382E-007
          92  0.000000000000000E+000  0.000000000000000E+000
 -5.130497618883413E-009  6.277799079349174E-009
 -3.290109884062522E-007 -3.812274848020942E-007
          93  0.000000000000000E+000  0.000000000000000E+000
  3.481541970013719E-009  1.244446283952599E-008
 -5.393558514842059E-007  1.271785378897849E-008
          94  0.000000000000000E+000  0.000000000000000E+000
  8.644613804617516E-009  5.496794197421139E-009
 -2.927540267179727E-007  4.804068496539711E-007
          95  0.000000000000000E+000  0.000000000000000E+000
  8.641359611947517E-009  6.909980807243480E-010
  2.223583279369181E-007  4.660077641123456E-007
          96  0.000000000000000E+000  0.000000000000000E+000
  2.794053209717354E-009 -2.594282062285404E-009
  4.998469458826428E-007  1.078395738631065E-007
          97  0.000000000000000E+000  0.000000000000000E+000
 -1.738471302096810E-009  2.264245130480342E-009
  4.052411418428888E-007 -3.706737073442756E-007
          98  0.000000000000000E+000  0.000000000000000E+000
  1.064592718918859E-009  8.623233428411618E-009
 -9.080661022171258E-008 -5.708764643247378E-007
          99  0.000000000000000E+000  0.000000000000000E+000
  8.729162957124485E-009  6.537347036650012E-009
 -5.230991875995931E-007 -2.200950038616837E-007
         100  0.000000000000000E+000  0.000000000000000E+000
  9.508108536408710E-009  2.300103125892855E-009
 -4.199955604280275E-007  2.622733801692206E-007
         101  0.000000000000000E+000  0.000000000000000E+000
  7.135415121338247E-009 -2.152252672345194E-009
 -3.578063405103551E-008  4.491631571698406E-007
         102  0.000000000000000E+000  0.000000000000000E+000
  2.656158103964566E-009 -1.358933978927571E-009
  3.222964882515003E-007  2.323272078786591E-007
         103  0.000000000000000E+000  0.000000000000000E+000
  1.621120124659423E-009  2.098027827272100E-009
  2.969846534688770E-007 -1.302003463859536E-007
         104  0.000000000000000E+000  0.000000000000000E+000
  4.331820019305650E-009  4.153557730230760E-009
  5.118855168834281E-008 -2.441986032201649E-007
         105  0.000000000000000E+000  0.000000000000000E+000
  6.366191646117529E-009  4.221981533735786E-009
 -9.127405705546475E-008 -1.684248497881983E-007
         106  0.000000000000000E+000  0.000000000000000E+000
  9.325453579387274E-009  2.228738685445398E-009
 -1.481616902177768E-007 -8.607286998916224E-008
         107  0.000000000000000E+000  0.000000000000000E+000
  9.422318223222484E-009 -1.574326309979275E-009
 -1.770094135988404E-007 -9.850523280276471E-009
         108  0.000000000000000E+000  0.000000000000000E+000
  6.856320017391561E-009 -4.162249066048062E-009
 -1.830288198398050E-007  1.112704771537140E-007
         109  0.000000000000000E+000  0.000000000000000E+000
  3.115185982263744E-009 -4.083908609179735E-009
 -5.673144560461600E-008  2.468651954566813E-007
         110  0.000000000000000E+000  0.000000000000000E+000
  1.159747972664061E-009 -5.737396595058839E-010
  1.765324073931274E-007  2.140127174652657E-007
         111  0.000000000000000E+000  0.000000000000000E+000
  3.001334618629190E-009  3.134663935704737E-009
  3.074416304140424E-007 -1.507613892253538E-008
         112  0.000000000000000E+000  0.000000000000000E+000
  8.028649421281748E-009  3.294543219056811E-009
  1.822287282269027E-007 -3.104129752846401E-007
         113  0.000000000000000E+000  0.000000000000000E+000
  1.064241703501042E-008 -7.793054698528951E-010
 -1.831578459031228E-007 -3.596298374345623E-007
         114  0.000000000000000E+000  0.000000000000000E+000
  9.981611967673454E-009 -5.203565444530106E-009
 -4.217417159899940E-007 -6.185593298801723E-008
         115  0.000000000000000E+000  0.000000000000000E+000
  5.070926693148233E-009 -8.320489084916944E-009
 -3.069603891871527E-007  2.982020328060622E-007
         116  0.000000000000000E+000  0.000000000000000E+000
  1.093216473158039E-009 -5.707328474607108E-009
  2.364839099357286E-008  4.265111707369801E-007
         117  0.000000000000000E+000  0.000000000000000E+000
  8.949128407384226E-010 -6.057454106292622E-010
  3.919674846358256E-007  2.306629727315766E-007
         118  0.000000000000000E+000  0.000000000000000E+000
  5.023254785917662E-009  5.646936735406870E-010
  3.778627503413468E-007 -2.159852315643511E-007
         119  0.000000000000000E+000  0.000000000000000E+000
  8.377079580027378E-009 -8.058797419394234E-010
  4.145143070025252E-008 -4.198245012381277E-007
         120  0.000000000000000E+000  0.000000000000000E+000
  9.748188895256322E-009 -6.978456751515890E-009
 -3.277614061943074E-007 -3.211229083683360E-007
         121  0.000000000000000E+000  0.000000000000000E+000
  4.938889558018432E-009 -9.510309868371250E-009
 -5.450232425816899E-007  7.218281483372067E-008
         122  0.000000000000000E+000  0.000000000000000E+000
 -3.520518659343084E-011 -7.303581286659718E-009
 -2.226365768276568E-007  5.794432561357075E-007
         123  0.000000000000000E+000  0.000000000000000E+000
  5.762365798613196E-010 -4.118647175532839E-009
  3.656242306533263E-007  4.790955182940685E-007
         124  0.000000000000000E+000  0.000000000000000E+000
  2.155675178667564E-009 -1.542976869381428E-009
  6.281439033465637E-007 -4.431907822453081E-008
         125  0.000000000000000E+000  0.000000000000000E+000
  7.772079975559581E-009 -3.910479589063794E-009
  2.794232078051945E-007 -6.416566244460933E-007
         126  0.000000000000000E+000  0.000000000000000E+000
  4.017714771879309E-009 -9.429035081235113E-009
 -5.182817755270455E-007 -5.868741548524188E-007
         127  0.000000000000000E+000  0.000000000000000E+000
 -1.155267149310906E-009 -8.607421577478474E-009
 -8.024805566159191E-007  2.869536804278344E-007
         128  0.000000000000000E+000  0.000000000000000E+000
 -3.820013084885225E-010 -3.632950789432933E-009
 -9.315220108383506E-008  8.083954792905015E-007
         129  0.000000000000000E+000  0.000000000000000E+000
  1.716632982787175E-009 -3.116486329204279E-009
  6.413780924037350E-007  4.949326870697407E-007
         130  0.000000000000000E+000  0.000000000000000E+000
  6.080950870866605E-009 -3.621641420489220E-009
  7.675704203086072E-007 -3.664646422554247E-007
         131  0.000000000000000E+000  0.000000000000000E+000
  5.551401824788626E-009 -1.287322115987178E-008
 -4.133193247119168E-008 -8.848205691076930E-007
         132  0.000000000000000E+000  0.000000000000000E+000
 -3.580573361543998E-009 -1.250616447738906E-008
 -8.842099731313243E-007 -3.043933219299924E-007
         133  0.000000000000000E+000  0.000000000000000E+000
 -6.225167933564477E-009 -4.330722295004491E-009
 -5.912625520406670E-007  6.694752121133944E-007
         134  0.000000000000000E+000  0.000000000000000E+000
 -9.312372542158593E-010 -2.153902250935701E-009
  2.584285360878756E-007  8.130462192160093E-007
         135  0.000000000000000E+000  0.000000000000000E+000
  3.086693894446589E-009 -2.802527579800282E-009
  8.630958928417325E-007  1.612798420536233E-007
         136  0.000000000000000E+000  0.000000000000000E+000
  5.571970102172742E-009 -1.148065465812296E-008
  4.719022666518067E-007 -7.277359257798274E-007
         137  0.000000000000000E+000  0.000000000000000E+000
 -5.356302710084990E-009 -1.418547736356565E-008
 -4.983322333837742E-007 -6.626702904108979E-007
         138  0.000000000000000E+000  0.000000000000000E+000
 -1.010958059685690E-008 -5.320027195443890E-009
 -6.955443758688075E-007  2.019221398829850E-007
         139  0.000000000000000E+000  0.000000000000000E+000
 -4.053443585556904E-009 -1.353160618517920E-009
 -1.700303957511551E-007  6.351738725005026E-007
         140  0.000000000000000E+000  0.000000000000000E+000
 -5.649952366950822E-010 -2.659241226465196E-009
  4.742835733862417E-007  4.522467145061317E-007
         141  0.000000000000000E+000  0.000000000000000E+000
  1.616876200964750E-009 -8.325172562618221E-009
  5.513748559792930E-007 -2.273273797457826E-007
         142  0.000000000000000E+000  0.000000000000000E+000
 -7.666730327917586E-009 -1.210609362091789E-008
  7.795562915701644E-009 -5.015406637640285E-007
         143  0.000000000000000E+000  0.000000000000000E+000
 -1.254208879090125E-008 -3.173293268087992E-009
 -3.796744445439585E-007 -1.566544459817080E-007
         144  0.000000000000000E+000  0.000000000000000E+000
 -5.071100739437819E-009  3.437248097870548E-009
 -3.001644836043896E-007  2.067768047947263E-007
         145  0.000000000000000E+000  0.000000000000000E+000
  8.042752169682734E-010 -6.933748389458558E-010
  2.027771105177441E-008  4.176293776858765E-007
         146  0.000000000000000E+000  0.000000000000000E+000
  1.372663738405945E-009 -6.155709305252580E-009
  4.172757611645829E-007  1.744138399491208E-007
         147  0.000000000000000E+000  0.000000000000000E+000
 -3.530812090185871E-009 -1.186119752597589E-008
  3.256364555119805E-007 -2.949313228093042E-007
         148  0.000000000000000E+000  0.000000000000000E+000
 -1.336294548002411E-008 -7.878048345792603E-009
 -1.206413958331862E-007 -4.109667999260668E-007
         149  0.000000000000000E+000  0.000000000000000E+000
 -1.283872187445730E-008  2.662145773693444E-009
 -4.218285015653013E-007 -7.696588875101618E-008
         150  0.000000000000000E+000  0.000000000000000E+000
 -3.618009416900848E-009  5.342959940343814E-009
 -3.345543930606874E-007  3.681557181352510E-007
         151  0.000000000000000E+000  0.000000000000000E+000
  1.257726446000351E-009  3.565373166415039E-010
  2.004165381063077E-007  5.647463072473262E-007
         152  0.000000000000000E+000  0.000000000000000E+000
  1.122302275836298E-009 -6.374175904752034E-009
  6.468884083047477E-007  9.982407802840050E-008
         153  0.000000000000000E+000  0.000000000000000E+000
 -6.518485175908233E-009 -1.083295646092431E-008
  4.308347026496555E-007 -5.220953046855201E-007
         154  0.000000000000000E+000  0.000000000000000E+000
 -1.366120213221519E-008 -4.835728705788481E-009
 -2.316488384110895E-007 -6.622532740154587E-007
         155  0.000000000000000E+000  0.000000000000000E+000
 -1.148289983225735E-008  2.882291809724610E-009
 -7.428888231047368E-007 -1.541608539881923E-007
         156  0.000000000000000E+000  0.000000000000000E+000
 -6.143442257732692E-009  4.232937700137055E-009
 -5.422668106276291E-007  6.370824736798701E-007
         157  0.000000000000000E+000  0.000000000000000E+000
 -2.653029837191468E-009  1.819824993490364E-009
  3.025242587940485E-007  8.416999297468591E-007
         158  0.000000000000000E+000  0.000000000000000E+000
 -3.034576148171465E-009 -2.232130201356606E-009
  9.139451971705947E-007  1.934732131435122E-007
         159  0.000000000000000E+000  0.000000000000000E+000
 -6.768254877390333E-009 -3.383599080782837E-009
  6.541997052430957E-007 -6.828507806026129E-007
         160  0.000000000000000E+000  0.000000000000000E+000
 -9.376877649448545E-009 -7.063403001175203E-010
 -2.395495693620504E-007 -8.838314862953847E-007
         161  0.000000000000000E+000  0.000000000000000E+000
 -8.458419549798664E-009  1.942807787959984E-009
 -8.338459844681108E-007 -2.406721823238580E-007
         162  0.000000000000000E+000  0.000000000000000E+000
 -7.379441309367153E-009  2.631313353652081E-009
 -6.113729982951258E-007  5.614912316657864E-007
         163  0.000000000000000E+000  0.000000000000000E+000
 -6.496551016695781E-009  3.366919285340933E-009
  1.424095478789863E-007  7.739659873654855E-007
         164  0.000000000000000E+000  0.000000000000000E+000
 -4.864038428685227E-009  2.463775507767512E-009
  6.583626554955395E-007  3.057828156642937E-007
         165  0.000000000000000E+000  0.000000000000000E+000
 -6.468194074625020E-009  1.180094204788293E-009
  5.844338245214375E-007 -2.838995836803020E-007
         166  0.000000000000000E+000  0.000000000000000E+000
 -7.417064255159288E-009  3.634813313993523E-009
  1.983282849757382E-007 -5.670012403749302E-007
         167  0.000000000000000E+000  0.000000000000000E+000
 -5.702619013932919E-009  3.597486551381733E-009
 -2.969841351274420E-007 -5.238992664373430E-007
         168  0.000000000000000E+000  0.000000000000000E+000
 -6.991487149426407E-009  3.596746969709893E-009
 -5.666741506963680E-007 -7.994740759681774E-008
         169  0.000000000000000E+000  0.000000000000000E+000
 -5.844956513868086E-009  6.243632618026681E-009
 -4.144988415300491E-007  3.648630120412292E-007
         170  0.000000000000000E+000  0.000000000000000E+000
 -3.989566712154019E-009  3.778112502996865E-009
  4.440560622776533E-009  6.018642253101330E-007
         171  0.000000000000000E+000  0.000000000000000E+000
 -7.361728032858066E-009  4.173201087664468E-009
  5.680311504519053E-007  4.461671584978185E-007
         172  0.000000000000000E+000  0.000000000000000E+000
 -5.313055286675594E-009  7.047377284148003E-009
  7.693604288259520E-007 -3.037617938859499E-007
         173  0.000000000000000E+000  0.000000000000000E+000
 -5.619745066515382E-009  6.051124053242951E-009
  1.480030126193225E-007 -7.957183101585021E-007
         174  0.000000000000000E+000  0.000000000000000E+000
 -5.101256815861954E-009  1.007136699667587E-008
 -5.523575366473210E-007 -5.764123597482778E-007
         175  0.000000000000000E+000  0.000000000000000E+000
  6.802364636939596E-010  8.092841621523998E-009
 -8.028854995476587E-007  1.869978070848511E-007
         176  0.000000000000000E+000  0.000000000000000E+000
 -1.893368113814357E-009  4.756746976113305E-009
 -1.735296064707141E-007  8.327770006141926E-007
         177  0.000000000000000E+000  0.000000000000000E+000
 -8.692743687383055E-010  6.452620320346558E-009
  6.823685747444171E-007  4.074342826140148E-007
         178  0.000000000000000E+000  0.000000000000000E+000
 -2.516408259196434E-009  2.656795005276573E-009
  5.435400936317442E-007 -3.553542641252746E-007
         179  0.000000000000000E+000  0.000000000000000E+000
 -7.483338344401848E-009  6.795898548509269E-009
  9.455123532680505E-010 -5.576455452715826E-007
         180  0.000000000000000E+000  0.000000000000000E+000
 -2.472713789700754E-009  1.279758649317214E-008
 -4.394457731891681E-007 -2.282344742602249E-007
         181  0.000000000000000E+000  0.000000000000000E+000
  1.983640222871879E-009  1.025327084771279E-008
 -2.872583687071577E-007  2.820554429292495E-007
         182  0.000000000000000E+000  0.000000000000000E+000
  4.234246551480073E-009  9.006275698516437E-009
  2.288814337695476E-007  2.401386568741603E-007
         183  0.000000000000000E+000  0.000000000000000E+000
  5.302197464875403E-009  1.595561916968557E-009
  1.561726288068275E-007 -1.872638106529481E-007
         184  0.000000000000000E+000  0.000000000000000E+000
 -4.298336527427515E-009  1.131814806607733E-010
 -9.691597569182167E-008 -1.224773700902630E-007
         185  0.000000000000000E+000  0.000000000000000E+000
 -7.091625884908075E-009  9.982417480082441E-009
 -1.288410964322650E-007  1.471988400676417E-008
         186  0.000000000000000E+000  0.000000000000000E+000
  7.830024664704654E-010  1.340096360315195E-008
 -2.268658710722829E-008  1.729939567979506E-007
         187  0.000000000000000E+000  0.000000000000000E+000
  4.458543837068251E-009  1.148763570233467E-008
  2.524424204116572E-007  8.899767501106907E-008
         188  0.000000000000000E+000  0.000000000000000E+000
  8.897609783283649E-009  7.155061401217672E-009
  1.653766918822629E-007 -3.248854267049762E-007
         189  0.000000000000000E+000  0.000000000000000E+000
  3.242542428463673E-009  1.031848439245991E-009
 -2.377527568643617E-007 -2.084994248253642E-007
         190  0.000000000000000E+000  0.000000000000000E+000
 -1.797738153017467E-009  7.059563102983163E-009
 -2.113296827146411E-007  5.767494746739016E-008
         191  0.000000000000000E+000  0.000000000000000E+000
  4.119640264273150E-009  1.092400236605766E-008
 -6.532958661939210E-008  1.807254730212120E-007
         192  0.000000000000000E+000  0.000000000000000E+000
  7.042268122065591E-009  8.307802306495777E-009
  1.555798003770543E-007  1.084969070653215E-007
         193  0.000000000000000E+000  0.000000000000000E+000
  9.622965460747448E-009  5.212749488565779E-009
  1.005942206705429E-007 -1.778915350194243E-007
         194  0.000000000000000E+000  0.000000000000000E+000
  5.334521180109946E-009  1.801154946063349E-010
 -1.461741146769325E-007 -4.475488298780184E-008
         195  0.000000000000000E+000  0.000000000000000E+000
  6.288337737067111E-010  4.661557273273119E-009
  2.297266879869748E-008  7.780782648909446E-008
         196  0.000000000000000E+000  0.000000000000000E+000
  4.983934813148001E-009  9.841643422144601E-009
  7.493356962941318E-008 -7.381641802476792E-008
         197  0.000000000000000E+000  0.000000000000000E+000
  1.045676745669366E-008  6.799082534969047E-009
 -5.246920659215915E-008 -1.447309856465780E-007
         198  0.000000000000000E+000  0.000000000000000E+000
  1.102489553795202E-008  2.226097895146437E-009
 -1.771528417653783E-007 -5.046291138132289E-008
         199  0.000000000000000E+000  0.000000000000000E+000
  8.113400549502763E-009 -2.199265111811577E-009
 -1.696360910716997E-007  1.640796481796544E-007
         200  0.000000000000000E+000  0.000000000000000E+000
  2.485411425680041E-009 -6.326531694267264E-010
  1.427783846634823E-007  2.285580972280984E-007
         201  0.000000000000000E+000  0.000000000000000E+000
  2.443954275780502E-009  4.431832383144014E-009
  2.654166669363356E-007 -1.060218211430187E-007
         202  0.000000000000000E+000  0.000000000000000E+000
  6.907438934002785E-009  6.170218144505588E-009
 -1.137670940369586E-008 -3.015096571764259E-007
         203  0.000000000000000E+000  0.000000000000000E+000
  9.706265627571354E-009  3.444385636209093E-009
 -2.854566904421930E-007 -1.400517077153874E-007
         204  0.000000000000000E+000  0.000000000000000E+000
  9.935436603396387E-009  6.881332791850940E-010
 -2.742802001423809E-007  1.731344965979261E-007
         205  0.000000000000000E+000  0.000000000000000E+000
  8.204754092925780E-009 -1.604640027405897E-009
  2.384679921927390E-008  3.410148324863191E-007
         206  0.000000000000000E+000  0.000000000000000E+000
  6.227816140580481E-009 -1.066454172029017E-009
  3.387812919598515E-007  1.100871030345911E-007
         207  0.000000000000000E+000  0.000000000000000E+000
  6.236454310428075E-009 -2.077857680550590E-010
  2.500410191723768E-007 -2.840721988634774E-007
         208  0.000000000000000E+000  0.000000000000000E+000
  6.597515496000219E-009 -1.105360842813043E-010
 -1.430301202462918E-007 -3.921668153260992E-007
         209  0.000000000000000E+000  0.000000000000000E+000
  6.904668428966868E-009 -1.179953158449084E-010
 -4.456812935031660E-007 -9.524485379469188E-008
         210  0.000000000000000E+000  0.000000000000000E+000
  7.921233978911871E-009 -2.961401712632462E-010
 -3.340274320425593E-007  3.192922967720929E-007
         211  0.000000000000000E+000  0.000000000000000E+000
  8.528220401288533E-009 -1.745830438395871E-009
  5.381237468892415E-008  4.573792729385670E-007
         212  0.000000000000000E+000  0.000000000000000E+000
  8.115382207750103E-009 -3.439862102593169E-009
  4.251884219528384E-007  2.251591426378705E-007
         213  0.000000000000000E+000  0.000000000000000E+000
  6.543611491571489E-009 -3.745390379864030E-009
  4.417812135124230E-007 -2.543714292021833E-007
         214  0.000000000000000E+000  0.000000000000000E+000
  6.364677676379613E-009 -3.612415687242931E-009
  3.589927883828461E-008 -5.505691169390835E-007
         215  0.000000000000000E+000  0.000000000000000E+000
  6.435777884457900E-009 -3.413041810411637E-009
 -4.526758977272198E-007 -4.133735004278046E-007
         216  0.000000000000000E+000  0.000000000000000E+000
  6.458230845126161E-009 -4.772761027330880E-009
 -7.341187605020308E-007  1.377272284754152E-007
         217  0.000000000000000E+000  0.000000000000000E+000
  5.391968149139149E-009 -4.783793873061872E-009
 -2.912492582095944E-007  7.917367809465101E-007
         218  0.000000000000000E+000  0.000000000000000E+000
  4.418740337244664E-009 -4.691555794264226E-009
  5.444165510034897E-007  6.583894056144199E-007
         219  0.000000000000000E+000  0.000000000000000E+000
  5.386116907115417E-009 -3.054658729380005E-009
  8.349504591658599E-007 -1.190451141126416E-007
         220  0.000000000000000E+000  0.000000000000000E+000
  6.939208366453190E-009 -4.338015932942087E-009
  3.489505343524451E-007 -7.680631837346236E-007
         221  0.000000000000000E+000  0.000000000000000E+000
  7.903770395650951E-009 -6.850668398947949E-009
 -5.109641902497187E-007 -7.650660731185115E-007
         222  0.000000000000000E+000  0.000000000000000E+000
  5.074641009684523E-009 -9.436938980080370E-009
 -9.405975153021498E-007  1.076025772764927E-007
         223  0.000000000000000E+000  0.000000000000000E+000
  2.486197863350182E-009 -9.562567751907121E-009
 -3.370863141723328E-007  7.760785613912733E-007
         224  0.000000000000000E+000  0.000000000000000E+000
 -2.193199320839535E-010 -6.697308524261053E-009
  3.623534586082539E-007  6.182733218602700E-007
         225  0.000000000000000E+000  0.000000000000000E+000
  1.858990538935586E-009 -4.554337303415005E-009
  6.116652720216676E-007  8.211956469965791E-008
         226  0.000000000000000E+000  0.000000000000000E+000
  4.534457650527016E-009 -5.018000208734518E-009
  3.671898079792170E-007 -4.336287286351740E-007
         227  0.000000000000000E+000  0.000000000000000E+000
  4.133103906927530E-009 -8.734283779915195E-009
 -1.854563517055801E-007 -3.769467572314421E-007
         228  0.000000000000000E+000  0.000000000000000E+000
  2.279897931179923E-009 -9.649389216450936E-009
 -1.965555234787776E-007 -7.483690005236005E-008
         229  0.000000000000000E+000  0.000000000000000E+000
 -9.270297740338874E-010 -9.593098575026180E-009
 -2.136572825329382E-007 -7.541837001266146E-008
         230  0.000000000000000E+000  0.000000000000000E+000
 -1.219503251290641E-009 -7.756532401212295E-009
 -3.376262936018642E-007  1.105499226826515E-007
         231  0.000000000000000E+000  0.000000000000000E+000
 -1.598148413012615E-009 -6.923791819529563E-009
 -1.799185781599189E-007  4.045089568938394E-007
         232  0.000000000000000E+000  0.000000000000000E+000
 -2.193273940923904E-009 -6.864032701982125E-009
  1.680394717425465E-007  5.319139904926641E-007
         233  0.000000000000000E+000  0.000000000000000E+000
 -1.532905350285507E-009 -3.888611881916704E-009
  7.301068390867751E-007  2.133276675617759E-007
         234  0.000000000000000E+000  0.000000000000000E+000
  1.379425957377682E-009 -6.436539967665206E-009
  5.636323067500617E-007 -6.521142553740867E-007
         235  0.000000000000000E+000  0.000000000000000E+000
 -4.983156537069926E-010 -7.952835789259679E-009
 -3.456935948948114E-007 -7.900836668003258E-007
         236  0.000000000000000E+000  0.000000000000000E+000
 -2.262127837628338E-009 -8.501918970115695E-009
 -8.380206586481135E-007 -7.256501175861590E-008
         237  0.000000000000000E+000  0.000000000000000E+000
 -3.398779586563975E-009 -7.405333013035247E-009
 -5.158447356980790E-007  6.279008012656942E-007
         238  0.000000000000000E+000  0.000000000000000E+000
 -4.423630043831892E-009 -5.807849580375309E-009
  2.499834412098108E-007  8.175965962420092E-007
         239  0.000000000000000E+000  0.000000000000000E+000
 -1.618612090859184E-009 -5.320838185583449E-009
  8.017523885273065E-007  1.384502774484215E-007
         240  0.000000000000000E+000  0.000000000000000E+000
 -3.651832307703908E-009 -8.136951181732675E-009
  3.899061716650695E-007 -5.246395541660486E-007
         241  0.000000000000000E+000  0.000000000000000E+000
 -5.515275996742236E-009 -6.277641652325578E-009
 -1.887332137999477E-007 -4.504980846515419E-007
         242  0.000000000000000E+000  0.000000000000000E+000
 -4.999471890919893E-009 -4.413258262313032E-009
 -3.592054386375653E-007 -8.321390666901937E-008
         243  0.000000000000000E+000  0.000000000000000E+000
 -4.028930449913157E-009 -4.847867179316462E-009
 -2.375215234843589E-007  2.323291581593541E-007
         244  0.000000000000000E+000  0.000000000000000E+000
 -3.013207989027053E-009 -5.408363452555932E-009
  8.962705693755162E-008  2.063630586456277E-007
         245  0.000000000000000E+000  0.000000000000000E+000
 -5.169103484460757E-009 -8.743760559229489E-009
  2.991882146752347E-008  1.776194149577614E-008
         246  0.000000000000000E+000  0.000000000000000E+000
 -9.469054405193848E-009 -6.810709800106745E-009
 -1.881105524784354E-008  1.582698988183467E-007
         247  0.000000000000000E+000  0.000000000000000E+000
 -1.038774961199457E-008 -2.528124439977095E-009
  2.184705176271784E-007  1.859007285696334E-007
         248  0.000000000000000E+000  0.000000000000000E+000
 -7.952807682422798E-009  1.767169961339458E-010
  3.327662320129215E-007 -8.203435740953338E-008
         249  0.000000000000000E+000  0.000000000000000E+000
 -4.456258761397651E-009  6.521943722399517E-010
  1.518805607973038E-007 -3.837732737419910E-007
         250  0.000000000000000E+000  0.000000000000000E+000
 -2.503596779021418E-009 -3.593079786577620E-009
 -3.318644837908979E-007 -3.487873888277913E-007
         251  0.000000000000000E+000  0.000000000000000E+000
 -6.680504395543768E-009 -5.941773390639801E-009
 -4.743528058145345E-007  1.888321341503556E-007
         252  0.000000000000000E+000  0.000000000000000E+000
 -9.906668282430165E-009 -3.493009779752794E-009
 -3.722230569851060E-008  5.103662610293508E-007
         253  0.000000000000000E+000  0.000000000000000E+000
 -9.781744837768586E-009 -7.490342393514683E-012
  4.007182044108407E-007  2.755277346678734E-007
         254  0.000000000000000E+000  0.000000000000000E+000
 -7.923319018166708E-009  1.532918997092123E-009
  4.132441328783479E-007 -1.577269335008695E-007
         255  0.000000000000000E+000  0.000000000000000E+000
 -6.054749906855660E-009  1.480371651268002E-009
  8.865744082723382E-008 -3.818851150466025E-007
         256  0.000000000000000E+000  0.000000000000000E+000
 -5.539774996559409E-009  9.667536739780381E-012
 -2.340286435409402E-007 -2.303365746706549E-007
