   5120.00000000000     
         256           1           3
  8.994473019507991E-004   41.4970129442363        116.407820732603     
   18.8300000000000        145.590000000000        6160.02000000000     
           0  0.000000000000000E+000  0.000000000000000E+000
  0.000000000000000E+000  0.000000000000000E+000
  0.000000000000000E+000  0.000000000000000E+000
           1  0.000000000000000E+000  0.000000000000000E+000
  1.487790213869152E-010  3.772698731747100E-010
 -2.093290852258325E-008  4.971351120590584E-011
           2  0.000000000000000E+000  0.000000000000000E+000
  1.086210610272981E-011  1.265786781075283E-009
 -2.311964169604182E-008 -9.047588335069757E-010
           3  0.000000000000000E+000  0.000000000000000E+000
  1.916194846704458E-010  2.575039207241103E-009
 -2.798243867327816E-008  5.181613233642668E-010
           4  0.000000000000000E+000  0.000000000000000E+000
  1.359005089815757E-009  4.193125810266076E-009
 -3.427757487886955E-008  7.755910758274972E-009
           5  0.000000000000000E+000  0.000000000000000E+000
  4.092793613602870E-009  5.223827363134527E-009
 -3.520408615186168E-008  2.321898503255171E-008
           6  0.000000000000000E+000  0.000000000000000E+000
  7.869827575609319E-009  3.766204741351505E-009
 -2.101761029933795E-008  4.018935567750007E-008
           7  0.000000000000000E+000  0.000000000000000E+000
  9.408552551829607E-009 -1.372916615719739E-010
  7.599137807309132E-009  4.381961760461891E-008
           8  0.000000000000000E+000  0.000000000000000E+000
  8.498442550816137E-009 -4.332674383383547E-009
  3.795979347518067E-008  1.755073924593898E-008
           9  0.000000000000000E+000  0.000000000000000E+000
  4.506526580071081E-009 -7.009963158520289E-009
  3.322029180348902E-008 -3.522663582210781E-008
          10  0.000000000000000E+000  0.000000000000000E+000
  6.273965717517691E-011 -5.560369478525969E-009
 -2.596844472182663E-008 -6.835324201019328E-008
          11  0.000000000000000E+000  0.000000000000000E+000
 -1.359907823771171E-009 -2.580278671572179E-009
 -1.042080205869135E-007 -3.099135431917184E-008
          12  0.000000000000000E+000  0.000000000000000E+000
 -1.998148250328306E-009  2.683676666526860E-009
 -1.195885043119723E-007  8.570471594670045E-008
          13  0.000000000000000E+000  0.000000000000000E+000
  5.326939890498537E-009  5.950635623319845E-009
 -2.405490451632000E-009  1.684313092980724E-007
          14  0.000000000000000E+000  0.000000000000000E+000
  1.185449812832974E-008  2.244901272321367E-010
  1.448672103676876E-007  1.023401901600333E-007
          15  0.000000000000000E+000  0.000000000000000E+000
  1.070133505685392E-008 -8.418270761098366E-009
  1.700689345260234E-007 -7.631318608605148E-008
          16  0.000000000000000E+000  0.000000000000000E+000
  3.566351438872062E-009 -1.388032682503820E-008
  1.394237802620865E-008 -2.079727442788435E-007
          17  0.000000000000000E+000  0.000000000000000E+000
 -9.019521665378338E-009 -1.005526269187632E-008
 -2.046901504810288E-007 -1.257515772142962E-007
          18  0.000000000000000E+000  0.000000000000000E+000
 -8.589729786841152E-009  3.980957018480002E-009
 -2.373149303780158E-007  1.144148022006536E-007
          19  0.000000000000000E+000  0.000000000000000E+000
  2.665793036753266E-009  8.887079086706097E-009
 -4.877547024104068E-008  2.754833961373152E-007
          20  0.000000000000000E+000  0.000000000000000E+000
  1.193168816306828E-008  2.631481237778297E-009
  2.027361065744843E-007  2.032520450874808E-007
          21  0.000000000000000E+000  0.000000000000000E+000
  1.278041241308313E-008 -8.114999795028937E-009
  2.825178917307305E-007 -6.253556003312695E-008
          22  0.000000000000000E+000  0.000000000000000E+000
  3.357597198059651E-009 -1.796699853945980E-008
  8.236124062237723E-008 -2.812319827110995E-007
          23  0.000000000000000E+000  0.000000000000000E+000
 -1.155483360497411E-008 -9.105858017437148E-009
 -1.968301772755349E-007 -2.079535698603041E-007
          24  0.000000000000000E+000  0.000000000000000E+000
 -7.296453109055537E-009  4.306681491451095E-009
 -2.927508669992230E-007  4.042021660651545E-008
          25  0.000000000000000E+000  0.000000000000000E+000
  3.868447457804993E-009  6.183691723563029E-009
 -1.508008568729257E-007  2.722268852784286E-007
          26  0.000000000000000E+000  0.000000000000000E+000
  1.108762560931498E-008 -1.442400985852413E-009
  1.296704020817743E-007  2.893330214778893E-007
          27  0.000000000000000E+000  0.000000000000000E+000
  9.178725635794586E-009 -1.405517354497401E-008
  2.960674853946638E-007  6.117077517505690E-008
          28  0.000000000000000E+000  0.000000000000000E+000
 -9.265595432387906E-009 -1.524347317453874E-008
  2.121222176165350E-007 -1.763017822192755E-007
          29  0.000000000000000E+000  0.000000000000000E+000
 -1.074258927212675E-008  2.935743093644229E-010
 -1.799712240788126E-008 -2.904828861831031E-007
          30  0.000000000000000E+000  0.000000000000000E+000
 -1.284756776089025E-009  5.359208889691163E-009
 -2.804673392378201E-007 -1.458695420573249E-007
          31  0.000000000000000E+000  0.000000000000000E+000
  6.699847468875769E-009  1.355930794307830E-009
 -2.901758196437125E-007  1.728058621514109E-007
          32  0.000000000000000E+000  0.000000000000000E+000
  8.928735093490808E-009 -8.352190362022501E-009
 -2.319898467974695E-008  3.455051965932749E-007
          33  0.000000000000000E+000  0.000000000000000E+000
 -3.508262382287378E-009 -1.734880573884790E-008
  2.599502466135254E-007  2.319600566008750E-007
          34  0.000000000000000E+000  0.000000000000000E+000
 -1.279167107322823E-008 -5.157467801642809E-009
  3.505474344200535E-007 -9.256867819630548E-008
          35  0.000000000000000E+000  0.000000000000000E+000
 -7.941193948011469E-009  3.406058777779499E-009
  8.222989657007847E-008 -3.401233283599060E-007
          36  0.000000000000000E+000  0.000000000000000E+000
 -4.940732180820430E-010  5.455175134234029E-009
 -2.461865541108309E-007 -2.178368945659824E-007
          37  0.000000000000000E+000  0.000000000000000E+000
  6.645730479909342E-009  1.345716041118649E-009
 -2.973219252193990E-007  1.026235019915486E-007
          38  0.000000000000000E+000  0.000000000000000E+000
  7.839529618418735E-009 -9.812058528656242E-009
 -7.136061917232673E-008  2.983320137315046E-007
          39  0.000000000000000E+000  0.000000000000000E+000
 -5.932417802378058E-009 -1.344635438031157E-008
  2.176314218376085E-007  2.268884256449129E-007
          40  0.000000000000000E+000  0.000000000000000E+000
 -9.818569006833849E-009 -5.434519585741072E-009
  2.794560631004385E-007 -8.509508387286866E-008
          41  0.000000000000000E+000  0.000000000000000E+000
 -9.282275649474419E-009  6.353837313490273E-011
  3.664393933693387E-008 -2.392015710403078E-007
          42  0.000000000000000E+000  0.000000000000000E+000
 -4.776496946617919E-009  4.927615823716097E-009
 -1.689772788769995E-007 -1.063620759824758E-007
          43  0.000000000000000E+000  0.000000000000000E+000
  3.546510962059356E-009  3.182277992998990E-009
 -1.501436924974161E-007  1.023451218916438E-007
          44  0.000000000000000E+000  0.000000000000000E+000
  2.859182553971503E-009 -6.014229882034810E-009
  2.943038225083364E-008  1.848852698191634E-007
          45  0.000000000000000E+000  0.000000000000000E+000
 -5.387950779775060E-010 -6.983128202609044E-009
  1.727673821441638E-007  3.327440569708538E-008
          46  0.000000000000000E+000  0.000000000000000E+000
 -5.463279998465838E-009 -9.339186055865064E-009
  7.134803828176468E-008 -1.155775084105578E-007
          47  0.000000000000000E+000  0.000000000000000E+000
 -1.186028639190157E-008 -4.395211628502522E-009
 -6.892498015721613E-008 -8.038129233150911E-008
          48  0.000000000000000E+000  0.000000000000000E+000
 -1.004008518602506E-008  4.090212291232670E-009
 -9.693258851294359E-008  4.330590050295057E-008
          49  0.000000000000000E+000  0.000000000000000E+000
 -2.880662098314826E-009  5.598301967009520E-009
 -1.132974265150252E-009  1.313495040065152E-007
          50  0.000000000000000E+000  0.000000000000000E+000
  2.142741748254164E-009  3.024237723879016E-009
  1.378017132450459E-007  7.551665090097594E-008
          51  0.000000000000000E+000  0.000000000000000E+000
  3.063568873155025E-009 -4.655988444924316E-009
  1.430404182606224E-007 -7.772515131212559E-008
          52  0.000000000000000E+000  0.000000000000000E+000
 -4.196116108195355E-009 -8.714142537039189E-009
  1.411194488762042E-008 -1.632471732355148E-007
          53  0.000000000000000E+000  0.000000000000000E+000
 -1.102517708472518E-008 -4.140932015897130E-009
 -1.407210912739079E-007 -9.589369647039728E-008
          54  0.000000000000000E+000  0.000000000000000E+000
 -1.047863626671809E-008  3.682900843611222E-009
 -1.656620812732941E-007  9.125208847316113E-008
          55  0.000000000000000E+000  0.000000000000000E+000
 -4.059736280136855E-009  6.718663767310582E-009
 -1.551311711471728E-009  2.195400214308563E-007
          56  0.000000000000000E+000  0.000000000000000E+000
  1.024925388679345E-009  3.538383649887455E-009
  2.111889016618176E-007  1.415512123541077E-007
          57  0.000000000000000E+000  0.000000000000000E+000
  1.159515283349363E-009 -2.444664183165465E-009
  2.622908819522517E-007 -1.074638062798954E-007
          58  0.000000000000000E+000  0.000000000000000E+000
 -4.487257495472072E-009 -5.437522868123630E-009
  5.036549703241896E-008 -2.926439140894124E-007
          59  0.000000000000000E+000  0.000000000000000E+000
 -1.006032432509661E-008 -1.525332660490708E-009
 -2.327124216009179E-007 -1.893566497896635E-007
          60  0.000000000000000E+000  0.000000000000000E+000
 -9.044367450368805E-009  6.045841859616872E-009
 -2.796641331944442E-007  1.188251775905590E-007
          61  0.000000000000000E+000  0.000000000000000E+000
 -1.474004959073779E-009  6.591585469020479E-009
 -4.201585145044506E-008  3.250930653730957E-007
          62  0.000000000000000E+000  0.000000000000000E+000
  1.208420416516820E-009  2.809524463965391E-009
  3.075706319184887E-007  2.213864519098109E-007
          63  0.000000000000000E+000  0.000000000000000E+000
  9.248194582429691E-011 -3.089017942446810E-009
  3.585162610115775E-007 -1.799882496595706E-007
          64  0.000000000000000E+000  0.000000000000000E+000
 -7.756586346974158E-009 -4.452859447421365E-009
  1.678115647671575E-008 -3.882606657542872E-007
          65  0.000000000000000E+000  0.000000000000000E+000
 -1.292255022558814E-008  4.237309505619831E-009
 -3.044198926897376E-007 -1.922397588328037E-007
          66  0.000000000000000E+000  0.000000000000000E+000
 -3.962297199077043E-009  1.163955354471891E-008
 -3.148700880816000E-007  1.624313851262170E-007
          67  0.000000000000000E+000  0.000000000000000E+000
  1.977773340864488E-009  8.771403774506786E-009
  2.887807013434162E-008  3.818008796697951E-007
          68  0.000000000000000E+000  0.000000000000000E+000
  6.534304342429928E-009  1.296341586679495E-009
  3.476305145262255E-007  1.210488000691912E-007
          69  0.000000000000000E+000  0.000000000000000E+000
 -5.705986545342763E-010 -7.211162003339831E-009
  2.596606401333764E-007 -2.085886500154553E-007
          70  0.000000000000000E+000  0.000000000000000E+000
 -1.203369888039271E-008 -3.126897886630024E-009
 -4.154679054173460E-009 -3.070640183436446E-007
          71  0.000000000000000E+000  0.000000000000000E+000
 -1.104497102489884E-008  1.049314666633032E-008
 -2.424530024207723E-007 -1.885317580583839E-007
          72  0.000000000000000E+000  0.000000000000000E+000
 -2.721760296495338E-009  1.152592419344777E-008
 -2.967092629344005E-007  1.407278716550617E-007
          73  0.000000000000000E+000  0.000000000000000E+000
  5.352946382406027E-009  1.031199990768206E-008
 -5.527120376838049E-010  2.885581672055300E-007
          74  0.000000000000000E+000  0.000000000000000E+000
  7.319153405189281E-009 -5.083786953060733E-010
  2.104343083292359E-007  1.716110837214189E-007
          75  0.000000000000000E+000  0.000000000000000E+000
 -2.158215624488279E-009 -5.617306092803656E-009
  3.100971520150914E-007 -4.814393835639851E-008
          76  0.000000000000000E+000  0.000000000000000E+000
 -1.031933491039647E-008  1.745389669688441E-009
  1.819979378291488E-007 -3.353232989962420E-007
          77  0.000000000000000E+000  0.000000000000000E+000
 -4.106829862257395E-009  8.352540160640200E-009
 -2.288810899766942E-007 -3.742661317569776E-007
          78  0.000000000000000E+000  0.000000000000000E+000
 -2.217699670832613E-009  1.026100673256518E-008
 -3.996977734425966E-007  5.246452769649392E-009
          79  0.000000000000000E+000  0.000000000000000E+000
  4.502081083798014E-009  7.457401460330918E-009
 -2.613460894239247E-007  3.251791885149521E-007
          80  0.000000000000000E+000  0.000000000000000E+000
  2.401325007262096E-009  2.032778478499677E-009
  1.761275752793663E-007  4.755705747863580E-007
          81  0.000000000000000E+000  0.000000000000000E+000
 -1.524254497896548E-009  3.550404460676882E-009
  5.930542155469561E-007  6.313458990027722E-008
          82  0.000000000000000E+000  0.000000000000000E+000
  2.929027307286408E-009  6.543170347687471E-009
  3.422791588301505E-007 -5.505016010236649E-007
          83  0.000000000000000E+000  0.000000000000000E+000
  3.718616095288707E-010  1.995838941226811E-009
 -2.779805832422033E-007 -5.473942951075472E-007
          84  0.000000000000000E+000  0.000000000000000E+000
  2.130899589615238E-010  3.667362923178528E-009
 -6.378851495260928E-007 -9.022517988144533E-008
          85  0.000000000000000E+000  0.000000000000000E+000
 -1.147878505280475E-009  4.601956671506245E-009
 -3.888390014533772E-007  5.479523842022360E-007
          86  0.000000000000000E+000  0.000000000000000E+000
  5.764500322962619E-010  7.669104120175417E-009
  3.229780256942075E-007  5.653734588824549E-007
          87  0.000000000000000E+000  0.000000000000000E+000
  5.291415273695997E-009  8.157027290111119E-009
  6.052252073362605E-007 -4.163271499495492E-008
          88  0.000000000000000E+000  0.000000000000000E+000
  7.172337295976610E-009 -4.638997458182128E-011
  2.336040845169909E-007 -4.736131810365438E-007
          89  0.000000000000000E+000  0.000000000000000E+000
  1.584207974791856E-009 -1.975122354944401E-010
 -2.204830277301689E-007 -4.523828625149073E-007
          90  0.000000000000000E+000  0.000000000000000E+000
 -8.850492670078820E-010  1.563579282759707E-009
 -4.822585892894549E-007 -4.332052855873596E-008
          91  0.000000000000000E+000  0.000000000000000E+000
 -5.023503000135322E-010  5.678981595364723E-009
 -2.238341937762759E-007  3.384695521957512E-007
          92  0.000000000000000E+000  0.000000000000000E+000
  3.453768438420084E-009  6.552717788387600E-009
  1.426455993328672E-007  2.725417258306848E-007
          93  0.000000000000000E+000  0.000000000000000E+000
  7.021383748141442E-009  4.240499391060430E-009
  2.176676679160817E-007  1.102408240820245E-008
          94  0.000000000000000E+000  0.000000000000000E+000
  3.587949014601157E-009 -1.277001137470959E-009
  1.228861581517581E-007 -9.908631444746893E-008
          95  0.000000000000000E+000  0.000000000000000E+000
  4.536059582191292E-010  1.026685171958217E-009
  4.377828193124420E-009 -1.522905016183465E-007
          96  0.000000000000000E+000  0.000000000000000E+000
 -2.984246576074784E-010  4.370033266184623E-009
 -5.768132193488175E-008 -6.207645689048036E-008
          97  0.000000000000000E+000  0.000000000000000E+000
  3.596295070859752E-009  7.133044659284019E-009
 -2.219248214139667E-008 -7.437378792715935E-008
          98  0.000000000000000E+000  0.000000000000000E+000
  7.940160845788090E-009  4.765814128497424E-009
 -1.270735484634890E-007 -1.033270190295511E-007
          99  0.000000000000000E+000  0.000000000000000E+000
  8.265385683073647E-009 -2.095132548628793E-009
 -2.195892902077541E-007  6.891149121870439E-008
         100  0.000000000000000E+000  0.000000000000000E+000
  1.705664434697534E-009 -2.833803321646533E-009
 -6.702891902035526E-008  2.239754075307145E-007
         101  0.000000000000000E+000  0.000000000000000E+000
 -1.751210875998399E-009  1.402030315806563E-009
  1.522546800522613E-007  2.185117743494575E-007
         102  0.000000000000000E+000  0.000000000000000E+000
  1.118193089637676E-009  7.440948715250292E-009
  3.126064510734522E-007 -2.676059614432984E-008
         103  0.000000000000000E+000  0.000000000000000E+000
  8.200548164533099E-009  7.152045280127242E-009
  1.515549010614888E-007 -3.123087251510068E-007
         104  0.000000000000000E+000  0.000000000000000E+000
  1.182489861928456E-008  5.094308772166777E-010
 -1.761013188758961E-007 -3.246424704909764E-007
         105  0.000000000000000E+000  0.000000000000000E+000
  7.312058594068376E-009 -4.968344946904659E-009
 -3.780502404279274E-007 -8.241999719180919E-008
         106  0.000000000000000E+000  0.000000000000000E+000
  1.698141488647974E-009 -4.585476780249070E-009
 -3.293403590651024E-007  2.582684885080575E-007
         107  0.000000000000000E+000  0.000000000000000E+000
 -9.315169855361930E-010  2.816150945607758E-010
  1.346700479794496E-008  4.395929245004229E-007
         108  0.000000000000000E+000  0.000000000000000E+000
  2.270635454252985E-009  4.646348465544482E-009
  3.909762233822238E-007  2.490640301945431E-007
         109  0.000000000000000E+000  0.000000000000000E+000
  7.283061572103745E-009  3.744787589362349E-009
  4.557534385455116E-007 -2.137237982319862E-007
         110  0.000000000000000E+000  0.000000000000000E+000
  9.085719845216423E-009 -3.915002391976674E-010
  5.928259974296297E-008 -5.544348831143335E-007
         111  0.000000000000000E+000  0.000000000000000E+000
  7.031322890114628E-009 -3.581796228471068E-009
 -4.719338886793571E-007 -3.637625433547321E-007
         112  0.000000000000000E+000  0.000000000000000E+000
  4.231041267760231E-009 -4.278246271187004E-009
 -5.900183290446199E-007  2.019203842120745E-007
         113  0.000000000000000E+000  0.000000000000000E+000
  2.086971056794884E-009 -2.320759784216585E-009
 -1.477791976536904E-007  6.295361547381900E-007
         114  0.000000000000000E+000  0.000000000000000E+000
  3.659732620434043E-009 -1.695532517330495E-010
  4.828154762487095E-007  4.391510184607685E-007
         115  0.000000000000000E+000  0.000000000000000E+000
  4.713186621966957E-009 -1.540340539934501E-009
  6.080329684507348E-007 -2.344229599968715E-007
         116  0.000000000000000E+000  0.000000000000000E+000
  4.611128599061323E-009 -2.040835797710919E-009
  3.822427816176833E-008 -6.394181691690203E-007
         117  0.000000000000000E+000  0.000000000000000E+000
  4.993926841303340E-009 -1.510070195947534E-009
 -5.225543791929359E-007 -3.357959229500523E-007
         118  0.000000000000000E+000  0.000000000000000E+000
  5.603930303127846E-009 -2.942523354293910E-009
 -5.670233515338707E-007  2.993812041078073E-007
         119  0.000000000000000E+000  0.000000000000000E+000
  5.944820115233286E-009 -3.385914467145572E-009
  3.150547596021680E-008  6.292693392610272E-007
         120  0.000000000000000E+000  0.000000000000000E+000
  5.705320284035498E-009 -7.389817007260076E-009
  5.418665253389411E-007  1.888335902956006E-007
         121  0.000000000000000E+000  0.000000000000000E+000
  6.517563061311751E-010 -7.189840388165120E-009
  3.064640415737666E-007 -3.950200168285478E-007
         122  0.000000000000000E+000  0.000000000000000E+000
 -1.158145882444250E-009 -2.356643414112821E-009
 -1.936388120815193E-007 -3.833835928680283E-007
         123  0.000000000000000E+000  0.000000000000000E+000
  2.546150190602490E-009 -6.022112785193187E-010
 -4.542879988934111E-007  3.644061604354306E-009
         124  0.000000000000000E+000  0.000000000000000E+000
  5.505495000370175E-009 -1.033095225796350E-009
 -1.553566295827510E-007  4.279001476403543E-007
         125  0.000000000000000E+000  0.000000000000000E+000
  8.660513271476562E-009 -6.666082737339644E-009
  2.996881588429990E-007  2.566450376719823E-007
         126  0.000000000000000E+000  0.000000000000000E+000
  1.017038563313777E-009 -1.121881812768390E-008
  2.847299720828793E-007 -1.577256949445827E-007
         127  0.000000000000000E+000  0.000000000000000E+000
 -4.541857502983453E-009 -5.849071267604104E-009
 -1.173973616924033E-008 -2.472102164485174E-007
         128  0.000000000000000E+000  0.000000000000000E+000
 -3.251541728698970E-010 -1.245584352530344E-010
 -2.418714484314506E-007 -1.663078426239246E-007
         129  0.000000000000000E+000  0.000000000000000E+000
  3.746351560516163E-009 -1.202507473599842E-009
 -2.997810912701252E-007  1.970216061897020E-007
         130  0.000000000000000E+000  0.000000000000000E+000
  7.534041198246324E-009 -4.951712539012845E-009
  5.726656572096350E-008  3.377082745200938E-007
         131  0.000000000000000E+000  0.000000000000000E+000
  3.140903063881934E-009 -1.409095943758877E-008
  2.685960438440845E-007  1.071792436725235E-007
         132  0.000000000000000E+000  0.000000000000000E+000
 -7.319832246040206E-009 -9.757136998044772E-009
  1.993026019864901E-007 -1.308897797063616E-007
         133  0.000000000000000E+000  0.000000000000000E+000
 -5.717410742759757E-009  8.968283614228251E-010
  4.367122156544982E-008 -2.875117927699098E-007
         134  0.000000000000000E+000  0.000000000000000E+000
  2.691892042479960E-009  9.874131607114467E-010
 -3.419683291329942E-007 -1.649160214334267E-007
         135  0.000000000000000E+000  0.000000000000000E+000
  7.624226143964046E-009 -3.914653838829119E-009
 -2.839785018931748E-007  2.613051670714229E-007
         136  0.000000000000000E+000  0.000000000000000E+000
  5.656417070814528E-009 -1.559948955854642E-008
  5.009954876890333E-008  3.810628162284748E-007
         137  0.000000000000000E+000  0.000000000000000E+000
 -9.681073555392157E-009 -1.552969584177090E-008
  3.720185822873734E-007  2.041242576426336E-007
         138  0.000000000000000E+000  0.000000000000000E+000
 -1.358283474092640E-008 -1.858871560401904E-009
  4.500775790362698E-007 -2.850175772760991E-007
         139  0.000000000000000E+000  0.000000000000000E+000
 -4.804106129674170E-009  4.094485868749848E-009
 -1.819334053230118E-007 -5.751298812154270E-007
         140  0.000000000000000E+000  0.000000000000000E+000
  3.072269687223032E-009  2.537495607829613E-009
 -6.211814660173135E-007 -1.677154936361122E-008
         141  0.000000000000000E+000  0.000000000000000E+000
  7.337730795382265E-009 -7.127895466354120E-009
 -3.160435260555612E-007  6.042556289642853E-007
         142  0.000000000000000E+000  0.000000000000000E+000
 -2.911766111145220E-009 -1.471321859458849E-008
  4.594515925132899E-007  6.259420868612367E-007
         143  0.000000000000000E+000  0.000000000000000E+000
 -1.152438742123411E-008 -8.231560288712127E-009
  8.468300928824918E-007 -1.655246214674396E-007
         144  0.000000000000000E+000  0.000000000000000E+000
 -9.744928227380146E-009 -5.840083593350655E-010
  1.501387260037503E-007 -9.298066690511338E-007
         145  0.000000000000000E+000  0.000000000000000E+000
 -6.131905244148875E-009  2.527508483611043E-009
 -8.312075300351858E-007 -4.692578720581182E-007
         146  0.000000000000000E+000  0.000000000000000E+000
  7.851020737174163E-011  2.598274749248554E-009
 -7.901887972176844E-007  5.663231397812857E-007
         147  0.000000000000000E+000  0.000000000000000E+000
  2.870388595520450E-009 -4.549577112321085E-009
  1.413243882986029E-007  1.015963071177111E-006
         148  0.000000000000000E+000  0.000000000000000E+000
 -3.294904826854027E-009 -8.249217568731539E-009
  1.014313462737501E-006  3.650846291770020E-007
         149  0.000000000000000E+000  0.000000000000000E+000
 -7.436461035359003E-009 -5.295041793142881E-009
  8.204115419328743E-007 -7.553487050584431E-007
         150  0.000000000000000E+000  0.000000000000000E+000
 -7.784844770002644E-009 -2.526216294403086E-009
 -3.379352095214577E-007 -1.061916038931916E-006
         151  0.000000000000000E+000  0.000000000000000E+000
 -7.035094256185365E-009  8.511029557915071E-010
 -1.053739484339102E-006 -1.617287818430840E-007
         152  0.000000000000000E+000  0.000000000000000E+000
 -2.621694312780947E-009  1.254818832239779E-009
 -6.389048301384108E-007  8.246367114840473E-007
         153  0.000000000000000E+000  0.000000000000000E+000
 -2.177265426202369E-009 -2.902739922670483E-009
  3.988585703688139E-007  9.639582260146711E-007
         154  0.000000000000000E+000  0.000000000000000E+000
 -4.927540866638815E-009 -3.422952111684130E-009
  1.008648580343841E-006  1.325314956048642E-007
         155  0.000000000000000E+000  0.000000000000000E+000
 -5.947904395045199E-009 -2.460064206978609E-009
  5.663756034482255E-007 -7.542770775221180E-007
         156  0.000000000000000E+000  0.000000000000000E+000
 -7.287491718333586E-009 -1.277368875918510E-009
 -3.138216796755245E-007 -7.594282771782058E-007
         157  0.000000000000000E+000  0.000000000000000E+000
 -6.493480823382834E-009  1.122781607165296E-009
 -7.094139245238975E-007 -1.188063214993765E-007
         158  0.000000000000000E+000  0.000000000000000E+000
 -4.485737040279012E-009  9.884081704108182E-010
 -4.275113589498589E-007  4.728565558131337E-007
         159  0.000000000000000E+000  0.000000000000000E+000
 -4.285831391804153E-009 -3.750196061308238E-010
  1.191558367933467E-007  5.513530577188169E-007
         160  0.000000000000000E+000  0.000000000000000E+000
 -5.457271178732163E-009 -8.567655641411967E-010
  4.489373235017250E-007  2.417660123335442E-007
         161  0.000000000000000E+000  0.000000000000000E+000
 -6.852032918354707E-009 -5.142069030169725E-010
  4.462593372127381E-007 -1.590797112199350E-007
         162  0.000000000000000E+000  0.000000000000000E+000
 -8.119184630742210E-009  1.790285156188530E-009
  1.733243621782758E-007 -3.992190818053001E-007
         163  0.000000000000000E+000  0.000000000000000E+000
 -6.279223712382588E-009  4.705976992835791E-009
 -1.657635965887578E-007 -3.817456464163784E-007
         164  0.000000000000000E+000  0.000000000000000E+000
 -2.450035677514192E-009  3.871201409691371E-009
 -4.060728838059123E-007 -1.045245017266624E-007
         165  0.000000000000000E+000  0.000000000000000E+000
 -2.532942849837815E-009  4.271036267105451E-010
 -3.215156061716407E-007  2.900344216654028E-007
         166  0.000000000000000E+000  0.000000000000000E+000
 -4.697761906361267E-009 -4.731062593360909E-010
  9.453553630866330E-008  4.192931430666267E-007
         167  0.000000000000000E+000  0.000000000000000E+000
 -7.789187500037360E-009 -5.887742783652096E-010
  3.558546604401037E-007  1.601013174258742E-007
         168  0.000000000000000E+000  0.000000000000000E+000
 -1.070163767250067E-008  4.031317619780979E-009
  3.572121471227583E-007 -1.525967482712587E-007
         169  0.000000000000000E+000  0.000000000000000E+000
 -6.827015520924722E-009  9.933074525644865E-009
  8.544356612317099E-008 -3.780427088996954E-007
         170  0.000000000000000E+000  0.000000000000000E+000
 -4.187642335617178E-010  7.928763050303146E-009
 -2.396405680830112E-007 -2.246562016527039E-007
         171  0.000000000000000E+000  0.000000000000000E+000
  3.146330385144536E-010  3.957591871700715E-009
 -2.053492433789474E-007  8.737702810100861E-008
         172  0.000000000000000E+000  0.000000000000000E+000
 -5.513481030455747E-010 -3.651724058326674E-010
 -4.807771815735810E-008  8.996137254756444E-008
         173  0.000000000000000E+000  0.000000000000000E+000
 -8.183069761750654E-009 -1.092718453767359E-009
  2.250416375617188E-009  1.302332807151611E-007
         174  0.000000000000000E+000  0.000000000000000E+000
 -1.092694676048823E-008  7.762953592000222E-009
  1.093830603449797E-007  5.988410332686951E-008
         175  0.000000000000000E+000  0.000000000000000E+000
 -3.741240267249634E-009  1.202330525841390E-008
  9.195040164823516E-008  2.008520871019827E-008
         176  0.000000000000000E+000  0.000000000000000E+000
  9.433976179174092E-010  1.042498027936789E-008
  1.853556729907905E-007 -1.681491209832416E-008
         177  0.000000000000000E+000  0.000000000000000E+000
  5.546647712924145E-009  5.420408036478262E-009
  1.094390605280967E-007 -2.986976711297084E-007
         178  0.000000000000000E+000  0.000000000000000E+000
 -3.469716405552114E-012 -1.702972012125283E-009
 -2.242632843308245E-007 -1.736967321820198E-007
         179  0.000000000000000E+000  0.000000000000000E+000
 -7.309669422133286E-009  2.675463577856672E-009
 -1.634724628377724E-007  4.823905426126409E-008
         180  0.000000000000000E+000  0.000000000000000E+000
 -4.409081897076145E-009  9.814138956922789E-009
 -8.873523839550013E-008  1.108281083582850E-007
         181  0.000000000000000E+000  0.000000000000000E+000
  3.700503326441075E-010  9.381876537544384E-009
  3.687070733815834E-008  1.464296136701201E-007
         182  0.000000000000000E+000  0.000000000000000E+000
  3.526711321414505E-009  7.591600546315877E-009
  1.562623529815817E-007  2.161463586801069E-008
         183  0.000000000000000E+000  0.000000000000000E+000
  2.383781756429301E-009  1.415587162599118E-009
  3.801157031156817E-008 -2.103476047010786E-008
         184  0.000000000000000E+000  0.000000000000000E+000
 -4.284825744929109E-009  3.336415741464609E-009
  1.988373705827879E-007 -8.234019494007215E-009
         185  0.000000000000000E+000  0.000000000000000E+000
 -3.122635898400592E-009  1.053738630126643E-008
  1.194908463762073E-007 -3.343895695737620E-007
         186  0.000000000000000E+000  0.000000000000000E+000
  4.286048578919227E-009  1.027392535098305E-008
 -2.766569374176593E-007 -2.968175035054520E-007
         187  0.000000000000000E+000  0.000000000000000E+000
  5.547384312523836E-009  5.755957483275982E-009
 -4.006246540762565E-007  7.382222264520191E-008
         188  0.000000000000000E+000  0.000000000000000E+000
  4.491930918428807E-009  1.414782745208447E-009
 -2.313030526127436E-007  3.809802184060472E-007
         189  0.000000000000000E+000  0.000000000000000E+000
 -2.755705075573973E-009  1.962047594828968E-009
  3.198700481795852E-007  5.211287745056958E-007
         190  0.000000000000000E+000  0.000000000000000E+000
 -2.788135823098590E-009  1.034589299858673E-008
  7.007665866944359E-007 -1.474167088090516E-007
         191  0.000000000000000E+000  0.000000000000000E+000
  5.916952563852507E-009  1.219186353273855E-008
  1.783264044963870E-007 -7.199959349572819E-007
         192  0.000000000000000E+000  0.000000000000000E+000
  9.426109894083273E-009  6.538267004156293E-009
 -5.347908429092350E-007 -5.352920397891447E-007
         193  0.000000000000000E+000  0.000000000000000E+000
  8.837336922854137E-009  1.201395514785790E-009
 -7.888617408184772E-007  1.789087490718735E-007
         194  0.000000000000000E+000  0.000000000000000E+000
  2.545042229190844E-009 -5.125976131588793E-010
 -1.508577010264474E-007  8.590392690726399E-007
         195  0.000000000000000E+000  0.000000000000000E+000
  6.840296738785997E-010  4.610752214802113E-009
  7.364047107031966E-007  4.090146107884415E-007
         196  0.000000000000000E+000  0.000000000000000E+000
  4.772033174152292E-009  7.197772668426963E-009
  6.204664363499613E-007 -4.793437495972252E-007
         197  0.000000000000000E+000  0.000000000000000E+000
  7.504548738786532E-009  4.047536636713154E-009
 -1.283425827779381E-007 -7.407444482880091E-007
         198  0.000000000000000E+000  0.000000000000000E+000
  6.455456861219438E-009  2.090054984754716E-009
 -6.782069726248612E-007 -2.522927973056607E-007
         199  0.000000000000000E+000  0.000000000000000E+000
  4.931377151256350E-009  1.415305377026000E-009
 -5.358924848153062E-007  4.687730634337979E-007
         200  0.000000000000000E+000  0.000000000000000E+000
  4.626342628385319E-009  3.330311066019827E-009
  1.869305794113858E-007  6.238216837992867E-007
         201  0.000000000000000E+000  0.000000000000000E+000
  6.940062453487871E-009  3.149294327548061E-009
  5.613726191653901E-007  9.863094309421751E-008
         202  0.000000000000000E+000  0.000000000000000E+000
  7.832445307082449E-009  7.008563346147777E-010
  3.512873449581431E-007 -4.004796854866739E-007
         203  0.000000000000000E+000  0.000000000000000E+000
  5.609155084589689E-009 -1.325990364292425E-009
 -1.408766856782822E-007 -5.226966898765763E-007
         204  0.000000000000000E+000  0.000000000000000E+000
  3.453719980481902E-009  8.700049389384785E-011
 -5.297962080570462E-007 -1.897973181262778E-007
         205  0.000000000000000E+000  0.000000000000000E+000
  3.552753788779139E-009  2.377818236836205E-009
 -4.512036414805038E-007  3.427322791733525E-007
         206  0.000000000000000E+000  0.000000000000000E+000
  6.455371189986945E-009  3.788115213919951E-009
  3.505639558983458E-008  5.385918701721095E-007
         207  0.000000000000000E+000  0.000000000000000E+000
  9.400843314446275E-009  1.276669674439464E-009
  4.600659651514127E-007  2.650813048346254E-007
         208  0.000000000000000E+000  0.000000000000000E+000
  8.795574994461531E-009 -2.366551982449964E-009
  4.879708699157854E-007 -2.583411927526380E-007
         209  0.000000000000000E+000  0.000000000000000E+000
  5.962586746597622E-009 -3.737279813317001E-009
  4.663043728007966E-008 -5.864024826800062E-007
         210  0.000000000000000E+000  0.000000000000000E+000
  3.984108240398562E-009 -2.602238956356787E-009
 -4.918756671313612E-007 -4.021291233918214E-007
         211  0.000000000000000E+000  0.000000000000000E+000
  3.856586275587326E-009 -5.586064514883030E-010
 -6.539163564048150E-007  1.991643257719128E-007
         212  0.000000000000000E+000  0.000000000000000E+000
  5.980081801555371E-009 -2.347095824937677E-010
 -1.815226135798260E-007  6.634390347102063E-007
         213  0.000000000000000E+000  0.000000000000000E+000
  6.591236957987157E-009 -1.439812585096089E-009
  4.466033172626376E-007  4.893094292729485E-007
         214  0.000000000000000E+000  0.000000000000000E+000
  6.767324231518784E-009 -2.759713381710298E-009
  6.276351672651164E-007 -1.207255002313252E-007
         215  0.000000000000000E+000  0.000000000000000E+000
  6.240566534750040E-009 -3.631224151140851E-009
  2.160375288197981E-007 -6.089787368102801E-007
         216  0.000000000000000E+000  0.000000000000000E+000
  5.071982248442100E-009 -4.242336625658840E-009
 -4.294444364553788E-007 -4.534078968366831E-007
         217  0.000000000000000E+000  0.000000000000000E+000
  5.442966996166577E-009 -3.734220636955235E-009
 -5.127168511777049E-007  9.693441905497236E-008
         218  0.000000000000000E+000  0.000000000000000E+000
  4.502833964720374E-009 -5.699089307709220E-009
 -2.370300978657360E-007  3.542717909692272E-007
         219  0.000000000000000E+000  0.000000000000000E+000
  2.870659335614804E-009 -4.457948308676571E-009
  5.641858770744916E-008  3.794648085215832E-007
         220  0.000000000000000E+000  0.000000000000000E+000
  3.015989149991268E-009 -3.165045654586619E-009
  2.952686927924075E-007  2.190139020204464E-007
         221  0.000000000000000E+000  0.000000000000000E+000
  4.791663395308070E-009 -3.107477861140877E-009
  3.023878968579494E-007 -7.664907912575566E-008
         222  0.000000000000000E+000  0.000000000000000E+000
  5.838735578127388E-009 -3.832029310800770E-009
  2.070056023208770E-007 -2.126876980780253E-007
         223  0.000000000000000E+000  0.000000000000000E+000
  6.975200460715181E-009 -7.890217865070189E-009
 -1.697912983118788E-008 -4.397258610724170E-007
         224  0.000000000000000E+000  0.000000000000000E+000
  1.842461273064572E-009 -9.671298243120234E-009
 -4.972737607882313E-007 -2.615529934169994E-007
         225  0.000000000000000E+000  0.000000000000000E+000
 -6.498269896805228E-010 -7.208229516961058E-009
 -5.370670338332640E-007  3.129751267728892E-007
         226  0.000000000000000E+000  0.000000000000000E+000
 -3.914608271536022E-011 -4.567095320838820E-009
 -7.621414161454388E-008  6.115272103218349E-007
         227  0.000000000000000E+000  0.000000000000000E+000
  1.098192209335173E-009 -3.632137700272872E-009
  4.738056574198155E-007  5.105706157916481E-007
         228  0.000000000000000E+000  0.000000000000000E+000
  4.556166648906268E-009 -5.240773884694773E-009
  7.405414127696920E-007 -2.177508226293135E-007
         229  0.000000000000000E+000  0.000000000000000E+000
  1.395507180234027E-009 -9.300107811675330E-009
  7.788274451238956E-008 -7.192004963223152E-007
         230  0.000000000000000E+000  0.000000000000000E+000
 -1.602193215593672E-009 -7.744087723621010E-009
 -5.355345604871458E-007 -3.427068277261065E-007
         231  0.000000000000000E+000  0.000000000000000E+000
 -2.004577002587409E-009 -5.234006391265729E-009
 -4.900520173862796E-007  2.283256562022622E-007
         232  0.000000000000000E+000  0.000000000000000E+000
 -1.163795599735685E-009 -4.350027694234352E-009
 -9.210560421434379E-008  5.055781483536082E-007
         233  0.000000000000000E+000  0.000000000000000E+000
  1.727937993513691E-009 -4.122131338447171E-009
  3.519171370348717E-007  2.278636650849658E-007
         234  0.000000000000000E+000  0.000000000000000E+000
  6.545025889091355E-010 -9.872028659973686E-009
  1.412844006226847E-007 -1.267843903395155E-007
         235  0.000000000000000E+000  0.000000000000000E+000
 -5.533424922460306E-009 -7.597154645059706E-009
 -4.533544544700526E-009  5.227485748073573E-008
         236  0.000000000000000E+000  0.000000000000000E+000
 -5.026548765125472E-009 -2.534360378365891E-009
  2.137159734926361E-007  5.825632442926208E-008
         237  0.000000000000000E+000  0.000000000000000E+000
 -5.005126659842306E-010 -1.284629499846487E-009
  1.879457989286048E-007 -2.681500669840500E-007
         238  0.000000000000000E+000  0.000000000000000E+000
  2.138682707770562E-009 -3.813854522301645E-009
 -1.394287263897747E-007 -3.502213931700288E-007
         239  0.000000000000000E+000  0.000000000000000E+000
  2.654258628528697E-009 -9.750479352455679E-009
 -5.169248611701696E-007 -1.373713973335158E-007
         240  0.000000000000000E+000  0.000000000000000E+000
 -6.261802327250781E-009 -1.240630130224709E-008
 -4.847132510952019E-007  5.443876263079701E-007
         241  0.000000000000000E+000  0.000000000000000E+000
 -1.028537161476314E-008 -4.922991807714436E-009
  3.146325475492349E-007  7.733756533150306E-007
         242  0.000000000000000E+000  0.000000000000000E+000
 -6.385586378510358E-009  5.673654509415516E-010
  8.535259299655603E-007  8.592496862325903E-008
         243  0.000000000000000E+000  0.000000000000000E+000
 -1.382057789064801E-009 -7.718165465517205E-011
  5.003345807885532E-007 -6.521732563344390E-007
         244  0.000000000000000E+000  0.000000000000000E+000
  1.742503659503349E-009 -4.595799472297105E-009
 -3.143594265927280E-007 -8.077761764790992E-007
         245  0.000000000000000E+000  0.000000000000000E+000
 -3.345177357459724E-009 -1.038642309872245E-008
 -9.123969306018492E-007 -5.128299838818213E-008
         246  0.000000000000000E+000  0.000000000000000E+000
 -9.424600223518844E-009 -6.803455936359420E-009
 -4.125120606736661E-007  7.856086289160597E-007
         247  0.000000000000000E+000  0.000000000000000E+000
 -9.215118786143160E-009 -1.580511902493752E-009
  4.611128754008221E-007  6.715612500902536E-007
         248  0.000000000000000E+000  0.000000000000000E+000
 -6.301395548126097E-009  1.861419407720795E-010
  7.162997854660361E-007 -3.021311108199072E-008
         249  0.000000000000000E+000  0.000000000000000E+000
 -3.648007507568474E-009 -4.307498562776582E-010
  3.074767226004947E-007 -5.652641650300149E-007
         250  0.000000000000000E+000  0.000000000000000E+000
 -3.929220712852884E-009 -3.622844150283274E-009
 -3.133830840367317E-007 -4.339075374366702E-007
         251  0.000000000000000E+000  0.000000000000000E+000
 -7.175044341208753E-009 -2.781826419729812E-009
 -3.960666069186300E-007  6.690062377792315E-008
         252  0.000000000000000E+000  0.000000000000000E+000
 -6.713503414897253E-009 -2.568712267321379E-010
 -1.233333993851333E-007  2.750886134661103E-007
         253  0.000000000000000E+000  0.000000000000000E+000
 -4.990510467896819E-009 -1.724358698811701E-010
  9.430440288913870E-008  2.271985508962514E-007
         254  0.000000000000000E+000  0.000000000000000E+000
 -5.144782065385438E-009 -1.360129220701843E-009
  2.127836894987915E-007  1.022805323286277E-007
         255  0.000000000000000E+000  0.000000000000000E+000
 -6.284149029517757E-009 -1.394136270886257E-009
  2.161961883881148E-007 -7.733567850078624E-008
         256  0.000000000000000E+000  0.000000000000000E+000
 -7.442630492783300E-009 -4.504773483475243E-010
  8.720276700216850E-008 -1.991311029651312E-007
