   409.600000000000     
         256           1           3
  1.124309127438499E-002   41.4525204889665        116.530053323365     
   39.0000000000000        116.000000000000        6351.00000000000     
           0  0.000000000000000E+000  0.000000000000000E+000
  0.000000000000000E+000  0.000000000000000E+000
  0.000000000000000E+000  0.000000000000000E+000
           1  4.109824882838605E-007 -1.318347535106095E-007
  2.495657522914198E-006  1.118336702639618E-007
  1.934148238481768E-006  4.748546625128256E-008
           2  4.730623812945020E-007 -5.055871019225082E-007
  2.748608986434656E-006  3.643205803683808E-007
  2.005576669785030E-006  1.861358367291859E-007
           3  1.657420642136774E-008 -1.138757456858958E-006
  3.521101676336578E-006  3.866060344547596E-007
  2.331003823087049E-006  2.722487770300422E-007
           4 -1.265940633301036E-006 -1.197485559876310E-006
  4.444977203314109E-006 -3.937585320047853E-007
  2.743722851770024E-006  7.053753340881291E-009
           5 -2.496590171487136E-006  2.235107140216714E-007
  4.678891623921977E-006 -1.867584454001165E-006
  2.817735609255927E-006 -5.327907091354340E-007
           6 -2.038532040865908E-006  2.794028247715765E-006
  3.904640362945005E-006 -3.190532748436349E-006
  2.473192854220243E-006 -7.892894952838831E-007
           7  1.017297608802528E-006  4.492958261364690E-006
  2.752617718868871E-006 -3.579290568514419E-006
  2.288147300810255E-006 -4.975240406674135E-007
           8  5.239598650062023E-006  2.837645287815493E-006
  2.331893293812952E-006 -3.398058543966180E-006
  2.809475416117959E-006 -1.179309383834869E-007
           9  7.082842535378957E-006 -2.652600939076298E-006
  2.597901349436524E-006 -4.067108949659003E-006
  3.888221829894412E-006 -4.099921841680840E-007
          10  3.200955932915325E-006 -8.830650556873576E-006
  1.817157040516519E-006 -6.158927566558775E-006
  4.612943254881607E-006 -1.782778567276804E-006
          11 -5.765701681491583E-006 -9.908133233064725E-006
 -1.949752331114501E-006 -7.955139049120582E-006
  4.119663456127180E-006 -3.395163141707327E-006
          12 -1.357150031402330E-005 -2.028616362336970E-006
 -8.201968174419757E-006 -5.469011223878411E-006
  3.004329915658787E-006 -4.126191583491365E-006
          13 -1.146315900464649E-005  1.114109832145870E-005
 -1.134826100660034E-005  3.848703292540272E-006
  2.056125615905809E-006 -4.185881949343976E-006
          14  2.587039340692125E-006  1.784381168868982E-005
 -3.889910473409009E-006  1.561189692784965E-005
  1.743033037009413E-006 -4.240531136350660E-006
          15  1.762474503205504E-005  8.610525333508916E-006
  1.499477151324307E-005  1.723136542580947E-005
  1.236157954439418E-006 -4.760522647373851E-006
          16  1.747311960437736E-005 -1.080064636573200E-005
  3.156338676412620E-005 -1.491808949004858E-006
  7.135380333901157E-008 -5.048396699471956E-006
          17 -1.068971203086905E-006 -2.053579270874319E-005
  2.430178966228493E-005 -3.263527844227382E-005
 -1.441472353015050E-006 -4.446650530001574E-006
          18 -1.821968736053109E-005 -6.834271297545019E-006
 -1.199834216257498E-005 -4.610897779318768E-005
 -1.644231228024764E-006 -2.521442725986444E-006
          19 -1.041796591039205E-005  1.452489806749221E-005
 -4.750828083704785E-005 -1.938690885965509E-005
  1.737895173691248E-007 -1.681702784068054E-006
          20  1.384068768865534E-005  1.138800096529081E-005
 -4.219266066560188E-005  2.912016934612017E-005
  1.678285628883261E-006 -3.521504982065660E-006
          21  1.459510936100585E-005 -1.732622772152741E-005
  5.182360421358204E-006  4.805993182829927E-005
  2.902812422455827E-007 -6.421666267624709E-006
          22 -2.159136948581784E-005 -2.444981397607056E-005
  4.157893231239745E-005  1.349465733881988E-005
 -3.566919168397244E-006 -6.315994042226910E-006
          23 -4.101763781812667E-005  2.068069846855643E-005
  2.350730081879946E-005 -2.908437666290054E-005
 -5.060111583741767E-006 -3.008238006550579E-006
          24  1.002626942435666E-005  5.929086832179283E-005
 -1.570125130785426E-005 -2.275213633065522E-005
 -3.181628355238238E-006 -1.101022199128347E-006
          25  7.210052244456515E-005  9.746764106782667E-006
 -1.127901036369202E-005  1.038616764519548E-005
 -1.816328265625824E-006 -2.333530799754190E-006
          26  3.257510070888803E-005 -7.460798042630576E-005
  2.075422608908437E-005 -8.018112622879576E-007
 -3.606496790924560E-006 -3.272869523179965E-006
          27 -6.769839810461853E-005 -5.042268294773437E-005
  7.838352247051639E-007 -4.161653339751380E-005
 -4.958285676870798E-006 -1.053221559830671E-006
          28 -5.813751735405353E-005  5.766318160883260E-005
 -5.669408338551891E-005 -1.810422524280443E-005
 -2.922313249842721E-006  7.994878850800161E-007
          29  5.224807851912607E-005  5.638063699688781E-005
 -3.813117598225320E-005  5.665757886279409E-005
 -1.092249447398106E-006 -9.012934734733299E-007
          30  5.095056805255026E-005 -5.577097603837584E-005
  4.744678952687872E-005  4.855426435829246E-005
 -2.891537800990037E-006 -2.657267617299598E-006
          31 -6.680518711781878E-005 -4.873155782845120E-005
  4.917479831633820E-005 -3.932955332973427E-005
 -4.774957317540308E-006 -7.921002552889771E-007
          32 -5.320969136651611E-005  7.934242936631500E-005
 -3.521385722657407E-005 -4.497820860032651E-005
 -3.186807433480178E-006  1.045601665316887E-006
          33  8.687387571095256E-005  6.270467417920078E-005
 -3.762098882241010E-005  3.458562705943394E-005
 -1.883777787463880E-006 -4.467879974048828E-007
          34  7.188965339177501E-005 -8.638600093162349E-005
  3.964462893313513E-005  2.876904963624178E-005
 -3.787532142814631E-006 -1.350778922051036E-006
          35 -7.960290398036315E-005 -7.533501796482937E-005
  2.454616068652607E-005 -5.028928784730488E-005
 -4.888871242800383E-006  9.256972020422061E-007
          36 -7.076758695292372E-005  7.110633980551643E-005
 -5.887627886355043E-005 -2.832250041600488E-005
 -2.851529316606679E-006  2.226215449622471E-006
          37  6.535269665175039E-005  5.977970555504666E-005
 -3.384139950890269E-005  5.873557088804125E-005
 -1.914777627560052E-006  5.951666340248010E-007
          38  4.599038358464336E-005 -6.431906034163609E-005
  5.362042097146860E-005  3.272105617116350E-005
 -3.730086137874734E-006  1.666306605953897E-007
          39 -6.738079659375217E-005 -3.266173501096871E-005
  2.644523998556573E-005 -5.185733439771974E-005
 -4.192330306413702E-006  2.342624230161011E-006
          40 -2.144119117793792E-005  7.293147002431288E-005
 -5.394841108310356E-005 -2.231879525891412E-005
 -2.175296109531812E-006  3.156094191336904E-006
          41  8.011497114421062E-005  1.269158560253097E-005
 -2.157958217055972E-005  5.390426250899743E-005
 -1.599491356367962E-006  1.694073136925995E-006
          42  6.882309850281101E-006 -8.877117919775976E-005
  5.082116506643658E-005  1.861181287065658E-005
 -2.931336991130273E-006  1.693597012613355E-006
          43 -9.847587588605906E-005 -5.694056848090436E-006
  1.241364344745966E-005 -4.976935219927194E-005
 -2.741781121305971E-006  3.422810269574542E-006
          44 -1.086195097042008E-005  1.072450391124762E-004
 -5.265970772656322E-005 -8.075225809420448E-006
 -9.202584304450531E-007  3.657831191449021E-006
          45  1.111475312225784E-004  2.228937899186950E-005
 -7.706182700382604E-006  5.490863961783401E-005
 -5.271424023500761E-007  2.139869674810007E-006
          46  3.669344006458279E-005 -1.061014458347518E-004
  5.504058702687043E-005  7.616513055184315E-006
 -1.748475013310547E-006  2.085552637698980E-006
          47 -9.089939296941979E-005 -4.804119408803608E-005
  6.650640450930152E-006 -5.631494889408625E-005
 -1.640818617279755E-006  3.480474475137747E-006
          48 -4.981723781411513E-005  6.913735885584517E-005
 -5.906677723162140E-005 -9.725351604946765E-006
 -2.897211297109115E-007  3.565132148683360E-006
          49  4.827908704303148E-005  3.892997401870891E-005
 -1.732945420353709E-005  5.681015683644424E-005
 -6.438800262675357E-008  2.615575166640244E-006
          50  1.831169514664268E-005 -3.671485271306916E-005
  4.669727364342987E-005  2.178268327959530E-005
 -8.317913046859705E-007  2.818144810625289E-006
          51 -3.934527330767057E-005  3.964784482419512E-006
  1.634314645124936E-005 -3.624838443986238E-005
 -3.845748920644568E-007  3.974522100014983E-006
          52  1.848359679280060E-005  5.445744377642205E-005
 -3.414194905171121E-005 -5.903873319495131E-006
  1.176089506575252E-006  3.814308915729616E-006
          53  7.428571462806211E-005 -1.934805052464199E-005
  4.262985291990819E-007  4.022740898633011E-005
  1.501169711056472E-006  2.581984111492980E-006
          54 -7.387072170502748E-006 -8.945680259013883E-005
  4.774344352735003E-005  4.045161473577169E-007
  7.152840066918441E-007  2.273869860337356E-006
          55 -9.419325965226936E-005 -1.036984511158261E-005
  6.186193843425422E-006 -5.331831273198676E-005
  7.353360497140576E-007  3.045182335543011E-006
          56 -2.564269795726483E-005  8.922342430036933E-005
 -5.522298776628675E-005 -1.596505444733153E-005
  1.842677309798856E-006  3.064472076964919E-006
          57  8.070359271341583E-005  3.440385973820036E-005
 -2.810164578988745E-005  4.975871113019837E-005
  2.090135270436772E-006  1.985906722162587E-006
          58  3.910438340102409E-005 -7.493902835576784E-005
  3.539488600081446E-005  3.453174426443912E-005
  1.312541357649255E-006  1.680661352013975E-006
          59 -7.281237414189386E-005 -4.609877450631641E-005
  2.840819522519786E-005 -2.087393773833475E-005
  1.128287291932101E-006  2.381626519165998E-006
          60 -5.977784057161804E-005  6.842795807653713E-005
 -1.848085129315370E-005 -1.474808566701582E-005
  1.832104890601973E-006  2.784693186816012E-006
          61  5.365502889760106E-005  7.720792423445552E-005
 -8.067885291773023E-006  2.878217050192686E-005
  2.469536503674954E-006  2.356812811486496E-006
          62  8.796179452915825E-005 -2.516914940058764E-005
  3.948190761691192E-005  1.542551648278904E-005
  2.466443172508225E-006  2.060177033037427E-006
          63  1.063457666853474E-005 -8.063994281393024E-005
  3.023607488087666E-005 -3.937381887056217E-005
  2.771585177036235E-006  2.245102834817181E-006
          64 -5.144982922738281E-005 -3.905351309299693E-005
 -2.832551551316660E-005 -4.163761873901970E-005
  3.569891479989455E-006  1.967592130896550E-006
          65 -4.528610865297160E-005  8.904779470179979E-006
 -4.400717782516628E-005  1.161589738027691E-005
  4.009544943543622E-006  1.030481875290342E-006
          66 -2.926458754747349E-005  2.423468545209851E-005
 -4.739666769476764E-006  3.544997693101135E-005
  3.687998888452355E-006  2.775375922375576E-007
          67 -1.516293657310542E-005  4.581897274096029E-005
  1.649477394253640E-005  1.239862369803007E-005
  3.421789096145858E-006  1.457964844474953E-007
          68  3.449229611234307E-005  5.439345061387871E-005
  2.704989658852410E-006  4.050959640409874E-006
  3.639972573437647E-006 -6.648478197754070E-008
          69  7.611031750521862E-005 -3.668158824894047E-006
  1.010635666027385E-005  2.151250243836515E-005
  3.676526403086471E-006 -7.463259798500675E-007
          70  2.920164474470185E-005 -7.440251349932028E-005
  4.276292752509705E-005  6.247778717175266E-006
  3.154653409448810E-006 -1.224734718254161E-006
          71 -5.737116643145309E-005 -4.881768544011362E-005
  3.367185755542971E-005 -4.395223890874654E-005
  2.791378228479637E-006 -1.037755938012394E-006
          72 -5.147649256722773E-005  4.044762625218605E-005
 -2.567277560524949E-005 -5.234945921864856E-005
  3.193357155046865E-006 -9.714718644421143E-007
          73  3.547271732547083E-005  4.631171564183169E-005
 -5.333939836888040E-005  2.569030259875938E-006
  3.587792138841205E-006 -1.818910350976367E-006
          74  4.756843938546004E-005 -4.270000907320173E-005
 -1.253561202925788E-005  4.211198180333440E-005
  2.947920043154510E-006 -2.864123650556620E-006
          75 -5.108206319858558E-005 -6.418764202434490E-005
  2.798940309835155E-005  1.654889186356317E-005
  1.854496052507875E-006 -2.985883322969222E-006
          76 -9.351762056758741E-005  4.646895064868072E-005
  1.073891572329090E-005 -1.798925607109737E-005
  1.372886465028167E-006 -2.494677038519988E-006
          77  2.130131031785425E-005  1.229546660418109E-004
 -1.794332312872520E-005  1.780615584995910E-007
  1.551874376633317E-006 -2.342366090647629E-006
          78  1.379256504635162E-004  2.093844568993770E-005
  6.279367616052459E-006  3.027518995805710E-005
  1.406735526952867E-006 -2.833870941616967E-006
          79  6.830136100375413E-005 -1.306051577121822E-004
  4.680705036180984E-005  2.567028971598627E-006
  6.103735364135796E-007 -2.946206129465920E-006
          80 -1.028908697642458E-004 -1.074328939521242E-004
  2.484198398156914E-005 -5.341212958769744E-005
  1.389626257640610E-007 -2.307300141779925E-006
          81 -1.304958978471052E-004  6.346615109567478E-005
 -4.314194236564906E-005 -4.738476221550476E-005
  5.002877015461065E-007 -1.783184525818568E-006
          82  2.214875745616704E-005  1.370307840820872E-004
 -5.925297672362266E-005  2.267724247460051E-005
  1.033716271297265E-006 -2.135372946178559E-006
          83  1.309875298577536E-004  1.460795222517723E-005
  1.702546261929588E-006  5.988959970769199E-005
  7.332507082123114E-007 -2.895485321147026E-006
          84  4.482104168188497E-005 -1.167401047703858E-004
  5.350217979585471E-005  1.585406608123366E-005
 -1.785223132951307E-007 -2.981184739127872E-006
          85 -9.723138855693006E-005 -6.863602979402078E-005
  2.905982575936352E-005 -4.118026989398786E-005
 -6.771617612017767E-007 -2.331732676077110E-006
          86 -8.587793703436363E-005  7.402398717088366E-005
 -2.497137819298028E-005 -3.471909785604783E-005
 -4.015698755811102E-007 -1.754076848187037E-006
          87  4.863082210356948E-005  9.597953959936955E-005
 -3.114571775895125E-005  1.114712380628277E-005
  6.626310634024193E-008 -1.893952278136242E-006
          88  9.911074589379877E-005 -2.338513243047721E-005
  5.290463536655273E-006  2.360068149074626E-005
 -2.914190680842059E-008 -2.381355020654579E-006
          89 -5.858720513384484E-007 -9.660413395447731E-005
  1.878236699863762E-005 -5.726038431991774E-006
 -4.911329701431884E-007 -2.461783113050046E-006
          90 -9.031229227106472E-005 -1.901805589310934E-005
 -7.547924414164512E-006 -1.839698725622044E-005
 -6.925658949224516E-007 -2.211217497932973E-006
          91 -3.616734570706773E-005  8.155555074974675E-005
 -2.094741723003245E-005  9.199447519249559E-006
 -5.395284229027040E-007 -2.197468727115821E-006
          92  7.031462652115533E-005  5.135963750879864E-005
  9.741082525383862E-006  2.777132006732359E-005
 -6.485729300501604E-007 -2.626664371006889E-006
          93  6.374743980592075E-005 -5.586274023427266E-005
  3.890729004102055E-005 -4.253204440574042E-006
 -1.381799970772625E-006 -2.790615650448497E-006
          94 -3.881768514494191E-005 -7.147780067675655E-005
  1.198979414034782E-005 -4.717425416808275E-005
 -1.936971205585081E-006 -2.230283057838812E-006
          95 -7.324781476242097E-005  2.204432368877673E-005
 -4.330234735996418E-005 -3.400311127471913E-005
 -1.723914608412504E-006 -1.630970092144974E-006
          96  9.177552046782779E-006  7.023545996750260E-005
 -5.065487252448950E-005  2.676432636543957E-005
 -1.247725171182548E-006 -1.797297771351119E-006
          97  6.655116024944138E-005 -2.082599877500422E-006
  5.837596801787219E-006  5.614997069840969E-005
 -1.513280684100518E-006 -2.479552246197093E-006
          98  8.687354030025484E-007 -6.704224421539521E-005
  5.345030055815410E-005  1.333181530120579E-005
 -2.460899374640244E-006 -2.534699993842633E-006
          99 -7.401090532466931E-005 -4.654969441494455E-006
  2.981331686405820E-005 -4.541084192449398E-005
 -3.074621691310429E-006 -1.806950286064230E-006
         100 -1.512869352667213E-005  8.555453013888865E-005
 -3.137370522004504E-005 -4.202555412252509E-005
 -2.916278224404831E-006 -1.133168024637306E-006
         101  9.618523920728228E-005  3.556081111930527E-005
 -4.526701708907962E-005  1.391551867316581E-005
 -2.622111540408477E-006 -1.180952166951520E-006
         102  6.492207207909305E-005 -9.928822215958012E-005
  6.391167877348355E-007  3.968912958556380E-005
 -3.041161775718167E-006 -1.436779959201320E-006
         103 -9.012684763429523E-005 -9.846469382640228E-005
  3.234715428544693E-005  4.604188862488065E-006
 -3.825082690586413E-006 -1.028130746424251E-006
         104 -1.297967512782131E-004  6.751916715865019E-005
  6.665364739643065E-006 -2.845740184571734E-005
 -4.070975020972208E-006 -2.859133974325674E-008
         105  3.356155834872285E-005  1.531960642345439E-004
 -2.527522782614220E-005 -1.008379708936858E-005
 -3.633809782077388E-006  6.689221266732328E-007
         106  1.650555239419722E-004  7.582544950296952E-006
 -1.184730550658157E-005  1.974282010443525E-005
 -3.311907666469219E-006  7.517135796803238E-007
         107  5.111943702759971E-005 -1.640051656746319E-004
  1.602624421579388E-005  8.279066054446795E-006
 -3.521792673714310E-006  9.536606880242228E-007
         108 -1.504987002219623E-004 -9.272717220927323E-005
  3.812458641327622E-006 -1.986516813661935E-005
 -3.552097474823146E-006  1.757359998912799E-006
         109 -1.289682432234088E-004  1.262193624603728E-004
 -2.868160546455355E-005 -5.840313102203523E-006
 -2.810897230033517E-006  2.438711027181793E-006
         110  9.333515824145600E-005  1.573072816711334E-004
 -1.480628597499069E-005  3.527461660915717E-005
 -1.937124908022568E-006  2.262189344242793E-006
         111  1.760915751888456E-004 -5.406421348403831E-005
  3.752150591341164E-005  2.610091882095510E-005
 -1.894099162529443E-006  1.705183562099089E-006
         112 -1.089857618891798E-005 -1.840180234919371E-004
  3.930204820883254E-005 -3.746675255672453E-005
 -2.384987584897858E-006  1.838698804185051E-006
         113 -1.798332600355730E-004 -3.310897562219234E-005
 -3.196269310126275E-005 -5.680029931369306E-005
 -2.289674254829469E-006  2.568811787265138E-006
         114 -7.396141162255872E-005  1.630279306726295E-004
 -7.450861571575835E-005  1.447137989237714E-005
 -1.615017847761260E-006  2.901974584086281E-006
         115  1.351336234808116E-004  1.068813260487399E-004
 -1.389872367383430E-005  8.126322862492118E-005
 -1.126673044297887E-006  2.621916469892781E-006
         116  1.277411770353280E-004 -1.003621618946583E-004
  7.134224673091603E-005  4.228889696292729E-005
 -1.250194707068443E-006  2.380409915253234E-006
         117 -6.492332907427553E-005 -1.355824823738230E-004
  6.068373872641415E-005 -4.982474118576144E-005
 -1.412664635275437E-006  2.768467855655057E-006
         118 -1.335263872746426E-004  3.469497773406592E-005
 -2.520721947175814E-005 -6.707543055299200E-005
 -1.020682650403124E-006  3.253527439734440E-006
         119  1.178435917317182E-005  1.273673194192408E-004
 -6.262438876580667E-005  2.362705197577151E-006
 -3.891339252046545E-007  3.300512689680013E-006
         120  1.222056972401543E-004  6.727123924774415E-006
 -1.393041914240022E-005  4.899690829811171E-005
 -3.584489958756382E-008  3.072049957060501E-006
         121  2.644233169517608E-005 -1.187956107960234E-004
  3.216666488315631E-005  1.798510064059262E-005
  5.704992579501279E-008  2.984318419623999E-006
         122 -1.123912394909746E-004 -5.096001359499897E-005
  1.171087678880840E-005 -2.313774178218207E-005
  3.007090839024058E-007  3.053201205856453E-006
         123 -7.846983117543998E-005  9.607505890863351E-005
 -2.614807570813164E-005 -6.890566780951812E-006
  6.353819554157852E-007  2.970408958743785E-006
         124  6.661099303356770E-005  1.013362419527844E-004
 -1.324443154206511E-005  3.179524609220802E-005
  8.157509111906400E-007  2.785757672123855E-006
         125  1.103245216212157E-004 -2.765096832758492E-005
  2.752572813246171E-005  2.597592148468263E-005
  8.361608539078261E-007  2.693945020730917E-006
         126  1.134425393510825E-005 -1.010161718161521E-004
  3.271294805016163E-005 -1.255933457332496E-005
  9.436375162166053E-007  2.864235686721490E-006
         127 -7.705721052106342E-005 -4.018448392915344E-005
  3.024753404020879E-006 -2.762906519126294E-005
  1.306026516859884E-006  3.003023483516091E-006
         128 -5.384060457721595E-005  4.761216045504155E-005
 -1.511484861759489E-005 -1.131512025537596E-005
  1.754823641594704E-006  2.961589812285465E-006
         129  2.152578188033319E-005  5.507890473830027E-005
 -1.062325079576293E-005  1.624563003150588E-006
  2.238413317583011E-006  2.775894346424498E-006
         130  5.082591509255224E-005 -2.317192570132518E-006
 -7.671540225074024E-006  2.092880751085919E-006
  2.629705821061931E-006  2.380354938481411E-006
         131  1.295974831644966E-005 -4.617395306816374E-005
 -1.059561968779231E-005  7.194503722422673E-006
  2.763825907601277E-006  1.906253895882228E-006
         132 -4.082236370722458E-005 -2.923564382872681E-005
 -4.352235992589270E-006  1.735579587070630E-005
  2.720729871566082E-006  1.616729209140689E-006
         133 -4.760355972629203E-005  3.012048927308060E-005
  9.158759215727498E-006  1.719126253544824E-005
  2.803843669492653E-006  1.554901783803977E-006
         134  1.008638854148504E-005  6.334050472461073E-005
  1.612602619619580E-005  9.232046527802840E-006
  3.151287065588990E-006  1.334565235722802E-006
         135  6.935212150088431E-005  1.748047685327663E-005
  2.044223122889572E-005  2.213404637561320E-006
  3.353657792891032E-006  7.377335372605535E-007
         136  4.473823380845216E-005 -6.182480727459276E-005
  2.469685460811679E-005 -1.257045721866221E-005
  3.047200576440091E-006  1.776431816587004E-007
         137 -4.413592892180246E-005 -6.307598267965087E-005
  9.551602357559906E-006 -3.555476470777887E-005
  2.582607551273316E-006  1.864106774734993E-007
         138 -6.937642391018524E-005  2.537948850298070E-005
 -3.040474666156319E-005 -3.305618132825036E-005
  2.657467685128023E-006  5.392895205107700E-007
         139  1.394967106891944E-005  6.860895381602566E-005
 -4.942562823768353E-005  1.385115568809809E-005
  3.225393244769574E-006  4.628862021318508E-007
         140  7.057981926090239E-005 -1.116392079340309E-005
 -8.264894533260083E-006  5.522298366301514E-005
  3.519486446267037E-006 -1.919976878487194E-007
         141 -9.792627170585316E-006 -8.284404902470203E-005
  4.875001370004911E-005  2.923190909406567E-005
  3.243342995734112E-006 -7.322450568479498E-007
         142 -1.047088340763950E-004 -1.424881031073286E-006
  4.076965261134986E-005 -3.384923509550693E-005
  2.989564901147948E-006 -7.659929686696112E-007
         143 -3.033250101684651E-005  1.267351499843828E-004
 -2.135763554577941E-005 -4.085556505646034E-005
  3.229704044346632E-006 -8.094900014670832E-007
         144  1.358196217123001E-004  7.595294304019697E-005
 -3.876499162029186E-005  1.864944685884721E-005
  3.484059263868916E-006 -1.441232867051523E-006
         145  1.286299469982230E-004 -1.223076688179441E-004
  1.976248612759363E-005  4.498311889944479E-005
  3.013231463872552E-006 -2.201630284003311E-006
         146 -8.474287212611409E-005 -1.750165248904648E-004
  5.757594412906352E-005 -1.310539793408523E-005
  2.223340643152904E-006 -2.181049680958591E-006
         147 -2.041668599191776E-004  2.959530639113903E-005
  3.682739996887293E-006 -6.571639193338155E-005
  2.168889731082125E-006 -1.616924998910553E-006
         148 -3.299353168154028E-005  2.111617571711448E-004
 -6.421120477869938E-005 -2.278068926671321E-005
  2.878712155500403E-006 -1.660106660305181E-006
         149  1.969534996513604E-004  9.375022638208939E-005
 -3.863037536747247E-005  5.652319582766668E-005
  3.196241416390881E-006 -2.660801669831281E-006
         150  1.464482256401692E-004 -1.652660976279994E-004
  4.538894668645597E-005  5.172551559720600E-005
  2.509646983412017E-006 -3.529800871593112E-006
         151 -1.198066083604030E-004 -1.875227125736666E-004
  6.122222776689835E-005 -2.977346454196757E-005
  1.733284817739245E-006 -3.541111976653198E-006
         152 -2.141661558721159E-004  6.371793542583954E-005
 -1.282859259913034E-005 -6.287754400032566E-005
  1.627877451747286E-006 -3.356476316523681E-006
         153  7.686871388435795E-007  2.230842263183420E-004
 -5.814372811756538E-005  1.716615887746103E-006
  1.799821997724033E-006 -3.817733213497238E-006
         154  2.112292401029236E-004  6.327600808248845E-005
 -2.738991248601940E-006  5.614814413756488E-005
  1.241931937261565E-006 -4.693413664215902E-006
         155  1.203341884143658E-004 -1.780790679418456E-004
  6.079417559930901E-005  9.775994814657445E-006
  8.828761158431473E-008 -4.952740684153388E-006
         156 -1.272041642513293E-004 -1.615351655671006E-004
  2.584497497137504E-005 -6.392535585339506E-005
 -7.821988816660732E-007 -4.531324182059917E-006
         157 -1.803769644756846E-004  6.654832844626564E-005
 -5.630322674132113E-005 -4.550517389788763E-005
 -1.070977519038843E-006 -4.090495766857617E-006
         158  6.885566517742576E-006  1.752596270295735E-004
 -5.921763513432246E-005  4.007372114945896E-005
 -1.280529570990478E-006 -4.110400412240115E-006
         159  1.502200630098243E-004  4.142038629112378E-005
  2.219904601029802E-005  6.542806722250360E-005
 -1.953397092087965E-006 -4.165557421250088E-006
         160  7.198788246543426E-005 -1.137542198030869E-004
  6.738653141508275E-005 -4.191236215935863E-006
 -2.762628243589274E-006 -3.680074076450373E-006
         161 -7.600685952733969E-005 -8.413343512947456E-005
  1.555666436744464E-005 -6.316578146656963E-005
 -3.056580304049276E-006 -2.814086248536351E-006
         162 -8.228413413442472E-005  4.486224605384488E-005
 -4.927197987716954E-005 -3.211598196975832E-005
 -2.817092819101573E-006 -2.342798569500509E-006
         163  2.344237659972229E-005  7.369298499848531E-005
 -3.785897934597801E-005  3.067980310122835E-005
 -2.868605039626247E-006 -2.348319799690946E-006
         164  6.494001123367981E-005 -1.015210868116871E-005
  1.793798217043731E-005  3.387120292989403E-005
 -3.328238176467981E-006 -2.101575838948187E-006
         165 -7.285520734780827E-007 -5.915814248856412E-005
  2.966263040407881E-005 -1.335979615195528E-005
 -3.564073366214703E-006 -1.377823567643462E-006
         166 -5.568724832255226E-005 -8.981269045375198E-006
 -1.005827711176222E-005 -2.992322075073444E-005
 -3.211622338021953E-006 -7.758053234068158E-007
         167 -2.084169096300054E-005  5.176465362991408E-005
 -3.005823477284593E-005  3.902756296030280E-006
 -2.835867813776198E-006 -7.777772648703640E-007
         168  4.463445631268678E-005  3.422495019125543E-005
 -1.231707124760887E-006  2.674206637813222E-005
 -2.991486032353521E-006 -9.099958610766050E-007
         169  4.731582258684491E-005 -3.281017677583215E-005
  2.396265427697789E-005  2.703124510849300E-006
 -3.331519743220547E-006 -5.788196650482419E-007
         170 -1.589220682930040E-005 -5.820883932677678E-005
  4.720591923608843E-006 -2.512553134592683E-005
 -3.258016368446702E-006 -1.756918237966676E-008
         171 -6.494900914322886E-005 -6.208892889306637E-006
 -2.650830991404610E-005 -1.115739166155728E-005
 -2.897986146819375E-006  1.999757369770930E-007
         172 -3.310437148853144E-005  6.477297653458446E-005
 -1.946221672728239E-005  2.375569334874491E-005
 -2.785438465369003E-006  9.229100502551617E-008
         173  5.396144099156245E-005  6.251525463062653E-005
  1.797574404097278E-005  2.633652226443485E-005
 -3.014979609757345E-006  1.283387619331195E-007
         174  8.901293406914838E-005 -2.953663223693642E-005
  3.297925755425499E-005 -1.042375849458838E-005
 -3.199219471617323E-006  5.085364503893315E-007
         175  7.743979037517952E-006 -1.046729504876286E-004
  2.526776590654491E-006 -3.902005520416682E-005
 -3.081185049384823E-006  9.404395381873310E-007
         176 -1.022790483192332E-004 -5.145502094518078E-005
 -3.716710465182185E-005 -2.184004213322272E-005
 -2.835363980093150E-006  1.165869353898472E-006
         177 -9.086038542472361E-005  7.965487070326310E-005
 -3.849509430652537E-005  2.182767337576628E-005
 -2.673081339508241E-006  1.242693232362057E-006
         178  4.197861884924751E-005  1.153659736900917E-004
 -3.924795826451007E-007  4.167955246548209E-005
 -2.634296230552140E-006  1.302490188699952E-006
         179  1.196272887646914E-004  1.109736497662848E-007
  3.213202551741095E-005  1.671537072138784E-005
 -2.664324274323661E-006  1.414057696582622E-006
         180  3.564327709159017E-005 -1.060822113573100E-004
  2.258759667588982E-005 -1.993920435355547E-005
 -2.745624644676192E-006  1.587798890215176E-006
         181 -8.275986106216415E-005 -5.815428845363193E-005
 -1.143449985591540E-005 -2.328986263077492E-005
 -2.856241895438947E-006  1.904773966217889E-006
         182 -6.754050287342981E-005  5.811934104138160E-005
 -2.312480034833739E-005  5.394949698171761E-006
 -2.839064824996263E-006  2.353843678418170E-006
         183  3.718544029765988E-005  6.779091521769179E-005
  5.561952707502572E-007  2.204490377595268E-005
 -2.663267363973371E-006  2.821499778628159E-006
         184  6.271885190501336E-005 -2.118818944483363E-005
  2.128482488295906E-005  2.188586674297951E-006
 -2.369032498330970E-006  3.226975063407461E-006
         185 -1.009494815917792E-005 -5.379545238601363E-005
  5.701362954487500E-006 -2.325077159370687E-005
 -2.026261527342246E-006  3.570542153533842E-006
         186 -4.195994426871848E-005  5.296249917322337E-006
 -2.402865122449976E-005 -1.449343102249722E-005
 -1.593120063332083E-006  3.873818680354812E-006
         187  9.611953541420258E-006  3.062768532575006E-005
 -2.463944653329436E-005  1.579676859842612E-005
 -1.130651281838812E-006  4.046289977268191E-006
         188  2.651369043760865E-005 -2.332226078052490E-005
  4.752137770597149E-007  2.444102257438698E-005
 -7.291546305785435E-007  4.177665500501453E-006
         189 -4.043229557950141E-005 -3.684750630813542E-005
  1.113111751527125E-005  7.566724918859300E-006
 -2.965791373035322E-007  4.330956021447580E-006
         190 -6.367113418733729E-005  4.934886717982080E-005
 -1.491718064446538E-006  1.689847053222196E-006
  2.262369314790219E-007  4.513900506558852E-006
         191  3.847717149922883E-005  9.970115356995357E-005
 -1.349216798742195E-006  1.865329430327495E-005
  9.557087476301727E-007  4.531183244659977E-006
         192  1.299553711151358E-004 -3.381465751217076E-006
  2.630211257766824E-005  1.985751590212922E-005
  1.635960968722421E-006  4.228083613550338E-006
         193  4.909484355103704E-005 -1.392251886080945E-004
  4.023764268216547E-005 -1.629862695222015E-005
  2.075067126363242E-006  3.773803598415492E-006
         194 -1.199511684264989E-004 -1.033349609823435E-004
  6.849122477608916E-006 -5.027020473153187E-005
  2.249746101270976E-006  3.393459409886121E-006
         195 -1.431292778183875E-004  7.599469709080003E-005
 -4.420646727858904E-005 -3.474082691613968E-005
  2.399544745105930E-006  3.249907389391001E-006
         196  1.974628516546474E-005  1.594021704502460E-004
 -5.675684364791059E-005  2.009814481741031E-005
  2.784397508551513E-006  3.192032927768785E-006
         197  1.525079402599910E-004  3.536196901278249E-005
 -1.679759425552305E-005  5.922838092043537E-005
  3.357863475943942E-006  2.891442373075437E-006
         198  8.147891303239923E-005 -1.287462507050994E-004
  3.486148902568716E-005  4.839816914502176E-005
  3.789975270850809E-006  2.238444931244566E-006
         199 -9.429005716413537E-005 -1.170143884060181E-004
  5.491154264776794E-005  4.805445544971517E-006
  3.852051620987202E-006  1.512096313602280E-006
         200 -1.424172823776715E-004  5.117814286606696E-005
  3.555011622402388E-005 -3.423549378976557E-005
  3.650355293041209E-006  9.742648295273209E-007
         201 -1.114165197299682E-006  1.554971976585751E-004
 -4.071849724308930E-006 -4.275551633391368E-005
  3.413847756212179E-006  7.085261554056851E-007
         202  1.502265477494762E-004  6.051120251938722E-005
 -3.175771030820339E-005 -1.747588620760129E-005
  3.314448687334983E-006  5.625722342064394E-007
         203  1.186873405398285E-004 -1.206014953706197E-004
 -2.586568648703416E-005  1.577522307589627E-005
  3.281540969738994E-006  4.388225345453806E-007
         204 -6.663772600514426E-005 -1.623889326441173E-004
  1.990637877068780E-006  2.479733321672838E-005
  3.354723198117550E-006  3.560147887121707E-007
         205 -1.793328477291988E-004 -2.595331317278930E-006
  1.721924079445933E-005  6.738950115373365E-006
  3.605952374576998E-006  1.781581043385805E-007
         206 -7.160132743315442E-005  1.649261284286957E-004
  6.939213914241362E-006 -7.137969126015416E-006
  3.887905157195829E-006 -2.968504829055258E-007
         207  1.248689084831512E-004  1.252040423592436E-004
 -2.138990788446230E-006  1.013514335351400E-006
  3.864703256314015E-006 -1.030717244251264E-006
         208  1.551538405573138E-004 -7.189472111654324E-005
  9.237954712963459E-006  6.032421019114959E-006
  3.368915659508544E-006 -1.615342609555354E-006
         209 -1.914145310888073E-005 -1.624247444387508E-004
  1.327286450451133E-005 -1.138501585077854E-005
  2.767876728780847E-006 -1.643472939256918E-006
         210 -1.540481426224644E-004 -2.553647416683923E-005
 -1.104708640776619E-005 -1.775344436876494E-005
  2.683522566881843E-006 -1.335728803823220E-006
         211 -6.103386488943117E-005  1.374652515046604E-004
 -2.321509788104548E-005  1.401093630824517E-005
  3.102517915366269E-006 -1.428446761816171E-006
         212  1.164567546985323E-004  9.000310688059063E-005
  1.566526723107071E-005  3.711784056902958E-005
  3.314226285822253E-006 -2.146697950855428E-006
         213  1.141928397088938E-004 -9.083492275745121E-005
  5.655762718165142E-005 -5.064942750745875E-006
  2.862075079525125E-006 -2.935504022551259E-006
         214 -5.932812987499322E-005 -1.320482400498835E-004
  2.030956048116462E-005 -6.866787333149875E-005
  2.107252195101844E-006 -3.169152717119447E-006
         215 -1.398069794874006E-004  2.314584151194239E-005
 -6.469223683582329E-005 -5.115624332314075E-005
  1.682591639732683E-006 -3.056759157002260E-006
         216 -1.284426656047535E-005  1.347349675308356E-004
 -7.716925719503261E-005  4.572103759910463E-005
  1.471075265426251E-006 -3.121058178561078E-006
         217  1.180338455428263E-004  4.233201374544797E-005
  1.617392919241360E-005  9.294895649855508E-005
  1.071499794517535E-006 -3.243579845071840E-006
         218  6.104500033816814E-005 -9.524613019738583E-005
  9.375940470304004E-005  1.940716577391764E-005
  6.435164766632544E-007 -3.057063916080652E-006
         219 -7.327590957249755E-005 -6.914688759957722E-005
  5.092551121568079E-005 -7.588945186537715E-005
  6.497854689510406E-007 -2.764635195806018E-006
         220 -7.116783833466893E-005  5.645082514706851E-005
 -4.553147348624368E-005 -6.511785406409692E-005
  8.990267599098382E-007 -2.987924157534292E-006
         221  4.439333276369202E-005  7.280290284008406E-005
 -5.865476410498567E-005  1.952031903831150E-005
  6.326927336966808E-007 -3.633125199417179E-006
         222  7.671634360613229E-005 -3.271725585714003E-005
  1.010603080308189E-005  4.386979875867429E-005
 -2.720429790153641E-007 -3.906381921146260E-006
         223 -1.646398722236338E-005 -8.038883155364969E-005
  3.619890223208627E-005 -1.387649852440447E-005
 -1.053612092983595E-006 -3.409859373718477E-006
         224 -7.759848435766719E-005 -5.378155232893309E-006
 -1.866312687722261E-005 -4.009080667801963E-005
 -1.128541875936954E-006 -2.794031149662234E-006
         225 -2.740128699547808E-005  6.243775610234173E-005
 -5.071839246449117E-005  1.651067667120520E-005
 -9.809060483691697E-007 -2.701170781144861E-006
         226  3.426828210555321E-005  3.965762402862464E-005
  5.018480619989482E-006  6.210905329101353E-005
 -1.208438048756371E-006 -2.801569590477436E-006
         227  3.282461436840855E-005 -5.661135560158909E-007
  6.768384695202064E-005  1.635804867123316E-005
 -1.583608158198253E-006 -2.540225494112771E-006
         228  2.484249289648403E-005 -4.028575842590136E-006
  4.266079664944398E-005 -5.841569228958289E-005
 -1.512019701702973E-006 -2.098782851205371E-006
         229  3.964205108563110E-005 -2.792038081955362E-005
 -3.147866675568926E-005 -5.986325215251953E-005
 -1.129482494286356E-006 -2.208145053320945E-006
         230 -1.502815568253676E-006 -8.231749935319988E-005
 -5.479687156855361E-005 -9.179946180335051E-007
 -1.314630129686669E-006 -2.834570249819325E-006
         231 -1.056228597586653E-004 -5.036692581877020E-005
 -1.921977617888399E-005  3.016759967377114E-005
 -2.262531262563745E-006 -3.043503775662137E-006
         232 -1.128055083012047E-004  9.676941315332902E-005
  3.129427342070926E-006  1.432349382529765E-005
 -3.094754786120590E-006 -2.326306091307917E-006
         233  5.406145210187823E-005  1.657702059380296E-004
 -6.950745318288014E-006  1.045189876166968E-005
 -3.032191179197499E-006 -1.380381183510736E-006
         234  1.921880650413760E-004  1.234069455613146E-005
  5.326845142980154E-006  3.189751536080810E-005
 -2.492816545884088E-006 -1.126235031974231E-006
         235  8.462573723409515E-005 -1.842541157010273E-004
  4.933033047204742E-005  1.703307856241779E-005
 -2.390185827493869E-006 -1.449887517626447E-006
         236 -1.452073030029022E-004 -1.444902126838140E-004
  5.049256721876810E-005 -4.874388568412017E-005
 -2.847418268137992E-006 -1.560397030430571E-006
         237 -1.795885642782546E-004  8.680731747566849E-005
 -2.334598578478399E-005 -8.039701215670198E-005
 -3.248784286300858E-006 -1.219916706675542E-006
         238  2.412223576437037E-005  1.863613684067756E-004
 -8.809963118476667E-005 -1.968717225260142E-005
 -3.377804371199667E-006 -9.070576992214176E-007
         239  1.691993743661614E-004  2.994697933141676E-005
 -5.916634138879034E-005  6.659341197441730E-005
 -3.659321111793327E-006 -7.325792981018477E-007
         240  6.790486656406262E-005 -1.372332576785585E-004
  2.790905417484067E-005  7.646363621072824E-005
 -4.150883191621283E-006 -2.462161911194176E-007
         241 -1.003997989518114E-004 -8.822565889937834E-005
  6.932496246748008E-005  9.036491829033647E-006
 -4.337877899345834E-006  6.978128739018219E-007
         242 -9.395043847485365E-005  6.626843018654792E-005
  3.305636854276638E-005 -4.675529127508887E-005
 -3.895693369250455E-006  1.573199355855078E-006
         243  3.862791655677847E-005  9.030037680118694E-005
 -1.765820235010790E-005 -4.083960212918118E-005
 -3.239642720811239E-006  1.892675149226389E-006
         244  8.215246746792584E-005 -1.760154414166571E-005
 -3.079606091376697E-005 -9.386105623869307E-006
 -2.927706705104998E-006  1.896336945506137E-006
         245 -1.145535651202791E-006 -7.230831051840600E-005
 -2.248526329703981E-005  6.267510971424526E-006
 -2.864676205539968E-006  2.095455311674148E-006
         246 -6.094995267553616E-005 -1.279953344627090E-005
 -1.890042561425117E-005  1.396743786156325E-005
 -2.651732621883265E-006  2.481882384341656E-006
         247 -2.458146836892598E-005  4.650453888616942E-005
 -9.145286749105614E-006  2.829209729418513E-005
 -2.241133089978799E-006  2.764311412807744E-006
         248  2.770681393166092E-005  3.223022942213270E-005
  1.810269036254935E-005  2.964394759881368E-005
 -1.868579163339889E-006  2.864323554388647E-006
         249  3.224213070025170E-005 -5.382715279643397E-006
  3.607792724191956E-005  1.662251125368249E-006
 -1.606603306324761E-006  3.011982300676165E-006
         250  1.698692500152747E-005 -2.168134852125743E-005
  1.980764102483446E-005 -2.881298035352352E-005
 -1.174535000270845E-006  3.252189598559249E-006
         251 -2.131155607534987E-007 -3.393809028302338E-005
 -1.232489283834606E-005 -3.103309049986872E-005
 -5.408914094298112E-007  3.238642093718416E-006
         252 -3.987675637882008E-005 -2.933138559055811E-005
 -3.129492542206533E-005 -9.750737664676294E-006
 -7.652203584977926E-008  2.867789291410147E-006
         253 -6.152917738983584E-005  3.109860111200730E-005
 -3.007998654862488E-005  1.664449225635141E-005
 -1.216861725173454E-008  2.476721925796763E-006
         254  6.797558956396890E-006  8.960992110238912E-005
 -9.766418404309779E-006  3.724341587533076E-005
 -1.058006529311339E-007  2.393695114259541E-006
         255  1.068734984378595E-004  3.097675060552416E-005
  2.583648023216866E-005  3.570878911607044E-005
 -1.733961774028673E-008  2.483245020837082E-006
         256  7.745659306679069E-005 -1.078011866951511E-004
  5.007470356968078E-005 -1.880356764392996E-006
  1.958040772072509E-007  2.454030786812533E-006
