   409.600000000000     
         256           1           3
  1.124309127438499E-002   39.1570312961528        118.739910073759     
   39.0000000000000        116.000000000000        6351.00000000000     
           0  0.000000000000000E+000  0.000000000000000E+000
  0.000000000000000E+000  0.000000000000000E+000
  0.000000000000000E+000  0.000000000000000E+000
           1 -5.201038784153866E-007  2.622489376909589E-007
  2.475926973379697E-006  1.375536623678967E-008
 -1.545279979985995E-006  3.270158840468938E-008
           2 -4.888611744479605E-007  8.912872464360026E-007
  2.352678757350881E-006  8.271272050379434E-008
 -1.600360389698028E-006  6.870586264719984E-008
           3  4.189051834293875E-007  1.753385682548237E-006
  2.177524151406470E-006  6.012606828426271E-007
 -1.716177249462385E-006  1.475305261899411E-007
           4  2.508043646348370E-006  1.480677982417797E-006
  2.851497097077752E-006  1.745797103950118E-006
 -1.847142904009238E-006  3.400006017667569E-007
           5  4.053062588919601E-006 -1.264461309744999E-006
  5.286306416980557E-006  2.194489009562073E-006
 -1.876705795688444E-006  6.544434006072365E-007
           6  2.263114505399011E-006 -5.197999363615900E-006
  8.307750536834779E-006 -2.556416928348591E-007
 -1.706852031734022E-006  9.454288632545850E-007
           7 -3.206474559009387E-006 -6.268899107725101E-006
  8.425979491499029E-006 -5.712039049553715E-006
 -1.437062472969421E-006  1.053954523008639E-006
           8 -8.124669382008688E-006 -1.458353019372493E-006
  2.942638708488486E-006 -1.032737419647292E-005
 -1.253786475100096E-006  9.633168507081734E-007
           9 -6.501046815715566E-006  6.599407313744200E-006
 -5.879040572659646E-006 -8.347625811403775E-006
 -1.318293130203214E-006  7.835476259092233E-007
          10  2.589323613219141E-006  1.000535711487807E-005
 -1.025500626766467E-005  1.841904331785191E-006
 -1.632113084725924E-006  8.276182002596837E-007
          11  1.167420177394767E-005  2.623211150547623E-006
 -3.382996309350011E-006  1.320678868315525E-005
 -1.887505717185682E-006  1.214020794239939E-006
          12  9.263026551734486E-006 -1.155101551160405E-005
  1.189122373474151E-005  1.454250178686967E-005
 -1.902289578076653E-006  1.763476607801110E-006
          13 -7.644273295566001E-006 -1.786975420895025E-005
  2.316769983731076E-005  1.588671511763435E-006
 -1.511429537376519E-006  2.291933972538539E-006
          14 -2.584485258486204E-005 -3.646234424102679E-006
  1.865354287561969E-005 -1.584648592983366E-005
 -1.022226675217906E-006  2.454632288554307E-006
          15 -2.300092774172073E-005  2.591316166866142E-005
  1.287959912735100E-006 -2.097116195789033E-005
 -7.348279187048165E-007  2.387246950366679E-006
          16  1.057359556025812E-005  4.342584830481624E-005
 -1.015332811357485E-005 -7.086990615524695E-006
 -7.716263874678420E-007  2.484354491088917E-006
          17  5.141854186499026E-005  2.020708290719857E-005
  1.264883639802226E-006  8.934690719890465E-006
 -5.283241461857449E-007  3.174520473605456E-006
          18  5.471485548640035E-005 -3.610563297183768E-005
  2.559503015045667E-005  1.154528004923288E-006
  4.829347035084559E-007  3.609185958133723E-006
          19  1.119396830092351E-006 -7.465025477284396E-005
  2.997460931254212E-005 -3.493732502860290E-005
  1.790408123852406E-006  3.191931315646801E-006
          20 -6.778826143861336E-005 -4.507089103946087E-005
 -1.024867361440297E-005 -6.425467237688584E-005
  2.510575103718471E-006  1.827320563730378E-006
          21 -7.641993499657467E-005  3.732320396675004E-005
 -6.890512577001598E-005 -3.956600783311636E-005
  1.843401484371412E-006  5.032838090514361E-007
          22 -8.891480305221397E-007  8.522230217602584E-005
 -8.091544314333792E-005  3.603074385483208E-005
  5.554377046915400E-007  2.862470713053934E-007
          23  7.701249781176319E-005  3.149393225745680E-005
 -1.334594913338094E-005  9.219513846444115E-005
 -2.760802045134188E-007  1.337623081435992E-006
          24  5.101427922245701E-005 -6.538478099800781E-005
  7.591051540005985E-005  5.668179466341495E-005
  4.252450886317828E-007  2.703326192499694E-006
          25 -5.790383076227956E-005 -6.806518728424423E-005
  8.312752742467436E-005 -4.276281772849709E-005
  2.037308667874665E-006  2.684328691531244E-006
          26 -9.195855651063495E-005  4.942163178646613E-005
 -5.659042357393533E-006 -8.709597798375536E-005
  2.835608691986831E-006  1.331205797291763E-006
          27  2.832026467564734E-005  1.209929024457059E-004
 -7.155512986643575E-005 -1.815754047083951E-005
  2.080601858286404E-006  2.926369732355987E-007
          28  1.422649586296927E-004  1.030755156221831E-005
 -1.903486233071556E-005  5.694571730361964E-005
  1.301180574519378E-006  7.673694933034857E-007
          29  5.780185640150529E-005 -1.431416773348170E-004
  6.408361577229514E-005  1.297683589820926E-005
  2.005574053325947E-006  1.439839121122496E-006
          30 -1.229756474744378E-004 -9.807262398876140E-005
  2.780390845688750E-005 -8.551714962404688E-005
  3.113274365712285E-006  6.282339056377588E-007
          31 -1.210964895897098E-004  9.349659264433892E-005
 -9.035140699878232E-005 -6.645147872051432E-005
  2.702205189781353E-006 -9.566145719737291E-007
          32  6.807528505343988E-005  1.301997407940067E-004
 -1.008205636043591E-004  6.435981717845073E-005
  1.108515322536608E-006 -1.142391631291671E-006
          33  1.364216234525187E-004 -5.017133130037136E-005
  2.743185470899826E-005  1.081317062702690E-004
  6.118103461447652E-007  1.787425524950686E-007
          34 -3.253161646546419E-005 -1.464038266194653E-004
  9.719768019787762E-005 -4.433795157289437E-006
  1.745662496825396E-006  7.913119200691736E-007
          35 -1.559697243894082E-004  7.176951070716289E-006
  4.299638937646841E-006 -8.892570642439879E-005
  2.543443480676076E-006 -1.937427777578010E-007
          36 -2.480988380522515E-005  1.556031123684131E-004
 -8.746304120674770E-005 -1.248016306614423E-005
  1.849102217466796E-006 -1.101558450926855E-006
          37  1.416793948916429E-004  5.362257713165955E-005
 -2.357421160584947E-005  8.507664636912275E-005
  1.069731270486343E-006 -6.648987220426712E-007
          38  7.053217710082203E-005 -1.211622419990972E-004
  8.135011899928854E-005  3.275938138201262E-005
  1.573355811705791E-006  2.315517668734351E-008
          39 -1.051694433363329E-004 -7.684075927467107E-005
  4.317936025047151E-005 -8.045919894321490E-005
  2.482803280572455E-006 -5.746084594849853E-007
          40 -8.262669189909744E-005  9.823777287445842E-005
 -7.706669537512131E-005 -6.068105015243650E-005
  2.160650398291125E-006 -1.813222840147454E-006
          41  9.450776366746533E-005  9.674526433891295E-005
 -7.957496966717428E-005  6.229544218427170E-005
  1.018150371293339E-006 -1.989438972977647E-006
          42  1.186085174671071E-004 -8.370664786196313E-005
  4.058858488654631E-005  8.840232191950990E-005
  5.999227877957677E-007 -1.188514584202473E-006
          43 -6.075888924323999E-005 -1.403160362375488E-004
  8.874545702958139E-005 -2.283961799921068E-005
  1.257630482250425E-006 -8.715986921681346E-007
          44 -1.545664353468906E-004  2.889767007928327E-005
 -8.645786042815401E-006 -9.071483939623938E-005
  1.646199023203540E-006 -1.680779082748853E-006
          45 -6.495429492411861E-006  1.598100660528102E-004
 -9.266637960611299E-005 -1.170906218265255E-005
  8.834380249088574E-007 -2.333396684927703E-006
          46  1.572534823805951E-004  4.420831725427202E-005
 -3.504739047087816E-005  8.386659804097194E-005
  3.507873926134856E-008 -1.972424349214550E-006
          47  8.558571923452383E-005 -1.443953236730492E-004
  6.543260132649414E-005  4.767878907153651E-005
  1.429464555835397E-007 -1.277428700954352E-006
          48 -1.141932803566827E-004 -1.265188982164591E-004
  4.916368898922469E-005 -5.357261647989547E-005
  7.294865552297922E-007 -1.402942094482587E-006
          49 -1.541543357296088E-004  6.359122178094114E-005
 -5.174293293337363E-005 -5.624832892032744E-005
  5.564627457472889E-007 -2.133276746487649E-006
          50  2.999573847604841E-006  1.538955759912862E-004
 -7.622027961427741E-005  4.318837488286981E-005
 -2.624215562465272E-007 -2.279350134442080E-006
          51  1.227962079811530E-004  4.604674201870228E-005
  1.569500397798377E-005  9.135876857846552E-005
 -7.111052832287254E-007 -1.636074361532089E-006
          52  6.525118073209359E-005 -7.630803620147956E-005
  8.499382395760556E-005  1.727056994656324E-005
 -3.630593861493567E-007 -1.157513521354724E-006
          53 -3.944619496820519E-005 -5.408665657394302E-005
  3.520522523462050E-005 -6.389898188420765E-005
  1.262907078302145E-008 -1.504815357968762E-006
          54 -3.054874501761725E-005  2.849483506329016E-005
 -4.784754971994165E-005 -3.787184191148376E-005
 -3.423210114859094E-007 -1.936265208647642E-006
          55  3.978057023492962E-005  1.714750253011767E-005
 -3.909555936371801E-005  4.185551388138980E-005
 -9.289797272854020E-007 -1.763831634253757E-006
          56  2.400039886430877E-005 -5.610874250573016E-005
  3.719883234165858E-005  4.626254467740591E-005
 -1.032796921401588E-006 -1.277391323799707E-006
          57 -6.271155172421487E-005 -4.460119798895190E-005
  5.543717217964641E-005 -2.833326237155376E-005
 -6.990308891534202E-007 -1.134731352433882E-006
          58 -6.740105179413258E-005  5.732429404935070E-005
 -1.507079577330952E-005 -6.459258125651736E-005
 -6.454120249553256E-007 -1.460221292294918E-006
          59  4.522475540591817E-005  8.889716582287480E-005
 -7.101925481076852E-005 -4.635017479853458E-006
 -1.075572622373990E-006 -1.653260208337556E-006
          60  1.134021070795679E-004 -2.633364872249160E-005
 -3.054775444691711E-005  6.595138864071269E-005
 -1.463964314958223E-006 -1.372303928344226E-006
          61  9.579760748122232E-006 -1.398406907438518E-004
  4.525192366985043E-005  4.912655359128964E-005
 -1.466932070952131E-006 -9.944863346264282E-007
          62 -1.519253739858890E-004 -7.122649902949061E-005
  4.917180823643861E-005 -2.329201600460520E-005
 -1.290563630844143E-006 -9.798998312435654E-007
          63 -1.481629521921757E-004  1.252208544340547E-004
 -1.843897679028775E-005 -4.218957287807053E-005
 -1.431896632167952E-006 -1.221962997645588E-006
          64  4.864790306535248E-005  2.079771068410441E-004
 -5.187685374158179E-005  2.259925622176938E-005
 -1.953713246585346E-006 -1.192904751861760E-006
          65  2.153083740952023E-004  5.871615813994172E-005
  7.666017085139556E-006  7.723279091279097E-005
 -2.401700616271031E-006 -6.678095973068520E-007
          66  1.542260121511513E-004 -1.587265955558002E-004
  8.694485387004207E-005  3.590642586092352E-005
 -2.297078549038049E-006  1.923189842262347E-008
          67 -6.173960168535956E-005 -1.992596286059863E-004
  8.048762927424651E-005 -5.861122627523157E-005
 -1.849796371809415E-006  2.881963324303806E-007
          68 -1.850145778313432E-004 -3.310844578299104E-005
 -6.993870797167217E-006 -9.336488161482404E-005
 -1.640663081559886E-006  1.344717181360635E-007
          69 -9.431766539665787E-005  1.342843163688984E-004
 -7.206980450605504E-005 -3.487416609672014E-005
 -1.824079243506400E-006  6.667113859267574E-008
          70  7.879543055769144E-005  1.194796307784849E-004
 -5.077682296922069E-005  3.858719957410613E-005
 -2.058081295804281E-006  3.361828970864197E-007
          71  1.266654353363229E-004 -3.335668610203742E-005
  1.188151259182738E-005  4.653947334072298E-005
 -2.027548828661730E-006  7.783589224870951E-007
          72  9.671917939095321E-006 -1.297489305122957E-004
  3.362588704088885E-005  1.536047849334472E-006
 -1.737984493376973E-006  1.068926899985665E-006
          73 -1.222962436248042E-004 -6.227330211810247E-005
  1.865808561534748E-006 -2.329757091580625E-005
 -1.503834766240911E-006  1.132050454955834E-006
          74 -1.190305921899204E-004  8.567815352939444E-005
 -2.529676534852525E-005  2.434596695629209E-006
 -1.413340526756066E-006  1.158201588319529E-006
          75  1.311145748489298E-005  1.537727596520661E-004
 -6.048468615762704E-006  3.735176005934833E-005
 -1.407209985734170E-006  1.296911646758313E-006
          76  1.390906321969661E-004  7.508176855806687E-005
  3.801604868170742E-005  3.272539113211508E-005
 -1.274234800222391E-006  1.629178996554146E-006
          77  1.403510938100527E-004 -7.124734048779961E-005
  5.643159090395100E-005 -9.785870127114375E-006
 -8.795114695122358E-007  1.838410339126285E-006
          78  2.248518678993813E-005 -1.517413392399230E-004
  3.251836292401685E-005 -4.796654538641683E-005
 -4.295979802863752E-007  1.795404147093480E-006
          79 -1.065675014664845E-004 -1.011342145958393E-004
 -8.439648195541067E-006 -5.349685884880070E-005
 -1.254687988858270E-007  1.534218310834495E-006
          80 -1.360105641006070E-004  3.023001407198622E-005
 -3.645360343628605E-005 -3.042236518579958E-005
 -9.701894633085608E-008  1.255784274783688E-006
          81 -4.354321351992695E-005  1.240488233825926E-004
 -4.174668059686487E-005  5.041381353693162E-007
 -1.681783828983521E-007  1.113471581261659E-006
          82  8.185215354521990E-005  9.333275797523151E-005
 -2.770143525402595E-005  2.692621272122962E-005
 -2.905940337871016E-007  1.107538867941161E-006
          83  1.155659458788327E-004 -2.933650723664052E-005
  2.157914248794999E-006  3.791373991967863E-005
 -3.379743659724990E-007  1.255839027907879E-006
          84  2.193177676310277E-005 -1.157196576618080E-004
  3.275704184084620E-005  2.246584407996053E-005
 -2.298433358265116E-007  1.410569087135546E-006
          85 -9.831628334240051E-005 -6.821366287588697E-005
  3.966973724989992E-005 -1.461110902857580E-005
  5.764268449317954E-009  1.500036581641339E-006
          86 -1.059717709590108E-004  6.466356242953066E-005
  1.033603455391709E-005 -4.137102091942876E-005
  2.328733552204389E-007  1.373370582656381E-006
          87  1.695109406306778E-005  1.284205682226423E-004
 -2.674837605958006E-005 -2.766171272763888E-005
  2.407453337516571E-007  1.207545780260448E-006
          88  1.292259863455722E-004  3.789608299219924E-005
 -2.937118300516620E-005  9.506637471900464E-006
  1.915421572805352E-007  1.215122548800892E-006
          89  8.956648562102545E-005 -1.070324279034981E-004
  2.509181902509048E-006  2.306575645626003E-005
  2.430990925812608E-007  1.320177503555982E-006
          90 -6.538978647553534E-005 -1.289188108082358E-004
  2.131922871839973E-005 -2.950553419749037E-006
  4.452705210797304E-007  1.332383848581914E-006
          91 -1.501000330497796E-004  9.845357461971508E-006
 -1.590605179284731E-006 -2.502682267229029E-005
  5.405821653315324E-007  1.169271941556206E-006
          92 -5.291036729625965E-005  1.483039203485538E-004
 -2.992238701640108E-005 -3.981762794581152E-006
  4.351188289872931E-007  1.120889792488223E-006
          93  1.190053749005499E-004  1.131118794731118E-004
 -1.305275725198441E-005  3.671117030153147E-005
  3.819057947690629E-007  1.297117230569972E-006
          94  1.564212159377170E-004 -6.284633840464960E-005
  4.276409653328947E-005  3.288029193735178E-005
  5.988636199727251E-007  1.571801097093315E-006
          95  8.790661666430312E-006 -1.682931299808529E-004
  6.516392687879325E-005 -3.266426760166412E-005
  1.079598092181066E-006  1.597079612016075E-006
          96 -1.438829735442656E-004 -7.526701144072743E-005
  6.928979975003940E-006 -9.041420141446428E-005
  1.438839629879148E-006  1.247849536993813E-006
          97 -1.169937221953842E-004  9.444975165364668E-005
 -8.208066929191827E-005 -6.146070603303524E-005
  1.437308750856887E-006  8.134520803440203E-007
          98  4.176351804146200E-005  1.277321322340222E-004
 -9.820887880418440E-005  3.863261795750982E-005
  1.141052320386176E-006  6.556226737406245E-007
          99  1.182196916562582E-004 -3.504130301367557E-006
 -1.325662905232106E-005  9.988299109274934E-005
  9.968217337373579E-007  9.217876198848511E-007
         100  1.795369070248469E-005 -1.066825036955020E-004
  7.805869028632299E-005  5.047685086676583E-005
  1.318506894640810E-006  1.208556034539078E-006
         101 -1.037219811791530E-004 -3.412818728200874E-005
  7.076026741398407E-005 -4.966294667173505E-005
  1.871708761539343E-006  1.098594500192766E-006
         102 -5.844526753346398E-005  1.054237532932965E-004
 -1.896988991436846E-005 -7.948095907998709E-005
  2.193980594697235E-006  5.915825179032090E-007
         103  9.937621381956677E-005  9.449361593341143E-005
 -7.465861036510109E-005 -1.204083717082541E-005
  2.108563191772536E-006  1.228812241763423E-007
         104  1.348492974699215E-004 -7.603049006020933E-005
 -3.384836599447854E-005  5.690200065725809E-005
  1.948610612767669E-006 -5.428608734572831E-008
         105 -3.422979760116213E-005 -1.689950881395107E-004
  3.778006099674587E-005  4.066835613053476E-005
  1.975366777867879E-006 -1.524405239511600E-007
         106 -1.899971269465696E-004 -2.247784003170856E-005
  4.096084159540496E-005 -2.701567287396940E-005
  2.057190765713030E-006 -4.280457952394220E-007
         107 -9.146700216141997E-005  1.929655184595799E-004
 -2.091682546816166E-005 -4.449037615151442E-005
  1.941880652131738E-006 -8.012387173437343E-007
         108  1.696248685813721E-004  1.696137745993815E-004
 -4.947690255439190E-005  1.301282132213379E-005
  1.625230961098549E-006 -1.008189635462198E-006
         109  2.455406772041598E-004 -1.089469072446521E-004
  5.713123442557155E-006  5.379683541209122E-005
  1.407395590027837E-006 -9.289537751249000E-007
         110 -7.494167187324238E-006 -2.961814647348816E-004
  6.481040774144681E-005  1.529920561784279E-006
  1.503529375769711E-006 -8.833641304014924E-007
         111 -2.958677553209956E-004 -1.192542062410869E-004
  2.432221155997049E-005 -8.336603282673410E-005
  1.659096795206498E-006 -1.175770956939849E-006
         112 -2.384922987148033E-004  2.332736973034226E-004
 -8.634896724332785E-005 -7.278122001233811E-005
  1.458061497705593E-006 -1.672168066932157E-006
         113  1.220034598314864E-004  3.166858517744334E-004
 -1.254101710211333E-004  4.815570171649388E-005
  8.591064179228735E-007 -1.880514727715674E-006
         114  3.382108456410774E-004  6.986107673217181E-006
 -2.257722725034544E-005  1.425234188489598E-004
  3.819881726643624E-007 -1.544935842639775E-006
         115  1.253362115799516E-004 -3.103135275426015E-004
  1.112510910325600E-004  8.605278283003381E-005
  4.685906771426764E-007 -1.104953800512649E-006
         116 -2.502959381251016E-004 -2.216258610034367E-004
  1.130807792848191E-004 -5.780010942428769E-005
  8.614923273165854E-007 -1.142554805297807E-006
         117 -2.971075772682165E-004  1.679970748598757E-004
 -1.408125152559271E-005 -1.109213543148636E-004
  9.161336065586186E-007 -1.636343098953240E-006
         118  6.109766308474769E-005  3.499258278463794E-004
 -1.021311390550471E-004 -1.337383860331848E-005
  4.521065150372375E-007 -1.938580239205030E-006
         119  3.654315633848674E-004  7.114558017654140E-005
 -3.671456636524245E-005  9.699370744769407E-005
 -4.063808436020391E-009 -1.741913706057224E-006
         120  2.120157615665004E-004 -3.238929773007295E-004
  9.017582379109835E-005  6.519018551843814E-005
 -1.164740966824999E-008 -1.379220617573387E-006
         121 -2.201133522199069E-004 -3.276916406438565E-004
  9.994618606875576E-005 -7.238765577734315E-005
  3.001108306807359E-007 -1.386584507859965E-006
         122 -3.860511052865787E-004  7.498127356120232E-005
 -3.424578757535005E-005 -1.329795392527064E-004
  3.345282794395767E-007 -1.840303750952814E-006
         123 -7.426957630639685E-005  3.767655386044460E-004
 -1.456445627877217E-004 -2.676858172423843E-005
 -1.425069011291504E-007 -2.187142120236952E-006
         124  3.147027740245825E-004  1.975714342516967E-004
 -9.140686830831186E-005  1.186985186422583E-004
 -7.382830742317852E-007 -2.049350440694063E-006
         125  2.857293564247790E-004 -2.235956783605787E-004
  5.931879248835756E-005  1.261275250293071E-004
 -9.848495526189781E-007 -1.577680878684068E-006
         126 -1.158629844352469E-004 -3.433740859522477E-004
  1.177742271877512E-004 -4.144109695950785E-006
 -7.877813478792882E-007 -1.314835121946272E-006
         127 -3.703236464020937E-004 -9.551575941757357E-006
  1.925900459294711E-005 -9.419502099213009E-005
 -6.682269249867286E-007 -1.496434957581198E-006
         128 -1.500728670155856E-004  3.520283917965027E-004
 -8.988677615585383E-005 -2.586141247952037E-005
 -9.906921301224019E-007 -1.720143390068637E-006
         129  2.711340171663261E-004  2.830177910786986E-004
 -5.233742498553593E-005  1.010371168016371E-004
 -1.503382776664487E-006 -1.509381763633402E-006
         130  3.701006653163633E-004 -1.307062981138963E-004
  9.023739496342061E-005  1.052908708654693E-004
 -1.617791755178575E-006 -9.523534036887450E-007
         131  3.546416499204174E-005 -3.807882642635541E-004
  1.511759742205458E-004 -3.531867576983483E-005
 -1.283792052495798E-006 -6.618502636971733E-007
         132 -3.151334905942601E-004 -1.794689401810296E-004
  4.427933122411967E-005 -1.539571231916688E-004
 -1.030020984878403E-006 -8.665807338762428E-007
         133 -2.684535721829337E-004  2.042013697413435E-004
 -1.095715923254865E-004 -1.103538159550477E-004
 -1.249636379393232E-006 -1.196706563773374E-006
         134  8.627738464710711E-005  3.007192492745674E-004
 -1.375987913492268E-004  4.059566199613926E-005
 -1.778499069322261E-006 -1.127575799715416E-006
         135  2.953415914881526E-004  1.883758162313533E-005
 -2.384592067532307E-005  1.234949848734144E-004
 -2.073107637537944E-006 -6.442336101493090E-007
         136  1.136669264271139E-004 -2.671340792269773E-004
  8.386196599107348E-005  6.089969741651929E-005
 -1.947379791343625E-006 -1.851262861142791E-007
         137 -2.121179093269346E-004 -2.036808715193576E-004
  6.580759685775728E-005 -4.682902439497305E-005
 -1.677211745457435E-006 -6.284695783653417E-008
         138 -2.768461167904941E-004  1.181910376007225E-004
 -3.241282527253321E-005 -5.968977546127324E-005
 -1.646572233626249E-006 -1.674304314985565E-007
         139 -1.070456585013916E-005  3.043414765108778E-004
 -7.082574197785288E-005  2.901618268958030E-005
 -1.876601452647439E-006 -1.142032105127700E-007
         140  2.636167413470531E-004  1.432934206511553E-004
  3.666693993695512E-006  9.696414509841668E-005
 -2.035411455579541E-006  2.399766718318664E-007
         141  2.360272930302127E-004 -1.618156076422218E-004
  1.008623011173143E-004  5.322104099679639E-005
 -1.873708361642785E-006  6.398817489220408E-007
         142 -3.590899574263575E-005 -2.621827410023257E-004
  1.062920653115749E-004 -5.579105956425923E-005
 -1.533364654994427E-006  7.717475887013499E-007
         143 -2.285779725418991E-004 -7.189822644958500E-005
  1.653677552414303E-005 -1.126469388163495E-004
 -1.343402222174974E-006  6.297446379395086E-007
         144 -1.410917611213430E-004  1.647763564429653E-004
 -7.076393633346322E-005 -6.825087070674101E-005
 -1.448836480958363E-006  4.926760456615418E-007
         145  9.599957999029623E-005  1.783054354967399E-004
 -7.652642427964410E-005  1.703571983983044E-005
 -1.670567296617438E-006  5.944571574817009E-007
         146  1.983203979300232E-004 -2.595396122361747E-005
 -1.700114576929954E-005  5.666197018811178E-005
 -1.788013879215216E-006  8.872708487128843E-007
         147  5.515721661157063E-005 -2.010190944448858E-004
  3.321544067535581E-005  2.783989285969954E-005
 -1.711549850404423E-006  1.208028668227204E-006
         148 -1.679637189546306E-004 -1.471499968111344E-004
  2.651168073820825E-005 -1.844984345258915E-005
 -1.540328904175675E-006  1.407673481927480E-006
         149 -2.253670980042816E-004  8.247254124699181E-005
 -1.399892139027216E-005 -2.441118275529223E-005
 -1.422566422497823E-006  1.532399604477943E-006
         150 -4.656343449462861E-005  2.507464321159398E-004
 -3.154370128750832E-005  1.358192035332800E-005
 -1.364897919910582E-006  1.675121154718517E-006
         151  1.974212237905969E-004  1.797107765217278E-004
  4.806793182624546E-007  4.791681607814647E-005
 -1.299973528545536E-006  1.929891704036390E-006
         152  2.661321541681082E-004 -7.376222330260722E-005
  5.311525668263274E-005  3.552098797594753E-005
 -1.086301748785469E-006  2.257563097976873E-006
         153  8.000473527918815E-005 -2.718776883888108E-004
  7.514519147833201E-005 -2.240042153410462E-005
 -7.011567175277732E-007  2.492180782552476E-006
         154 -1.957575885473014E-004 -2.135900149238779E-004
  3.659186017248345E-005 -8.053179879693659E-005
 -2.400539966762343E-007  2.518542570398806E-006
         155 -2.893760066278234E-004  6.420794562421881E-005
 -3.845874764524970E-005 -8.343302482423898E-005
  5.400501078987602E-008  2.378435076453872E-006
         156 -8.607629013428021E-005  2.919969206288302E-004
 -8.738876628196834E-005 -2.164257642109803E-005
  2.049579142480623E-007  2.323008532654590E-006
         157  2.245470432430381E-004  2.212693435801088E-004
 -6.364264605682159E-005  5.787336169783731E-005
  3.812910423544591E-007  2.351781532492856E-006
         158  3.138021132907666E-004 -1.008649227719633E-004
  2.059585408798120E-005  8.040695979903341E-005
  6.699912231565925E-007  2.450380657861379E-006
         159  5.697224420796321E-005 -3.420579677315590E-004
  8.398701398194532E-005  1.589714614648726E-005
  1.127747111048684E-006  2.425420710318897E-006
         160 -2.934256039921303E-004 -2.175600098353932E-004
  5.498881572473449E-005 -7.394267319467452E-005
  1.599106098633081E-006  2.137689975188325E-006
         161 -3.432702303304503E-004  1.710070566071206E-004
 -4.213936444462829E-005 -8.817972797076904E-005
  1.848384054206183E-006  1.630178533630344E-006
         162 -2.221179942106565E-006  4.007160886197628E-004
 -9.859848544904309E-005 -4.053962347440034E-006
  1.744492119155543E-006  1.198665628846136E-006
         163  3.722422437568626E-004  1.878410081319747E-004
 -4.430774232085052E-005  8.584449450615548E-005
  1.559288778685072E-006  1.089288090336308E-006
         164  3.440398883028678E-004 -2.614160510126487E-004
  6.416025655591727E-005  7.163445218508912E-005
  1.620641078063077E-006  1.153175103661137E-006
         165 -9.052211945482509E-005 -4.371240617532660E-004
  9.463905664689430E-005 -3.856013807901947E-005
  1.906987979737810E-006  1.029638907204534E-006
         166 -4.474152869830559E-004 -1.067319425002622E-004
  3.983467940824629E-007 -1.134632346358775E-004
  2.060784326548698E-006  6.140079413466897E-007
         167 -2.921376974013607E-004  3.710414514660522E-004
 -1.131751311141385E-004 -5.338850745586990E-005
  1.877453253712945E-006  2.079642610376864E-007
         168  2.208815788284492E-004  4.288183601156645E-004
 -1.036703112866457E-004  8.443914840506493E-005
  1.534319504532334E-006  1.249934918857884E-007
         169  4.885031866843406E-004 -2.606353269594385E-005
  3.527479931450728E-005  1.356851847409097E-004
  1.418756921086640E-006  3.428797248981773E-007
         170  1.735301400290049E-004 -4.602099170532398E-004
  1.461905133532399E-004  2.372359820299022E-005
  1.686355565669989E-006  4.780146514186850E-007
         171 -3.546357207722746E-004 -3.389579802924899E-004
  8.765843274830211E-005 -1.318818545909978E-004
  2.041194214344441E-006  2.118857862048903E-007
         172 -4.449009687888736E-004  1.987828289141267E-004
 -8.470677735133013E-005 -1.439610970755674E-004
  2.047115200868709E-006 -3.136981276023649E-007
         173  2.296121642925572E-005  4.844841126172577E-004
 -1.689249934779848E-004  1.097211171502960E-005
  1.660644173431296E-006 -6.224094803322325E-007
         174  4.629525477614721E-004  1.502854321583507E-004
 -6.124317983222204E-005  1.517696539789391E-004
  1.307065120381783E-006 -4.833431834807920E-007
         175  3.070111873786537E-004 -3.868656352389843E-004
  1.097713674846068E-004  1.084533051250435E-004
  1.373591581880871E-006 -1.930985475912063E-007
         176 -2.597188726850489E-004 -4.337844024419126E-004
  1.342675567605947E-004 -6.520892572844606E-005
  1.741240232457192E-006 -2.298418113614615E-007
         177 -5.113925758832508E-004  8.808553985824802E-005
 -1.823915082661857E-005 -1.519464515144012E-004
  1.916989602587377E-006 -6.635008787500135E-007
         178 -1.088906845106991E-004  5.191977599341291E-004
 -1.559394564384708E-004 -4.096510234135657E-005
  1.670597715790012E-006 -1.067016919267632E-006
         179  4.474995187888598E-004  2.983423892413083E-004
 -1.034465818795212E-004  1.295839718940961E-004
  1.299478714260756E-006 -1.078755482901988E-006
         180  4.447984817012112E-004 -3.064129966753225E-004
  7.482455102805085E-005  1.445709401147840E-004
  1.254301553771192E-006 -8.387575116466479E-007
         181 -1.226546737137999E-004 -5.248091868482466E-004
  1.534530192732985E-004 -1.409822206936347E-005
  1.567597022229882E-006 -8.372707628913211E-007
         182 -5.321884192002426E-004 -7.322198553483550E-005
  3.542981066906941E-005 -1.409464144301139E-004
  1.778682093439744E-006 -1.261310695342549E-006
         183 -2.572381549809973E-004  4.717659966684719E-004
 -1.194044360747762E-004 -7.383594533997824E-005
  1.569913517863208E-006 -1.761833614530733E-006
         184  3.507271405328213E-004  4.110322096784192E-004
 -1.045340591640211E-004  9.186252397743267E-005
  1.131819652939678E-006 -1.936530848142753E-006
         185  5.145253886817175E-004 -1.780411881919836E-004
  5.974457692687989E-005  1.276494387026330E-004
  9.175627696002051E-007 -1.806791130345425E-006
         186  2.730576507452409E-005 -5.452241135389374E-004
  1.473056761892277E-004 -2.400168945929546E-005
  1.029191063647920E-006 -1.830862935927797E-006
         187 -4.896867443838534E-004 -2.303299237825605E-004
  2.532291532456681E-005 -1.650431903409549E-004
  1.079911797872702E-006 -2.250754965831895E-006
         188 -3.885132221097740E-004  3.570741301965103E-004
 -1.624569122720838E-004 -9.780719338238599E-005
  6.551023312865855E-007 -2.789045783903104E-006
         189  1.810504599279315E-004  4.725558092472888E-004
 -1.742976148945455E-004  1.114823820257987E-004
 -1.233318209308042E-007 -2.885103422306432E-006
         190  4.811279593724012E-004 -3.802286208697728E-006
  1.592696412494677E-005  2.098045712599821E-004
 -6.609214173433333E-007 -2.482593962280991E-006
         191  1.469149790019318E-004 -4.359635439687491E-004
  1.812995224634327E-004  7.795497656046716E-005
 -6.933014898431745E-007 -2.077689448649716E-006
         192 -3.608449241688585E-004 -2.677266150536802E-004
  1.264870995024895E-004 -1.180074266904994E-004
 -5.684111753850553E-007 -2.109685981994496E-006
         193 -3.674767144123378E-004  2.635133471646789E-004
 -6.572143427460100E-005 -1.349299296270120E-004
 -8.467838032448227E-007 -2.379810412363869E-006
         194  1.360724696040819E-004  4.456021228269606E-004
 -1.400789431545305E-004  3.458213919186120E-005
 -1.439567661123580E-006 -2.302978522613752E-006
         195  4.833155083361873E-004  2.610172006746967E-005
 -2.200606716169392E-006  1.577370091566835E-004
 -1.844733603133391E-006 -1.808920423132725E-006
         196  2.064831723796677E-004 -4.555056890370558E-004
  1.666560644199189E-004  6.383765864668902E-005
 -1.792824242039301E-006 -1.277001813546639E-006
         197 -3.524211965077737E-004 -3.691614122982611E-004
  1.382811287048377E-004 -1.392617596419461E-004
 -1.519027560757052E-006 -1.140928789177186E-006
         198 -4.784537051505309E-004  1.902456997923211E-004
 -6.934885458374023E-005 -1.962029555707216E-004
 -1.516112987327084E-006 -1.329575566452594E-006
         199  7.507592925827659E-007  5.172076496291977E-004
 -2.115683798293628E-004 -2.836101675319803E-005
 -1.904231522332820E-006 -1.385719706141276E-006
         200  4.873019825725842E-004  1.884252075952569E-004
 -1.234535250385294E-004  1.704528134286345E-004
 -2.328400181417703E-006 -1.017931947912778E-006
         201  3.613657143729162E-004 -3.949236155247693E-004
  8.325927218529525E-005  1.772574226603215E-004
 -2.374921007221046E-006 -4.274581713585123E-007
         202 -2.391901810909750E-004 -5.027011290034100E-004
  1.682337094201289E-004  7.791866283498818E-006
 -2.069768986244762E-006 -6.381260046692427E-008
         203 -5.826379091005600E-004  2.056913101614309E-005
  5.677508653860700E-005 -1.198942441240059E-004
 -1.809325494765474E-006 -8.021983020141568E-008
         204 -2.368127419968484E-004  5.598353687788553E-004
 -8.358830441577286E-005 -6.088799471641020E-005
 -1.893119618631783E-006 -1.812608973922624E-007
         205  4.077870870492152E-004  4.734050240466177E-004
 -6.400374685628106E-005  8.201293016097498E-005
 -2.141399910157157E-006  1.427357790186297E-008
         206  6.119376437155962E-004 -1.455532201679913E-004
  8.360729978979154E-005  1.015346111552026E-004
 -2.154225091868774E-006  4.566564093195084E-007
         207  1.556681814953671E-004 -5.979830120499984E-004
  1.559197611303203E-004 -4.406823684786603E-005
 -1.837702955740926E-006  7.637151001061002E-007
         208 -4.344180601289053E-004 -4.015992940504319E-004
  3.957929442330366E-005 -1.786278859455040E-004
 -1.519538651135774E-006  7.040727303540373E-007
         209 -5.215595424834576E-004  1.826310828212162E-004
 -1.428706783150185E-004 -1.285714766121519E-004
 -1.542821457246438E-006  4.963600451389903E-007
         210 -7.104475222227788E-005  5.003460751052358E-004
 -1.824218001637262E-004  6.100879310018462E-005
 -1.849945289789621E-006  5.517064537440670E-007
         211  3.750544156285870E-004  2.587017203495705E-004
 -3.599060574813060E-005  1.830262093599182E-004
 -2.033622998157447E-006  9.849678912394056E-007
         212  3.543357229514519E-004 -2.041577688395082E-004
  1.322363089220829E-004  1.161363638804000E-004
 -1.837139377751929E-006  1.488110505442547E-006
         213 -3.518999667095131E-005 -3.676221443783291E-004
  1.520450774609844E-004 -4.937456924003230E-005
 -1.402226042899299E-006  1.727909270526964E-006
         214 -3.213168015412774E-004 -1.073677346658250E-004
  2.995515808027741E-005 -1.348819125081967E-004
 -1.058406546128938E-006  1.668636425931273E-006
         215 -2.141564279183640E-004  2.336816962203000E-004
 -8.565392818867330E-005 -7.471221884203020E-005
 -9.651335405664435E-007  1.580546191287358E-006
         216  1.170575526701580E-004  2.784229182493165E-004
 -8.381027852318474E-005  3.770446877640432E-005
 -9.434658252629447E-007  1.666398996943204E-006
         217  2.919629034592942E-004  1.433091424426322E-005
  4.120820985262461E-006  7.797517107580580E-005
 -7.990923731977346E-007  1.847899746713181E-006
         218  1.401248559807839E-004 -2.501398334587614E-004
  6.815778877776029E-005  2.393431258796591E-005
 -5.175624634851183E-007  1.952558640539905E-006
         219 -1.578371520060992E-004 -2.375358392400963E-004
  4.917809043389368E-005 -4.748829599416861E-005
 -2.413998678157182E-007  1.907603262643870E-006
         220 -2.870077617196134E-004  2.963061863275408E-005
 -1.622566474917526E-005 -5.914234822486609E-005
 -7.136715043942473E-008  1.789683284837638E-006
         221 -1.134955085265609E-004  2.748282077153011E-004
 -5.016010004976079E-005 -8.923572394243959E-006
 -8.911532500961727E-009  1.710692427934875E-006
         222  1.941669498505690E-004  2.444517229736009E-004
 -1.916027182388997E-005  3.961348209523329E-005
  3.691092946252378E-008  1.738570094897021E-006
         223  3.288788863472806E-004 -4.967031557925831E-005
  3.951056343112261E-005  3.004378776682962E-005
  1.768849304417119E-007  1.828550833863709E-006
         224  1.334869213923692E-004 -3.308562385644046E-004
  5.748660245291478E-005 -3.421562282571124E-005
  4.386770137941297E-007  1.861379294728985E-006
         225 -2.299734291006491E-004 -3.052932498985247E-004
  4.775238503228056E-007 -8.816888971165316E-005
  7.248732320283027E-007  1.721096473093419E-006
         226 -4.033436685957386E-004  4.088659950757879E-005
 -8.991273886820614E-005 -6.268859388083654E-005
  8.390952339779581E-007  1.454405230247106E-006
         227 -1.808860325431497E-004  3.822151733659849E-004
 -1.223224848220345E-004  4.468374369844110E-005
  7.551159950873408E-007  1.285694749496607E-006
         228  2.415908399301081E-004  3.581800446665567E-004
 -3.770812049643013E-005  1.457339139444799E-004
  6.530326351940217E-007  1.344611809044113E-006
         229  4.297878245167097E-004 -3.149878395601957E-005
  1.124301460877977E-004  1.289447482271677E-004
  7.590522306114402E-007  1.542522179908923E-006
         230  1.725091643527402E-004 -3.820940770070477E-004
  1.894901366345202E-004 -2.117780673711997E-005
  1.109244161516249E-006  1.608623252760936E-006
         231 -2.519412581582273E-004 -3.094855714875497E-004
  9.950938405249044E-005 -1.796641347908463E-004
  1.458688385400795E-006  1.385151528982238E-006
         232 -3.619487136342162E-004  9.857215843725983E-005
 -8.966654988067751E-005 -1.910301599416051E-004
  1.563177485670121E-006  1.017718842821186E-006
         233 -3.423615991149091E-005  3.537492916980675E-004
 -2.014971964665610E-004 -3.763213399801228E-005
  1.424706582902341E-006  7.782612151495212E-007
         234  3.207647525882158E-004  1.394437075102058E-004
 -1.322911017358574E-004  1.319151494602566E-004
  1.281149485991440E-006  8.127521974080928E-007
         235  2.376371807934150E-004 -2.782457143529266E-004
  3.539945566326696E-005  1.550474632138053E-004
  1.378053594751298E-006  9.764898818796386E-007
         236 -2.092056770093327E-004 -3.463363055560890E-004
  1.219445111153592E-004  3.311113358543652E-005
  1.712563171620923E-006  9.854215231664364E-007
         237 -4.521005014143020E-004  8.166919230973833E-005
  5.647501954793645E-005 -7.538784984503923E-005
  2.022587001997620E-006  7.070971470176655E-007
         238 -1.180432321054351E-004  5.072255888426114E-004
 -4.647780679977768E-005 -4.955829895527182E-005
  2.083339029068398E-006  3.280581367500705E-007
         239  4.549467943106208E-004  3.594541673550283E-004
 -3.797820016201551E-005  4.587686123132572E-005
  1.989192911079242E-006  1.141297357187826E-007
         240  5.693502821829465E-004 -2.679302443968813E-004
  6.568081025130360E-005  4.867928103642862E-005
  2.015028755104828E-006  5.460410222021664E-008
         241  2.402827970188554E-005 -6.631338882032704E-004
  9.762866329637257E-005 -7.520087452089689E-005
  2.229054885615104E-006 -1.253407247936634E-007
         242 -5.896112958351230E-004 -3.365141366532801E-004
 -3.387408195630943E-005 -1.655390706224926E-004
  2.369030454048117E-006 -5.915888797965602E-007
         243 -5.660522276208059E-004  3.633115735470102E-004
 -1.974029760372952E-004 -6.776321879633700E-005
  2.160485353362803E-006 -1.134772435867751E-006
         244  6.284728873597891E-005  6.408602221176953E-004
 -1.836654518085531E-004  1.479532077985601E-004
  1.693013925628517E-006 -1.403253445742818E-006
         245  5.573530769139607E-004  2.074005046440708E-004
  2.849638562734338E-005  2.456780067722336E-004
  1.327154465738579E-006 -1.323458171907644E-006
         246  3.715571392988450E-004 -3.786113249351876E-004
  2.217060090968620E-004  1.013544893692219E-004
  1.295696504986611E-006 -1.183389309465314E-006
         247 -1.932088234608527E-004 -4.191284525453541E-004
  1.847317136790217E-004 -1.338986590433308E-004
  1.421238581408746E-006 -1.344357688317198E-006
         248 -3.998125722421385E-004  6.027703468909716E-005
 -2.991895910599531E-005 -2.020422911277006E-004
  1.280717584539634E-006 -1.742695588536815E-006
         249 -2.203601585182623E-005  3.788903088359875E-004
 -1.675131243849272E-004 -4.959664696140099E-005
  8.092109773307352E-007 -1.964010687236962E-006
         250  3.846277487463424E-004  1.027360847352030E-004
 -8.477162780524989E-005  1.143387263769733E-004
  3.497036192678280E-007 -1.801212398306635E-006
         251  2.287598002227663E-004 -3.870010241640153E-004
  7.938580837643567E-005  8.498673725395431E-005
  2.366502960324419E-007 -1.491071158085905E-006
         252 -3.237432064733899E-004 -3.973783681625149E-004
  8.790855463516249E-005 -7.749072104469469E-005
  3.575344450172585E-007 -1.426789611316012E-006
         253 -5.476750705978877E-004  1.539703401601597E-004
 -7.989427209102631E-005 -1.282606011933427E-004
  3.234423529566944E-007 -1.627337297684059E-006
         254 -1.011805985793832E-004  5.986684769375358E-004
 -1.946237562386790E-004  3.596089234310953E-005
 -1.009238590160393E-008 -1.755266798024791E-006
         255  5.053125584317257E-004  3.625560345012041E-004
 -7.116699285287636E-005  2.288051407251308E-004
 -3.780838720803511E-007 -1.541003449293791E-006
         256  5.389244806891676E-004 -2.907041112481344E-004
  1.804020122483667E-004  1.973655294515502E-004
 -4.193678219164989E-007 -1.149857788658785E-006
