   409.600000000000     
         256           1           3
  1.124309127438499E-002   41.4655770823759        112.105117297870     
   39.0000000000000        116.000000000000        6351.00000000000     
           0  0.000000000000000E+000  0.000000000000000E+000
  0.000000000000000E+000  0.000000000000000E+000
  0.000000000000000E+000  0.000000000000000E+000
           1  1.284392489960522E-008 -1.640098771878153E-008
 -6.444735040727917E-007  5.185219824625478E-008
  2.192000400107348E-006 -2.568070281981142E-007
           2 -4.230969510145066E-008 -6.959560853688219E-008
 -6.337228680909219E-007  1.068814779797317E-007
  2.141824968897556E-006 -6.887754033782701E-007
           3 -1.631279134488806E-007  8.573504861335451E-008
 -6.929179233360332E-007  1.719740860087925E-007
  1.807780340706557E-006 -1.006271556817184E-006
           4  1.388100990427059E-007  2.328404957597043E-007
 -5.970056684856598E-007  4.793662447686131E-007
  1.523050012485590E-006 -1.055148871906935E-006
           5  2.094713648302033E-007 -2.142537479077746E-007
 -2.207164847871286E-008  3.650104138844591E-007
  1.356995930944152E-006 -1.182042635449130E-006
           6 -3.548743630231987E-007 -4.880284187710171E-008
 -2.096277167650431E-007 -4.718872400537789E-007
  9.281634900471180E-007 -1.214835791752787E-006
           7  2.354885340706996E-007  6.177209296392740E-007
 -1.226596761946648E-006 -1.719856280126383E-007
  6.437309461309056E-007 -7.209322415526230E-007
           8  1.027688569257904E-006 -5.897079828587911E-007
 -7.494217917150258E-007  7.370147794740689E-007
  1.183549373093714E-006 -2.037225626042254E-007
           9 -9.277198325007745E-007 -1.526309162689012E-006
 -3.576903809496676E-007 -2.469389332661833E-007
  2.114383146009217E-006 -6.728408814984104E-007
          10 -1.996646025554226E-006  1.202122967754508E-006
 -2.410618503425702E-006  6.965816350395227E-008
  2.022014883164733E-006 -1.992453524450793E-006
          11  1.469418585741513E-006  2.243506878640818E-006
 -1.541650393139082E-006  3.664740489460349E-006
  7.632424027504810E-007 -2.446452069862140E-006
          12  2.060865563326385E-006 -1.845655811256995E-006
  3.585255488546782E-006  2.447081503689708E-006
  1.677418553746301E-007 -1.675389939978745E-006
          13 -2.479620087407118E-006 -1.329200532877186E-006
  2.139203977661640E-006 -3.877546988004047E-006
  4.789725012674541E-007 -1.241740272825652E-006
          14 -6.190310185134404E-008  3.503634585836801E-006
 -4.936311075478503E-006 -2.091806997470628E-006
  7.940316731755009E-007 -1.469906648979752E-006
          15  4.945513807772633E-006 -1.710890698367822E-006
 -2.647542544424020E-006  4.931056394900014E-006
  8.466754586790189E-007 -1.755155754824623E-006
          16 -3.917344374747199E-006 -6.476923309860495E-006
  3.127729093538282E-006  1.628781233466730E-006
  8.980675583770162E-007 -2.333197456567055E-006
          17 -7.571612851058831E-006  6.347700438884113E-006
 -2.021848171113188E-006 -1.418439641876196E-006
 -4.820002446587105E-008 -3.237941238324727E-006
          18  8.829929542458872E-006  7.596882166235052E-006
 -1.236783927783539E-006  6.362198980023776E-006
 -1.685894471310117E-006 -2.585145040056008E-006
          19  5.841326881081411E-006 -1.110538543309588E-005
  9.003939089383787E-006  7.955139525425703E-007
 -1.439117045200862E-006 -7.325502264766543E-007
          20 -1.252707144189320E-005 -1.793099259535229E-006
 -1.928115398909602E-006 -1.027186854177763E-005
  2.240132565207983E-007 -9.683353738975458E-007
          21  4.254206215709740E-006  1.199216753314229E-005
 -1.094659720759800E-005  6.226002492444596E-006
 -3.190475983391749E-007 -2.696696720895024E-006
          22  8.402117425189718E-006 -1.092735669376144E-005
  9.479093714177237E-006  9.363445980637296E-006
 -1.998926672511874E-006 -2.025151593750425E-006
          23 -1.572078597876539E-005 -1.131676285199874E-006
  3.483811344196194E-006 -1.079183274080150E-005
 -1.551350693646255E-006 -9.288287925066667E-007
          24  8.732582319931059E-006  1.534013298214903E-005
 -1.012260882916413E-005  5.147780890818842E-006
 -1.489501391767300E-006 -1.253182918268818E-006
          25  7.589755947205967E-006 -1.744636220043331E-005
  1.169501259303055E-005  6.078981559575224E-006
 -1.759615593995899E-006 -5.211238535010345E-007
          26 -1.950997729807684E-005  6.090637064979734E-006
 -2.538012260936983E-006 -1.237523102098728E-005
 -8.137081015604270E-007 -6.334806556789571E-007
          27  1.929544702361710E-005  1.107487960952383E-005
 -6.591239126917410E-006  1.202372441534194E-005
 -1.709159323247077E-006 -1.380880483036150E-006
          28 -5.705632566184782E-006 -2.304442561890998E-005
  1.496115326389466E-005 -3.378995679122785E-006
 -2.005730943478911E-006 -2.992305655797254E-008
          29 -1.213887806990466E-005  2.113298929111921E-005
 -1.280323737523658E-005 -7.545684127587455E-006
 -9.971165186702046E-007 -3.935103495424710E-007
          30  2.328688602872363E-005 -8.176909511341518E-006
  5.401107831716730E-006  1.473904247092915E-005
 -1.965203876885652E-006 -5.592155614996973E-007
          31 -2.322818168984888E-005 -8.536772139936468E-006
  5.518862950104771E-006 -1.390898337366927E-005
 -1.387149205548260E-006  3.023166873954007E-007
          32  1.256751221024168E-005  2.002910101018446E-005
 -1.142093711076977E-005  8.919841423650257E-006
 -1.477768046724358E-006 -5.492892887017577E-007
          33 -4.877811620616493E-008 -2.220134772387997E-005
  1.575918757808379E-005 -8.744720649035287E-008
 -2.057091367702878E-006  4.863753127730519E-007
          34 -1.104052876033429E-005  2.038988741914284E-005
 -1.152675984751618E-005 -7.972924942165467E-006
 -9.761146430928117E-007  3.703880715920901E-007
          35  2.296868769581077E-005 -1.209430797899188E-005
  7.607602642137411E-006  1.333769416279904E-005
 -1.757724339446624E-006  5.184986023577899E-008
          36 -2.701461740507733E-005 -4.835730322595665E-006
  3.015618426521361E-006 -1.687697503541935E-005
 -1.297066157222975E-006  7.998480589529851E-007
          37  1.862347241674537E-005  2.025105638871093E-005
 -1.212036848618972E-005  1.119329290455680E-005
 -1.394383589865028E-006  9.106712485500352E-008
          38 -2.598345358536432E-006 -2.748406385622890E-005
  1.624462018469126E-005 -1.756311369157110E-006
 -1.850952786893969E-006  1.030482070458232E-006
          39 -1.505716852701774E-005  2.201980804910526E-005
 -1.309924559236094E-005 -6.789404036586473E-006
 -9.561544451191641E-007  9.608110794519660E-007
          40  2.205650262394025E-005 -6.737309850264617E-006
  8.743425838312184E-006  1.343119424142934E-005
 -1.504548410870949E-006  8.845431852427693E-007
          41 -1.867933361370003E-005 -3.896728532535240E-006
  3.011144592172898E-006 -1.641267269135653E-005
 -8.947730577466724E-007  1.491426292881467E-006
          42  1.622194768476682E-005  1.103061100188726E-005
 -1.027869862316695E-005  9.918374279683413E-006
 -8.177955052947204E-007  7.889467241525991E-007
          43 -9.177299198308114E-006 -2.140534765940197E-005
  1.477054080358378E-005 -3.410976580772530E-006
 -1.171075501439213E-006  1.388332331397635E-006
          44 -7.610966476207076E-006  2.517156401671928E-005
 -1.345756230140362E-005 -7.127014026036577E-006
 -5.407210083354540E-007  1.319614587899394E-006
          45  2.442749985117893E-005 -1.433410034592170E-005
  6.538522865113396E-006  1.323616644368522E-005
 -9.715514393209203E-007  1.303688514185865E-006
          46 -2.822882449973436E-005 -7.950076981227184E-006
  3.884305585019184E-006 -1.460357207093029E-005
 -3.723198314949535E-007  1.898406124830943E-006
          47  1.160544647334557E-005  2.513300919946954E-005
 -1.109974085982008E-005  7.931551940837594E-006
 -7.905546539018383E-008  1.265235290054377E-006
          48  9.200671720761667E-006 -2.049567933147899E-005
  1.406215845471672E-005  2.803420531995755E-007
 -3.582397941389919E-007  1.559491907519954E-006
          49 -1.393983391171650E-005  6.860097820287485E-006
 -9.107139485996495E-006 -9.835704626082757E-006
  2.886282212026279E-007  1.443577973190989E-006
          50  1.164565110921573E-005 -1.547818393787142E-006
  1.759565939163113E-006  1.112612235315672E-005
 -1.385399797832221E-007  1.085342957816413E-006
          51 -1.379411322840303E-005 -2.603839125809350E-006
  5.469734945618719E-006 -1.149481794056451E-005
 -3.305699392698567E-008  1.646308223206511E-006
          52  1.313149710230345E-005  1.357337836808038E-005
 -1.224491212980289E-005  4.145046406369967E-006
  3.531479816197791E-007  1.386339063555957E-006
          53  5.858164248779419E-007 -2.428753004098872E-005
  1.188484955901512E-005  4.559460039288155E-006
  2.597265640737946E-007  1.574722363819630E-006
          54 -2.334828036545837E-005  1.709164728184448E-005
 -5.297322488794245E-006 -1.230779251509630E-005
  9.292980694791744E-007  1.473339015884405E-006
          55  2.910818096996578E-005  1.093094365515218E-005
 -4.617487616941382E-006  1.155480825449587E-005
  7.142254686946489E-007  8.121879929167345E-007
          56 -5.682317831421577E-006 -2.940695842173913E-005
  1.147367018912581E-005 -5.709928586119405E-006
  4.511258868188327E-007  1.129560710212065E-006
          57 -1.921229032075119E-005  1.763440904231018E-005
 -1.129414312793172E-005 -5.377100622178586E-006
  6.762293432378318E-007  1.089965016621237E-006
          58  1.976825147823674E-005  5.552700673075519E-006
  3.574363483812028E-006  9.613024691993883E-006
  5.263538462526840E-007  1.225800156366736E-006
          59 -3.424731330809730E-006 -1.332440332609847E-005
  3.387208977374919E-006 -9.888421074875850E-006
  1.082548443628206E-006  1.509847865746066E-006
          60 -4.472821131315966E-006  3.540256007299274E-006
 -9.203557570536552E-006  3.242981981425942E-006
  1.447888891642667E-006  9.123125847790499E-007
          61 -3.429759187866275E-006 -5.750312071232790E-008
  7.349292529654233E-006  2.508846217186962E-006
  1.182477575233775E-006  6.803570664583802E-007
          62  3.067423368220100E-006  1.146652861247708E-005
 -4.856000056371334E-006 -6.690604918293346E-006
  1.185407343095647E-006  6.439273210176793E-007
          63  1.407454569693049E-005 -1.222137063945675E-005
 -8.190599770133609E-007  8.282193178307501E-006
  1.015653139497039E-006  6.739032443883653E-007
          64 -2.200571836115876E-005 -7.890320117881671E-006
  7.085775814614698E-006 -7.042401635081143E-006
  1.305323966988474E-006  1.011407698121337E-006
          65  5.500409474419952E-006  2.635422495868489E-005
 -1.139087353588895E-005 -2.366674482361415E-006
  1.857639787036363E-006  6.528131400372789E-007
          66  2.195961344300358E-005 -2.058639211714735E-005
  4.327095414533812E-006  9.284730904301868E-006
  1.779217845693890E-006  2.259260227029633E-007
          67 -3.105947678515971E-005 -9.785803408316795E-006
  2.939583524405314E-006 -1.021335158901719E-005
  1.851749136218122E-006  1.056961371867068E-008
          68  5.796183543740108E-006  3.284975872935682E-005
 -1.159800179031134E-005  3.681837688391732E-006
  1.625500250578552E-006 -4.149668276987970E-007
          69  2.569270153771656E-005 -1.931047157505973E-005
  8.486275756169411E-006  7.390591167650107E-006
  1.319519166707697E-006 -2.026176804104526E-007
          70 -2.661329111453069E-005 -1.278631659430410E-005
  7.060064820534230E-007 -1.077989291368880E-005
  1.786265082887331E-006 -1.816818431467151E-007
          71  9.479024549112668E-007  2.649740879996909E-005
 -9.316829298677247E-006  4.189649956298804E-006
  1.790030764736111E-006 -8.616044917417309E-007
          72  2.083656402884576E-005 -1.135760730269260E-005
  5.778757400901821E-006  4.267004497716456E-006
  1.348147500873891E-006 -1.025002706874128E-006
          73 -1.681792096390603E-005 -1.300735768075921E-005
 -1.249001332348684E-006 -5.260880103881359E-006
  1.253791732630230E-006 -1.095418346259980E-006
          74 -5.898790701602694E-006  1.824017958845243E-005
 -3.422122006951670E-006  3.659015807809926E-006
  9.212524130877207E-007 -1.239428472249319E-006
          75  1.779837656209514E-005  7.392947556509999E-007
  2.640311371854291E-006  6.648774117333232E-007
  7.614212654581523E-007 -9.975025525733519E-007
          76 -2.989237152818978E-006 -1.744596860612230E-005
 -1.233637082050375E-006 -8.152635289413592E-007
  9.218701597231112E-007 -1.100958688196897E-006
          77 -1.766613287918327E-005  6.880762179591179E-006
 -1.940553767814800E-007  1.784037522158190E-007
  7.102260176366501E-007 -1.357965492836233E-006
          78  1.213388981069688E-005  1.707183747640412E-005
 -3.033910101672685E-006  7.448476113318755E-007
  3.728876438595686E-007 -1.336887413055183E-006
          79  1.346778514459605E-005 -1.828873359902454E-005
  2.221148319939993E-006  5.331997588813640E-006
  2.058046843956320E-007 -1.130637626124867E-006
          80 -2.324817067278268E-005 -5.551090566674476E-006
  4.632145938498405E-006 -5.139737926399754E-006
  3.178644204286854E-007 -9.816195749737251E-007
          81  6.058223656927779E-006  2.430775476021802E-005
 -8.279476103406667E-006 -1.355423395183719E-006
  3.616179646474335E-007 -1.184747705346655E-006
          82  1.933169291110837E-005 -1.862100632450382E-005
  3.114738487715802E-006  8.650432093006634E-006
  6.821472500140365E-008 -1.240381927039538E-006
          83 -2.783940968333429E-005 -8.101096106305061E-006
  4.708993544990949E-006 -7.814956011572125E-006
  2.544259604405269E-008 -1.055034929913922E-006
          84  6.873563149116607E-006  2.971804667794457E-005
 -1.111992326190893E-005  1.678583180560274E-006
  4.595002608578866E-009 -1.146605050945110E-006
          85  2.253002266862264E-005 -2.118701419531088E-005
  7.758446381129450E-006  1.058083008514156E-005
 -2.175128496615718E-007 -1.022155299422892E-006
          86 -3.012271631238275E-005 -7.551860015287093E-006
  5.096321866344865E-006 -1.201963188287897E-005
 -5.136475208899176E-009 -8.645691703031946E-007
          87  1.116540620130991E-005  3.009927889912221E-005
 -1.338510687343955E-005  2.971706539405538E-006
 -3.114863517193548E-008 -1.202933401443653E-006
          88  2.006338487361306E-005 -2.771037085054086E-005
  1.006792930637160E-005  1.051432903848530E-005
 -4.211156156248127E-007 -1.058463693822303E-006
          89 -3.640546947117586E-005 -2.388082724144721E-006
  3.353540820709243E-006 -1.413007508870286E-005
 -1.750373399177792E-007 -8.372442274263224E-007
          90  1.789760801585740E-005  3.404326511126328E-005
 -1.435224958811403E-005  5.234796900714438E-006
 -2.038683631515231E-007 -1.203546797333663E-006
          91  2.088476050433681E-005 -3.482923735479794E-005
  1.155334445880583E-005  9.837569065132758E-006
 -5.897497101089469E-007 -1.054800295371347E-006
          92 -4.320192572652062E-005 -4.945712980731483E-007
  1.034730440972226E-006 -1.380448010651038E-005
 -3.976231062862613E-007 -8.873137017407725E-007
          93  2.110167236150522E-005  4.013334265950491E-005
 -1.232550875821277E-005  8.618681752958555E-006
 -5.078949674523236E-007 -1.141637404816210E-006
          94  2.639070306228257E-005 -3.735000284139952E-005
  1.493518454955014E-005  7.386573542656213E-006
 -7.536287421709040E-007 -9.307110800212396E-007
          95 -4.359624361764782E-005 -6.105110123816976E-006
 -4.911528726258380E-007 -1.609118170613504E-005
 -5.326949554174127E-007 -9.248728766914680E-007
          96  1.471252833275642E-005  3.843558896384255E-005
 -1.280578552284164E-005  8.666772095986983E-006
 -8.262687327879939E-007 -1.228452776212990E-006
          97  2.401823335588733E-005 -2.991563468359926E-005
  1.329941977002149E-005  6.064659548820335E-006
 -1.178153570266285E-006 -8.727509842922894E-007
          98 -3.521935908089881E-005 -5.478071402197222E-006
 -2.797457383100327E-006 -1.292621570731889E-005
 -9.308155893700973E-007 -7.567491059665729E-007
          99  1.088045836348948E-005  2.982143590892063E-005
 -9.169071269450736E-006  1.083707444728543E-005
 -1.200474610405136E-006 -1.006461113480613E-006
         100  1.662738487210853E-005 -1.990909359344594E-005
  1.413638236706972E-005  3.598348047349131E-006
 -1.540300908786400E-006 -5.923933495700008E-007
         101 -1.935179347956792E-005 -1.139084080049809E-006
 -3.055959363108198E-006 -1.125523409427601E-005
 -1.274222012106803E-006 -4.108357871944392E-007
         102  1.047069842304082E-005  1.056863080424871E-005
 -4.600405591704567E-006  8.969677116924150E-006
 -1.476190716154005E-006 -5.910700875364240E-007
         103 -1.890929395395710E-006 -1.363276363702875E-005
  1.095213709926599E-005 -2.586624285202405E-006
 -1.780470101087015E-006 -2.102038289723624E-007
         104 -7.282091218590552E-006  1.198495591991140E-005
 -8.702644576592157E-006 -7.587905753781701E-006
 -1.619855734613196E-006  7.031686678208368E-008
         105  1.456621485384753E-005 -5.545213173735765E-006
 -1.016402700154914E-006  1.228468556020910E-005
 -1.693793387693323E-006  1.813600657170643E-007
         106 -1.873691699614746E-005 -7.622612910767950E-006
  1.086921944747569E-005 -5.238077554174881E-006
 -1.598953282930545E-006  5.603532830326464E-007
         107  6.696590443383161E-006  2.560468506196201E-005
 -9.388469917067480E-006 -3.932644889399912E-006
 -1.334117912749969E-006  5.599037933277532E-007
         108  2.161613842739683E-005 -2.274358781486239E-005
  5.143099221841822E-006  1.084584709350376E-005
 -1.485907843227123E-006  6.330077269145170E-007
         109 -3.328423665538766E-005 -6.529231634780077E-006
  8.225390901692602E-006 -1.143109425150754E-005
 -1.287385629391165E-006  9.824318158590053E-007
         110  1.483596896744704E-005  3.241371183865449E-005
 -1.252838079936171E-005 -1.120201180734026E-006
 -1.053876282369099E-006  8.703640497814238E-007
         111  1.846964449287607E-005 -3.410527925659886E-005
  7.464879049624971E-006  8.859564123992339E-006
 -1.206109536263886E-006  9.786256982357946E-007
         112 -4.278992361285198E-005  4.757247423877046E-006
  1.389055001948479E-006 -1.261669634071459E-005
 -9.482043701397433E-007  1.286325559054034E-006
         113  2.918991499555824E-005  3.585089825501647E-005
 -1.190935495864180E-005  8.339219265266458E-006
 -6.937912155362976E-007  1.152332225832381E-006
         114  1.408583591855256E-005 -4.519246125223787E-005
  1.645145900586324E-005  6.336624224738182E-006
 -7.010188464770526E-007  1.200792169635753E-006
         115 -4.538620403189271E-005  1.536630206811310E-005
 -1.890166861417596E-006 -1.810265004201883E-005
 -4.935972662736996E-007  1.179874352134605E-006
         116  4.146891393970662E-005  2.815793314115333E-005
 -1.203536493056829E-005  1.064962390971816E-005
 -6.323640472292642E-007  1.090218009195402E-006
         117 -1.258870834622869E-006 -5.377235630298490E-005
  1.664945483837289E-005  1.449044763925980E-006
 -5.711989752480095E-007  1.494318720940488E-006
         118 -4.664369012235051E-005  3.262930527115193E-005
 -9.149601822687349E-006 -1.601480359543303E-005
 -9.095169410502135E-008  1.403335253511827E-006
         119  5.433096070771337E-005  2.162539726109966E-005
 -7.987623963012889E-006  1.666908491373104E-005
 -2.429885975495722E-007  1.177129869567602E-006
         120 -1.254998796238789E-005 -5.778146786338100E-005
  1.860732687706073E-005 -3.553017904985717E-006
 -1.548117828727042E-007  1.500346267246287E-006
         121 -4.127538455922203E-005  4.322109184957753E-005
 -1.329776179431661E-005 -1.315804244699199E-005
  1.858478641771403E-007  1.295231836055819E-006
         122  5.902059355965261E-005  1.072499915159591E-005
 -1.591449696394700E-006  1.824596133343227E-005
 -8.407828150752545E-008  1.220918798708158E-006
         123 -2.285882978973035E-005 -5.431399331642595E-005
  1.715621343187985E-005 -1.073900282451936E-005
  1.491975120008924E-007  1.645562084931770E-006
         124 -3.100329661190858E-005  4.754080758109435E-005
 -1.802267099579525E-005 -9.667735585292104E-006
  5.804430199525861E-007  1.362915593552854E-006
         125  5.472089935361947E-005 -2.090395395188707E-006
  2.362828932687085E-006  1.823963631227524E-005
  3.713535359718415E-007  1.248500911421079E-006
         126 -3.272245914862579E-005 -4.264472552706642E-005
  1.267042598378058E-005 -1.372788501559258E-005
  6.632068475320366E-007  1.501813291284375E-006
         127 -1.664925192591050E-005  5.039656538655873E-005
 -1.914290917670135E-005 -3.261737748083429E-006
  9.276282995329213E-007  1.089736853806139E-006
         128  5.005553693086088E-005 -1.357452970750386E-005
  7.567980090637069E-006  1.715487410691906E-005
  6.269379092832687E-007  1.093650175566318E-006
         129 -3.778070087382893E-005 -3.329488175188967E-005
  1.013458550493690E-005 -1.545585745243920E-005
  1.002501075774036E-006  1.336095335741177E-006
         130 -7.261221140849929E-006  4.876719645311325E-005
 -1.664483808002525E-005 -1.088208881849648E-006
  1.231149948704337E-006  9.011424056965187E-007
         131  4.485731141103321E-005 -1.852687779748381E-005
  7.754753889469127E-006  1.152655428114213E-005
  1.027675613789529E-006  8.872221029097012E-007
         132 -3.629531129459238E-005 -2.965148262670752E-005
  4.082588302177227E-006 -1.358929727606076E-005
  1.373342805851402E-006  9.303541742564134E-007
         133 -9.608476609023874E-006  4.237500746302063E-005
 -1.378662977543741E-005  2.384521464293061E-006
  1.427169232587035E-006  4.686278693025384E-007
         134  3.763399785914326E-005 -8.639520124030552E-006
  6.870850360312281E-006  8.842985685831534E-006
  1.175923729574533E-006  4.896687488092043E-007
         135 -2.064810728132719E-005 -2.630881090609486E-005
  2.665969491555924E-006 -8.907138865781947E-006
  1.427374162904108E-006  5.414825941206753E-007
         136 -1.358895774339643E-005  2.538376018073637E-005
 -7.783063035507188E-006  1.619789752306586E-006
  1.479121364290784E-006  2.071498392221421E-007
         137  2.455003079442444E-005  3.127058926731635E-006
  3.919472641510632E-006  4.408162708706992E-006
  1.342615050166205E-006  1.765727433028845E-007
         138 -3.929111823380997E-006 -2.076945479384014E-005
  1.820386804486685E-006 -5.079406278557960E-006
  1.500296817234126E-006  1.226677236833949E-007
         139 -1.596629693533979E-005  8.416670343195800E-006
 -4.975059994427462E-006 -1.904941828721023E-006
  1.492762660532507E-006 -1.530622195554856E-007
         140  1.173633070087408E-005  1.059665148099521E-005
 -3.082428764021756E-006  3.957403864755912E-006
  1.345281835013467E-006 -2.324090695458859E-007
         141  3.995849807516152E-006 -1.440897720063168E-005
  3.823272828231152E-006  2.806196327657089E-006
  1.357167027722923E-006 -2.351182336437286E-007
         142 -1.540753897720798E-005  4.517139446260300E-006
  8.419622746536012E-007 -5.535404531943786E-006
  1.416027866343577E-006 -3.511078706528150E-007
         143  1.440222753770516E-005  1.254912425713851E-005
 -7.144709730495196E-006  1.818947035527940E-006
  1.386204519518190E-006 -5.099960317279330E-007
         144  3.944614179801622E-006 -2.320518088553447E-005
  5.217052018409076E-006  5.787739921723005E-006
  1.340057476894238E-006 -5.766956206227733E-007
         145 -2.720880854579743E-005  1.028756883515628E-005
  1.244312908804610E-006 -9.105824859828765E-006
  1.400303110290669E-006 -7.077799795410239E-007
         146  2.731250070052370E-005  2.307920232687951E-005
 -1.095642981958088E-005  4.426403482987274E-006
  1.295845080768587E-006 -9.493973764589011E-007
         147  9.506938404246822E-006 -4.216001648829802E-005
  9.840682680747208E-006  7.851717825403334E-006
  1.131111563292862E-006 -9.314297080097059E-007
         148 -4.925103410548618E-005  1.173986234660279E-005
  2.576460555438644E-007 -1.431672539204064E-005
  1.284410076317003E-006 -9.865038067252076E-007
         149  3.572315969781991E-005  4.453423866720105E-005
 -1.568097539829879E-005  8.358364120767434E-006
  1.210124218004438E-006 -1.357175944464388E-006
         150  2.745172088044248E-005 -5.573644111536889E-005
  1.518393007922971E-005  1.124392691592473E-005
  9.385261883989157E-007 -1.388747572948474E-006
         151 -6.568732389533796E-005 -1.409322493125968E-006
  1.708561115549648E-006 -1.938358389321608E-005
  1.030465771604749E-006 -1.458860551894421E-006
         152  2.729913451517772E-005  6.206340729896943E-005
 -1.973342052773614E-005  8.710209619710131E-006
  8.405030490377484E-007 -1.846706758985482E-006
         153  4.504691774957518E-005 -5.129614602295777E-005
  1.624540336480914E-005  1.428416146803189E-005
  4.903593688718211E-007 -1.838463082389794E-006
         154 -6.435826602012769E-005 -1.872158996712762E-005
  3.767117625067156E-006 -2.003314382267382E-005
  4.674428639396914E-007 -1.919545914012563E-006
         155  1.018364333400279E-005  6.358550547079956E-005
 -1.978453620418511E-005  7.358918743280765E-006
  9.547604889161559E-008 -2.212456866526925E-006
         156  5.005854156373135E-005 -3.470807721079090E-005
  1.479254848978562E-005  1.435756025021761E-005
 -3.578222732218532E-007 -1.999167703688157E-006
         157 -4.955554582968332E-005 -2.794798165716556E-005
  4.206018264320101E-006 -1.784714286873678E-005
 -3.379877667103473E-007 -1.895420381647164E-006
         158 -3.191603166560770E-006  5.226233137145558E-005
 -1.740480392994667E-005  6.559160484523023E-006
 -6.974053852703764E-007 -2.104778127681087E-006
         159  4.374829358448860E-005 -1.828531086251831E-005
  1.347164515554433E-005  1.321219126238180E-005
 -1.170901465521725E-006 -1.727620615724897E-006
         160 -3.240537762517781E-005 -2.763829459580673E-005
  5.018323310570632E-006 -1.559418092564526E-005
 -1.048268861093764E-006 -1.438475440688585E-006
         161 -8.539596991104833E-006  3.767063618850712E-005
 -1.446701802778472E-005  4.265324582143487E-006
 -1.256888459435107E-006 -1.544939804804085E-006
         162  3.468648198281878E-005 -9.303096176304094E-006
  1.058994222273027E-005  1.079754796907497E-005
 -1.582034495007808E-006 -1.132797465420243E-006
         163 -2.285403090407750E-005 -2.550971077505794E-005
  4.357300882434831E-006 -1.271138517587400E-005
 -1.349830308518980E-006 -8.180142201349945E-007
         164 -1.262346366955319E-005  3.072532230202751E-005
 -1.228527464684548E-005  3.070368239307970E-006
 -1.381098100947006E-006 -9.349312929398753E-007
         165  3.267482251467604E-005 -1.891446923891774E-006
  8.266368737030481E-006  1.022476401611962E-005
 -1.623298525830678E-006 -6.531702985241355E-007
         166 -1.632478802818418E-005 -2.881681746987766E-005
  5.925205238209351E-006 -1.010608629376494E-005
 -1.411196091133541E-006 -3.778033457415783E-007
         167 -1.935888234009810E-005  2.878153925139842E-005
 -1.031206687130857E-005  1.396252261449714E-007
 -1.382923162591752E-006 -4.910726158934088E-007
         168  3.691067302042088E-005  4.953399276222601E-006
  5.520157939046456E-006  9.836708806250954E-006
 -1.588979837197924E-006 -2.796557596788771E-007
         169 -1.278642305572042E-005 -3.808065437355669E-005
  7.593459467309743E-006 -8.629374262888701E-006
 -1.387170820232463E-006 -1.429192814533108E-008
         170 -3.012733613916229E-005  3.064337978956048E-005
 -1.034640760170730E-005 -2.977322910903887E-006
 -1.302658295561940E-006 -1.373793491331350E-007
         171  4.378812492389447E-005  1.285493381159982E-005
  2.455880137480868E-006  1.130168947652066E-005
 -1.484019464544472E-006  1.418961268948283E-009
         172 -1.064254872164332E-005 -4.711858836010473E-005
  9.971910890445779E-006 -7.062856471709016E-006
 -1.303517154139750E-006  2.209773825354219E-007
         173 -3.752040949819628E-005  3.401223660841809E-005
 -1.071693733044697E-005 -5.149036467742820E-006
 -1.256223658572406E-006  5.939592049170142E-008
         174  4.935373896512408E-005  1.589613281856167E-005
  1.470282762936869E-006  1.310380182614187E-005
 -1.502594825275349E-006  2.275313423323666E-007
         175 -1.206793586040578E-005 -5.015320536964729E-005
  1.214317488423592E-005 -7.207473343376997E-006
 -1.302965305768015E-006  5.125751411237480E-007
         176 -3.437243281978940E-005  3.716792127634866E-005
 -1.101260109755229E-005 -6.223772730289397E-006
 -1.208303073809898E-006  3.561620945088782E-007
         177  4.986150726641726E-005  6.169774536441183E-006
  2.811750981738276E-006  1.245243422812275E-005
 -1.426107313449169E-006  5.128812618716378E-007
         178 -2.480270030013159E-005 -4.422892028806056E-005
  9.933794428565461E-006 -1.105801535181917E-005
 -1.211573939433795E-006  7.577564024049733E-007
         179 -2.101294400955119E-005  4.670391610728199E-005
 -1.604251957736054E-005 -2.466459887394264E-006
 -1.171954047305663E-006  5.816898404479125E-007
         180  5.022233119534584E-005 -1.195591188906430E-005
  7.473944195019480E-006  1.692431319411076E-005
 -1.422350923352086E-006  7.988281734739632E-007
         181 -4.237320267513557E-005 -3.257236120529016E-005
  1.256332050201237E-005 -1.524966163475081E-005
 -1.199371745531805E-006  1.100259691341777E-006
         182  9.716444763103204E-007  5.805915273803773E-005
 -1.803872460858805E-005 -2.658608656460747E-006
 -1.136920477711575E-006  1.015981094833566E-006
         183  5.179292225394789E-005 -3.867462158714766E-005
  9.339961026476697E-006  1.589773254478168E-005
 -1.241301020011263E-006  1.308298955139126E-006
         184 -6.665680617186414E-005 -2.444914338710167E-005
  9.368194939546109E-006 -1.761398762751975E-005
 -8.998743021209906E-007  1.512709430259004E-006
         185  1.505949065856501E-005  7.429845962487024E-005
 -1.877469816677539E-005  1.038183260337493E-006
 -8.782409967485267E-007  1.393383933330363E-006
         186  5.834762471061631E-005 -5.313709239896882E-005
  1.226960330526850E-005  1.356370414663559E-005
 -9.248005577544452E-007  1.759472829858110E-006
         187 -7.655697652166020E-005 -2.406917566928709E-005
  4.098106634258751E-006 -1.886935136098927E-005
 -4.785002707402705E-007  1.949088633442423E-006
         188  1.664585800702145E-005  7.729520388137344E-005
 -1.765158609090171E-005  7.710345495252049E-006
 -3.630006167757884E-007  1.849511905619246E-006
         189  5.562634443224195E-005 -4.966913399593207E-005
  1.856931525152377E-005  1.045764855903985E-005
 -2.027044587465863E-007  2.144462728808096E-006
         190 -6.401789197873677E-005 -1.994427009540136E-005
  8.626171548830242E-007 -2.343630336621887E-005
  3.435702775125295E-007  2.120190720832401E-006
         191  1.664065286210787E-005  5.575940031030364E-005
 -1.936411633383023E-005  8.853333122801504E-006
  4.379045235810911E-007  1.853105657432974E-006
         192  2.899954441318834E-005 -4.109079951907303E-005
  1.644510779299030E-005  9.005432217333246E-006
  5.943702490699215E-007  2.021656336232023E-006
         193 -4.492634202056172E-005  5.637449531496380E-006
 -2.163301074955064E-006 -1.834278754963781E-005
  1.077927277078313E-006  1.825823371809111E-006
         194  3.489718948372505E-005  2.748915852823001E-005
 -1.234548660029977E-005  1.066619580738521E-005
  1.050392802631891E-006  1.488546838183346E-006
         195 -4.021583064757045E-006 -4.806979554695954E-005
  1.507073991102603E-005  9.141127859432895E-007
  1.153158511249269E-006  1.616128896636034E-006
         196 -4.068279708464874E-005  3.769481431654911E-005
 -1.037130654625929E-005 -1.349660985370705E-005
  1.558331587430830E-006  1.355916420390338E-006
         197  6.127749037187927E-005  1.554031749526444E-005
 -5.128992812015665E-006  1.770006792312386E-005
  1.490430319522474E-006  9.965168159048430E-007
         198 -1.846523965540740E-005 -6.633706614441010E-005
  2.043487658200827E-005 -6.917747049119427E-006
  1.524498867821622E-006  9.878278398328563E-007
         199 -5.129299396647032E-005  4.976511492205577E-005
 -1.679538124499935E-005 -1.812772536693467E-005
  1.685987776096927E-006  7.021910367728189E-007
         200  6.855458723085434E-005  2.142406124135707E-005
 -1.031865615861682E-005  2.075424737486335E-005
  1.506233572424191E-006  5.251785520012539E-007
         201 -1.369678085625946E-005 -6.982129324627283E-005
  1.915840635137938E-005 -6.243951126394981E-007
  1.621095645750679E-006  5.768115716695555E-007
         202 -5.436961554625629E-005  4.374050890042888E-005
 -9.602308193786534E-006 -1.367232068249141E-005
  1.744150851317633E-006  2.444937812177587E-007
         203  6.105150219441239E-005  2.791404421704524E-005
 -5.203319044048614E-006  1.319653449213125E-005
  1.522849823967237E-006  1.259251626155813E-007
         204 -1.428668337795320E-006 -6.288063129747357E-005
  1.196409970014883E-005 -4.230592810123565E-006
  1.680921977037578E-006  1.819110157004364E-007
         205 -5.149681587217733E-005  2.624518574179868E-005
 -1.076139857639859E-005 -8.020353871588195E-006
  1.789545658811241E-006 -2.162355947652277E-007
         206  4.200883430191892E-005  3.237684710859035E-005
 -2.220470844445623E-006  1.223934235658742E-005
  1.482126221437353E-006 -3.932876201276716E-007
         207  1.171833308644649E-005 -4.772975335277296E-005
  1.047805969385558E-005 -4.618847583637176E-006
  1.474067982711769E-006 -2.846318751317965E-007
         208 -4.527086342603947E-005  5.768438714082979E-006
 -9.962201775019828E-006 -8.485150523088544E-006
  1.592124396984790E-006 -4.759511408678227E-007
         209  1.802143549569172E-005  3.779505770815468E-005
 -6.927216537576963E-006  1.172722714282490E-005
  1.481743149182369E-006 -6.628427983553769E-007
         210  2.810376043470819E-005 -2.546056935163591E-005
  1.107796908741388E-005  5.004932846862647E-006
  1.460788061895868E-006 -7.541532491946050E-007
         211 -2.966560490532339E-005 -1.763795317860882E-005
  2.989259947653009E-006 -1.055052808980265E-005
  1.407197087452358E-006 -9.857711994210776E-007
         212 -6.668124638576029E-006  3.183006702110423E-005
 -1.025698185202988E-005 -1.695243536997938E-006
  1.191184153335009E-006 -1.121390233959325E-006
         213  3.195265780952654E-005 -4.752519619168004E-006
 -1.481015626251580E-007  8.563747618602496E-006
  1.087950714791621E-006 -1.122294430652411E-006
         214 -1.585806715311633E-005 -2.908559370123238E-005
  5.296910460734836E-006 -3.548625799680596E-006
  1.062275786320994E-006 -1.249295112369609E-006
         215 -2.222450472073977E-005  2.483116528010969E-005
 -8.612526915851047E-006 -1.830905535400406E-006
  8.749013427793394E-007 -1.419626574424159E-006
         216  2.912246493229317E-005  1.148970793077524E-005
  1.419543006099798E-006  1.162400853988164E-005
  6.713083094400231E-007 -1.395012590771372E-006
         217 -1.064185773179197E-006 -2.668924459358245E-005
  1.063586476778454E-005 -5.112279436834652E-006
  6.699390664328887E-007 -1.431680929130221E-006
         218 -1.741137712234208E-005  1.193476333115425E-005
 -8.426586070260571E-006 -6.831994399618783E-006
  4.722445957502487E-007 -1.657235127028730E-006
         219  1.758854147704221E-005  3.577387568220850E-006
 -1.665990735964298E-006  8.606486205893045E-006
  1.065278412771044E-007 -1.569994090563133E-006
         220 -1.062164027311519E-005 -1.595466972805158E-005
  4.148419900474003E-006 -4.428568170651306E-006
  1.063798881031808E-007 -1.371993885712863E-006
         221 -7.590171169030592E-006  2.043176557092139E-005
 -9.931910814141866E-006  2.977209062605796E-006
  8.969120731314751E-008 -1.520846255217339E-006
         222  2.245515057666464E-005 -4.185565443923974E-006
  9.786243493162066E-006  1.170278113490329E-005
 -2.038429664377727E-007 -1.509298407462681E-006
         223 -1.454900999295172E-005 -1.620237404382323E-005
  8.124648244520876E-006 -1.497277982863218E-005
 -2.330256878856731E-007 -1.338300994344345E-006
         224 -4.308540017240505E-006  1.924674920504052E-005
 -1.771674306985334E-005 -1.301965566425251E-006
 -2.820839681046249E-007 -1.469813492159542E-006
         225  1.630482831146144E-005 -8.602077950655113E-006
  5.138427478126662E-006  1.603770323060838E-005
 -6.013485087050867E-007 -1.380046744531074E-006
         226 -1.776017806555806E-005 -6.760715663868150E-006
  9.123142442193517E-006 -9.232953888637206E-006
 -5.546375345798786E-007 -1.132221478820932E-006
         227  5.818392127492960E-006  2.007371761906796E-005
 -1.055492249582015E-005  3.334040321358605E-007
 -5.220265285024472E-007 -1.285388148054976E-006
         228  1.530708917856643E-005 -1.685242259301765E-005
  8.295394084147276E-006  8.219408094290190E-006
 -8.302696929854276E-007 -1.248508781099501E-006
         229 -2.280468196797462E-005 -5.884947210948263E-006
  1.874759083214943E-006 -1.286974978217490E-005
 -8.282252048386684E-007 -1.010165452157742E-006
         230  4.540611221151176E-006  2.245023415069754E-005
 -1.426175712149850E-005  5.893384841905692E-006
 -8.119215009839380E-007 -1.101918259499987E-006
         231  1.699207315041609E-005 -1.279364210052223E-005
  1.099998099033643E-005  1.253261507210145E-005
 -1.059111939336639E-006 -1.040753934476811E-006
         232 -1.743831801739763E-005 -9.089898988885276E-006
  7.713821411327683E-006 -1.191648720691701E-005
 -1.052610810661216E-006 -8.373603981201132E-007
         233 -1.369454642181704E-006  1.906002855690617E-005
 -1.005523819831795E-005 -1.667267212896560E-006
 -1.053090122443020E-006 -9.160378126437923E-007
         234  1.948358517190435E-005 -4.919890514115386E-006
  2.486148501103101E-006  6.561689419289506E-006
 -1.304678804795607E-006 -8.565014262219132E-007
         235 -1.031679947131261E-005 -2.026589429474177E-005
  1.523305314457431E-006 -3.700583459426565E-006
 -1.353921759134266E-006 -6.327527096377814E-007
         236 -2.142709224521257E-005  1.633095580362367E-005
 -3.882478031453565E-006  3.886512900359134E-006
 -1.361738901985703E-006 -6.107800498305549E-007
         237  2.401329577150192E-005  2.122442022279303E-005
  7.321162116738228E-006  4.645237212174757E-006
 -1.549849996043620E-006 -5.169683635123787E-007
         238  1.694252288860185E-005 -3.270362406909259E-005
  5.294784532386915E-006 -8.212454603021783E-006
 -1.608364531576696E-006 -2.901113604873475E-007
         239 -3.947666679644107E-005 -6.510174759112139E-006
 -8.690027615131176E-006 -5.091939189638045E-006
 -1.632143071987874E-006 -1.945817384264333E-007
         240  9.656551777390921E-006  3.994520329171599E-005
 -4.942361337301635E-006  1.051732409382628E-005
 -1.792889856969128E-006 -1.346948922112914E-008
         241  3.035118080758756E-005 -2.781208332578933E-005
  1.250535831603703E-005  5.119140988365647E-006
 -1.790811399797836E-006  3.278473839993698E-007
         242 -4.172939356724785E-005 -9.816265206262755E-006
  3.749353787075528E-006 -1.244602450975276E-005
 -1.663174130860731E-006  5.023677567785308E-007
         243  1.833889669115058E-005  4.490756622379352E-005
 -1.012663960413163E-005  5.129079021280072E-007
 -1.673629817867378E-006  6.804348667650373E-007
         244  3.337101663605824E-005 -4.688182094371761E-005
  5.689714071687079E-006  6.360588964304946E-006
 -1.536208504416421E-006  9.866665424034987E-007
         245 -6.673311381702647E-005 -7.980186406109777E-006
  6.262724906079224E-007 -8.258333303283557E-006
 -1.298208827931759E-006  1.078731946826713E-006
         246  2.491525739315499E-005  7.034740006418997E-005
 -6.855906195309498E-006  7.538465461934788E-006
 -1.260667895770176E-006  1.196238338689833E-006
         247  5.497149406629565E-005 -5.522740011431529E-005
  1.559696011149876E-005  2.580640704026460E-006
 -9.909067588784766E-007  1.476161609848883E-006
         248 -7.262723953416269E-005 -2.415872301357692E-005
 -3.588131403673899E-006 -1.932791437435926E-005
 -6.035309623764952E-007  1.364886210069460E-006
         249  1.303360279440220E-005  7.030275770830725E-005
 -1.687197670657299E-005  1.103892305731653E-005
 -6.369397634492038E-007  1.229817466240974E-006
         250  4.775594054971813E-005 -4.486748000030827E-005
  1.720186770406107E-005  9.853321935904030E-006
 -5.318793571928281E-007  1.432658257313611E-006
         251 -6.111259767400231E-005 -1.147480018972699E-005
  7.322346840972770E-007 -1.814576582827002E-005
 -2.301209503614912E-007  1.357457931921773E-006
         252  2.723055892260409E-005  5.688288001336884E-005
 -1.236749880591526E-005  8.674799264572563E-006
 -2.290892522151720E-007  1.255264871748938E-006
         253  3.433583792579518E-005 -5.626674368512397E-005
  1.579354208040540E-005  2.360645986744051E-006
 -6.045868097957825E-008  1.350914369432655E-006
         254 -6.693174824166379E-005 -1.827233908020230E-006
 -8.150699576940472E-006 -1.720120777383627E-005
  1.312206108731675E-007  1.106378807188338E-006
         255  2.903219026139234E-005  5.697413079427241E-005
 -1.172619618712557E-005  1.654471791638388E-005
 -9.532140909397935E-008  1.039855059460058E-006
         256  3.141599486973982E-005 -4.764964235059435E-005
  2.070218862019690E-005  2.264879389271122E-006
  4.912233641320903E-008  1.336130337069581E-006
