   409.600000000000     
          32           1           3
  1.124309127438499E-002   40.4867430664394        114.794234294634     
   40.0000000000000        115.000000000000        6211.00000000000     
           0  0.000000000000000E+000  0.000000000000000E+000
  0.000000000000000E+000  0.000000000000000E+000
  0.000000000000000E+000  0.000000000000000E+000
           1  0.000000000000000E+000  0.000000000000000E+000
 -4.561136728037841E-008  9.861668315973631E-009
  1.214792041653608E-008 -2.932588298759464E-009
           2  0.000000000000000E+000  0.000000000000000E+000
 -4.838586428653483E-008  2.632826273550031E-008
  1.268221355934697E-008 -7.843482582224055E-009
           3  0.000000000000000E+000  0.000000000000000E+000
 -4.316382017003970E-008  5.137650642133913E-008
  1.044950115025499E-008 -1.507040333650608E-008
           4  0.000000000000000E+000  0.000000000000000E+000
 -2.083337919497102E-008  7.873652860158377E-008
  2.844037625427160E-009 -2.225161857553847E-008
           5  0.000000000000000E+000  0.000000000000000E+000
  2.086714794695624E-008  9.504026193097689E-008
 -1.015053571956793E-008 -2.495136396836103E-008
           6  0.000000000000000E+000  0.000000000000000E+000
  7.640682346518718E-008  8.673302259702657E-008
 -2.579626298914589E-008 -1.924361455598243E-008
           7  0.000000000000000E+000  0.000000000000000E+000
  1.282685057817625E-007  4.262473952104735E-008
 -3.771692788687788E-008 -2.856829285675484E-009
           8  0.000000000000000E+000  0.000000000000000E+000
  1.532661874490283E-007 -3.491727031146360E-008
 -3.872737620334359E-008  2.139714989284373E-008
           9  0.000000000000000E+000  0.000000000000000E+000
  1.279304880065474E-007 -1.267915704141322E-007
 -2.320486275355254E-008  4.535666571768911E-008
          10  0.000000000000000E+000  0.000000000000000E+000
  4.526026579480148E-008 -2.018698683454775E-007
  7.542018485453910E-009  5.838275466412197E-008
          11  0.000000000000000E+000  0.000000000000000E+000
 -8.435798343496751E-008 -2.191423928094173E-007
  4.586795522986728E-008  4.934662065889558E-008
          12  0.000000000000000E+000  0.000000000000000E+000
 -2.167499134008681E-007 -1.500713656067129E-007
  7.489219047481277E-008  1.460149638246578E-008
          13  0.000000000000000E+000  0.000000000000000E+000
 -2.924146092038347E-007  4.421592863279834E-010
  7.709724006235797E-008 -3.688245138352191E-008
          14  0.000000000000000E+000  0.000000000000000E+000
 -2.633322469592744E-007  1.860819701790945E-007
  4.412909891362696E-008 -8.436166258440759E-008
          15  0.000000000000000E+000  0.000000000000000E+000
 -1.141237230880429E-007  3.316723526811534E-007
 -1.789846901773094E-008 -1.033662251633715E-007
          16  0.000000000000000E+000  0.000000000000000E+000
  1.102312426986900E-007  3.593219606392469E-007
 -8.417462367708269E-008 -7.694008621427715E-008
          17  0.000000000000000E+000  0.000000000000000E+000
  3.179426924841077E-007  2.393085643531551E-007
 -1.220469328089357E-007 -1.013575870243732E-008
          18  0.000000000000000E+000  0.000000000000000E+000
  4.167993482661513E-007  6.785606207706090E-009
 -1.093285210238404E-007  7.088450672031987E-008
          19  0.000000000000000E+000  0.000000000000000E+000
  3.538711414935279E-007 -2.464550957809651E-007
 -4.573726215750605E-008  1.290435377229768E-007
          20  0.000000000000000E+000  0.000000000000000E+000
  1.475010987681987E-007 -4.171388069144732E-007
  4.382180793213106E-008  1.360444723552074E-007
          21  0.000000000000000E+000  0.000000000000000E+000
 -1.206760543743169E-007 -4.337333430584140E-007
  1.204761665046564E-007  8.533431111430607E-008
          22  0.000000000000000E+000  0.000000000000000E+000
 -3.522427903588889E-007 -2.918022481130602E-007
  1.523573984906336E-007 -3.206808090048600E-009
          23  0.000000000000000E+000  0.000000000000000E+000
 -4.607444951753190E-007 -4.348068534911966E-008
  1.244487014978882E-007 -9.466129719035555E-008
          24  0.000000000000000E+000  0.000000000000000E+000
 -4.128596714278040E-007  2.265067525410202E-007
  4.732393198451473E-008 -1.542751742697640E-007
          25  0.000000000000000E+000  0.000000000000000E+000
 -2.200999974292136E-007  4.234247118031623E-007
 -5.247472623637115E-008 -1.572651506055934E-007
          26  0.000000000000000E+000  0.000000000000000E+000
  5.370244399285995E-008  4.842233261709417E-007
 -1.381933317419663E-007 -1.015845559318204E-007
          27  0.000000000000000E+000  0.000000000000000E+000
  3.192341630903399E-007  3.794468333075311E-007
 -1.771272344546418E-007 -3.257775947791239E-009
          28  0.000000000000000E+000  0.000000000000000E+000
  4.868301953686092E-007  1.417731299627097E-007
 -1.522377446600985E-007  1.026436522975860E-007
          29  0.000000000000000E+000  0.000000000000000E+000
  4.925582295597114E-007 -1.559849900279355E-007
 -6.748709513534806E-008  1.778095973112921E-007
          30  0.000000000000000E+000  0.000000000000000E+000
  3.299692424079636E-007 -4.122105426464516E-007
  4.861854413004564E-008  1.911819272581427E-007
          31  0.000000000000000E+000  0.000000000000000E+000
  4.552511863900952E-008 -5.360903750905143E-007
  1.552695958959016E-007  1.329649119761837E-007
          32  0.000000000000000E+000  0.000000000000000E+000
 -2.643286361819778E-007 -4.790880521053893E-007
  2.105622050570003E-007  2.012249098868451E-008
