   409.600000000000     
          32           1           3
  1.124309127438499E-002   39.1964618636140        118.338979426732     
   40.0000000000000        115.000000000000        6211.00000000000     
           0  0.000000000000000E+000  0.000000000000000E+000
  0.000000000000000E+000  0.000000000000000E+000
  0.000000000000000E+000  0.000000000000000E+000
           1  0.000000000000000E+000  0.000000000000000E+000
  4.077537106403929E-009 -1.573235400886888E-009
  6.401732702744990E-009  8.289060586560065E-010
           2  0.000000000000000E+000  0.000000000000000E+000
  3.408477416250764E-009 -3.932166671776700E-009
  1.143259189172112E-008 -6.837395709041602E-010
           3  0.000000000000000E+000  0.000000000000000E+000
  6.908963347525301E-010 -6.049750374068563E-009
  1.623922974652750E-008 -1.149094574383331E-008
           4  0.000000000000000E+000  0.000000000000000E+000
 -3.563883043744135E-009 -5.748877983899518E-009
  6.598110868973882E-009 -2.962844341558319E-008
           5  0.000000000000000E+000  0.000000000000000E+000
 -6.533621882804684E-009 -2.256950883077700E-009
 -2.379068632784694E-008 -3.338772767851782E-008
           6  0.000000000000000E+000  0.000000000000000E+000
 -6.398296920121038E-009  2.251245823584029E-009
 -4.977256041579217E-008 -3.498916487285019E-009
           7  0.000000000000000E+000  0.000000000000000E+000
 -3.408006975009118E-009  5.173912793564997E-009
 -3.661709964860104E-008  4.234344707173869E-008
           8  0.000000000000000E+000  0.000000000000000E+000
 -1.467468325649992E-010  5.556351121712312E-009
  1.427948016081339E-008  5.501612666354419E-008
           9  0.000000000000000E+000  0.000000000000000E+000
  2.156949087969796E-009  4.401639988384935E-009
  5.103554027883929E-008  1.601657724262778E-008
          10  0.000000000000000E+000  0.000000000000000E+000
  3.777532183021039E-009  3.512523183897683E-009
  3.072435018211893E-008 -3.217460317025240E-008
          11  0.000000000000000E+000  0.000000000000000E+000
  5.765222137755851E-009  1.518285681205445E-009
 -1.613033697045258E-008 -3.004881035378379E-008
          12  0.000000000000000E+000  0.000000000000000E+000
  6.689180068561466E-009 -2.129135710796258E-009
 -2.676678219225665E-008  1.352365112406067E-008
          13  0.000000000000000E+000  0.000000000000000E+000
  4.569992845842255E-009 -6.487351973891837E-009
  1.608096997352847E-008  3.390156704729074E-008
          14  0.000000000000000E+000  0.000000000000000E+000
 -4.277823077809363E-010 -8.854531055886559E-009
  5.325398559976475E-008 -6.298472730434050E-009
          15  0.000000000000000E+000  0.000000000000000E+000
 -6.406778345134321E-009 -6.768618903944951E-009
  2.360277570426662E-008 -6.646504072473672E-008
          16  0.000000000000000E+000  0.000000000000000E+000
 -9.316735109261427E-009 -9.360508556126423E-010
 -5.437513575536797E-008 -6.570649111059483E-008
          17  0.000000000000000E+000  0.000000000000000E+000
 -7.454165608694153E-009  5.038206058830171E-009
 -9.602904503915800E-008  1.242094220695594E-008
          18  0.000000000000000E+000  0.000000000000000E+000
 -2.492715763903427E-009  8.000540963483684E-009
 -4.295896703660832E-008  9.396753616666355E-008
          19  0.000000000000000E+000  0.000000000000000E+000
  2.402580005284384E-009  7.022879100182309E-009
  5.929970345236335E-008  8.585047500367904E-008
          20  0.000000000000000E+000  0.000000000000000E+000
  5.285719919851383E-009  3.964809319148134E-009
  1.007381789514981E-007 -1.003214789772300E-008
          21  0.000000000000000E+000  0.000000000000000E+000
  5.747557084780906E-009  1.048865330238436E-009
  2.850220681846002E-008 -8.906795023159468E-008
          22  0.000000000000000E+000  0.000000000000000E+000
  5.682129144945071E-009 -1.666036865361857E-009
 -6.793676716076422E-008 -5.039792744816862E-008
          23  0.000000000000000E+000  0.000000000000000E+000
  4.588942512087838E-009 -4.443400046430149E-009
 -6.233314829536730E-008  5.357754587973562E-008
          24  0.000000000000000E+000  0.000000000000000E+000
  1.304247535065805E-009 -7.115072259340175E-009
  4.202504703391356E-008  7.674000299359721E-008
          25  0.000000000000000E+000  0.000000000000000E+000
 -3.215898594732439E-009 -6.898014795481086E-009
  1.024506663090297E-007 -1.838756284498375E-008
          26  0.000000000000000E+000  0.000000000000000E+000
 -7.286740763113110E-009 -3.318169134373549E-009
  2.201468569289246E-008 -1.225201959155101E-007
          27  0.000000000000000E+000  0.000000000000000E+000
 -7.344771332616376E-009  1.969620549586569E-009
 -1.142303849349458E-007 -7.941823605257184E-008
          28  0.000000000000000E+000  0.000000000000000E+000
 -4.164546339390099E-009  5.682302053124563E-009
 -1.314557352251527E-007  7.303926500927142E-008
          29  0.000000000000000E+000  0.000000000000000E+000
 -1.037456958757646E-010  5.897993745786484E-009
  8.520273044431665E-009  1.509073682369467E-007
          30  0.000000000000000E+000  0.000000000000000E+000
  2.555234833082756E-009  4.514071393886188E-009
  1.354512897005580E-007  5.936357825483536E-008
          31  0.000000000000000E+000  0.000000000000000E+000
  3.649717029171124E-009  2.736163803453182E-009
  1.028907296346063E-007 -9.739035045745764E-008
          32  0.000000000000000E+000  0.000000000000000E+000
  4.584559582683476E-009  1.183336286268388E-009
 -5.249031685579490E-008 -1.217844760519010E-007
