   409.600000000000     
          32           1           3
  1.124309127438499E-002   39.0579226099958        118.426979142753     
   40.0000000000000        115.000000000000        6211.00000000000     
           0  0.000000000000000E+000  0.000000000000000E+000
  0.000000000000000E+000  0.000000000000000E+000
  0.000000000000000E+000  0.000000000000000E+000
           1  0.000000000000000E+000  0.000000000000000E+000
  4.356017536152332E-009 -1.722535911062080E-009
  6.454936402911924E-009  6.210220489975976E-010
           2  0.000000000000000E+000  0.000000000000000E+000
  3.563362426340296E-009 -4.268483521723001E-009
  1.124104469399650E-008 -1.331560811941986E-009
           3  0.000000000000000E+000  0.000000000000000E+000
  5.489790209039824E-010 -6.431567800252057E-009
  1.489846473490322E-008 -1.236224048794448E-008
           4  0.000000000000000E+000  0.000000000000000E+000
 -3.946804488312781E-009 -5.877740202518856E-009
  3.575215104927570E-009 -2.884484500407012E-008
           5  0.000000000000000E+000  0.000000000000000E+000
 -6.789328949032776E-009 -2.053271719097915E-009
 -2.584841365736875E-008 -2.853501373026495E-008
           6  0.000000000000000E+000  0.000000000000000E+000
 -6.343809485217232E-009  2.451790463373054E-009
 -4.553138913363212E-008  3.212985335152395E-009
           7  0.000000000000000E+000  0.000000000000000E+000
 -3.305824944974630E-009  5.078432019593513E-009
 -2.560794412293537E-008  4.232035419108557E-008
           8  0.000000000000000E+000  0.000000000000000E+000
 -3.961224925568902E-010  5.411428062957694E-009
  2.125799160261622E-008  4.276191441999917E-008
           9  0.000000000000000E+000  0.000000000000000E+000
  1.738334776450499E-009  4.682814935501045E-009
  4.192790150614054E-008  1.626931845647283E-009
          10  0.000000000000000E+000  0.000000000000000E+000
  3.842850660710633E-009  4.236700547168586E-009
  1.133469920141918E-008 -2.983434850802802E-008
          11  0.000000000000000E+000  0.000000000000000E+000
  6.539460838392598E-009  1.910309834126295E-009
 -2.236473901183690E-008 -9.469151883354667E-009
          12  0.000000000000000E+000  0.000000000000000E+000
  7.518151810158260E-009 -2.602979872019594E-009
 -8.486697626335880E-009  2.819366818936271E-008
          13  0.000000000000000E+000  0.000000000000000E+000
  4.611842651927481E-009 -7.431417016060970E-009
  3.797427679165489E-008  2.077244649850249E-008
          14  0.000000000000000E+000  0.000000000000000E+000
 -1.143883904894040E-009 -9.369890287299606E-009
  4.805908549548658E-008 -3.415901908675946E-008
          15  0.000000000000000E+000  0.000000000000000E+000
 -7.077987412178061E-009 -6.443583029072928E-009
 -7.943124299733906E-009 -7.220573457595016E-008
          16  0.000000000000000E+000  0.000000000000000E+000
 -9.282245165738909E-009 -3.534800060153642E-010
 -7.421671293417973E-008 -3.484183576934232E-008
          17  0.000000000000000E+000  0.000000000000000E+000
 -6.994619244434036E-009  5.073739587620793E-009
 -7.265135648103715E-008  4.760242062881199E-008
          18  0.000000000000000E+000  0.000000000000000E+000
 -2.476397531962177E-009  7.504498386520482E-009
  4.655428521402576E-009  8.601790022235832E-008
          19  0.000000000000000E+000  0.000000000000000E+000
  1.710310407403996E-009  6.867647440633428E-009
  7.326628920063813E-008  3.323535330983593E-008
          20  0.000000000000000E+000  0.000000000000000E+000
  4.727357109456518E-009  4.740602784962491E-009
  5.352605261517992E-008 -4.830008891121073E-008
          21  0.000000000000000E+000  0.000000000000000E+000
  6.309691368136336E-009  2.140316936596838E-009
 -3.079773330313493E-008 -5.737604033151533E-008
          22  0.000000000000000E+000  0.000000000000000E+000
  7.083436947603492E-009 -1.651218086654108E-009
 -5.996651256254333E-008  2.234509938178945E-008
          23  0.000000000000000E+000  0.000000000000000E+000
  5.315235199893347E-009 -5.742670203396117E-009
  1.428666508084720E-008  7.362872227525442E-008
          24  0.000000000000000E+000  0.000000000000000E+000
  4.768199416642897E-010 -8.330315094682749E-009
  9.085057174303876E-008  7.033208203526830E-009
          25  0.000000000000000E+000  0.000000000000000E+000
 -4.569297670561061E-009 -6.708199868061579E-009
  5.046926481158303E-008 -9.470049695950945E-008
          26  0.000000000000000E+000  0.000000000000000E+000
 -7.541851450534979E-009 -2.076701681871050E-009
 -7.607786876862802E-008 -9.765500181413977E-008
          27  0.000000000000000E+000  0.000000000000000E+000
 -6.310922019167611E-009  2.467684320365950E-009
 -1.258878500361346E-007  2.969132259675042E-008
          28  0.000000000000000E+000  0.000000000000000E+000
 -3.463626958265342E-009  4.759019219979828E-009
 -2.560430598378942E-008  1.267270331835270E-007
          29  0.000000000000000E+000  0.000000000000000E+000
 -9.464721522756076E-010  4.910554489365360E-009
  1.023267228972349E-007  6.590235454884162E-008
          30  0.000000000000000E+000  0.000000000000000E+000
  1.175615539171870E-009  5.033826631903361E-009
  8.884833538157734E-008 -6.618951261081157E-008
          31  0.000000000000000E+000  0.000000000000000E+000
  3.577422498712103E-009  4.443156806985294E-009
 -3.924010892221290E-008 -9.995796645002257E-008
          32  0.000000000000000E+000  0.000000000000000E+000
  6.228336001469683E-009  2.024406898266089E-009
 -1.083142368630100E-007  1.673003936881861E-008
