   409.600000000000     
          32           1           3
  1.124309127438499E-002   41.3664683962189        111.792186366865     
   40.0000000000000        115.000000000000        6211.00000000000     
           0  0.000000000000000E+000  0.000000000000000E+000
  0.000000000000000E+000  0.000000000000000E+000
  0.000000000000000E+000  0.000000000000000E+000
           1  0.000000000000000E+000  0.000000000000000E+000
 -6.999496682689786E-009  2.757540336284184E-009
 -5.862358914085995E-009 -5.922558793409563E-010
           2  0.000000000000000E+000  0.000000000000000E+000
 -5.745186584881016E-009  6.842517352568975E-009
 -1.024752135796011E-008  1.123925307114688E-009
           3  0.000000000000000E+000  0.000000000000000E+000
 -9.281024444456108E-010  1.034360047499634E-008
 -1.373024446664006E-008  1.112632865199210E-008
           4  0.000000000000000E+000  0.000000000000000E+000
  6.310701581063216E-009  9.510167497682113E-009
 -3.656487025792250E-009  2.634755488189824E-008
           5  0.000000000000000E+000  0.000000000000000E+000
  1.096022664412618E-008  3.383121856696143E-009
  2.325717313241785E-008  2.661563639713250E-008
           6  0.000000000000000E+000  0.000000000000000E+000
  1.031182327879318E-008 -3.936786774671726E-009
  4.203041398976011E-008 -2.055487806276866E-009
           7  0.000000000000000E+000  0.000000000000000E+000
  5.381722887384644E-009 -8.273320065769069E-009
  2.475728505309246E-008 -3.860614347642243E-008
           8  0.000000000000000E+000  0.000000000000000E+000
  5.670515762999460E-010 -8.811062228779101E-009
 -1.857030563280559E-008 -4.060499201365287E-008
           9  0.000000000000000E+000  0.000000000000000E+000
 -2.923355558136573E-009 -7.510489549326910E-009
 -3.955919519466858E-008 -3.223699740183566E-009
          10  0.000000000000000E+000  0.000000000000000E+000
 -6.197602086380957E-009 -6.689499928458903E-009
 -1.279302891986972E-008  2.781360563413295E-008
          11  0.000000000000000E+000  0.000000000000000E+000
 -1.040465472246929E-008 -3.024740895041157E-009
  2.000325437258129E-008  1.142405208551718E-008
          12  0.000000000000000E+000  0.000000000000000E+000
 -1.201208689909572E-008  4.081205591753989E-009
  1.047378772334862E-008 -2.422380094449131E-008
          13  0.000000000000000E+000  0.000000000000000E+000
 -7.507201151387051E-009  1.183399507056267E-008
 -3.207754626474492E-008 -2.124732421253007E-008
          14  0.000000000000000E+000  0.000000000000000E+000
  1.673946296995529E-009  1.511567186225709E-008
 -4.527126775541466E-008  2.758740590678788E-008
          15  0.000000000000000E+000  0.000000000000000E+000
  1.135738672047338E-008  1.055762919360603E-008
  2.885984236400165E-009  6.595534454284349E-008
          16  0.000000000000000E+000  0.000000000000000E+000
  1.510856637271903E-008  6.876661975079029E-010
  6.593053832060937E-008  3.641974361798840E-008
          17  0.000000000000000E+000  0.000000000000000E+000
  1.144895076228045E-008 -8.276057258185937E-009
  7.035448667359081E-008 -3.948733150408341E-008
          18  0.000000000000000E+000  0.000000000000000E+000
  3.962681248236376E-009 -1.230644159305143E-008
  1.687198505526272E-009 -8.096411617964451E-008
          19  0.000000000000000E+000  0.000000000000000E+000
 -2.977960436881264E-009 -1.112307152430639E-008
 -6.678741511723342E-008 -3.754652732430106E-008
          20  0.000000000000000E+000  0.000000000000000E+000
 -7.760464417946038E-009 -7.443354258893001E-009
 -5.622766423802604E-008  4.087751120567501E-008
          21  0.000000000000000E+000  0.000000000000000E+000
 -1.001951616080225E-008 -3.231203228139296E-009
  2.177688312479679E-008  5.868777842124049E-008
          22  0.000000000000000E+000  0.000000000000000E+000
 -1.114585843152542E-008  2.588518941083058E-009
  5.879086457314201E-008 -1.145015113236367E-008
          23  0.000000000000000E+000  0.000000000000000E+000
 -8.542725776421889E-009  8.959104961762064E-009
 -2.328451711884080E-009 -6.806132014343077E-008
          24  0.000000000000000E+000  0.000000000000000E+000
 -1.054024638898800E-009  1.330265234599040E-008
 -7.994236537194403E-008 -1.770963103427453E-008
          25  0.000000000000000E+000  0.000000000000000E+000
  7.137564324732361E-009  1.104192910540757E-008
 -5.651589760671085E-008  7.917050856211808E-008
          26  0.000000000000000E+000  0.000000000000000E+000
  1.230958695835613E-008  3.659059388629188E-009
  5.803394192614809E-008  9.730852215173236E-008
          27  0.000000000000000E+000  0.000000000000000E+000
  1.052733237650307E-008 -4.023929223792846E-009
  1.191249010346438E-007 -1.244084166645458E-008
          28  0.000000000000000E+000  0.000000000000000E+000
  5.661335646363754E-009 -8.034426617944957E-009
  3.982886105279491E-008 -1.145432571492013E-007
          29  0.000000000000000E+000  0.000000000000000E+000
  1.195923033400466E-009 -8.109939197105260E-009
 -8.629387509015726E-008 -7.628394630433994E-008
          30  0.000000000000000E+000  0.000000000000000E+000
 -2.196152614511742E-009 -7.872027773848337E-009
 -9.441223348558341E-008  4.739768306934059E-008
          31  0.000000000000000E+000  0.000000000000000E+000
 -5.635218148478349E-009 -6.777691093976286E-009
  1.789067253154420E-008  9.971417960157139E-008
          32  0.000000000000000E+000  0.000000000000000E+000
 -9.621772174716642E-009 -3.260574259596545E-009
  1.008937228476589E-007  5.611692220811706E-009
