   409.600000000000     
          32           1           3
  1.124309127438499E-002   39.4532928196157        117.048187769631     
   40.0000000000000        115.000000000000        6211.00000000000     
           0  0.000000000000000E+000  0.000000000000000E+000
  0.000000000000000E+000  0.000000000000000E+000
  0.000000000000000E+000  0.000000000000000E+000
           1  0.000000000000000E+000  0.000000000000000E+000
  8.295936287018024E-009 -2.452405811945144E-009
 -3.659602085464286E-010  3.645287735843293E-009
           2  0.000000000000000E+000  0.000000000000000E+000
  8.138600912968224E-009 -6.475274479477697E-009
  4.314835555061030E-009  8.640743707430427E-009
           3  0.000000000000000E+000  0.000000000000000E+000
  5.067611133153610E-009 -1.165995258725476E-008
  1.684423190283792E-008  8.850801855572156E-009
           4  0.000000000000000E+000  0.000000000000000E+000
 -2.295704361487701E-009 -1.507541280292396E-008
  3.139838922005419E-008 -6.057212167741099E-009
           5  0.000000000000000E+000  0.000000000000000E+000
 -1.196091906106414E-008 -1.297743161137486E-008
  2.963012012718682E-008 -3.751669327844602E-008
           6  0.000000000000000E+000  0.000000000000000E+000
 -1.973641229359318E-008 -4.146542255898158E-009
 -3.338314945253016E-009 -6.663032610212340E-008
           7  0.000000000000000E+000  0.000000000000000E+000
 -2.031224169280935E-008  9.399688184197839E-009
 -6.283478837215915E-008 -6.232020280587563E-008
           8  0.000000000000000E+000  0.000000000000000E+000
 -1.154350957290894E-008  2.164830444119529E-008
 -1.120538033855824E-007 -4.120550276184402E-009
           9  0.000000000000000E+000  0.000000000000000E+000
  4.463874200338546E-009  2.571155221533572E-008
 -1.034678973747335E-007  9.128046082758864E-008
          10  0.000000000000000E+000  0.000000000000000E+000
  2.034231940830318E-008  1.880380532788502E-008
 -1.430678503749416E-008  1.631425033922493E-007
          11  0.000000000000000E+000  0.000000000000000E+000
  2.897267712368842E-008  2.094256721135643E-009
  1.203811134404833E-007  1.487970562651715E-007
          12  0.000000000000000E+000  0.000000000000000E+000
  2.452640951158430E-008 -1.697779874920147E-008
  2.170647220410691E-007  2.430290993121093E-008
          13  0.000000000000000E+000  0.000000000000000E+000
  8.261338488373760E-009 -2.889281155582423E-008
  1.911920688925894E-007 -1.527892488453125E-007
          14  0.000000000000000E+000  0.000000000000000E+000
 -1.151119773225350E-008 -2.748191485957645E-008
  2.723819889092050E-008 -2.666828012522888E-007
          15  0.000000000000000E+000  0.000000000000000E+000
 -2.575136957271353E-008 -1.358382954597133E-008
 -1.864652287932821E-007 -2.219281422028892E-007
          16  0.000000000000000E+000  0.000000000000000E+000
 -2.708440925760138E-008  5.721883520582892E-009
 -3.078852978827042E-007 -1.835038488304375E-008
          17  0.000000000000000E+000  0.000000000000000E+000
 -1.596773852188313E-008  1.970743512491184E-008
 -2.324716107793362E-007  2.231969084663539E-007
          18  0.000000000000000E+000  0.000000000000000E+000
 -3.636952346048697E-010  2.261013648155805E-008
  9.634463346321306E-009  3.310424951401629E-007
          19  0.000000000000000E+000  0.000000000000000E+000
  1.120667741241614E-008  1.556387180733511E-008
  2.580075983500472E-007  2.144988284461661E-007
          20  0.000000000000000E+000  0.000000000000000E+000
  1.499741064579373E-008  5.640067305565207E-009
  3.289169850171494E-007 -5.492309058448980E-008
          21  0.000000000000000E+000  0.000000000000000E+000
  1.246973192289821E-008 -1.664276400691352E-009
  1.668484281610032E-007 -2.834438750434575E-007
          22  0.000000000000000E+000  0.000000000000000E+000
  9.506942448684681E-009 -5.102175134849000E-009
 -1.109900034336643E-007 -3.001040489534520E-007
          23  0.000000000000000E+000  0.000000000000000E+000
  7.506417451973323E-009 -7.233657986476900E-009
 -2.960606153609980E-007 -9.724648945937595E-008
          24  0.000000000000000E+000  0.000000000000000E+000
  5.176944723388220E-009 -1.152845958736730E-008
 -2.488911993324094E-007  1.705833040429955E-007
          25  0.000000000000000E+000  0.000000000000000E+000
 -9.108570922837619E-010 -1.465294339079280E-008
 -1.646578290769390E-008  2.948993416887761E-007
          26  0.000000000000000E+000  0.000000000000000E+000
 -1.053234032024232E-008 -1.416479629244797E-008
  2.252786027850791E-007  1.891900371845634E-007
          27  0.000000000000000E+000  0.000000000000000E+000
 -1.881009087582569E-008 -6.148448008492265E-009
  2.901326706372994E-007 -6.479307954490331E-008
          28  0.000000000000000E+000  0.000000000000000E+000
 -2.103375697376327E-008  6.980115856975789E-009
  1.303282108589463E-007 -2.791699766863274E-007
          29  0.000000000000000E+000  0.000000000000000E+000
 -1.302018789932473E-008  1.949230972299235E-008
 -1.437503016749534E-007 -2.861467207425908E-007
          30  0.000000000000000E+000  0.000000000000000E+000
  1.589675302847758E-009  2.478338737415431E-008
 -3.301589661790085E-007 -7.559499991480779E-008
          31  0.000000000000000E+000  0.000000000000000E+000
  1.699814837862103E-008  1.899927088992260E-008
 -2.870474592942327E-007  2.156371849631792E-007
          32  0.000000000000000E+000  0.000000000000000E+000
  2.533697548922398E-008  4.492049220995941E-009
 -2.736877089021248E-008  3.803991607841709E-007
