   409.600000000000     
          32           1           3
  1.124309127438499E-002   40.4291940177601        119.341402910891     
   40.0000000000000        115.000000000000        6211.00000000000     
           0  0.000000000000000E+000  0.000000000000000E+000
  0.000000000000000E+000  0.000000000000000E+000
  0.000000000000000E+000  0.000000000000000E+000
           1 -6.495086348890853E-008  1.795641766480268E-007
 -1.609855661215764E-007  1.523770322128271E-007
 -1.616991059065980E-007  3.622806707242473E-008
           2  4.692219256397233E-007  3.798403069244149E-007
 -2.967334490932375E-008  6.129194990330804E-007
 -1.972498110564248E-007  1.113648940964908E-007
           3  9.684435785524317E-007 -8.835466772957576E-007
  1.241917182022128E-006  7.446201682098189E-007
 -1.480569246681449E-007  3.019331258860339E-007
           4 -1.198538991118481E-006 -1.729309397551819E-006
  1.967559986463452E-006 -1.484116463247796E-006
  1.384881626276394E-007  3.944815357628214E-007
           5 -2.541087847614689E-006  1.237406130105612E-006
 -8.820143438614973E-007 -3.168848607059108E-006
  3.966554664109397E-007  1.815381984211224E-007
           6  9.606556396288354E-007  3.239987866255883E-006
 -3.619384867906597E-006 -3.520663882872106E-007
  3.763521625648071E-007 -1.278510898468856E-007
           7  3.700226457612610E-006 -4.133391374483398E-007
 -1.450857792615914E-006  3.006135114238130E-006
  1.948288552209888E-007 -2.642975113454353E-007
           8  2.800784414026616E-007 -3.909231613998716E-006
  1.843409663067256E-006  1.683707873147444E-006
  6.254910469197459E-008 -2.900306759841284E-007
           9 -3.899534752991168E-006 -9.675222122194560E-007
  9.920614364159549E-007 -1.104906165121701E-006
 -5.710423720468580E-008 -3.106815586243314E-007
          10 -1.608418422020318E-006  3.724250372222021E-006
 -1.403067709130482E-006 -1.174927263661820E-007
 -2.509446757469575E-007 -2.985326714032396E-007
          11  3.471413726622462E-006  2.209762000003861E-006
 -1.658246530196710E-008  2.471052417409072E-006
 -4.509963144095760E-007 -9.476634437393561E-008
          12  2.793458785725403E-006 -3.130709923739568E-006
  3.296350228648573E-006  1.054410618837751E-006
 -4.435654870464935E-007  2.407576412018763E-007
          13 -2.661751498861304E-006 -3.395942956767471E-006
  2.666417559055312E-006 -3.048479935631688E-006
 -1.762089163680607E-007  4.845975788168485E-007
          14 -3.948487577564401E-006  2.011681451427444E-006
 -1.713985910282070E-006 -3.759710416563921E-006
  1.729055655026349E-007  4.735234734514202E-007
          15  1.093523999874889E-006  4.387980250533421E-006
 -3.600773256057692E-006  1.046598405266183E-007
  3.943767639820277E-007  2.467397590886326E-007
          16  4.679532244790269E-006 -1.948512200775571E-008
 -8.764231529273745E-007  2.577853001231712E-006
  4.309968342320081E-007 -2.005880712644232E-008
          17  1.092992860481515E-006 -4.707649615633605E-006
  1.692697184250516E-006  8.473336337128758E-007
  3.343445752853019E-007 -2.334207009789183E-007
          18 -4.526161851333067E-006 -2.146973337688527E-006
  3.349041366422280E-007 -1.678421290412735E-006
  1.696703318769906E-007 -3.771471086093756E-007
          19 -3.064644054911932E-006  4.214534061207571E-006
 -2.365709073220102E-006 -3.578328376952649E-007
 -6.785590385059769E-008 -4.290446703166361E-007
          20  3.898595621439543E-006  3.940982461821170E-006
 -1.233667620388818E-006  2.889279724408125E-006
 -3.394259790425405E-007 -3.108728730978350E-007
          21  4.868654921159182E-006 -3.726835483364713E-006
  2.403243420670215E-006  2.522233993466772E-006
 -4.552425625076120E-007 -2.540358597013384E-008
          22 -3.631702791909477E-006 -5.979016446848139E-006
  3.062308828151388E-006 -9.493864192951488E-007
 -3.397330430666683E-007  2.553097015942930E-007
          23 -7.364459197538692E-006  3.540892016680655E-006
  6.781982181283719E-007 -2.284715940757170E-006
 -1.064842851316156E-007  3.564614456502758E-007
          24  3.224106076763077E-006  8.932515388615046E-006
 -7.217478981055056E-007 -1.331159001097707E-006
  1.038239976898603E-007  3.104518028201831E-007
          25  1.056968598730310E-005 -2.505525349679671E-006
 -4.600865821773689E-007 -7.488279360486713E-007
  1.986928366642115E-007  1.929503708492051E-007
          26 -1.365689688405676E-006 -1.203849243936627E-005
 -1.220170381450421E-006 -9.560581219913223E-007
  2.553692409180759E-007  8.012368662878126E-008
          27 -1.311065022218264E-005 -1.222377309532035E-007
 -1.970753612724104E-006  5.449815942546081E-007
  2.679430236834627E-007 -4.713163086193291E-008
          28 -1.738258368720089E-006  1.367520425607179E-005
 -3.066995236622287E-007  1.933686473227639E-006
  2.170131243163061E-007 -1.902615071771222E-007
          29  1.373415146047947E-005  3.319069041373104E-006
  1.106552268364281E-006  4.510027357848684E-007
  7.963890473842489E-008 -2.822808159179266E-007
          30  4.678636747023416E-006 -1.351597977679618E-005
 -2.146263048393756E-007 -6.322424802512327E-007
 -9.512621851487251E-008 -2.781559700407707E-007
          31 -1.313182342703306E-005 -5.740502742106584E-006
 -1.157809064808110E-006  1.292335882632791E-006
 -2.248789829873921E-007 -1.782488221144315E-007
          32 -6.627037254024462E-006  1.266466685874255E-005
  1.685788238595996E-006  2.500216136113476E-006
 -2.769581755029455E-007 -2.918556903062582E-008
