   409.600000000000     
          32           1           3
  1.124309127438499E-002   40.6889577915539        113.068279115765     
   40.0000000000000        115.000000000000        6211.00000000000     
           0  0.000000000000000E+000  0.000000000000000E+000
  0.000000000000000E+000  0.000000000000000E+000
  0.000000000000000E+000  0.000000000000000E+000
           1  0.000000000000000E+000  0.000000000000000E+000
 -1.163894849605002E-008  3.398914882541177E-009
  9.684999768270694E-010 -3.619556180518725E-009
           2  0.000000000000000E+000  0.000000000000000E+000
 -1.147280837511683E-008  8.985578152611734E-009
 -3.365769432766444E-009 -8.701095134734221E-009
           3  0.000000000000000E+000  0.000000000000000E+000
 -7.310382097503884E-009  1.625780515227492E-008
 -1.537618947874865E-008 -9.598569493630986E-009
           4  0.000000000000000E+000  0.000000000000000E+000
  2.849337391174503E-009  2.122420032895078E-008
 -3.010319546294844E-008  3.698663343029265E-009
           5  0.000000000000000E+000  0.000000000000000E+000
  1.642726767168763E-008  1.865115307215556E-008
 -3.043641005055160E-008  3.353042635976209E-008
           6  0.000000000000000E+000  0.000000000000000E+000
  2.772039673039732E-008  6.610869246734003E-009
 -1.360507931199561E-009  6.325377037316478E-008
           7  0.000000000000000E+000  0.000000000000000E+000
  2.923324543279748E-008 -1.243087345051625E-008
  5.504711820400016E-008  6.358815433111805E-008
           8  0.000000000000000E+000  0.000000000000000E+000
  1.753299884743270E-008 -3.029022839879448E-008
  1.061752579153477E-007  1.262377676736108E-008
           9  0.000000000000000E+000  0.000000000000000E+000
 -4.990748641915368E-009 -3.712807681891501E-008
  1.063046098538132E-007 -7.837693112547294E-008
          10  0.000000000000000E+000  0.000000000000000E+000
 -2.829745622530024E-008 -2.833365503248406E-008
  2.850573993084463E-008 -1.549440213875577E-007
          11  0.000000000000000E+000  0.000000000000000E+000
 -4.202276372925571E-008 -4.789122561850147E-009
 -1.012965849229366E-007 -1.549737832377609E-007
          12  0.000000000000000E+000  0.000000000000000E+000
 -3.701596227632945E-008  2.340325543182234E-008
 -2.074331415935939E-007 -4.642904283496259E-008
          13  0.000000000000000E+000  0.000000000000000E+000
 -1.400121269086845E-008  4.226402945549943E-008
 -2.033997723701187E-007  1.269312480918613E-007
          14  0.000000000000000E+000  0.000000000000000E+000
  1.563089639287407E-008  4.177469979132806E-008
 -5.942041087987594E-008  2.577149701076058E-007
          15  0.000000000000000E+000  0.000000000000000E+000
  3.822619472700290E-008  2.190545152456728E-008
  1.543101358988290E-007  2.433280543826681E-007
          16  0.000000000000000E+000  0.000000000000000E+000
  4.174299986291902E-008 -7.539302839194877E-009
  3.026024295118650E-007  6.229770253258844E-008
          17  0.000000000000000E+000  0.000000000000000E+000
  2.546061064940055E-008 -3.016203840349309E-008
  2.666526248570501E-007 -1.864370513911700E-007
          18  0.000000000000000E+000  0.000000000000000E+000
  7.386708369744304E-010 -3.579586616620434E-008
  4.666174087380053E-008 -3.338129048979679E-007
          19  0.000000000000000E+000  0.000000000000000E+000
 -1.864783261912894E-008 -2.477361708275314E-008
 -2.201169147849043E-007 -2.645297083903442E-007
          20  0.000000000000000E+000  0.000000000000000E+000
 -2.516480176819886E-008 -7.660739916056618E-009
 -3.445076894649251E-007 -1.240249396089241E-008
          21  0.000000000000000E+000  0.000000000000000E+000
 -1.995709521249119E-008  5.588596607600451E-009
 -2.342309615169071E-007  2.493395657769487E-007
          22  0.000000000000000E+000  0.000000000000000E+000
 -1.245142303519764E-008  1.102851669447628E-008
  3.588542302103985E-008  3.324035134996358E-007
          23  0.000000000000000E+000  0.000000000000000E+000
 -7.073713875269901E-009  1.186205695362844E-008
  2.706453575197424E-007  1.814685894198493E-007
          24  0.000000000000000E+000  0.000000000000000E+000
 -3.904556525443863E-009  1.458112715346952E-008
  3.003531571507590E-007 -9.190688274709423E-008
          25  0.000000000000000E+000  0.000000000000000E+000
  2.090654198347943E-009  1.703547168896996E-008
  1.153801697532689E-007 -2.823748250928106E-007
          26  0.000000000000000E+000  0.000000000000000E+000
  1.250758795684518E-008  1.712655580809003E-008
 -1.470886835045926E-007 -2.601987315920693E-007
          27  0.000000000000000E+000  0.000000000000000E+000
  2.282873929203195E-008  8.735701744420341E-009
 -2.929859213229135E-007 -4.659872093121710E-008
          28  0.000000000000000E+000  0.000000000000000E+000
  2.736270135658582E-008 -6.836052356981071E-009
 -2.211878646989397E-007  2.043922102377331E-007
          29  0.000000000000000E+000  0.000000000000000E+000
  1.928330992293844E-008 -2.371881260044706E-008
  2.165479546115129E-008  3.068240651383806E-007
          30  0.000000000000000E+000  0.000000000000000E+000
  1.401155106307489E-009 -3.316849521830777E-008
  2.618798986709107E-007  1.866456094620393E-007
          31  0.000000000000000E+000  0.000000000000000E+000
 -2.007693043370068E-008 -2.850384226501850E-008
  3.277019921236675E-007 -8.450613055546299E-008
          32  0.000000000000000E+000  0.000000000000000E+000
 -3.440424650634539E-008 -1.061903088694709E-008
  1.594953213184245E-007 -3.215388769000623E-007
