   409.600000000000     
          32           1           3
  1.124309127438499E-002   40.3724487168563        113.645209194835     
   40.0000000000000        115.000000000000        6211.00000000000     
           0  0.000000000000000E+000  0.000000000000000E+000
  0.000000000000000E+000  0.000000000000000E+000
  0.000000000000000E+000  0.000000000000000E+000
           1  0.000000000000000E+000  0.000000000000000E+000
 -1.256043887115806E-008  3.145744505855688E-009
  1.356633263368412E-008 -6.103251407795447E-009
           2  0.000000000000000E+000  0.000000000000000E+000
 -1.297275061778407E-008  8.393921431156301E-009
  1.140254636318147E-008 -1.608655086700039E-008
           3  0.000000000000000E+000  0.000000000000000E+000
 -1.024655225188381E-008  1.592475488782855E-008
 -2.285701522315971E-010 -2.721053743358351E-008
           4  0.000000000000000E+000  0.000000000000000E+000
 -1.780798477244923E-009  2.292891690846134E-008
 -2.357053955715663E-008 -2.903134405947575E-008
           5  0.000000000000000E+000  0.000000000000000E+000
  1.189482847267121E-008  2.457679865147949E-008
 -4.870315122143172E-008 -9.981782932502505E-009
           6  0.000000000000000E+000  0.000000000000000E+000
  2.722581596440004E-008  1.715284027987546E-008
 -5.787943965990891E-008  3.046678933788146E-008
           7  0.000000000000000E+000  0.000000000000000E+000
  3.717674106323733E-008 -6.517733620925547E-010
 -3.195600782252900E-008  7.770593541353518E-008
           8  0.000000000000000E+000  0.000000000000000E+000
  3.494722207774383E-008 -2.449803192007274E-008
  3.140556511144074E-008  1.013381247260006E-007
           9  0.000000000000000E+000  0.000000000000000E+000
  1.658682139642617E-008 -4.509946853905941E-008
  1.105078683002730E-007  7.082584150665916E-008
          10  0.000000000000000E+000  0.000000000000000E+000
 -1.398315177073277E-008 -5.241923741984725E-008
  1.588294658319037E-007 -1.923179951062888E-008
          11  0.000000000000000E+000  0.000000000000000E+000
 -4.724379906271601E-008 -3.792864492663976E-008
  1.319691741751212E-007 -1.414531172117100E-007
          12  0.000000000000000E+000  0.000000000000000E+000
 -6.677306035419428E-008 -2.259238091400058E-009
  1.062480143378559E-008 -2.297030576332786E-007
          13  0.000000000000000E+000  0.000000000000000E+000
 -5.921444347160790E-008  4.221173814840270E-008
 -1.661337725807655E-007 -2.125509912524590E-007
          14  0.000000000000000E+000  0.000000000000000E+000
 -2.289819707940003E-008  7.521967801451558E-008
 -3.052988325015099E-007 -6.117388259334097E-008
          15  0.000000000000000E+000  0.000000000000000E+000
  3.066973622012036E-008  7.819057750341103E-008
 -3.094335446023884E-007  1.759309123211792E-007
          16  0.000000000000000E+000  0.000000000000000E+000
  7.661948296347524E-008  4.388463762626755E-008
 -1.317493111016772E-007  3.789736130241234E-007
          17  0.000000000000000E+000  0.000000000000000E+000
  9.027090923898885E-008 -1.421530744331859E-008
  1.677133141048798E-007  4.122040503543393E-007
          18  0.000000000000000E+000  0.000000000000000E+000
  6.280923466521722E-008 -6.926548421952521E-008
  4.356516686304175E-007  2.180045300467506E-007
          19  0.000000000000000E+000  0.000000000000000E+000
  5.641353356254840E-009 -9.387168196476432E-008
  5.087175059039388E-007 -1.337096214660745E-007
          20  0.000000000000000E+000  0.000000000000000E+000
 -5.412392369100168E-008 -7.662572898531331E-008
  3.159479225373604E-007 -4.640570045952191E-007
          21  0.000000000000000E+000  0.000000000000000E+000
 -8.803420951184902E-008 -2.628092066059310E-008
 -6.916570910784098E-008 -5.877205460100793E-007
          22  0.000000000000000E+000  0.000000000000000E+000
 -8.375175925408433E-008  3.238612706527734E-008
 -4.539345942585477E-007 -4.199475711829082E-007
          23  0.000000000000000E+000  0.000000000000000E+000
 -4.531635686456085E-008  7.375607456480445E-008
 -6.407181589216040E-007 -2.704574922987605E-008
          24  0.000000000000000E+000  0.000000000000000E+000
  7.421332960403859E-009  8.375517032734791E-008
 -5.250222094882770E-007  4.009703133905596E-007
          25  0.000000000000000E+000  0.000000000000000E+000
  5.367948409476144E-008  6.019944125646544E-008
 -1.520290967554592E-007  6.631887445218865E-007
          26  0.000000000000000E+000  0.000000000000000E+000
  7.626811705607518E-008  1.661946230524358E-008
  3.105450136127197E-007  6.244743547627220E-007
          27  0.000000000000000E+000  0.000000000000000E+000
  6.858813919565695E-008 -3.053256409715347E-008
  6.528125874977243E-007  2.939996555016336E-007
          28  0.000000000000000E+000  0.000000000000000E+000
  3.648103248227088E-008 -6.243432024218132E-008
  7.072634711781277E-007 -1.890699053269315E-007
          29  0.000000000000000E+000  0.000000000000000E+000
 -7.294538243617451E-009 -6.907593653081795E-008
  4.399518956971530E-007 -6.082401151456924E-007
          30  0.000000000000000E+000  0.000000000000000E+000
 -4.430608705195226E-008 -4.952129309468966E-008
 -4.542721003090156E-008 -7.656656701458219E-007
          31  0.000000000000000E+000  0.000000000000000E+000
 -6.185988298516124E-008 -1.316055082529574E-008
 -5.317306469221498E-007 -5.758118773933692E-007
          32  0.000000000000000E+000  0.000000000000000E+000
 -5.438937594223705E-008  2.438881360643538E-008
 -7.914195401580460E-007 -1.086621785569279E-007
