   409.600000000000     
          32           1           3
  1.124309127438499E-002   40.1499864405071        114.256372148645     
   40.0000000000000        115.000000000000        6211.00000000000     
           0  0.000000000000000E+000  0.000000000000000E+000
  0.000000000000000E+000  0.000000000000000E+000
  0.000000000000000E+000  0.000000000000000E+000
           1  0.000000000000000E+000  0.000000000000000E+000
 -1.201510664031042E-008  2.638903101728796E-009
  3.485589122047262E-008 -8.876711178204389E-009
           2  0.000000000000000E+000  0.000000000000000E+000
 -1.271786608578914E-008  7.046932503349647E-009
  3.604109190678303E-008 -2.374799520519879E-008
           3  0.000000000000000E+000  0.000000000000000E+000
 -1.122807854429274E-008  1.371854280159333E-008
  2.829459019253627E-008 -4.524092251239976E-008
           4  0.000000000000000E+000  0.000000000000000E+000
 -5.122763921280454E-009  2.090801583158768E-008
  3.952977106995080E-009 -6.546157595449340E-008
           5  0.000000000000000E+000  0.000000000000000E+000
  6.112100705481520E-009  2.497663648294459E-008
 -3.595479020564883E-008 -7.038147601067294E-008
           6  0.000000000000000E+000  0.000000000000000E+000
  2.084670509448222E-008  2.231505753460276E-008
 -8.147972949259183E-008 -4.849196204625983E-008
           7  0.000000000000000E+000  0.000000000000000E+000
  3.423719998880104E-008  1.007795218960598E-008
 -1.117688293462378E-007  5.203537300230041E-009
           8  0.000000000000000E+000  0.000000000000000E+000
  4.004781466125132E-008 -1.081067325327536E-008
 -1.051613465064440E-007  7.888278435185253E-008
           9  0.000000000000000E+000  0.000000000000000E+000
  3.219545326637809E-008 -3.490515481400105E-008
 -4.740834633556653E-008  1.444331747654681E-007
          10  0.000000000000000E+000  0.000000000000000E+000
  9.278587771671502E-009 -5.370286206141746E-008
  5.191802881186883E-008  1.685898711518874E-007
          11  0.000000000000000E+000  0.000000000000000E+000
 -2.530509280075661E-008 -5.640036525448480E-008
  1.631396021933114E-007  1.208186075054899E-007
          12  0.000000000000000E+000  0.000000000000000E+000
 -5.924935885225795E-008 -3.604509179671061E-008
  2.312147433322075E-007 -1.268140142909904E-009
          13  0.000000000000000E+000  0.000000000000000E+000
 -7.670203664901648E-008  5.024005199920447E-009
  2.062602475464716E-007 -1.592494650549139E-007
          14  0.000000000000000E+000  0.000000000000000E+000
 -6.566942297826192E-008  5.349728950997077E-008
  7.474379248187821E-008 -2.822487312262947E-007
          15  0.000000000000000E+000  0.000000000000000E+000
 -2.351230229968117E-008  8.904234729538690E-008
 -1.279035987151602E-007 -2.976387791202821E-007
          16  0.000000000000000E+000  0.000000000000000E+000
  3.621350501966372E-008  9.174672350252160E-008
 -3.122464920810720E-007 -1.685388438465921E-007
          17  0.000000000000000E+000  0.000000000000000E+000
  8.831793602024274E-008  5.559817174958531E-008
 -3.780309048405179E-007  6.636365487237918E-008
          18  0.000000000000000E+000  0.000000000000000E+000
  1.089682516075335E-007 -7.889235835403947E-009
 -2.738860183800498E-007  3.069748855345527E-007
          19  0.000000000000000E+000  0.000000000000000E+000
  8.619843062759879E-008 -7.294491193938362E-008
 -2.731736214018309E-008  4.346273280278396E-007
          20  0.000000000000000E+000  0.000000000000000E+000
  2.755781427595340E-008 -1.124378433442283E-007
  2.584649571156360E-007  3.782523703969884E-007
          21  0.000000000000000E+000  0.000000000000000E+000
 -4.324981151022357E-008 -1.093790022728377E-007
  4.526787367708220E-007  1.487466935497909E-007
          22  0.000000000000000E+000  0.000000000000000E+000
 -9.974590772494864E-008 -6.550969926432348E-008
  4.684065555868345E-007 -1.603032393599152E-007
          23  0.000000000000000E+000  0.000000000000000E+000
 -1.204639572331912E-007  2.677255838421243E-009
  2.890528598413665E-007 -4.214575809786492E-007
          24  0.000000000000000E+000  0.000000000000000E+000
 -9.939587569237952E-008  7.143374340874628E-008
 -1.620277564757258E-008 -5.298542692821215E-007
          25  0.000000000000000E+000  0.000000000000000E+000
 -4.273536225217635E-008  1.161438040195825E-007
 -3.357788850970481E-007 -4.325461684045063E-007
          26  0.000000000000000E+000  0.000000000000000E+000
  3.021868451144244E-008  1.224317519497867E-007
 -5.454621512406681E-007 -1.613851469023434E-007
          27  0.000000000000000E+000  0.000000000000000E+000
  9.504756228263405E-008  8.586401983486485E-008
 -5.573381947213879E-007  1.947543476106002E-007
          28  0.000000000000000E+000  0.000000000000000E+000
  1.294002675808148E-007  1.850532109180712E-008
 -3.545281579740101E-007  5.014865405136018E-007
          29  0.000000000000000E+000  0.000000000000000E+000
  1.195136085077286E-007 -5.821516989594001E-008
  4.384425632757326E-009  6.391578900338021E-007
          30  0.000000000000000E+000  0.000000000000000E+000
  6.779923039799215E-008 -1.174179169520369E-007
  3.897590397812010E-007  5.392919032124286E-007
          31  0.000000000000000E+000  0.000000000000000E+000
 -9.904844809913368E-009 -1.375249887278275E-007
  6.562991221327172E-007  2.206792914408160E-007
          32  0.000000000000000E+000  0.000000000000000E+000
 -8.646893057254787E-008 -1.099957562079006E-007
  6.882166119633208E-007 -2.096107813766023E-007
