   409.600000000000     
          32           1           3
  1.124309127438499E-002   39.9720166194277        114.745302511693     
   40.0000000000000        115.000000000000        6211.00000000000     
           0  0.000000000000000E+000  0.000000000000000E+000
  0.000000000000000E+000  0.000000000000000E+000
  0.000000000000000E+000  0.000000000000000E+000
           1  0.000000000000000E+000  0.000000000000000E+000
  7.249300662164804E-009 -1.501462861815217E-009
  4.981725217912172E-008 -1.048679908539153E-008
           2  0.000000000000000E+000  0.000000000000000E+000
  7.731677774338926E-009 -4.004669856796335E-009
  5.303298525914974E-008 -2.798251429052191E-008
           3  0.000000000000000E+000  0.000000000000000E+000
  7.078140429999623E-009 -7.860636697973988E-009
  4.810293842158048E-008 -5.481460603966640E-008
           4  0.000000000000000E+000  0.000000000000000E+000
  3.884338746188155E-009 -1.221673160873621E-008
  2.525116021849912E-008 -8.476875917535634E-008
           5  0.000000000000000E+000  0.000000000000000E+000
 -2.322642767832111E-009 -1.513742678503961E-008
 -1.851387049993594E-008 -1.040594795707798E-007
           6  0.000000000000000E+000  0.000000000000000E+000
 -1.092294482992504E-008 -1.455095832569865E-008
 -7.830363427578630E-008 -9.820338123920878E-008
           7  0.000000000000000E+000  0.000000000000000E+000
 -1.950009410383057E-008 -8.556040755831757E-009
 -1.365769592328298E-007 -5.437450973714204E-008
           8  0.000000000000000E+000  0.000000000000000E+000
 -2.461521748984352E-008  2.907628735190193E-009
 -1.690047913365113E-007  2.681125011554971E-008
           9  0.000000000000000E+000  0.000000000000000E+000
 -2.246402875633209E-008  1.745632153093966E-008
 -1.494829931033090E-007  1.273382934983023E-007
          10  0.000000000000000E+000  0.000000000000000E+000
 -1.132366032430793E-008  3.069352240205550E-008
 -6.754296063490467E-008  2.154843328300309E-007
          11  0.000000000000000E+000  0.000000000000000E+000
  8.167175441999220E-009  3.625458892308283E-008
  6.995360926188790E-008  2.468553277571577E-007
          12  0.000000000000000E+000  0.000000000000000E+000
  3.014397442504790E-008  2.889995490400463E-008
  2.196405564880820E-007  1.868669830392775E-007
          13  0.000000000000000E+000  0.000000000000000E+000
  4.568864431233388E-008  7.857575650076264E-009
  3.184302390252539E-007  3.389487847697841E-008
          14  0.000000000000000E+000  0.000000000000000E+000
  4.647112030261569E-008 -2.137187739907965E-008
  3.102125926405522E-007 -1.694354442124192E-007
          15  0.000000000000000E+000  0.000000000000000E+000
  2.805486641298013E-008 -4.805192698352995E-008
  1.690202144613040E-007 -3.456629587345484E-007
          16  0.000000000000000E+000  0.000000000000000E+000
 -5.180697370743271E-009 -5.939250813170774E-008
 -6.805632011524789E-008 -4.069341191596191E-007
          17  0.000000000000000E+000  0.000000000000000E+000
 -4.073761283079933E-008 -4.824311325269053E-008
 -3.090796497098495E-007 -3.093211353277364E-007
          18  0.000000000000000E+000  0.000000000000000E+000
 -6.401557514661806E-008 -1.665775378641054E-008
 -4.521969335062441E-007 -7.560372556922012E-008
          19  0.000000000000000E+000  0.000000000000000E+000
 -6.419382445231838E-008  2.383543881922356E-008
 -4.277030453903382E-007  2.064960864425235E-007
          20  0.000000000000000E+000  0.000000000000000E+000
 -4.012633176400418E-008  5.769729063103603E-008
 -2.372691843198393E-007  4.262972776169446E-007
          21  0.000000000000000E+000  0.000000000000000E+000
 -8.293783942833284E-010  7.165171467499854E-008
  4.662119651925382E-008  4.954217804790187E-007
          22  0.000000000000000E+000  0.000000000000000E+000
  4.003226003611892E-008  6.095311958214218E-008
  3.233176021651576E-007  3.901056326613683E-007
          23  0.000000000000000E+000  0.000000000000000E+000
  6.797501205340874E-008  2.929778520768377E-008
  4.927564672179202E-007  1.472693434819722E-007
          24  0.000000000000000E+000  0.000000000000000E+000
  7.432872488463313E-008 -1.315437303853553E-008
  5.017235610182768E-007 -1.534664883264214E-007
          25  0.000000000000000E+000  0.000000000000000E+000
  5.616673813195751E-008 -5.235086262424036E-008
  3.410803566453789E-007 -4.103919061102955E-007
          26  0.000000000000000E+000  0.000000000000000E+000
  1.896170220878968E-008 -7.626322054387574E-008
  6.090483205982001E-008 -5.429428287402009E-007
          27  0.000000000000000E+000  0.000000000000000E+000
 -2.609857739295892E-008 -7.586069367555391E-008
 -2.519264647760315E-007 -4.977550292006351E-007
          28  0.000000000000000E+000  0.000000000000000E+000
 -6.476121305214691E-008 -5.069743928677125E-008
 -4.958922970571444E-007 -2.854044777356404E-007
          29  0.000000000000000E+000  0.000000000000000E+000
 -8.368940608123600E-008 -7.408891922841495E-009
 -5.837575577646681E-007  3.442806968839093E-008
          30  0.000000000000000E+000  0.000000000000000E+000
 -7.603657393871618E-008  4.032775541518196E-008
 -4.808738293343136E-007  3.578313789562530E-007
          31  0.000000000000000E+000  0.000000000000000E+000
 -4.268633012649982E-008  7.685290162114410E-008
 -2.098869549544914E-007  5.755640557202970E-007
          32  0.000000000000000E+000  0.000000000000000E+000
  6.021093594588803E-009  8.946794112242239E-008
  1.425204917711662E-007  6.087695595302365E-007
