   409.600000000000     
          32           1           3
  1.124309127438499E-002   39.9275241641579        114.867535102455     
   40.0000000000000        115.000000000000        6211.00000000000     
           0  0.000000000000000E+000  0.000000000000000E+000
  0.000000000000000E+000  0.000000000000000E+000
  0.000000000000000E+000  0.000000000000000E+000
           1  0.000000000000000E+000  0.000000000000000E+000
  3.023641949563742E-008 -6.232542656555776E-009
  4.210269209462065E-008 -8.734818362201413E-009
           2  0.000000000000000E+000  0.000000000000000E+000
  3.226586964674648E-008 -1.662107548395659E-008
  4.489600067843406E-008 -2.329847541238936E-008
           3  0.000000000000000E+000  0.000000000000000E+000
  2.961772116054226E-008 -3.264453230773193E-008
  4.106303689358387E-008 -4.572272016268145E-008
           4  0.000000000000000E+000  0.000000000000000E+000
  1.645699715577179E-008 -5.080943809789514E-008
  2.243619541154113E-008 -7.102555545942804E-008
           5  0.000000000000000E+000  0.000000000000000E+000
 -9.234091523512890E-009 -6.312886735451464E-008
 -1.371024684273133E-008 -8.792395189915423E-008
           6  0.000000000000000E+000  0.000000000000000E+000
 -4.498116207207488E-008 -6.100597079011356E-008
 -6.372355098348521E-008 -8.436271872848040E-008
           7  0.000000000000000E+000  0.000000000000000E+000
 -8.087116112690196E-008 -3.646941893220308E-008
 -1.134889299240282E-007 -4.931692042438217E-008
           8  0.000000000000000E+000  0.000000000000000E+000
 -1.026857215059397E-007  1.091359429952562E-008
 -1.429710762578649E-007  1.747874162469562E-008
           9  0.000000000000000E+000  0.000000000000000E+000
 -9.455325770951362E-008  7.149016518448379E-008
 -1.300721317447886E-007  1.020408331285371E-007
          10  0.000000000000000E+000  0.000000000000000E+000
 -4.904800303976040E-008  1.271923732790987E-007
 -6.489557365580447E-008  1.787010736457495E-007
          11  0.000000000000000E+000  0.000000000000000E+000
  3.160252997733020E-008  1.515949831761631E-007
  4.864182182873818E-008  2.104268082408580E-007
          12  0.000000000000000E+000  0.000000000000000E+000
  1.234836187109871E-007  1.225987965652870E-007
  1.762122345900842E-007  1.668930670494000E-007
          13  0.000000000000000E+000  0.000000000000000E+000
  1.897259895484980E-007  3.633602636809118E-008
  2.658478142940757E-007  4.391911478641660E-008
          14  0.000000000000000E+000  0.000000000000000E+000
  1.953963332207822E-007 -8.510723680140846E-008
  2.692377376949871E-007 -1.261318422473695E-007
          15  0.000000000000000E+000  0.000000000000000E+000
  1.211992513749410E-007 -1.976130357315313E-007
  1.609771133661756E-007 -2.805638119080549E-007
          16  0.000000000000000E+000  0.000000000000000E+000
 -1.583745887744446E-008 -2.478464076511561E-007
 -3.290473377124704E-008 -3.450535713088824E-007
          17  0.000000000000000E+000  0.000000000000000E+000
 -1.646711495051564E-007 -2.050778469122566E-007
 -2.392741566641793E-007 -2.784739694248693E-007
          18  0.000000000000000E+000  0.000000000000000E+000
 -2.646994909366599E-007 -7.634597834250160E-008
 -3.731455344937071E-007 -9.347744537503155E-008
          19  0.000000000000000E+000  0.000000000000000E+000
 -2.699927319177955E-007  9.178443912768728E-008
 -3.720051164781920E-007  1.422290014291765E-007
          20  0.000000000000000E+000  0.000000000000000E+000
 -1.740954728692568E-007  2.352208847384659E-007
 -2.299728476028123E-007  3.379932841203306E-007
          21  0.000000000000000E+000  0.000000000000000E+000
 -1.274345813519270E-008  2.981211797607997E-007
 -3.250280398008377E-010  4.168652736096323E-007
          22  0.000000000000000E+000  0.000000000000000E+000
  1.582932645786333E-007  2.591530096262210E-007
  2.369309807498616E-007  3.519693878772227E-007
          23  0.000000000000000E+000  0.000000000000000E+000
  2.787434659331268E-007  1.316992360710420E-007
  3.975268585222432E-007  1.657382355828743E-007
          24  0.000000000000000E+000  0.000000000000000E+000
  3.113599907344000E-007 -4.362182377755612E-008
  4.315475979692006E-007 -8.193565382765147E-008
          25  0.000000000000000E+000  0.000000000000000E+000
  2.420181128136426E-007 -2.091545275027748E-007
  3.228680824423503E-007 -3.088926568886990E-007
          26  0.000000000000000E+000  0.000000000000000E+000
  9.133080417125109E-008 -3.144147592754959E-007
  1.043433199182985E-007 -4.453174881274145E-007
          27  0.000000000000000E+000  0.000000000000000E+000
 -9.584647228373989E-008 -3.202452491819514E-007
 -1.581105555155612E-007 -4.393836752446596E-007
          28  0.000000000000000E+000  0.000000000000000E+000
 -2.607638120479602E-007 -2.223926431046401E-007
 -3.812588804519359E-007 -2.896092439551885E-007
          29  0.000000000000000E+000  0.000000000000000E+000
 -3.470845313788849E-007 -4.602035176888106E-008
 -4.878487378496863E-007 -3.577173052213774E-008
          30  0.000000000000000E+000  0.000000000000000E+000
 -3.241106738843928E-007  1.536427845435773E-007
 -4.390401665247948E-007  2.417083259265133E-007
          31  0.000000000000000E+000  0.000000000000000E+000
 -1.926061591817846E-007  3.116584113893721E-007
 -2.413403375270216E-007  4.515361253218119E-007
          32  0.000000000000000E+000  0.000000000000000E+000
  7.108591780679997E-009  3.736610445244346E-007
  4.377352319706127E-008  5.204654033826748E-007
