   409.600000000000     
          32           1           3
  1.124309127438499E-002   38.7262278718722        118.167815053029     
   40.0000000000000        115.000000000000        6211.00000000000     
           0  0.000000000000000E+000  0.000000000000000E+000
  0.000000000000000E+000  0.000000000000000E+000
  0.000000000000000E+000  0.000000000000000E+000
           1  0.000000000000000E+000  0.000000000000000E+000
  6.268663822989645E-009 -2.453464828945450E-009
  6.050819921101789E-009  6.636497767551531E-010
           2  0.000000000000000E+000  0.000000000000000E+000
  5.175507344098742E-009 -6.102229844327644E-009
  1.064747672838645E-008 -1.002597405192328E-009
           3  0.000000000000000E+000  0.000000000000000E+000
  9.036584002079744E-010 -9.276697500290027E-009
  1.453650449927671E-008 -1.129562073662492E-008
           4  0.000000000000000E+000  0.000000000000000E+000
 -5.600427657975802E-009 -8.619358152505818E-009
  4.529334411447608E-009 -2.745974159063299E-008
           5  0.000000000000000E+000  0.000000000000000E+000
 -9.892414921946931E-009 -3.164540040808002E-009
 -2.357495670052844E-008 -2.874684629577001E-008
           6  0.000000000000000E+000  0.000000000000000E+000
 -9.422665554392271E-009  3.514587545847247E-009
 -4.457985816465567E-008  4.976913664207504E-010
           7  0.000000000000000E+000  0.000000000000000E+000
 -4.938940939306518E-009  7.584922059910723E-009
 -2.832874946274291E-008  4.005191881930770E-008
           8  0.000000000000000E+000  0.000000000000000E+000
 -4.066826751726507E-010  8.082996264241238E-009
  1.764541013133241E-008  4.510923870511279E-008
           9  0.000000000000000E+000  0.000000000000000E+000
  2.829817881717791E-009  6.718314932755794E-009
  4.337773900543730E-008  6.727550169323237E-009
          10  0.000000000000000E+000  0.000000000000000E+000
  5.604972446682788E-009  5.803771164300482E-009
  1.793888001782159E-008 -2.970244666201116E-008
          11  0.000000000000000E+000  0.000000000000000E+000
  9.162255236083183E-009  2.618065265813066E-009
 -1.961887327323069E-008 -1.698592144840149E-008
          12  0.000000000000000E+000  0.000000000000000E+000
  1.063146253478835E-008 -3.510389903462647E-009
 -1.567920528567431E-008  2.193024128818688E-008
          13  0.000000000000000E+000  0.000000000000000E+000
  6.852852260219672E-009 -1.041576594984767E-008
  2.817627772302661E-008  2.582492059142535E-008
          14  0.000000000000000E+000  0.000000000000000E+000
 -1.235193919733073E-009 -1.360227446378206E-008
  4.895880369540544E-008 -2.182041965369436E-008
          15  0.000000000000000E+000  0.000000000000000E+000
 -1.011370302180436E-008 -9.770322472637445E-009
  5.013236336506216E-009 -6.780108181422956E-008
          16  0.000000000000000E+000  0.000000000000000E+000
 -1.381564573903685E-008 -8.362535797175917E-010
 -6.427534671002662E-008 -4.597658918778816E-008
          17  0.000000000000000E+000  0.000000000000000E+000
 -1.060841341776848E-008  7.571231652326112E-009
 -7.973996638392905E-008  3.289378470654222E-008
          18  0.000000000000000E+000  0.000000000000000E+000
 -3.570247142129039E-009  1.142236654985891E-008
 -1.326326220855163E-008  8.734846558332949E-008
          19  0.000000000000000E+000  0.000000000000000E+000
  3.019171200182893E-009  1.015365441663646E-008
  6.752003375546137E-008  5.233416830630784E-008
          20  0.000000000000000E+000  0.000000000000000E+000
  7.260278847889764E-009  6.425102367894815E-009
  7.123920315466012E-008 -3.464179574332024E-008
          21  0.000000000000000E+000  0.000000000000000E+000
  8.841156244604558E-009  2.526460419620235E-009
 -9.200786024972416E-009 -7.089213882107878E-008
          22  0.000000000000000E+000  0.000000000000000E+000
  9.590596100161588E-009 -2.289141263435563E-009
 -6.590639186039799E-008 -5.732742456784734E-009
          23  0.000000000000000E+000  0.000000000000000E+000
  7.571368815498947E-009 -7.608049727433181E-009
 -1.743257037471472E-008  6.896251600746318E-008
          24  0.000000000000000E+000  0.000000000000000E+000
  1.359720668647871E-009 -1.170127346999642E-008
  7.397504410185443E-008  3.797382193808136E-008
          25  0.000000000000000E+000  0.000000000000000E+000
 -6.000694220833532E-009 -1.023385423454881E-008
  7.525330040149116E-008 -6.555365673715511E-008
          26  0.000000000000000E+000  0.000000000000000E+000
 -1.122769544855346E-008 -3.830438654707747E-009
 -3.682939654466652E-008 -1.119862826564555E-007
          27  0.000000000000000E+000  0.000000000000000E+000
 -1.004876625158991E-008  3.579981860018155E-009
 -1.261835319158896E-007 -1.508408307119929E-008
          28  0.000000000000000E+000  0.000000000000000E+000
 -5.343434709550279E-009  7.774613153488825E-009
 -7.071260743441365E-008  1.108974920856007E-007
          29  0.000000000000000E+000  0.000000000000000E+000
 -6.349689569273509E-010  7.720437389358154E-009
  7.062361445302894E-008  1.056284706926460E-007
          30  0.000000000000000E+000  0.000000000000000E+000
  2.532958712630140E-009  6.825426215103448E-009
  1.168500855698489E-007 -2.038329247073558E-008
          31  0.000000000000000E+000  0.000000000000000E+000
  5.015737530828580E-009  5.461255201079039E-009
  1.723844050541794E-008 -1.113394813883095E-007
          32  0.000000000000000E+000  0.000000000000000E+000
  8.023197431218819E-009  2.771537417260527E-009
 -9.936155070281128E-008 -4.415799968445508E-008
