   409.600000000000     
          32           1           3
  1.124309127438499E-002   40.8568038370159        112.021952640188     
   40.0000000000000        115.000000000000        6211.00000000000     
           0  0.000000000000000E+000  0.000000000000000E+000
  0.000000000000000E+000  0.000000000000000E+000
  0.000000000000000E+000  0.000000000000000E+000
           1  1.147443078803729E-006 -5.259175604298087E-007
  1.065516446215846E-006 -2.891246474183573E-007
  3.570212841679174E-007 -5.270363869844175E-008
           2  6.955932544657221E-007 -1.532468658896140E-006
  1.197984527607540E-006 -9.687858145899829E-007
  4.612203158851346E-007 -1.089275756403072E-007
           3 -1.032906485095607E-006 -1.697331564033581E-006
  4.732091645031860E-007 -2.176365973085930E-006
  6.472580895643616E-007 -4.683333836589062E-007
           4 -2.025557547576577E-006  2.240763507854098E-007
 -1.707377259890721E-006 -2.318125905646719E-006
  3.309194003095462E-007 -1.139020131398547E-006
           5 -3.367257028461808E-007  1.978875432046911E-006
 -3.316529684386701E-006 -4.984931413974780E-008
 -6.768340793868983E-007 -1.393915331448171E-006
           6  2.088554854703418E-006  7.662183326072512E-007
 -2.001289214959317E-006  2.872302809419574E-006
 -1.722892005139985E-006 -6.219649750185261E-007
           7  1.690118729354302E-006 -2.317420423840185E-006
  1.396552573707745E-006  3.111804804472430E-006
 -1.817825747392692E-006  8.263874429027695E-007
           8 -1.845001957389027E-006 -3.329239278163190E-006
  3.153444777060970E-006  1.728295141290345E-007
 -7.408863930089749E-007  1.914607946165873E-006
           9 -4.848770813717031E-006 -1.755853168779236E-007
  1.241705629138037E-006 -2.649051443278983E-006
  7.309630802620487E-007  1.782289253682022E-006
          10 -3.466373270173046E-006  4.752777034985686E-006
 -2.132570050309875E-006 -1.986095495984963E-006
  1.518306987351878E-006  7.991754168190568E-007
          11  2.139062919656297E-006  6.365226077303561E-006
 -2.867205953114960E-006  1.551834775059292E-006
  1.440795319811147E-006 -2.193879682235795E-007
          12  6.884657649361711E-006  2.171927679208845E-006
  3.264057382997099E-007  3.853621458551041E-006
  9.504319912345740E-007 -7.398759481267611E-007
          13  5.918960002070683E-006 -4.294932366015851E-006
  4.174978523316985E-006  1.818765885257544E-006
  5.428242681146201E-007 -9.259358383372407E-007
          14  7.778760427294953E-008 -7.031412701618645E-006
  4.174866869775341E-006 -2.863420663773114E-006
  2.291821014410576E-007 -1.183104310814282E-006
          15 -5.194386661451002E-006 -3.747693640955941E-006
  1.172322464639504E-007 -5.404494282562065E-006
 -4.233492965528477E-007 -1.398338576623997E-006
          16 -5.075683082674069E-006  2.098947397306950E-006
 -4.374629912320016E-006 -3.410340202634559E-006
 -1.404746901096548E-006 -1.134645314037704E-006
          17 -1.059787171349694E-007  4.439010062204670E-006
 -5.154689953110697E-006  1.316014703283699E-006
 -2.125424821048708E-006  4.597900546344881E-008
          18  3.739915893494447E-006  7.685798902152515E-007
 -2.022002028893097E-006  4.358894615251542E-006
 -1.698408906120222E-006  1.596758409211736E-006
          19  1.235435521563724E-006 -4.309534065858305E-006
  1.623803397123551E-006  3.662886705897978E-006
 -1.649242741900870E-007  2.389379327241022E-006
          20 -5.347263358625481E-006 -3.458696948395176E-006
  2.860221979143699E-006  1.040093186747545E-006
  1.499764350058845E-006  1.785409279242051E-006
          21 -7.671483164997696E-006  4.431455902442936E-006
  1.970911299876951E-006 -7.524198817377837E-007
  2.089016001906154E-006  2.920780778362752E-007
          22 -2.786529847594864E-007  1.143703350873585E-005
  7.129706857648380E-007 -9.006655865958173E-007
  1.477217457522522E-006 -9.902514392082697E-007
          23  1.131987294213024E-005  7.779265946624328E-006
  6.332165954245994E-007 -4.734052927629443E-007
  4.700332643024959E-007 -1.226830887116896E-006
          24  1.427602424381336E-005 -5.714312040489079E-006
  8.930246798016109E-007 -8.035167199639550E-007
 -6.088541156790036E-008 -9.875172883964681E-007
          25  3.251706118510285E-006 -1.576952916934267E-005
  5.459838665869455E-007 -1.660560376499937E-006
 -1.490557716311661E-007 -8.559520418694101E-007
          26 -1.120047530869584E-005 -1.093297826483871E-005
 -3.551965949953792E-007 -2.036174827540462E-006
 -5.584237865028224E-007 -9.950262689585997E-007
          27 -1.349259307970483E-005  3.495693375028321E-006
 -1.788803661702676E-006 -2.133508941431727E-006
 -1.265366604387263E-006 -7.646185001436193E-007
          28 -2.667961573336623E-006  1.085096597818378E-005
 -3.555931958779193E-006 -9.416532618568432E-007
 -1.822274037085243E-006  2.276688130348689E-007
          29  6.625265569376320E-006  4.521773644493015E-006
 -4.419661718001009E-006  2.112677755038896E-006
 -1.392485103413687E-006  1.492934952033451E-006
          30  3.331889135329638E-006 -4.756408572330513E-006
 -2.109569467001649E-006  5.605145513309755E-006
 -3.189814892258729E-008  2.205918258180658E-006
          31 -6.082091347249517E-006 -3.193357076754188E-006
  3.001155655125598E-006  6.498406953611714E-006
  1.451960507881453E-006  1.650588008424330E-006
          32 -6.869597144658837E-006  7.510381997525291E-006
  7.732966291035200E-006  2.501482327093117E-006
  2.040260048129195E-006  2.424616075476146E-007
