   409.600000000000     
          32           1           3
  1.124309127438499E-002   40.0114471868889        114.344371864666     
   40.0000000000000        115.000000000000        6211.00000000000     
           0  0.000000000000000E+000  0.000000000000000E+000
  0.000000000000000E+000  0.000000000000000E+000
  0.000000000000000E+000  0.000000000000000E+000
           1  1.012183261561250E-005 -1.237609558652922E-006
 -5.034847066753930E-007  1.636968046803637E-007
 -1.839443722609303E-006  2.018313990368822E-007
           2  1.109253929058218E-005 -3.416765738744631E-006
 -5.415982070463645E-007  5.641028669541865E-007
 -2.024131193302445E-006  5.871723942862082E-007
           3  1.143644650579467E-005 -7.104409059074228E-006
 -1.675307994474421E-007  1.053767727666270E-006
 -2.070190253967255E-006  1.200387680327336E-006
           4  9.941769486027157E-006 -1.170311610538404E-005
  5.248634956992074E-007  1.208368969481900E-006
 -1.893312012945694E-006  1.904698435472806E-006
           5  6.102274987551027E-006 -1.598964010939224E-005
  1.209819063031880E-006  8.616616270818900E-007
 -1.481439318055889E-006  2.607332432768807E-006
           6  2.046791206264394E-007 -1.873077706824847E-005
  1.468022355805631E-006  2.848699016865868E-007
 -8.781218019007899E-007  3.331968311972162E-006
           7 -7.041678358912492E-006 -1.904057415560708E-005
  1.473034829922248E-006 -1.126912623481632E-007
  1.080264629405669E-007  4.105923216643955E-006
           8 -1.459413124892449E-005 -1.616461102454523E-005
  1.622199126089436E-006 -2.618088760138347E-007
  1.749968531913919E-006  4.722304019148253E-006
           9 -2.078863646335644E-005 -9.880118471852493E-006
  2.160903091212151E-006 -7.411457249049980E-007
  4.116902821156275E-006  4.521623610561160E-006
          10 -2.394886724033225E-005 -1.023262877337382E-006
  2.652390586571845E-006 -1.820509985245764E-006
  6.672186716706691E-006  3.015080355018449E-006
          11 -2.302521633193530E-005  8.792662634301404E-006
  2.651583532940667E-006 -3.719057217141521E-006
  8.682974330303951E-006 -6.877997909618211E-008
          12 -1.779143053684413E-005  1.762449904905544E-005
  1.297047383420218E-006 -6.232831623154868E-006
  9.137268360286674E-006 -4.558995021580002E-006
          13 -8.928815070545301E-006  2.341500584501682E-005
 -2.275689259212492E-006 -8.279826917839449E-006
  6.940648534858297E-006 -9.603274061365034E-006
          14  1.710768940317399E-006  2.460057015231815E-005
 -7.707253742013818E-006 -8.014979434282282E-006
  1.678111870680698E-006 -1.342873624783278E-005
          15  1.173592518569323E-005  2.076977428553088E-005
 -1.337789232418048E-005 -3.775668548388952E-006
 -5.845655602904613E-006 -1.393603893384895E-005
          16  1.862836953229986E-005  1.267518012837879E-005
 -1.611087452686067E-005  4.405619027652005E-006
 -1.322646674777094E-005 -9.911809853119831E-006
          17  2.053045350829619E-005  2.557787523982056E-006
 -1.337097904681513E-005  1.420823017395146E-005
 -1.771365053247110E-005 -1.848827771969977E-006
          18  1.714420618841587E-005 -6.628906848371581E-006
 -4.346792678118890E-006  2.174761940434430E-005
 -1.702839222343798E-005  8.110209017012991E-006
          19  9.834703710478653E-006 -1.230156916547837E-005
  8.755842777918313E-006  2.291676972238917E-005
 -1.066397423838215E-005  1.649566143057243E-005
          20  1.015423345505300E-006 -1.285848434150791E-005
  2.142103867743706E-005  1.588460575091578E-005
 -3.002162754567346E-007  2.021723441459651E-005
          21 -6.135108589779121E-006 -8.104333704177669E-006
  2.819131039674687E-005  1.896935248940379E-006
  1.065211485127523E-005  1.757978591313424E-005
          22 -8.545297470106609E-006  1.323972726258857E-007
  2.581328723243820E-005 -1.438154240350315E-005
  1.859802815585726E-005  9.207378547380677E-006
          23 -4.814409600500416E-006  8.261266855953770E-006
  1.403898262036261E-005 -2.685287096080831E-005
  2.065703913969823E-005 -2.235856741058670E-006
          24  4.135197525664742E-006  1.258117086358389E-005
 -3.246544429833980E-006 -3.074209694458539E-005
  1.613699099073583E-005 -1.316519791863100E-005
          25  1.554953893303241E-005  9.945791415928676E-006
 -2.010417081378560E-005 -2.355927996385444E-005
  6.222463961807670E-006 -1.975514033116311E-005
          26  2.427820802492034E-005 -7.556096196210851E-007
 -2.994156577048398E-005 -7.818010044259524E-006
 -5.815165082752290E-006 -1.983888336998120E-005
          27  2.526659636760246E-005 -1.675484701112462E-005
 -2.860562143970028E-005  1.113594822947224E-005
 -1.587204922123045E-005 -1.307781296197609E-005
          28  1.602216285381611E-005 -3.263445925271910E-005
 -1.624562161673631E-005  2.584178205189617E-005
 -2.051746144248919E-005 -1.783574820433458E-006
          29 -2.550777578217313E-006 -4.214563192363494E-005
  2.986464359576256E-006  3.031374155372436E-005
 -1.783255070968522E-005  1.031026608049738E-005
          30 -2.580101668808190E-005 -4.010310727897708E-005
  2.120834041439220E-005  2.214393212772988E-005
 -8.723768971245938E-006  1.877253139022889E-005
          31 -4.619980712450825E-005 -2.457019491741451E-005
  3.101383373654695E-005  4.260345519745047E-006
  3.637340693842659E-006  2.054773998549764E-005
          32 -5.579115383647100E-005  9.078168551917285E-007
  2.809667103731571E-005 -1.646717594212782E-005
  1.492412542742843E-005  1.502033934331940E-005
