   409.600000000000     
          32           1           3
  1.124309127438499E-002   39.2550754473016        116.422325907620     
   40.0000000000000        115.000000000000        6211.00000000000     
           0  0.000000000000000E+000  0.000000000000000E+000
  0.000000000000000E+000  0.000000000000000E+000
  0.000000000000000E+000  0.000000000000000E+000
           1 -1.431403473048010E-006  1.742998844414315E-007
 -3.160328772419673E-007 -1.505184976769591E-008
  9.335779070396194E-008 -9.089793763355300E-008
           2 -1.746222010056690E-006  5.996081090728767E-007
 -4.348752444907021E-007 -1.057756843521274E-007
 -1.482988158946809E-008 -3.376503035294500E-007
           3 -1.800252782517165E-006  1.615136391723439E-006
 -8.189983485794145E-007  2.845865805275170E-008
 -5.214232502108168E-007 -3.856791006142586E-007
           4 -9.790793305280008E-007  2.782845058424239E-006
 -1.040216691591661E-006  6.751501327507624E-007
 -9.843320967428409E-007  1.792729896103536E-007
           5  6.606360146597315E-007  3.285045589581843E-006
 -5.906387610519971E-007  1.499817161593953E-006
 -8.200904763543823E-007  1.173408175316619E-006
           6  2.465448599421930E-006  2.680380797435181E-006
  5.083695631038599E-007  1.792130070943135E-006
  2.924377786079230E-007  1.844416381382790E-006
           7  3.676553493151700E-006  1.034528136836271E-006
  1.596271544331625E-006  1.139286343279795E-006
  1.798677422104391E-006  1.479799154403720E-006
           8  3.744422978567255E-006 -1.071534376349245E-006
  1.830831342800743E-006 -1.688531987386112E-007
  2.812225097185373E-006 -8.302833997080503E-008
           9  2.595237397078113E-006 -2.867551444703724E-006
  1.002272170743888E-006 -1.079152352226430E-006
  2.509701456604209E-006 -2.133444933485304E-006
          10  6.944116821722938E-007 -3.704007065221301E-006
 -1.133306894632645E-007 -9.264291183516928E-007
  7.477307527960665E-007 -3.825476653649122E-006
          11 -1.326014525414011E-006 -3.372782912173153E-006
 -4.462925273115695E-007  1.552404712371218E-007
 -2.094273065204587E-006 -4.006963821267391E-006
          12 -2.775715112392309E-006 -1.997678252579213E-006
  6.044445243721344E-007  1.031575557997060E-006
 -4.722984210232833E-006 -2.105278442024762E-006
          13 -3.149504253463452E-006 -9.007355391727200E-008
  2.445405937023006E-006  3.978851571727015E-007
 -5.643650731996665E-006  1.399001523228765E-006
          14 -2.329593299934940E-006  1.574329234412685E-006
  3.310228348572056E-006 -2.225343250543877E-006
 -4.053657748396448E-006  5.192517189643022E-006
          15 -7.394179287727613E-007  2.311954515782101E-006
  1.411620236503110E-006 -5.519858516823291E-006
  9.121609010150125E-008  7.259425801571680E-006
          16  8.712558815884449E-007  1.856581638266876E-006
 -3.387083298019598E-006 -6.672971439622388E-006
  4.949055521675805E-006  6.088265139680757E-006
          17  1.676116095076961E-006  4.141261589402436E-007
 -8.582303118784876E-006 -3.492598224137087E-006
  8.165611998422707E-006  1.893934476362353E-006
          18  1.147149151095423E-006 -1.163174697445818E-006
 -1.039579227145815E-005  3.579618890242781E-006
  8.086359350076453E-006 -3.706325770686865E-006
          19 -4.991420983134230E-007 -1.833297491990922E-006
 -6.183231987119372E-006  1.092124947547301E-005
  4.356486736734798E-006 -8.230961321139009E-006
          20 -2.259490661678456E-006 -9.586157687174062E-007
  2.896163003314290E-006  1.354798517600504E-005
 -1.676542600628192E-006 -9.503277741363193E-006
          21 -2.935561407133332E-006  1.186876694331476E-006
  1.202871488012265E-005  8.670291612458429E-006
 -7.139348993964426E-006 -6.727542466638319E-006
          22 -1.764885274510564E-006  3.517824119473457E-006
  1.536089253383190E-005 -1.768145529960354E-006
 -9.937077559542820E-006 -1.140358562550953E-006
          23  1.048953587953697E-006  4.520026578988763E-006
  1.017148780710659E-005 -1.199796078386201E-005
 -8.754209779905882E-006  4.973950283702365E-006
          24  4.027165739764805E-006  3.240577733934618E-006
 -8.525098266741046E-007 -1.556515934201598E-005
 -4.133631138776490E-006  9.348106420579982E-006
          25  5.540272994066079E-006  2.590066492361979E-007
 -1.128462119957571E-005 -1.028212042118390E-005
  2.100807364243489E-006  9.891742683454174E-006
          26  4.869645738049883E-006 -3.096388189027881E-006
 -1.457987096887131E-005  7.737717313239834E-007
  7.569817875739963E-006  6.860397849169839E-006
          27  2.416109341551656E-006 -5.377772559648736E-006
 -9.006051671032346E-006  1.057835593215739E-005
  1.011792398585100E-005  1.043592505195590E-006
          28 -9.668630292329686E-007 -5.923742760555447E-006
  1.685850692208174E-006  1.294813385240633E-005
  8.743120826022370E-006 -5.157557208192738E-006
          29 -4.024882924586646E-006 -4.365700392831634E-006
  1.023795206343724E-005  7.020265015733152E-006
  3.797870352698714E-006 -9.142343446317381E-006
          30 -5.544800886822830E-006 -1.407901134406926E-006
  1.163800334682847E-005 -3.087147610169010E-006
 -2.305722678015859E-006 -9.413665238077058E-006
          31 -5.161829496319052E-006  1.642982077641786E-006
  5.170342506955279E-006 -1.074584598177003E-005
 -7.249638573658421E-006 -5.966863106785069E-006
          32 -3.313425873538366E-006  3.891131923260666E-006
 -4.750855089900660E-006 -1.102753679085635E-005
 -8.991232700275809E-006 -3.506821353304991E-007
