   409.600000000000     
          32           1           3
  1.124309127438499E-002   40.4513098517786        112.843347900781     
   40.0000000000000        115.000000000000        6211.00000000000     
           0  0.000000000000000E+000  0.000000000000000E+000
  0.000000000000000E+000  0.000000000000000E+000
  0.000000000000000E+000  0.000000000000000E+000
           1  0.000000000000000E+000  0.000000000000000E+000
 -7.052122125486470E-009  2.108966457477877E-009
 -2.177656509635379E-010 -3.540314568318293E-009
           2  0.000000000000000E+000  0.000000000000000E+000
 -6.886025649290354E-009  5.561463111732701E-009
 -5.067427694050065E-009 -8.268858436394722E-009
           3  0.000000000000000E+000  0.000000000000000E+000
 -4.190425170937046E-009  9.967586974283965E-009
 -1.763694483739434E-008 -7.790986649306528E-009
           4  0.000000000000000E+000  0.000000000000000E+000
  2.164805336022123E-009  1.276604208893495E-008
 -3.144826142447502E-008  8.141024523332544E-009
           5  0.000000000000000E+000  0.000000000000000E+000
  1.036141441912620E-008  1.076783114164751E-008
 -2.763534817508818E-008  3.995921920520343E-008
           6  0.000000000000000E+000  0.000000000000000E+000
  1.673808845812720E-008  3.069936007095726E-009
  7.881724247319183E-009  6.722833286957559E-008
           7  0.000000000000000E+000  0.000000000000000E+000
  1.682148912038367E-008 -8.399940586678136E-009
  6.792273474892727E-008  5.839461391324673E-008
           8  0.000000000000000E+000  0.000000000000000E+000
  9.047551001620421E-009 -1.839998493727594E-008
  1.129935239341573E-007 -4.527177301859845E-009
           9  0.000000000000000E+000  0.000000000000000E+000
 -4.472100800727099E-009 -2.120534647090271E-008
  9.599099535578954E-008 -9.996696292210391E-008
          10  0.000000000000000E+000  0.000000000000000E+000
 -1.733866780353673E-008 -1.487292692185190E-008
 -3.493910571378127E-010 -1.636520013430922E-007
          11  0.000000000000000E+000  0.000000000000000E+000
 -2.376495251230310E-008 -8.134169305741289E-010
 -1.332805100154651E-007 -1.356477896928682E-007
          12  0.000000000000000E+000  0.000000000000000E+000
 -1.937676029103356E-008  1.451946998792542E-008
 -2.156629182933275E-007 -1.674534329240534E-009
          13  0.000000000000000E+000  0.000000000000000E+000
 -5.795508524464483E-009  2.346241683689859E-008
 -1.696918435644416E-007  1.697384842918863E-007
          14  0.000000000000000E+000  0.000000000000000E+000
  9.860618538208995E-009  2.156579095612702E-008
  4.722434438951392E-009  2.609210464278500E-007
          15  0.000000000000000E+000  0.000000000000000E+000
  2.055291347960993E-008  1.014784576148406E-008
  2.061497571285849E-007  1.894551016308975E-007
          16  0.000000000000000E+000  0.000000000000000E+000
  2.097231895627474E-008 -4.845015077410731E-009
  2.946216712916884E-007 -2.344271578534089E-008
          17  0.000000000000000E+000  0.000000000000000E+000
  1.214801476857956E-008 -1.516416187711992E-008
  1.865906062285936E-007 -2.429206679836203E-007
          18  0.000000000000000E+000  0.000000000000000E+000
  5.487489056899836E-010 -1.704927127179449E-008
 -6.008961643167683E-008 -3.063720246889144E-007
          19  0.000000000000000E+000  0.000000000000000E+000
 -7.714061552844295E-009 -1.197685732079735E-008
 -2.735305481152070E-007 -1.539839414067454E-007
          20  0.000000000000000E+000  0.000000000000000E+000
 -1.064277611630241E-008 -5.362092887442273E-009
 -2.891805471504825E-007  1.108530322261802E-007
          21  0.000000000000000E+000  0.000000000000000E+000
 -9.718595112964171E-009 -5.405698075310642E-010
 -9.247154039659691E-008  2.896056931987184E-007
          22  0.000000000000000E+000  0.000000000000000E+000
 -9.034790531005423E-009  2.485470031600049E-009
  1.675485225720438E-007  2.430454428426646E-007
          23  0.000000000000000E+000  0.000000000000000E+000
 -8.376540785267406E-009  5.780434200005188E-009
  2.882392844593417E-007  1.170613905922178E-008
          24  0.000000000000000E+000  0.000000000000000E+000
 -5.843220684080532E-009  1.114525813482403E-008
  1.738848563529374E-007 -2.224175765527285E-007
          25  0.000000000000000E+000  0.000000000000000E+000
  9.817735304759426E-010  1.438627128493099E-008
 -7.624046070534611E-008 -2.695904895346860E-007
          26  0.000000000000000E+000  0.000000000000000E+000
  1.064214459427180E-008  1.301974882572687E-008
 -2.677745798499174E-007 -9.738494001591255E-008
          27  0.000000000000000E+000  0.000000000000000E+000
  1.782350508316509E-008  4.451023102348461E-009
 -2.453829711725179E-007  1.610849704933949E-007
          28  0.000000000000000E+000  0.000000000000000E+000
  1.840326358779854E-008 -7.949023288149774E-009
 -2.267728400418877E-008  3.087596760497519E-007
          29  0.000000000000000E+000  0.000000000000000E+000
  9.749947626989912E-009 -1.830519022338258E-008
  2.404511978125174E-007  2.199991607912682E-007
          30  0.000000000000000E+000  0.000000000000000E+000
 -3.661599038037182E-009 -2.116599452006376E-008
  3.432189395668912E-007 -4.681861219303600E-008
          31  0.000000000000000E+000  0.000000000000000E+000
 -1.611413373008011E-008 -1.434752886663155E-008
  1.979407145222588E-007 -3.097147036817328E-007
          32  0.000000000000000E+000  0.000000000000000E+000
 -2.125760776572704E-008 -1.230289502060313E-009
 -1.090543551516584E-007 -3.734226317178303E-007
