   409.600000000000     
          32           1           3
  1.124309127438499E-002   39.9174003885405        114.310138989925     
   40.0000000000000        115.000000000000        6211.00000000000     
           0  0.000000000000000E+000  0.000000000000000E+000
  0.000000000000000E+000  0.000000000000000E+000
  0.000000000000000E+000  0.000000000000000E+000
           1  0.000000000000000E+000  0.000000000000000E+000
  7.122097900504189E-009 -1.547441505748817E-009
  3.801290006445445E-008 -9.329052005108282E-009
           2  0.000000000000000E+000  0.000000000000000E+000
  7.550233115781099E-009 -4.131632672960619E-009
  3.957258013698491E-008 -2.495442803401986E-008
           3  0.000000000000000E+000  0.000000000000000E+000
  6.713945950045228E-009 -8.056515284277009E-009
  3.214829114523932E-008 -4.782392148398338E-008
           4  0.000000000000000E+000  0.000000000000000E+000
  3.186094697839723E-009 -1.232589310885014E-008
  7.518762950781686E-009 -7.018326954554640E-008
           5  0.000000000000000E+000  0.000000000000000E+000
 -3.371815359266967E-009 -1.483075054379049E-008
 -3.402506727019517E-008 -7.772088443835191E-008
           6  0.000000000000000E+000  0.000000000000000E+000
 -1.206469988310942E-008 -1.344695623735804E-008
 -8.323650783409394E-008 -5.805450669954197E-008
           7  0.000000000000000E+000  0.000000000000000E+000
 -2.011501936237367E-008 -6.445142869728662E-009
 -1.193153373453089E-007 -4.547516767861500E-009
           8  0.000000000000000E+000  0.000000000000000E+000
 -2.387779539957864E-008  5.750679132380293E-009
 -1.193980261796876E-007  7.279117454086029E-008
           9  0.000000000000000E+000  0.000000000000000E+000
 -1.970471919046262E-008  2.008179029850252E-008
 -6.644782664179213E-008  1.468708615349777E-007
          10  0.000000000000000E+000  0.000000000000000E+000
 -6.581989218612415E-009  3.163023012543778E-008
  3.358497121471162E-008  1.834344912320972E-007
          11  0.000000000000000E+000  0.000000000000000E+000
  1.374754822255017E-008  3.398886460490658E-008
  1.542343607250455E-007  1.480002191549823E-007
          12  0.000000000000000E+000  0.000000000000000E+000
  3.426065169573669E-008  2.280129744777952E-008
  2.404042207894299E-007  3.168794525285765E-008
          13  0.000000000000000E+000  0.000000000000000E+000
  4.562770553742714E-008 -9.765683879714021E-010
  2.371974384230379E-007 -1.332972892073828E-007
          14  0.000000000000000E+000  0.000000000000000E+000
  4.046364530001796E-008 -2.990577148136323E-008
  1.216758702884510E-007 -2.781707674230063E-007
          15  0.000000000000000E+000  0.000000000000000E+000
  1.662190946389470E-008 -5.214165115901208E-008
 -8.125033930084531E-008 -3.252473394825764E-007
          16  0.000000000000000E+000  0.000000000000000E+000
 -1.855756401323555E-008 -5.562089948862009E-008
 -2.877811772845178E-007 -2.249541436252976E-007
          17  0.000000000000000E+000  0.000000000000000E+000
 -5.054421646731982E-008 -3.602754731715209E-008
 -3.931267813892378E-007 -8.364188159682603E-010
          18  0.000000000000000E+000  0.000000000000000E+000
 -6.500606287214512E-008  7.338252300304923E-010
 -3.313270611238290E-007  2.568535149197476E-007
          19  0.000000000000000E+000  0.000000000000000E+000
 -5.402687439516071E-008  4.002368709427205E-008
 -1.104202805089878E-007  4.274848252358279E-007
          20  0.000000000000000E+000  0.000000000000000E+000
 -2.096781074983566E-008  6.570657336264914E-008
  1.811374291594161E-007  4.250589340002092E-007
          21  0.000000000000000E+000  0.000000000000000E+000
  2.100594158940908E-008  6.693211246500956E-008
  4.147516682112308E-007  2.382233461438603E-007
          22  0.000000000000000E+000  0.000000000000000E+000
  5.639844373683742E-008  4.353335741487994E-008
  4.912278774894791E-007 -5.888556708528519E-008
          23  0.000000000000000E+000  0.000000000000000E+000
  7.192136853892674E-008  4.167890700609891E-009
  3.714021914091108E-007 -3.474785497198366E-007
          24  0.000000000000000E+000  0.000000000000000E+000
  6.286193949887169E-008 -3.764479318675742E-008
  1.007472200774011E-007 -5.160425595592889E-007
          25  0.000000000000000E+000  0.000000000000000E+000
  3.159928220671473E-008 -6.713893512056228E-008
 -2.256883040254975E-007 -4.918242558920406E-007
          26  0.000000000000000E+000  0.000000000000000E+000
 -1.141993551689091E-008 -7.484883391323121E-008
 -4.856708792902038E-007 -2.800102213619201E-007
          27  0.000000000000000E+000  0.000000000000000E+000
 -5.204623787370339E-008 -5.677286112216418E-008
 -5.773656026462574E-007  5.520440037833162E-008
          28  0.000000000000000E+000  0.000000000000000E+000
 -7.646796735005356E-008 -1.866169546594831E-008
 -4.566587087978696E-007  3.921015439589638E-007
          29  0.000000000000000E+000  0.000000000000000E+000
 -7.523680237150273E-008  2.766325382963976E-008
 -1.508535147449461E-007  6.059955117260340E-007
          30  0.000000000000000E+000  0.000000000000000E+000
 -4.809721413315197E-008  6.626003029898715E-008
  2.346547326218577E-007  6.046519743084664E-007
          31  0.000000000000000E+000  0.000000000000000E+000
 -2.995923262896957E-009  8.332830252299441E-008
  5.613158953837567E-007  3.715016718526016E-007
          32  0.000000000000000E+000  0.000000000000000E+000
  4.463149284391192E-008  7.204284913535291E-008
  6.972134355733439E-007 -2.136010026611340E-008
