   409.600000000000     
          32           1           3
  1.124309127438499E-002   41.9368756091260        114.906796768718     
   40.0000000000000        115.000000000000        6211.00000000000     
           0  0.000000000000000E+000  0.000000000000000E+000
  0.000000000000000E+000  0.000000000000000E+000
  0.000000000000000E+000  0.000000000000000E+000
           1  0.000000000000000E+000  0.000000000000000E+000
 -2.245980503812950E-008  7.153439985878293E-009
 -1.059032547764861E-010 -1.028962955302925E-010
           2  0.000000000000000E+000  0.000000000000000E+000
 -2.131270831600553E-008  1.870739303030851E-008
 -3.029878884578348E-010 -2.141897331808165E-010
           3  0.000000000000000E+000  0.000000000000000E+000
 -1.119600891968078E-008  3.258729971978004E-008
 -7.322013978928618E-010 -6.593974352789538E-011
           4  0.000000000000000E+000  0.000000000000000E+000
  1.055457016763052E-008  3.942578600010710E-008
 -1.039901929099770E-009  6.594544979554741E-010
           5  0.000000000000000E+000  0.000000000000000E+000
  3.577806655555533E-008  2.928410730229171E-008
 -5.063579583300189E-010  1.754178467107908E-009
           6  0.000000000000000E+000  0.000000000000000E+000
  5.142558757269990E-008  2.104475760347601E-009
  1.122436308906378E-009  2.236746555723104E-009
           7  0.000000000000000E+000  0.000000000000000E+000
  4.482134817282652E-008 -3.225454446344367E-008
  3.069698247795707E-009  1.055602623526640E-009
           8  0.000000000000000E+000  0.000000000000000E+000
  1.624058098786567E-008 -5.587415139014069E-008
  3.585753939436169E-009 -1.754071228806685E-009
           9  0.000000000000000E+000  0.000000000000000E+000
 -2.259131240134019E-008 -5.443276793923860E-008
  1.459714939103227E-009 -4.520474436271231E-009
          10  0.000000000000000E+000  0.000000000000000E+000
 -5.120879080314984E-008 -2.982003220947329E-008
 -2.581391107694066E-009 -4.751701941501185E-009
          11  0.000000000000000E+000  0.000000000000000E+000
 -5.819082053293802E-008  8.095487988631265E-009
 -5.835345351472327E-009 -1.527160026789987E-009
          12  0.000000000000000E+000  0.000000000000000E+000
 -3.974226136544325E-008  4.033464586268073E-008
 -5.477750785850147E-009  3.571937582026067E-009
          13  0.000000000000000E+000  0.000000000000000E+000
 -6.811217239052021E-009  5.290999955789229E-008
 -1.031051526379191E-009  6.844864321143218E-009
          14  0.000000000000000E+000  0.000000000000000E+000
  2.265415946067761E-008  4.398133041775999E-008
  4.663265267236627E-009  5.393664509097064E-009
          15  0.000000000000000E+000  0.000000000000000E+000
  4.018107325024507E-008  2.184019432046582E-008
  7.215997981103134E-009 -1.158005058982229E-010
          16  0.000000000000000E+000  0.000000000000000E+000
  4.163452602153208E-008 -2.918913012424644E-009
  4.375436170076379E-009 -5.703696316586442E-009
          17  0.000000000000000E+000  0.000000000000000E+000
  3.209546287846857E-008 -2.075478240027669E-008
 -1.938615694324887E-009 -6.776639275423780E-009
          18  0.000000000000000E+000  0.000000000000000E+000
  1.893527801661872E-008 -3.209692606207547E-008
 -6.496765031999172E-009 -2.188265180816776E-009
          19  0.000000000000000E+000  0.000000000000000E+000
  2.987375178244154E-009 -3.831036418585508E-008
 -5.222562928689734E-009  4.227384623517014E-009
          20  0.000000000000000E+000  0.000000000000000E+000
 -1.842683495320498E-008 -3.876356364421134E-008
  1.022994548113278E-009  6.590155458917874E-009
          21  0.000000000000000E+000  0.000000000000000E+000
 -3.980554004118180E-008 -2.612723262270866E-008
  6.430239767619970E-009  2.451002484262395E-009
          22  0.000000000000000E+000  0.000000000000000E+000
 -5.353831394579067E-008  2.130087879411647E-009
  5.656356447196700E-009 -4.669150738900879E-009
          23  0.000000000000000E+000  0.000000000000000E+000
 -4.503738540615181E-008  3.617830665002548E-008
 -1.121934874543238E-009 -7.930347941843724E-009
          24  0.000000000000000E+000  0.000000000000000E+000
 -1.315192114765123E-008  6.122304089684014E-008
 -8.088474174916110E-009 -3.704927033256259E-009
          25  0.000000000000000E+000  0.000000000000000E+000
  2.842621121657563E-008  5.597621662228575E-008
 -8.288678919848114E-009  4.940705973213409E-009
          26  0.000000000000000E+000  0.000000000000000E+000
  5.823012314843976E-008  2.560008342386853E-008
 -1.027428175924518E-009  1.042902339263915E-008
          27  0.000000000000000E+000  0.000000000000000E+000
  5.860830394912405E-008 -1.653296697631991E-008
  8.163760150061466E-009  7.567904880037306E-009
          28  0.000000000000000E+000  0.000000000000000E+000
  3.406628619045646E-008 -4.709713681843136E-008
  1.155924194377323E-008 -1.773623454716367E-009
          29  0.000000000000000E+000  0.000000000000000E+000
 -2.968981197500761E-009 -5.235981338299778E-008
  5.954386898038741E-009 -1.055624318126609E-008
          30  0.000000000000000E+000  0.000000000000000E+000
 -2.974901906502630E-008 -3.637019700734712E-008
 -4.533585043334443E-009 -1.138814973586546E-008
          31  0.000000000000000E+000  0.000000000000000E+000
 -3.900068631397741E-008 -1.068447562827419E-008
 -1.177547764096350E-008 -3.598455383411495E-009
          32  0.000000000000000E+000  0.000000000000000E+000
 -3.243937324778018E-008  9.949114298520626E-009
 -1.004939254087032E-008  6.923697877861666E-009
