   409.600000000000     
          32           1           3
  1.124309127438499E-002   40.3127705981604        112.931347616803     
   40.0000000000000        115.000000000000        6211.00000000000     
           0  0.000000000000000E+000  0.000000000000000E+000
  0.000000000000000E+000  0.000000000000000E+000
  0.000000000000000E+000  0.000000000000000E+000
           1  4.035474488214256E-006 -9.888364970841035E-007
  2.692172316850737E-006 -3.623688253403614E-007
 -2.834612139999113E-007  6.572472710001771E-008
           2  4.168318738543459E-006 -2.998572130132516E-006
  3.175816131841053E-006 -1.036928041443185E-006
 -2.774014776144909E-007  2.461433207330227E-007
           3  2.444630224690921E-006 -5.621804661611442E-006
  3.554049205931581E-006 -2.728179404389638E-006
 -3.776430841941313E-008  3.851664734827842E-007
           4 -1.349333415034034E-006 -6.580713810872391E-006
  2.420579488402338E-006 -5.230295540326596E-006
  2.249157689089184E-007  2.243654095000426E-007
           5 -5.076092372462296E-006 -4.485613617521294E-006
 -8.203979949445381E-007 -6.855400100453062E-006
  1.934535735320802E-007 -1.304647635978576E-007
           6 -6.309299023965470E-006 -4.072611905163080E-007
 -4.994883318018351E-006 -5.822213977934488E-006
 -2.415007342369401E-007 -2.475733981279998E-007
           7 -4.478361712144570E-006  3.143716688689246E-006
 -7.676311379715253E-006 -2.107495203366241E-006
 -6.478822994081409E-007  1.981115882859871E-007
           8 -1.008625297077812E-006  4.195403330471744E-006
 -7.404611644461722E-006  2.455730425098700E-006
 -4.442469559870844E-007  1.027247490262577E-006
           9  1.725589917041759E-006  2.370956742702026E-006
 -4.536750884914140E-006  5.575560290980481E-006
  5.561914498024930E-007  1.442455301439320E-006
          10  1.644654745743770E-006 -6.657009071944820E-007
 -9.005829353052991E-007  6.139744305107711E-006
  1.766310560294028E-006  9.626823660523171E-007
          11 -1.090209322028564E-006 -2.077101213359981E-006
  1.488348932610465E-006  4.619580143484783E-006
  2.464731070855641E-006 -4.706884284173422E-007
          12 -4.117771425691129E-006 -2.718859262204698E-007
  1.796892810414562E-006  3.041381657298176E-006
  1.960860621246123E-006 -2.307135816910107E-006
          13 -4.730305746143984E-006  3.966005811368013E-006
  1.497222880768467E-006  3.166896146653543E-006
  5.319575198032401E-008 -3.538620980268498E-006
          14 -1.479608129048037E-006  8.201272477671831E-006
  2.782689191754789E-006  4.195702241386977E-006
 -2.468357005930412E-006 -3.156449454355864E-006
          15  5.005005942410273E-006  9.142538468026073E-006
  6.071413124933394E-006  4.027083108938003E-006
 -4.280790439174230E-006 -9.379656318215607E-007
          16  1.121469604174441E-005  4.725057696925287E-006
  9.620977271288821E-006  5.786168797388515E-007
 -4.127311136287849E-006  2.065119192631164E-006
          17  1.304478007824303E-005 -3.475238341926207E-006
  1.034802707063222E-005 -5.822575804192492E-006
 -2.024134019277972E-006  4.316177628530924E-006
          18  8.792128363227763E-006 -1.135890270183174E-005
  6.058126425266293E-006 -1.237079201532525E-005
  1.085573574730507E-006  4.648116836305218E-006
          19  7.188287172079221E-008 -1.470733393774871E-005
 -2.330663672800969E-006 -1.498602692470742E-005
  3.550594260404479E-006  2.915602478357185E-006
          20 -8.670509121327184E-006 -1.131764164099117E-005
 -1.105341012641542E-005 -1.164736926098116E-005
  4.339901814750409E-006  2.468946154936238E-007
          21 -1.244784277613565E-005 -3.386772227597268E-006
 -1.602186415150316E-005 -3.312805254156358E-006
  3.360736419856237E-006 -2.030016897375890E-006
          22 -9.959277293046485E-006  3.785083407658282E-006
 -1.487456892071305E-005  5.988417820357285E-006
  1.608644928359233E-006 -3.139715841057812E-006
          23 -4.587115992911286E-006  6.179915127980441E-006
 -8.943913995694104E-006  1.239671514582957E-005
 -5.770780375919641E-008 -3.082060365526672E-006
          24 -1.173382119265198E-006  4.227862199697596E-006
 -1.509770649486209E-006  1.427301216613221E-005
 -1.209201138633017E-006 -2.655169141272706E-006
          25 -2.126737685244291E-006  1.849535055421684E-006
  5.171054089603196E-006  1.249184674376025E-005
 -2.104767372202880E-006 -1.939747469138138E-006
          26 -5.308230183810079E-006  3.769482374921060E-006
  9.571260660811771E-006  8.634952067994182E-006
 -2.989042754328395E-006 -1.039374997420320E-006
          27 -4.740411316503062E-006  1.023402313295486E-005
  1.247443962138456E-005  3.817446642708704E-006
 -3.514508624584573E-006  5.230099798917354E-007
          28  3.048611356974190E-006  1.547642723775522E-005
  1.359342091688884E-005 -2.384670578643954E-006
 -3.159172274806067E-006  2.580679253499085E-006
          29  1.467490746786702E-005  1.302633080998502E-005
  1.100210867763745E-005 -9.507014423908391E-006
 -1.268691455393939E-006  4.271317838986282E-006
          30  2.246750486073436E-005  1.514056102657243E-006
  4.374059685133705E-006 -1.404923266350135E-005
  1.460820998586214E-006  4.561280651559396E-006
          31  2.042298783551359E-005 -1.334686807491259E-005
 -3.940038309626277E-006 -1.397057558975972E-005
  4.001635098147903E-006  3.018248978770722E-006
          32  8.757170488320235E-006 -2.391693269450282E-005
 -1.049217939984694E-005 -8.914988139135454E-006
  5.141131736918475E-006  1.009226989725148E-007
