   409.600000000000     
          32           1           3
  1.124309127438499E-002   38.7110422084461        117.331720884235     
   40.0000000000000        115.000000000000        6211.00000000000     
           0  0.000000000000000E+000  0.000000000000000E+000
  0.000000000000000E+000  0.000000000000000E+000
  0.000000000000000E+000  0.000000000000000E+000
           1  0.000000000000000E+000  0.000000000000000E+000
  1.086882957411241E-008 -3.732259784251429E-009
  4.176120854460580E-009  1.641039727333596E-009
           2  0.000000000000000E+000  0.000000000000000E+000
  9.891265477279366E-009 -9.627312608159438E-009
  8.835124929690466E-009  2.539842669004772E-009
           3  0.000000000000000E+000  0.000000000000000E+000
  4.068245499666061E-009 -1.609178549796737E-008
  1.687007152435070E-008 -3.807789585052309E-009
           4  0.000000000000000E+000  0.000000000000000E+000
 -7.092708151384303E-009 -1.794311798059193E-008
  1.768760475731754E-008 -2.187102278392410E-008
           5  0.000000000000000E+000  0.000000000000000E+000
 -1.814933960818437E-008 -1.094607441580553E-008
 -3.132091025059366E-009 -4.050955866826271E-008
           6  0.000000000000000E+000  0.000000000000000E+000
 -2.254388852068791E-008  2.802834664312637E-009
 -4.104894526130393E-008 -3.490174800329372E-008
           7  0.000000000000000E+000  0.000000000000000E+000
 -1.609461182459631E-008  1.671025230195209E-008
 -6.676697015063101E-008  7.961156377069456E-009
           8  0.000000000000000E+000  0.000000000000000E+000
 -2.370140881655846E-009  2.295463947749134E-008
 -4.514816542887433E-008  6.452186356810575E-008
           9  0.000000000000000E+000  0.000000000000000E+000
  1.158015109788869E-008  1.842253054583891E-008
  2.206303175169915E-008  8.581447308721011E-008
          10  0.000000000000000E+000  0.000000000000000E+000
  1.865497439460699E-008  8.182056041611276E-009
  8.501088003758915E-008  4.010693573951248E-008
          11  0.000000000000000E+000  0.000000000000000E+000
  1.875541024541479E-008 -3.302257604907769E-009
  8.706492496716999E-008 -4.183606145448770E-008
          12  0.000000000000000E+000  0.000000000000000E+000
  1.348272124510754E-008 -1.153367364859926E-008
  1.910265610427014E-008 -9.350635596552262E-008
          13  0.000000000000000E+000  0.000000000000000E+000
  5.947030125904245E-009 -1.597087150450008E-008
 -6.169115178030544E-008 -6.655296879331906E-008
          14  0.000000000000000E+000  0.000000000000000E+000
 -1.798498454445257E-009 -1.763538276126517E-008
 -8.225866118268823E-008  1.550543800952816E-008
          15  0.000000000000000E+000  0.000000000000000E+000
 -1.136534689821394E-008 -1.565660049982992E-008
 -2.383203548397369E-008  7.239149896525034E-008
          16  0.000000000000000E+000  0.000000000000000E+000
 -1.990526565544190E-008 -7.760009258229918E-009
  5.362549082497585E-008  4.876205928033884E-008
          17  0.000000000000000E+000  0.000000000000000E+000
 -2.301175173651082E-008  5.310696890331294E-009
  6.765453020636519E-008 -3.419980347947898E-008
          18  0.000000000000000E+000  0.000000000000000E+000
 -1.678402518713946E-008  1.982460547376842E-008
 -6.684388310801824E-009 -8.700824349702276E-008
          19  0.000000000000000E+000  0.000000000000000E+000
 -1.063543432963639E-009  2.759135387789174E-008
 -9.742830233060169E-008 -3.962861095347075E-008
          20  0.000000000000000E+000  0.000000000000000E+000
  1.788771130924783E-008  2.276065389804195E-008
 -9.961247153926147E-008  7.899385631420096E-008
          21  0.000000000000000E+000  0.000000000000000E+000
  2.798813180673455E-008  6.099429740212313E-009
  1.592231253789569E-008  1.465712476931359E-007
          22  0.000000000000000E+000  0.000000000000000E+000
  2.460250970511661E-008 -1.322412068464475E-008
  1.480637824722323E-007  7.642889431778616E-008
          23  0.000000000000000E+000  0.000000000000000E+000
  9.731843541539259E-009 -2.363668056556428E-008
  1.584871065066118E-007 -8.591951151108814E-008
          24  0.000000000000000E+000  0.000000000000000E+000
 -6.692763549799848E-009 -2.248925196082712E-008
  2.114119731989655E-008 -1.899799653152746E-007
          25  0.000000000000000E+000  0.000000000000000E+000
 -1.537160913638150E-008 -1.152771725192251E-008
 -1.499466183843408E-007 -1.243586054571816E-007
          26  0.000000000000000E+000  0.000000000000000E+000
 -1.624657706860857E-008 -1.515821386282895E-009
 -1.837778421640374E-007  5.440582069059408E-008
          27  0.000000000000000E+000  0.000000000000000E+000
 -1.243536673484823E-008  4.732406677366344E-009
 -5.074266306132180E-008  1.787907155381086E-007
          28  0.000000000000000E+000  0.000000000000000E+000
 -9.682507030252026E-009  8.356258054731548E-009
  1.194979836112905E-007  1.289057927893453E-007
          29  0.000000000000000E+000  0.000000000000000E+000
 -6.104233515213328E-009  1.168052655772665E-008
  1.652652695262875E-007 -3.811108398753522E-008
          30  0.000000000000000E+000  0.000000000000000E+000
 -1.676433731795445E-010  1.599549905263911E-008
  3.980276060285771E-008 -1.590134290211805E-007
          31  0.000000000000000E+000  0.000000000000000E+000
  9.856932389903099E-009  1.555175107524015E-008
 -1.230851916496966E-007 -1.073776202722734E-007
          32  0.000000000000000E+000  0.000000000000000E+000
  1.917781970927733E-008  7.518698092426094E-009
 -1.572119099062060E-007  6.278247654732776E-008
