   409.600000000000     
          32           1           3
  1.124309127438499E-002   39.9072766129232        113.752742877396     
   40.0000000000000        115.000000000000        6211.00000000000     
           0  0.000000000000000E+000  0.000000000000000E+000
  0.000000000000000E+000  0.000000000000000E+000
  0.000000000000000E+000  0.000000000000000E+000
           1  9.137513935738243E-006 -1.396836438470398E-006
  2.847362424288622E-006 -1.760472170515717E-007
 -6.452930054813127E-007  9.495347809819255E-008
           2  1.004707146322881E-005 -4.016448263453623E-006
  3.258034560774057E-006 -3.511733117939888E-007
 -6.989211844983549E-007  2.984343741160805E-007
           3  9.682825491476421E-006 -8.357167038872742E-006
  4.159891753023826E-006 -1.088881985600869E-006
 -6.074375261500726E-007  5.719992375523273E-007
           4  6.553613362744751E-006 -1.306390166900627E-005
  4.828832967985663E-006 -2.958047518612894E-006
 -3.912656830437943E-007  7.654790400873859E-007
           5  6.807264887892346E-007 -1.606973001778047E-005
  4.277196989614430E-006 -5.706637428432833E-006
 -1.519027187032567E-007  8.301501140452267E-007
           6 -6.552445274918897E-006 -1.589524345066774E-005
  1.853974453667421E-006 -8.227262912821947E-006
 -4.038959780790941E-009  8.715932596664720E-007
           7 -1.333212095241735E-005 -1.215793877064942E-005
 -1.948941252220975E-006 -9.318221689929382E-006
  1.643913171273540E-007  1.024809463159219E-006
           8 -1.786430417121748E-005 -5.284077717297212E-006
 -6.128980648969270E-006 -8.373162878507235E-006
  5.643919624044344E-007  1.265767783248530E-006
           9 -1.852064205650638E-005  3.274144804535797E-006
 -9.607923882554707E-006 -5.618871168037439E-006
  1.316479813562526E-006  1.257542498205269E-006
          10 -1.485347484990574E-005  1.113332343210985E-005
 -1.170545001987930E-005 -1.437408499512328E-006
  2.194361764018311E-006  7.623141274059348E-007
          11 -7.849933938642167E-006  1.610120156972615E-005
 -1.193568232340123E-005  3.267103382884505E-006
  2.882296484283779E-006 -3.883628127576864E-007
          12  4.925019551275992E-007  1.686436553807956E-005
 -1.054879636328204E-005  7.788724716342023E-006
  2.881845752763561E-006 -2.113344807460884E-006
          13  7.707974533134455E-006  1.327431158078731E-005
 -7.759976346248076E-006  1.206639740057571E-005
  1.690629919708496E-006 -3.939504086641589E-006
          14  1.144259744802075E-005  6.803395038543065E-006
 -2.966273734337475E-006  1.574255484231680E-005
 -7.226391584840966E-007 -4.978175035658302E-006
          15  1.089257357348867E-005  9.632816693856467E-008
  4.058802443810292E-006  1.778873332046984E-005
 -3.771020154344691E-006 -4.317184668334220E-006
          16  6.798514275915098E-006 -4.403738294311599E-006
  1.296482294512095E-005  1.629127134456947E-005
 -6.117867806309238E-006 -1.703384682900665E-006
          17  1.302134163650089E-006 -4.853188682668825E-006
  2.154338810644326E-005  9.584651914265887E-006
 -6.562514127969112E-006  2.141379206707191E-006
          18 -2.479210600024489E-006 -1.241780507863392E-006
  2.619670936266625E-005 -2.464818547084583E-006
 -4.505507605799625E-006  5.802947250132335E-006
          19 -2.078748578274341E-006  4.142771211474318E-006
  2.317948089754769E-005 -1.699835450368983E-005
 -4.799976644143841E-007  7.630309739292110E-006
          20  2.732037236091352E-006  8.025252756820865E-006
  1.144380855334344E-005 -2.859785628900794E-005
  4.036618899535941E-006  6.731695467377268E-006
          21  1.025342979990962E-005  7.633780755001139E-006
 -6.502872774735507E-006 -3.160887976764722E-005
  7.162094004311680E-006  3.289971143855323E-006
          22  1.724044888327478E-005  1.492195557975034E-006
 -2.380890515768812E-005 -2.297092059463568E-005
  7.725823457104111E-006 -1.346596005198084E-006
          23  1.957027592508191E-005 -9.498041938103690E-006
 -3.288110920649251E-005 -4.739167521570282E-006
  5.484684503733032E-006 -5.348618267592979E-006
          24  1.451019198914066E-005 -2.139023532309990E-005
 -2.880723044963970E-005  1.566228822672156E-005
  1.455949252146153E-006 -7.350708110768057E-006
          25  2.584223382893603E-006 -2.968821676818041E-005
 -1.239658687330272E-005  2.957815286363581E-005
 -2.865411912985108E-006 -6.579411112648983E-006
          26 -1.377859659785984E-005 -3.057342341780655E-005
  9.267362659671778E-006  2.958804057527155E-005
 -5.862298247071335E-006 -3.631798145846595E-006
          27 -2.957212622919228E-005 -2.179814192481343E-005
  2.597518383240230E-005  1.548060645394404E-005
 -6.535832945942411E-006  3.754874515785817E-007
          28 -3.883736848208600E-005 -4.906743412459941E-006
  2.934448373629241E-005 -6.326772682268078E-006
 -4.899838185261217E-006  3.870299058784801E-006
          29 -3.795862439046442E-005  1.504352453039446E-005
  1.740479181321780E-005 -2.560419893799764E-005
 -1.598484695821524E-006  5.688879397070405E-006
          30 -2.686426800942779E-005  3.205457003661410E-005
 -5.262017112158690E-006 -3.230858373987233E-005
  1.922421931581639E-006  5.248005098691940E-006
          31 -8.562739656558970E-006  4.148585032805318E-005
 -2.762125001384628E-005 -2.211304740097305E-005
  4.384573845198563E-006  2.941762667218838E-006
          32  1.220150257154390E-005  4.025289138550001E-005
 -3.862902465663166E-005  1.008909370698130E-006
  5.020947614735865E-006 -1.959416111400515E-007
