   409.600000000000     
          32           1           3
  1.124309127438499E-002   38.7059803206374        117.053022827970     
   40.0000000000000        115.000000000000        6211.00000000000     
           0  0.000000000000000E+000  0.000000000000000E+000
  0.000000000000000E+000  0.000000000000000E+000
  0.000000000000000E+000  0.000000000000000E+000
           1  0.000000000000000E+000  0.000000000000000E+000
  1.307038634888342E-008 -4.293520728169325E-009
  3.097118747103898E-009  1.954303335914227E-009
           2  0.000000000000000E+000  0.000000000000000E+000
  1.220498759924143E-008 -1.117114957090618E-008
  7.489373904976117E-009  3.718406189281467E-009
           3  0.000000000000000E+000  0.000000000000000E+000
  5.864267138743732E-009 -1.915215149534277E-008
  1.623238748565695E-008 -7.555606189224389E-010
           4  0.000000000000000E+000  0.000000000000000E+000
 -7.152392517432268E-009 -2.245072488927136E-008
  2.054302529845287E-008 -1.742492259508951E-008
           5  0.000000000000000E+000  0.000000000000000E+000
 -2.136898813588342E-008 -1.548547000100098E-008
  5.191113483469660E-009 -3.923910969978210E-008
           6  0.000000000000000E+000  0.000000000000000E+000
 -2.895927788665284E-008  7.985610873718933E-010
 -3.160773824968883E-008 -4.330569695102410E-008
           7  0.000000000000000E+000  0.000000000000000E+000
 -2.333986580272851E-008  1.967054425695239E-008
 -6.784635652838600E-008 -1.007192811888182E-008
           8  0.000000000000000E+000  0.000000000000000E+000
 -6.360200609514324E-009  3.083592723803834E-008
 -6.549361477558030E-008  5.080937182581377E-008
           9  0.000000000000000E+000  0.000000000000000E+000
  1.414417934942132E-008  2.764499711481499E-008
 -8.251003636750510E-009  9.636375573245360E-008
          10  0.000000000000000E+000  0.000000000000000E+000
  2.718592594284163E-008  1.348068428712323E-008
  7.320815386723148E-008  7.862659570894993E-008
          11  0.000000000000000E+000  0.000000000000000E+000
  2.875753690329868E-008 -5.409446240757373E-009
  1.165023479234712E-007 -2.535338749994798E-009
          12  0.000000000000000E+000  0.000000000000000E+000
  1.898697991836110E-008 -1.981724069667241E-008
  7.750921353726651E-008 -9.478966443181442E-008
          13  0.000000000000000E+000  0.000000000000000E+000
  4.085637951597093E-009 -2.501505162620155E-008
 -2.380504470087076E-008 -1.227816497306038E-007
          14  0.000000000000000E+000  0.000000000000000E+000
 -8.527521610643672E-009 -2.199949109419435E-008
 -1.103091710240082E-007 -5.658183906340940E-008
          15  0.000000000000000E+000  0.000000000000000E+000
 -1.767407719082608E-008 -1.414916685547533E-008
 -1.083392046512990E-007  5.254063118237358E-008
          16  0.000000000000000E+000  0.000000000000000E+000
 -2.202120557037137E-008 -3.690902926485835E-009
 -1.741472469851545E-008  1.143201072354574E-007
          17  0.000000000000000E+000  0.000000000000000E+000
 -2.182792236069285E-008  7.309353448180048E-009
  8.479316350023743E-008  7.144600116587602E-008
          18  0.000000000000000E+000  0.000000000000000E+000
 -1.664198929431315E-008  1.880371325815729E-008
  1.011571437431906E-007 -3.946754257685430E-008
          19  0.000000000000000E+000  0.000000000000000E+000
 -4.484221525267108E-009  2.723828974436091E-008
  1.047571550636926E-008 -1.113717357143067E-007
          20  0.000000000000000E+000  0.000000000000000E+000
  1.384072096794968E-008  2.748791137150436E-008
 -1.035828697499394E-007 -6.329119825766274E-008
          21  0.000000000000000E+000  0.000000000000000E+000
  2.938856448384559E-008  1.489779972705677E-008
 -1.183777287314689E-007  6.823726436774177E-008
          22  0.000000000000000E+000  0.000000000000000E+000
  3.429049666305614E-008 -7.301847772898148E-009
 -1.628860308227797E-009  1.560556228253245E-007
          23  0.000000000000000E+000  0.000000000000000E+000
  2.241263982983681E-008 -2.753326275764910E-008
  1.461824145262509E-007  9.752689698751098E-008
          24  0.000000000000000E+000  0.000000000000000E+000
 -6.650575615798344E-010 -3.608249029242076E-008
  1.826634001388480E-007 -7.311865987324425E-008
          25  0.000000000000000E+000  0.000000000000000E+000
 -2.201293685921277E-008 -2.551025682655354E-008
  4.848652066609755E-008 -2.055542512912071E-007
          26  0.000000000000000E+000  0.000000000000000E+000
 -3.128243187098275E-008 -5.730427250361108E-009
 -1.436131675569611E-007 -1.705506719439630E-007
          27  0.000000000000000E+000  0.000000000000000E+000
 -2.481263464168838E-008  1.314770478491337E-008
 -2.291448138763895E-007  1.448536939617058E-008
          28  0.000000000000000E+000  0.000000000000000E+000
 -1.112439789059709E-008  2.206547978795678E-008
 -1.278030000914061E-007  1.929488677378470E-007
          29  0.000000000000000E+000  0.000000000000000E+000
  2.730053203095418E-009  2.012337344574619E-008
  8.001866764595739E-008  2.172550554950253E-007
          30  0.000000000000000E+000  0.000000000000000E+000
  9.777498869570326E-009  1.416919179064520E-008
  2.161968929551787E-007  6.042904986642545E-008
          31  0.000000000000000E+000  0.000000000000000E+000
  1.271565276754754E-008  7.987764655723060E-009
  1.684989445771104E-007 -1.371709846306413E-007
          32  0.000000000000000E+000  0.000000000000000E+000
  1.448134654230385E-008  3.061431846180259E-009
 -1.844610304643476E-008 -2.083331802565791E-007
