   409.600000000000     
          32           1           3
  1.124309127438499E-002   40.6585864647018        111.396090778177     
   40.0000000000000        115.000000000000        6211.00000000000     
           0  0.000000000000000E+000  0.000000000000000E+000
  0.000000000000000E+000  0.000000000000000E+000
  0.000000000000000E+000  0.000000000000000E+000
           1  0.000000000000000E+000  0.000000000000000E+000
 -3.429325526500855E-009  1.362045026032901E-009
 -6.603567269973241E-009 -5.986450281327621E-010
           2  0.000000000000000E+000  0.000000000000000E+000
 -2.794089628119687E-009  3.369739690509337E-009
 -1.144956321612288E-008  1.473549643899114E-009
           3  0.000000000000000E+000  0.000000000000000E+000
 -4.058358902543892E-010  5.057858596236732E-009
 -1.497974914951932E-008  1.277732720316159E-008
           4  0.000000000000000E+000  0.000000000000000E+000
  3.124468300309889E-009  4.589486436687551E-009
 -3.124096458115485E-009  2.930520486510860E-008
           5  0.000000000000000E+000  0.000000000000000E+000
  5.314915023215469E-009  1.569177068047698E-009
  2.671224014570044E-008  2.827097674673000E-008
           6  0.000000000000000E+000  0.000000000000000E+000
  4.926854907573662E-009 -1.929967683778563E-009
  4.566512331910444E-008 -4.391092212316580E-009
           7  0.000000000000000E+000  0.000000000000000E+000
  2.565249813526240E-009 -3.932605642975590E-009
  2.425026510078644E-008 -4.300978052200657E-008
           8  0.000000000000000E+000  0.000000000000000E+000
  3.539187752612812E-010 -4.196764096553355E-009
 -2.261232010432111E-008 -4.141083985036350E-008
           9  0.000000000000000E+000  0.000000000000000E+000
 -1.296077885861329E-009 -3.698658636102161E-009
 -4.086722152333315E-008  5.036880600489732E-010
          10  0.000000000000000E+000  0.000000000000000E+000
 -3.017632996719992E-009 -3.402578510693909E-009
 -8.422758344768002E-009  2.940564786801377E-008
          11  0.000000000000000E+000  0.000000000000000E+000
 -5.208973038262327E-009 -1.523737875398068E-009
  2.302457808602094E-008  6.019343265431473E-009
          12  0.000000000000000E+000  0.000000000000000E+000
 -5.952394272035149E-009  2.111185386648493E-009
  4.973428501686436E-009 -3.033971062694759E-008
          13  0.000000000000000E+000  0.000000000000000E+000
 -3.569239352942193E-009  5.907419972754137E-009
 -4.169239219848849E-008 -1.789622211218984E-008
          14  0.000000000000000E+000  0.000000000000000E+000
  9.922157706742596E-010  7.334288686488815E-009
 -4.664430776124014E-008  3.920173626952353E-008
          15  0.000000000000000E+000  0.000000000000000E+000
  5.571855765869824E-009  4.955337200091262E-009
  1.369923587516394E-008  7.283706699108283E-008
          16  0.000000000000000E+000  0.000000000000000E+000
  7.192073704633981E-009  2.193753160092511E-010
  7.723070811195830E-008  2.925567894813867E-008
          17  0.000000000000000E+000  0.000000000000000E+000
  5.394610363809127E-009 -3.914597557973175E-009
  6.817181870093785E-008 -5.298400811525232E-008
          18  0.000000000000000E+000  0.000000000000000E+000
  1.972102483169338E-009 -5.770593200315108E-009
 -1.202548377891367E-008 -8.352959480586424E-008
          19  0.000000000000000E+000  0.000000000000000E+000
 -1.213985943690811E-009 -5.371882832711711E-009
 -7.359673304509579E-008 -2.455061294352928E-008
          20  0.000000000000000E+000  0.000000000000000E+000
 -3.643257849432694E-009 -3.839267396170643E-009
 -4.453225025737575E-008  5.211284311378405E-008
          21  0.000000000000000E+000  0.000000000000000E+000
 -5.049780775912232E-009 -1.790720902032381E-009
  3.840236440974807E-008  4.927540703872168E-008
          22  0.000000000000000E+000  0.000000000000000E+000
 -5.703260380240847E-009  1.356742533579534E-009
  5.429086443766991E-008 -3.345744025145867E-008
          23  0.000000000000000E+000  0.000000000000000E+000
 -4.159828608852052E-009  4.673193534459202E-009
 -2.805902533168572E-008 -7.186676319347208E-008
          24  0.000000000000000E+000  0.000000000000000E+000
 -2.037405906415721E-010  6.580813813749082E-009
 -9.407914206702876E-008  7.846801977289552E-009
          25  0.000000000000000E+000  0.000000000000000E+000
  3.691507555290102E-009  5.114489612154107E-009
 -3.654342318326119E-008  1.035533407408819E-007
          26  0.000000000000000E+000  0.000000000000000E+000
  5.802941193686103E-009  1.468352468675869E-009
  9.031641614031935E-008  8.656143212188154E-008
          27  0.000000000000000E+000  0.000000000000000E+000
  4.756349617717679E-009 -1.876917352873420E-009
  1.195767897916345E-007 -4.806618810773277E-008
          28  0.000000000000000E+000  0.000000000000000E+000
  2.708045490705164E-009 -3.522671945251800E-009
  4.777175188131689E-009 -1.267827287271700E-007
          29  0.000000000000000E+000  0.000000000000000E+000
  9.461314036158688E-010 -3.775952957530958E-009
 -1.095298741848696E-007 -4.486055299694627E-008
          30  0.000000000000000E+000  0.000000000000000E+000
 -7.796413222727996E-010 -4.114733786686222E-009
 -7.039770874411480E-008  8.077762221092213E-008
          31  0.000000000000000E+000  0.000000000000000E+000
 -2.919956571721776E-009 -3.685216668996523E-009
  6.063247588479112E-008  8.658421043269255E-008
          32  0.000000000000000E+000  0.000000000000000E+000
 -5.118302517704633E-009 -1.543537476168920E-009
  1.023662210135711E-007 -4.300940941417445E-008
