   409.600000000000     
          32           1           3
  1.124309127438499E-002   40.2035381363860        112.061020573268     
   40.0000000000000        115.000000000000        6211.00000000000     
           0  0.000000000000000E+000  0.000000000000000E+000
  0.000000000000000E+000  0.000000000000000E+000
  0.000000000000000E+000  0.000000000000000E+000
           1  1.915606356756244E-006 -7.327837166832718E-007
  1.635923245961047E-006 -3.800211278689705E-007
  2.034832499649942E-007 -2.062426193137129E-008
           2  1.515667720278167E-006 -2.211129744828552E-006
  1.896146328967445E-006 -1.231054510819117E-006
  2.793127302653398E-007 -2.789063283394497E-008
           3 -7.176578894547836E-007 -3.079595507437850E-006
  1.277691561285755E-006 -2.938499917627385E-006
  4.473910686595021E-007 -2.396768060662449E-007
           4 -2.966295748397505E-006 -1.212393472761612E-006
 -1.391172875366178E-006 -3.878541093381265E-006
  3.099957881773565E-007 -7.103453235650598E-007
           5 -2.212503742459449E-006  1.818640020044455E-006
 -4.378194971653980E-006 -1.831611826981486E-006
 -3.266288640157767E-007 -9.860660347571632E-007
           6  9.253280627592958E-007  2.281389213603233E-006
 -4.383691496485657E-006  2.340364492555086E-006
 -1.117301029953723E-006 -5.850603894372690E-007
           7  2.529098382890351E-006 -6.158284517247305E-007
 -6.820376228998300E-007  4.690411300703543E-006
 -1.362252105715172E-006  3.996543051249399E-007
           8  1.788316833065808E-007 -3.526434830987981E-006
  3.177688689465694E-006  2.727698004515733E-006
 -7.437562216969614E-007  1.324768488817782E-006
           9 -4.187512857188090E-006 -2.580262686973443E-006
  3.228222030971670E-006 -1.477860461037631E-006
  3.703924842760191E-007  1.456197379730304E-006
          10 -5.917054907455653E-006  2.591287340646776E-006
 -5.255088206040420E-007 -3.240852386085101E-006
  1.186562597181910E-006  8.135746489580069E-007
          11 -1.881652716236160E-006  7.627358120889173E-006
 -3.816640141864497E-006 -3.398667725538496E-007
  1.323006811333824E-006 -1.278509759767461E-007
          12  5.361807644293738E-006  7.121840111955231E-006
 -2.408602895810524E-006  4.434572431742281E-006
  8.708897337134101E-007 -8.017607716923834E-007
          13  9.484427300035551E-006  5.702872970992250E-007
  3.290168213003658E-006  5.603225069798595E-006
  2.362241032857378E-007 -1.000859274335910E-006
          14  6.792758103024724E-006 -6.843310070519430E-006
  7.727154079434005E-006  7.328206202641214E-007
 -2.362783724008150E-007 -9.043464860016807E-007
          15 -6.404893838492301E-007 -9.306945674209114E-006
  6.186699988031940E-006 -6.294737010997879E-006
 -5.867514151062409E-007 -6.754854990825586E-007
          16 -6.888477030235165E-006 -5.027578413267215E-006
 -9.008002005217612E-007 -9.452048935302811E-006
 -8.797120231648152E-007 -3.866374024474144E-007
          17 -6.848109526335316E-006  2.017012714215869E-006
 -7.756358776570559E-006 -5.625198597726915E-006
 -1.107528378207315E-006  1.433268714876422E-007
          18 -1.373774526416025E-006  5.108725468624396E-006
 -8.974908569416923E-006  1.843510501466951E-006
 -9.380217899217484E-007  8.679475541594420E-007
          19  3.059033517809488E-006  1.703079672526040E-006
 -4.376666570900730E-006  6.915742397240519E-006
 -2.229707556211971E-007  1.390461715882443E-006
          20  1.167403020973783E-006 -3.478022074663966E-006
  1.339613108013418E-006  6.625195251480790E-006
  7.993101957623875E-007  1.269702173340053E-006
          21 -5.455562342720119E-006 -3.242118954830998E-006
  4.063879089092424E-006  3.174248840533554E-006
  1.442802605195348E-006  4.518007738509848E-007
          22 -8.657814884994718E-006  4.849239142435424E-006
  3.321784205314705E-006  3.594875301462544E-007
  1.328211263371826E-006 -6.202666015515542E-007
          23 -1.456829428310910E-006  1.357749399929530E-005
  2.288965378790523E-006 -1.036575687263861E-008
  5.441187372358397E-007 -1.185899220635457E-006
          24  1.239156671393620E-005  1.171456806111664E-005
  2.789006374046398E-006 -2.061461530014093E-008
 -2.938484962881582E-007 -1.118387438141625E-006
          25  1.942977328018929E-005 -2.986133058588032E-006
  3.618683906171033E-006 -1.842463957982729E-006
 -6.799168691488544E-007 -5.887234176739177E-007
          26  1.036998136407279E-005 -1.837222802485357E-005
  2.575242709460645E-006 -4.331946351242981E-006
 -7.315687661820419E-007 -1.560888646333057E-007
          27 -7.995492812367382E-006 -1.953578139619661E-005
 -5.678593665088804E-007 -6.043628347216555E-006
 -6.042454039410109E-007  8.354904206696841E-008
          28 -1.891274727245976E-005 -5.443588769188167E-006
 -4.589072398763930E-006 -5.029699750446062E-006
 -6.016379728105300E-007  2.710137046927291E-007
          29 -1.354837063586571E-005  1.001315146102130E-005
 -7.354279182921769E-006 -1.269974312886309E-006
 -5.241814790106752E-007  5.591734753591827E-007
          30  8.151176654699990E-008  1.276084426061850E-005
 -6.877980914358817E-006  3.436085564614593E-006
 -1.806396371516675E-007  9.623855929918164E-007
          31  6.931442321644323E-006  3.962010603202724E-006
 -3.892970766972932E-006  7.162396933381953E-006
  5.078510124673180E-007  1.020090270355261E-006
          32  1.740341131273981E-006 -3.315448951873641E-006
  1.056815788241420E-006  8.714455115474328E-006
  1.138114546393627E-006  5.027542589576512E-007
