   409.600000000000     
          32           1           3
  1.124309127438499E-002   39.9365834047670        112.794416117840     
   40.0000000000000        115.000000000000        6211.00000000000     
           0  0.000000000000000E+000  0.000000000000000E+000
  0.000000000000000E+000  0.000000000000000E+000
  0.000000000000000E+000  0.000000000000000E+000
           1  4.200203159622569E-006 -1.069626175693599E-006
  2.869719894832885E-006 -4.109735898185924E-007
 -6.017080093973503E-008  2.971602889464524E-008
           2  4.299059231012454E-006 -3.262531526767781E-006
  3.393856120592570E-006 -1.192295762471453E-006
 -2.802002302896639E-008  1.197796603850848E-007
           3  2.280682807731828E-006 -6.045259367870770E-006
  3.718521432879439E-006 -3.130585350066981E-006
  1.532862175608016E-007  1.305010693330049E-007
           4 -1.937481643720391E-006 -6.782104277833633E-006
  2.210761482186894E-006 -5.856746928468338E-006
  2.817189373404667E-007 -9.492550013592529E-008
           5 -5.732973498609433E-006 -4.086096336912946E-006
 -1.629605065265624E-006 -7.282770242326452E-006
  1.245424016182414E-007 -4.173870962951117E-007
           6 -6.437254033280259E-006  4.605722152522694E-007
 -6.111573485639480E-006 -5.483686048498355E-006
 -3.493716022646182E-007 -4.849004318657597E-007
           7 -3.831259284093257E-006  3.839848066382695E-006
 -8.332760683614545E-006 -8.874573671371655E-007
 -7.784155778359474E-007 -7.611133777863767E-008
           8 -8.944911067788993E-009  4.079807714546735E-006
 -6.956781779254962E-006  3.938619525552667E-006
 -7.368231858723708E-007  6.586748858212791E-007
           9  2.211244572163348E-006  1.397062450361417E-006
 -3.087083973979023E-006  6.326871761460164E-006
 -7.341987951276322E-008  1.164564520383246E-006
          10  9.744199539414413E-007 -1.715560664769065E-006
  6.306058253646743E-007  5.586167332184464E-006
  8.571362344297216E-007  1.074989996074708E-006
          11 -2.608936810041139E-006 -2.077245518942312E-006
  2.005670339049763E-006  3.175249982157529E-006
  1.567365517612294E-006  2.719206676137519E-007
          12 -5.257106641930756E-006  1.266353200683539E-006
  9.774643547291160E-007  1.930157729630070E-006
  1.549687905109434E-006 -9.325717665843613E-007
          13 -4.197883082891785E-006  6.316579342621480E-006
  2.436780791467618E-007  3.405949020033308E-006
  6.188054544708294E-007 -1.908243991622967E-006
          14  1.083351721075791E-006  9.736448025360106E-006
  2.528998546435005E-006  5.576437229332648E-006
 -8.214231764550207E-007 -2.039152605485600E-006
          15  8.504551294269645E-006  8.289677201685353E-006
  7.545776568973841E-006  5.133317942153332E-006
 -2.076765355215030E-006 -1.081640737550395E-006
          16  1.347607463147612E-005  1.197962858563922E-006
  1.197462812874382E-005 -1.954875212318737E-007
 -2.368655071148266E-006  5.099738941900716E-007
          17  1.221657207266516E-005 -8.093356540712199E-006
  1.157540545836225E-005 -8.773418713479666E-006
 -1.553921504913525E-006  1.919862619111929E-006
          18  4.768488673879238E-006 -1.443691335600961E-005
  4.498641629818738E-006 -1.595166312527750E-005
 -2.703488475191537E-008  2.457823606983647E-006
          19 -5.178583717182761E-006 -1.424244641013053E-005
 -6.503116186856807E-006 -1.671172488763810E-005
  1.418642929923880E-006  1.905926625243443E-006
          20 -1.215134017845501E-005 -7.405185710152451E-006
 -1.572719986016651E-005 -9.952413724035725E-006
  2.188942217534855E-006  6.745851908476474E-007
          21 -1.219651880349777E-005  1.488693453797500E-006
 -1.851385194748071E-005  1.263016520647935E-006
  2.031397157884515E-006 -6.246725419325524E-007
          22 -6.756126188265057E-006  6.467079225236439E-006
 -1.386114266921033E-005  1.106094474579599E-005
  1.307850700766578E-006 -1.523382547579085E-006
          23 -1.488924846823329E-006  5.467701916373423E-006
 -5.234611166560656E-006  1.558315597936525E-005
  3.451385811650206E-007 -1.841377444354227E-006
          24 -9.025732094778164E-007  2.040956184131742E-006
  2.861551794962354E-006  1.470501148055707E-005
 -5.720672684601523E-007 -1.791567011098122E-006
          25 -4.479256822129604E-006  1.715917351765799E-006
  8.618646933740232E-006  1.082696003214267E-005
 -1.351689203189245E-006 -1.284926526546534E-006
          26 -6.740721002750759E-006  7.526534856235778E-006
  1.163382250864033E-005  6.104202523205327E-006
 -1.931325378229077E-006 -5.033135376934435E-007
          27 -1.297972604665814E-006  1.547213716119164E-005
  1.354205058771169E-005  9.337249832301426E-007
 -2.019392168605822E-006  6.116817576503273E-007
          28  1.158081937324134E-005  1.678365627848694E-005
  1.362759110706312E-005 -5.719148250726080E-006
 -1.472596553860693E-006  1.721246135422865E-006
          29  2.338493240426757E-005  6.570633940060287E-006
  9.329374758881849E-006 -1.294177633518887E-005
 -2.323641794084775E-007  2.314269009369677E-006
          30  2.458782176541985E-005 -1.101698454907077E-005
  9.039741647892132E-007 -1.633864511110788E-005
  1.118100158122600E-006  2.099540997498036E-006
          31  1.273340867367184E-005 -2.511368021064836E-005
 -8.228969212641079E-006 -1.403398607932121E-005
  2.109334522360512E-006  1.108022690176968E-006
          32 -5.576228136042803E-006 -2.772215123663597E-005
 -1.397669063065688E-005 -6.725685498047333E-006
  2.338399243957924E-006 -2.736859316400643E-007
