   409.600000000000     
          32           1           3
  1.124309127438499E-002   39.0912267546400        115.116835342318     
   40.0000000000000        115.000000000000        6211.00000000000     
           0  0.000000000000000E+000  0.000000000000000E+000
  0.000000000000000E+000  0.000000000000000E+000
  0.000000000000000E+000  0.000000000000000E+000
           1  0.000000000000000E+000  0.000000000000000E+000
  4.010576399924391E-008 -9.525198474235216E-009
 -2.169187673261910E-009  7.494455077793164E-010
           2  0.000000000000000E+000  0.000000000000000E+000
  4.189461883448319E-008 -2.544102293759067E-008
 -2.065756034629662E-009  1.995928022939356E-009
           3  0.000000000000000E+000  0.000000000000000E+000
  3.481839552306230E-008 -4.883853369094255E-008
 -9.667044647243227E-010  3.587075091940171E-009
           4  0.000000000000000E+000  0.000000000000000E+000
  1.055246495054261E-008 -7.213108525232007E-008
  1.608024606489279E-009  4.507147555162754E-009
           5  0.000000000000000E+000  0.000000000000000E+000
 -3.085376960347444E-008 -8.119668347252555E-008
  4.984010709617303E-009  3.374801491131558E-009
           6  0.000000000000000E+000  0.000000000000000E+000
 -8.066197932644172E-008 -6.376803971120628E-008
  7.543894914413426E-009 -4.059953453139576E-010
           7  0.000000000000000E+000  0.000000000000000E+000
 -1.188495537966892E-007 -1.293811569708630E-008
  7.016345520836615E-009 -6.137973515866054E-009
           8  0.000000000000000E+000  0.000000000000000E+000
 -1.233484445334838E-007  6.226310051574158E-008
  2.106856474138849E-009 -1.122803378249344E-008
           9  0.000000000000000E+000  0.000000000000000E+000
 -7.727620326923746E-008  1.366084138106679E-007
 -6.505667706122524E-009 -1.213363885095429E-008
          10  0.000000000000000E+000  0.000000000000000E+000
  1.473724834738840E-008  1.781934982874852E-007
 -1.516652025774139E-008 -6.557118760935283E-009
          11  0.000000000000000E+000  0.000000000000000E+000
  1.297159022326056E-007  1.541080049449822E-007
 -1.897897841187224E-008  5.353818182669620E-009
          12  0.000000000000000E+000  0.000000000000000E+000
  2.176208889970066E-007  5.432678297916144E-008
 -1.326843774933572E-008  1.905662079152090E-008
          13  0.000000000000000E+000  0.000000000000000E+000
  2.279571147926292E-007 -9.420340028271540E-008
  2.300897554800028E-009  2.694511537452090E-008
          14  0.000000000000000E+000  0.000000000000000E+000
  1.381534122448604E-007 -2.315492067371024E-007
  2.181624568317127E-008  2.218414766629169E-008
          15  0.000000000000000E+000  0.000000000000000E+000
 -3.347005942567522E-008 -2.891466576936695E-007
  3.533132217446362E-008  3.389975550588765E-009
          16  0.000000000000000E+000  0.000000000000000E+000
 -2.165061602121205E-007 -2.210986924292641E-007
  3.283876100212891E-008 -2.277251725591696E-008
          17  0.000000000000000E+000  0.000000000000000E+000
 -3.214491875449264E-007 -4.431767935625554E-008
  1.150975905832680E-008 -4.279852662760624E-008
          18  0.000000000000000E+000  0.000000000000000E+000
 -2.915637795642118E-007  1.682631609579114E-007
 -2.058061326270930E-008 -4.401873337603460E-008
          19  0.000000000000000E+000  0.000000000000000E+000
 -1.307154571814912E-007  3.183042122251188E-007
 -4.768687854726622E-008 -2.212885885772144E-008
          20  0.000000000000000E+000  0.000000000000000E+000
  9.194565675741831E-008  3.366562652497063E-007
 -5.448605488704535E-008  1.442258476758082E-008
          21  0.000000000000000E+000  0.000000000000000E+000
  2.762221729880405E-007  2.135980691927218E-007
 -3.478546487009256E-008  4.848031476759377E-008
          22  0.000000000000000E+000  0.000000000000000E+000
  3.488730753050910E-007  6.007744709137005E-009
  3.676096163424242E-009  6.270464826838865E-008
          23  0.000000000000000E+000  0.000000000000000E+000
  2.822968615245088E-007 -1.993007704759869E-007
  4.402332810515614E-008  4.868156889933766E-008
          24  0.000000000000000E+000  0.000000000000000E+000
  1.118956908232375E-007 -3.261230700170635E-007
  6.743216391369805E-008  1.156895888499683E-008
          25  0.000000000000000E+000  0.000000000000000E+000
 -9.822860969297202E-008 -3.266929473238881E-007
  6.266512827614750E-008 -3.383324114126458E-008
          26  0.000000000000000E+000  0.000000000000000E+000
 -2.687987530690140E-007 -2.092717240338483E-007
  3.010532049444263E-008 -6.763071941326285E-008
          27  0.000000000000000E+000  0.000000000000000E+000
 -3.384119254491686E-007 -1.419560973068415E-008
 -1.817465404652871E-008 -7.485598753882857E-008
          28  0.000000000000000E+000  0.000000000000000E+000
 -2.842234452618152E-007  1.832305909042190E-007
 -6.222107397118786E-008 -5.026050672556274E-008
          29  0.000000000000000E+000  0.000000000000000E+000
 -1.239332205582560E-007  3.130052277848051E-007
 -8.324688574848686E-008 -2.141359401438192E-009
          30  0.000000000000000E+000  0.000000000000000E+000
  7.963231592223221E-008  3.259052300778218E-007
 -6.998922465296929E-008  5.072427856472560E-008
          31  0.000000000000000E+000  0.000000000000000E+000
  2.527093693638061E-007  2.172882367218765E-007
 -2.565999108438590E-008  8.599904416358777E-008
          32  0.000000000000000E+000  0.000000000000000E+000
  3.283481091655428E-007  2.940341666582350E-008
  3.311960198523207E-008  8.687730046299313E-008
