   409.600000000000     
          32           1           3
  1.124309127438499E-002   38.2458701045130        117.439254566796     
   40.0000000000000        115.000000000000        6211.00000000000     
           0  0.000000000000000E+000  0.000000000000000E+000
  0.000000000000000E+000  0.000000000000000E+000
  0.000000000000000E+000  0.000000000000000E+000
           1 -4.236122114036115E-007  1.375297076457561E-007
 -3.232986420548842E-007  9.341668976113247E-008
 -4.188213127432110E-007  3.295280502186777E-008
           2 -4.120016175607637E-007  5.311167741596728E-007
 -4.094214122418691E-007  3.153840522811715E-007
 -6.231439045089336E-007  1.162907736963563E-007
           3  2.481895221822521E-007  8.674409142006976E-007
 -1.660091688884152E-007  8.809476827062639E-007
 -8.100011348949651E-007  7.009152982943773E-007
           4  9.743578365345740E-007  2.083866599338000E-007
  9.356376801475240E-007  9.972085826215252E-007
 -1.844017672570942E-007  1.464426220987519E-006
           5  5.285564705877929E-007 -7.882416216094459E-007
  1.804282135604603E-006 -3.656039171131103E-007
  1.038806648010420E-006  1.437910927212752E-006
           6 -5.660140177047760E-007 -6.158380039291166E-007
  7.234003399560933E-007 -2.119302080793963E-006
  1.899619974642968E-006  3.525722595165063E-007
           7 -6.490863404358881E-007  4.978662638715379E-007
 -1.670153973729923E-006 -1.919189749940549E-006
  1.667731904864847E-006 -9.855951006055696E-007
           8  4.958580061037649E-007  8.566038468260662E-007
 -2.694608700986071E-006  5.473578836405894E-007
  6.682772083474092E-007 -1.770329180698923E-006
           9  1.244811118276592E-006 -2.617149759014396E-007
 -8.224085857783703E-007  2.710118492090588E-006
 -4.509767067977374E-007 -1.702446036931012E-006
          10  3.676936894274063E-007 -1.527505687913352E-006
  2.016159907327828E-006  1.942544792963653E-006
 -1.239861007341984E-006 -1.186867790555137E-006
          11 -1.314754229742216E-006 -1.198648368917411E-006
  2.526047746671659E-006 -9.644121265550435E-007
 -1.705462479645076E-006 -3.929864685387914E-007
          12 -1.765461996954442E-006  5.261645952731152E-007
  3.541666695380647E-008 -2.630906619590086E-006
 -1.774521810055545E-006  5.980999226527150E-007
          13 -4.718522889634977E-007  1.651410354822533E-006
 -2.473677394099088E-006 -8.636896415277827E-007
 -1.231071460918799E-006  1.619420700010386E-006
          14  8.784316905720396E-007  1.109170366597788E-006
 -1.643446789392064E-006  2.214161692601948E-006
 -7.327041637770696E-009  2.241388842081978E-006
          15  1.018805011792569E-006  4.700282979318836E-008
  1.739420572410573E-006  2.553004561336061E-006
  1.446744770000298E-006  1.786163105307547E-006
          16  5.386514890520143E-007 -3.616958022963156E-007
  3.452789218666561E-006 -7.951282480220728E-007
  2.205355044878030E-006  4.834465997263503E-007
          17  2.998083696141020E-007 -3.321624320108581E-007
  7.320404334811533E-007 -3.940795025345078E-006
  1.965959759387647E-006 -8.637085044566956E-007
          18  2.639381256984817E-007 -4.879016343561999E-007
 -3.587079625769749E-006 -2.582384707879043E-006
  1.106803266427152E-006 -1.758697836862325E-006
          19 -1.735682969075590E-007 -6.895527612818698E-007
 -4.106549895797049E-006  2.297502709022567E-006
 -3.421688856302271E-009 -2.019675963739913E-006
          20 -6.487438619806868E-007 -1.776658682112370E-007
  4.035548703966050E-007  4.790087130715375E-006
 -1.150806441679306E-006 -1.720719464868652E-006
          21 -7.663548292533464E-008  3.791044682502797E-007
  4.513114249182967E-006  1.534970185697345E-006
 -1.975685345439242E-006 -8.457616365067306E-007
          22  5.105328876801538E-007 -4.718105489471024E-007
  3.039768020609540E-006 -3.656918919355616E-006
 -2.190150292752673E-006  5.628710924615511E-007
          23 -9.132162667815280E-007 -1.411293571813416E-006
 -2.568206267801595E-006 -4.036192204326534E-006
 -1.384438166159603E-006  1.791321587467033E-006
          24 -2.749076199473611E-006  4.615341905372158E-007
 -4.787896493343254E-006  1.319768810139013E-006
  1.294329594492380E-007  2.231079303983360E-006
          25 -1.152285259515746E-006  3.626212534246114E-006
 -1.925230595913192E-007  5.376520972959225E-006
  1.309966661176274E-006  1.456288803828059E-006
          26  3.194516714535622E-006  3.340535684864366E-006
  5.345080554146867E-006  2.269523471737417E-006
  1.652856935680564E-006  3.032151133416482E-007
          27  4.930353170137695E-006 -1.344430888311824E-006
  4.684088631711230E-006 -4.299238703095419E-006
  1.210049777439700E-006 -4.176742799309326E-007
          28  1.161536567568494E-006 -4.996938801920834E-006
 -1.980068088642847E-006 -6.529117233078696E-006
  8.955332006188196E-007 -6.603174453787605E-007
          29 -3.601653488365573E-006 -3.122522771641326E-006
 -6.908282757595785E-006 -1.262370855359363E-006
  7.774412311886851E-007 -9.546096525846639E-007
          30 -3.722428064883827E-006  1.626687181201974E-006
 -4.287869915261639E-006  5.563485707880809E-006
  2.936686172106306E-007 -1.599828986342856E-006
          31  1.791396995125898E-007  3.181067932756361E-006
  2.869785469384090E-006  6.081060741456707E-006
 -8.725581266447444E-007 -1.813430037020712E-006
          32  2.371744491457517E-006  2.867769686777467E-007
  6.288929584025030E-006  1.470420517165816E-008
 -2.106256680384902E-006 -9.058174542107480E-007
