   409.600000000000     
          32           1           3
  1.124309127438499E-002   40.3764460696567        111.293392153955     
   40.0000000000000        115.000000000000        6211.00000000000     
           0  0.000000000000000E+000  0.000000000000000E+000
  0.000000000000000E+000  0.000000000000000E+000
  0.000000000000000E+000  0.000000000000000E+000
           1  0.000000000000000E+000  0.000000000000000E+000
 -2.032862343830693E-009  8.129660040058365E-010
 -6.770088079409075E-009 -5.561883096176980E-010
           2  0.000000000000000E+000  0.000000000000000E+000
 -1.645798169128877E-009  2.006126894639020E-009
 -1.165837197421303E-008  1.686326817651266E-009
           3  0.000000000000000E+000  0.000000000000000E+000
 -2.161972926665679E-010  2.992771390564075E-009
 -1.494078808314708E-008  1.330226084022401E-008
           4  0.000000000000000E+000  0.000000000000000E+000
  1.867351173373252E-009  2.685223923508865E-009
 -2.362835682502964E-009  2.970623811663058E-008
           5  0.000000000000000E+000  0.000000000000000E+000
  3.121576010451223E-009  8.874590937038238E-010
  2.777321836232724E-008  2.751384912523854E-008
           6  0.000000000000000E+000  0.000000000000000E+000
  2.858835853146232E-009 -1.141430448473325E-009
  4.530991468903103E-008 -6.195251411280305E-009
           7  0.000000000000000E+000  0.000000000000000E+000
  1.489618320203024E-009 -2.269948651363828E-009
  2.181586800801428E-008 -4.350750868184517E-008
           8  0.000000000000000E+000  0.000000000000000E+000
  2.513958865316811E-010 -2.432917948896994E-009
 -2.433302580558414E-008 -3.871694034840843E-008
           9  0.000000000000000E+000  0.000000000000000E+000
 -7.043236226401874E-010 -2.208554719263318E-009
 -3.850568655617848E-008  3.683426317597100E-009
          10  0.000000000000000E+000  0.000000000000000E+000
 -1.788397908857039E-009 -2.077879616594005E-009
 -3.846246178354728E-009  2.800705978136949E-008
          11  0.000000000000000E+000  0.000000000000000E+000
 -3.145208904993845E-009 -9.139555235744091E-010
  2.327317766115617E-008  4.638067522133663E-010
          12  0.000000000000000E+000  0.000000000000000E+000
 -3.552022491571136E-009  1.312968568096487E-009
 -9.125219147904333E-010 -3.278035955797868E-008
          13  0.000000000000000E+000  0.000000000000000E+000
 -2.051792680555623E-009  3.547984287788815E-009
 -4.652227227036515E-008 -1.257992047979240E-008
          14  0.000000000000000E+000  0.000000000000000E+000
  6.687879671505603E-010  4.298643555547321E-009
 -4.301896867777308E-008  4.632135325547012E-008
          15  0.000000000000000E+000  0.000000000000000E+000
  3.290427925166404E-009  2.829383670258926E-009
  2.254698331243733E-008  7.189668375564822E-008
          16  0.000000000000000E+000  0.000000000000000E+000
  4.152144205711193E-009  8.856680049217372E-011
  7.985891158677717E-008  1.973380116092097E-008
          17  0.000000000000000E+000  0.000000000000000E+000
  3.106062593829710E-009 -2.236545057473672E-009
  5.937709096469716E-008 -5.965770011580967E-008
          18  0.000000000000000E+000  0.000000000000000E+000
  1.205591257808083E-009 -3.301662178609311E-009
 -2.258612618675818E-008 -7.706775188455555E-008
          19  0.000000000000000E+000  0.000000000000000E+000
 -5.988375365506519E-010 -3.171966711270916E-009
 -7.111947417310142E-008 -1.090524554715121E-008
          20  0.000000000000000E+000  0.000000000000000E+000
 -2.108319878294102E-009 -2.381342318370831E-009
 -2.926784189375063E-008  5.500462250712322E-008
          21  0.000000000000000E+000  0.000000000000000E+000
 -3.084664150984004E-009 -1.139650330025882E-009
  4.741356045869440E-008  3.423118782272433E-008
          22  0.000000000000000E+000  0.000000000000000E+000
 -3.483126967669994E-009  8.797032411677031E-010
  4.181236156482562E-008 -4.850487626823396E-008
          23  0.000000000000000E+000  0.000000000000000E+000
 -2.413917641361413E-009  2.903704653521210E-009
 -4.832069229504748E-008 -6.428386155831995E-008
          24  0.000000000000000E+000  0.000000000000000E+000
  4.063007381288041E-011  3.889255529300284E-009
 -9.337171532879983E-008  3.151369537345810E-008
          25  0.000000000000000E+000  0.000000000000000E+000
  2.242811367399462E-009  2.863165738924449E-009
 -1.207470955122172E-008  1.113958687525727E-007
          26  0.000000000000000E+000  0.000000000000000E+000
  3.288593821135197E-009  7.451577219856548E-010
  1.072463569071363E-007  6.399205549507234E-008
          27  0.000000000000000E+000  0.000000000000000E+000
  2.643605526217284E-009 -1.013940344480400E-009
  1.022583152844733E-007 -7.320773663397255E-008
          28  0.000000000000000E+000  0.000000000000000E+000
  1.633671823814723E-009 -1.888230871228164E-009
 -2.683697554001858E-008 -1.178770328849162E-007
          29  0.000000000000000E+000  0.000000000000000E+000
  7.554445369560916E-010 -2.203866593406200E-009
 -1.112420571513551E-007 -9.774692450101130E-009
          30  0.000000000000000E+000  0.000000000000000E+000
 -3.725773596194170E-010 -2.605373417908766E-009
 -3.598910411459396E-008  9.463225583460580E-008
          31  0.000000000000000E+000  0.000000000000000E+000
 -1.868855426381269E-009 -2.321505264571541E-009
  8.679152909257173E-008  5.678708862045595E-008
          32  0.000000000000000E+000  0.000000000000000E+000
 -3.211020050122383E-009 -8.137439885569330E-010
  8.130328923720915E-008 -7.962560996352245E-008
