   409.600000000000     
          32           1           3
  1.124309127438499E-002   39.7090592406091        113.126881015385     
   40.0000000000000        115.000000000000        6211.00000000000     
           0  0.000000000000000E+000  0.000000000000000E+000
  0.000000000000000E+000  0.000000000000000E+000
  0.000000000000000E+000  0.000000000000000E+000
           1  0.000000000000000E+000  0.000000000000000E+000
  5.533978031335499E-009 -1.543386008312467E-009
  4.025482757141958E-009 -4.611437919153830E-009
           2  0.000000000000000E+000  0.000000000000000E+000
  5.545498974390475E-009 -4.096355049425541E-009
 -1.339271807731641E-010 -1.155456248589954E-008
           3  0.000000000000000E+000  0.000000000000000E+000
  3.818787157115198E-009 -7.535485369634479E-009
 -1.339882377146848E-008 -1.553032450726371E-008
           4  0.000000000000000E+000  0.000000000000000E+000
 -6.926475588657104E-010 -1.017477091628781E-008
 -3.275125933909850E-008 -5.144200753059242E-009
           5  0.000000000000000E+000  0.000000000000000E+000
 -7.115619140674688E-009 -9.593488007786733E-009
 -4.138994134558354E-008  2.580005103118791E-008
           6  0.000000000000000E+000  0.000000000000000E+000
 -1.307719239781685E-008 -4.552788050620752E-009
 -2.046253888033974E-008  6.486296129440210E-008
           7  0.000000000000000E+000  0.000000000000000E+000
 -1.502769017878571E-008  4.393456989820921E-009
  3.664626027569086E-008  8.294771829927836E-008
           8  0.000000000000000E+000  0.000000000000000E+000
 -1.070256294600043E-008  1.388959916422530E-008
  1.055034165365247E-007  4.888819538527386E-008
           9  0.000000000000000E+000  0.000000000000000E+000
 -2.401667164531258E-010  1.914935543700039E-008
  1.386362915005232E-007 -4.287791992989367E-008
          10  0.000000000000000E+000  0.000000000000000E+000
  1.232484969177717E-008  1.691521155120107E-008
  9.039210444900854E-008 -1.506272439897388E-007
          11  0.000000000000000E+000  0.000000000000000E+000
  2.175266438599671E-008  6.190489476486741E-009
 -4.116505879994376E-008 -2.058232434746524E-007
          12  0.000000000000000E+000  0.000000000000000E+000
  2.219824100625268E-008 -9.221000707941899E-009
 -1.987950746308734E-007 -1.439268117768840E-007
          13  0.000000000000000E+000  0.000000000000000E+000
  1.194948721031067E-008 -2.212462089840873E-008
 -2.801310268153507E-007  3.548994386211512E-008
          14  0.000000000000000E+000  0.000000000000000E+000
 -4.749423680610079E-009 -2.558255257172960E-008
 -2.017753419855007E-007  2.460870519434981E-007
          15  0.000000000000000E+000  0.000000000000000E+000
 -2.045034159036176E-008 -1.698743329412513E-008
  2.699238910244108E-008  3.535757238647146E-007
          16  0.000000000000000E+000  0.000000000000000E+000
 -2.660960635151327E-008  2.645493653828203E-010
  2.915881327442437E-007  2.576576675324981E-007
          17  0.000000000000000E+000  0.000000000000000E+000
 -1.967912424509864E-008  1.696079757598942E-008
  4.190686309004289E-007 -2.263535575703332E-008
          18  0.000000000000000E+000  0.000000000000000E+000
 -3.939933737013288E-009  2.459883932851340E-008
  2.988621588113887E-007 -3.306119944613291E-007
          19  0.000000000000000E+000  0.000000000000000E+000
  1.192186275425908E-008  1.986098533821391E-008
 -2.460033717198930E-008 -4.657876655690301E-007
          20  0.000000000000000E+000  0.000000000000000E+000
  2.000728144193803E-008  7.061160246327732E-009
 -3.578563466339463E-007 -3.198892912412089E-007
          21  0.000000000000000E+000  0.000000000000000E+000
  1.748215068584184E-008 -6.165830705856607E-009
 -4.871117312769679E-007  3.149154528278008E-008
          22  0.000000000000000E+000  0.000000000000000E+000
  8.766690055994586E-009 -1.333440987242547E-008
 -3.198261522841228E-007  3.699451795805878E-007
          23  0.000000000000000E+000  0.000000000000000E+000
 -5.566780868072171E-010 -1.302413478920679E-008
  4.082765986419055E-008  4.843470829135379E-007
          24  0.000000000000000E+000  0.000000000000000E+000
 -5.910453271837953E-009 -8.913225890956791E-009
  3.671828632973812E-007  3.025577698052120E-007
          25  0.000000000000000E+000  0.000000000000000E+000
 -7.419564221455207E-009 -3.852437749275265E-009
  4.636682198336500E-007 -4.967942794321586E-008
          26  0.000000000000000E+000  0.000000000000000E+000
 -6.965159791843421E-009 -8.451929968845341E-010
  2.784059014760308E-007 -3.579115189179902E-007
          27  0.000000000000000E+000  0.000000000000000E+000
 -6.214398010272273E-009  1.218996886307204E-009
 -6.278499618457947E-008 -4.378635516793644E-007
          28  0.000000000000000E+000  0.000000000000000E+000
 -6.100994340398544E-009  3.190045599501474E-009
 -3.531725510302718E-007 -2.484932468719349E-007
          29  0.000000000000000E+000  0.000000000000000E+000
 -4.830595858136243E-009  6.078397448732350E-009
 -4.139985002378444E-007  8.453422360908815E-008
          30  0.000000000000000E+000  0.000000000000000E+000
 -1.863740218777260E-009  9.071039773981515E-009
 -2.163821976514149E-007  3.583361731733013E-007
          31  0.000000000000000E+000  0.000000000000000E+000
  3.542062967431863E-009  1.008817453000833E-008
  1.181991773014128E-007  4.005192092776018E-007
          32  0.000000000000000E+000  0.000000000000000E+000
  9.583742226123274E-009  7.459990736120748E-009
  3.802991919780159E-007  1.826288538175087E-007
