   409.600000000000     
          32           1           3
  1.124309127438499E-002   42.3474314821720        114.364099564389     
   40.0000000000000        115.000000000000        6211.00000000000     
           0  0.000000000000000E+000  0.000000000000000E+000
  0.000000000000000E+000  0.000000000000000E+000
  0.000000000000000E+000  0.000000000000000E+000
           1 -8.518343555033793E-007  1.726490897554449E-007
 -4.732227889981320E-007  1.008153646405528E-007
  4.519964254719016E-007 -4.804768054190956E-008
           2 -1.055426374194058E-006  6.734702619534575E-007
 -5.756681543682323E-007  2.723153478825647E-007
  6.258383869104476E-007 -1.069192655062696E-007
           3 -5.994714718719538E-007  1.670915135612247E-006
 -6.023909779403632E-007  7.957308826135529E-007
  8.975165966305833E-007 -6.201926525462620E-007
           4  9.442367677942095E-007  1.977174588647504E-006
  1.202087479889937E-007  1.452155332003379E-006
  4.516764485642690E-007 -1.527900178358966E-006
           5  2.285784625674571E-006  6.876542426112652E-007
  1.497258819212237E-006  1.089722845929177E-006
 -8.803613022294325E-007 -1.851036276883147E-006
           6  2.010453349380614E-006 -1.222107086938679E-006
  1.993601402986533E-006 -5.788933668065677E-007
 -2.237300621952629E-006 -8.543517176998633E-007
           7  4.096439893354335E-007 -2.096252335261030E-006
  6.790467930590144E-007 -2.001412551541658E-006
 -2.399202007481276E-006  9.766859866754117E-007
           8 -1.068261841888982E-006 -1.453597193108903E-006
 -1.268049760089479E-006 -1.479052541454083E-006
 -1.134371992903459E-006  2.421281291531289E-006
           9 -1.413211061632885E-006 -1.185163536682804E-007
 -1.562659701865263E-006  4.906648528860456E-007
  7.168285919434380E-007  2.454435825783494E-006
          10 -6.546939415869965E-007  7.667401996372158E-007
  1.752559358466300E-007  1.401721872558014E-006
  1.941005759766765E-006  1.387858459892485E-006
          11  3.508668790600881E-007  5.932569046505549E-007
  1.644834206417282E-006 -8.562286983012184E-008
  2.179007979197060E-006 -3.951434153656178E-009
          12  6.385717375754924E-007 -3.842543493825415E-007
  4.860134680007959E-007 -2.347661862215689E-006
  1.695145608806085E-006 -1.047714815308416E-006
          13 -2.243914404436562E-007 -1.244021531794318E-006
 -2.707100417613233E-006 -2.017130788866955E-006
  9.364530404048661E-007 -1.653085085326760E-006
          14 -1.903200174027193E-006 -8.900621558437578E-007
 -4.021236901035988E-006  1.779922464157724E-006
  5.503466098614379E-008 -2.016727890170201E-006
          15 -2.822799382429000E-006  1.449384924826374E-006
 -6.749885205538862E-007  5.257154198595946E-006
 -1.087017737852886E-006 -1.879705078391089E-006
          16 -7.818728481396250E-007  4.278567273592274E-006
  4.641268721459088E-006  3.733261388740886E-006
 -2.132017341195525E-006 -1.059358725958112E-006
          17  3.721208199994990E-006  4.072973125309389E-006
  5.883666385223611E-006 -2.181424154542349E-006
 -2.559030394520568E-006  4.441713949411328E-007
          18  6.542880866135254E-006 -7.390903730733088E-007
  9.866119832279522E-007 -6.212545174724701E-006
 -1.857030879096003E-006  2.044125491927889E-006
          19  3.423505958632662E-006 -6.560574147396786E-006
 -4.950957032777850E-006 -3.406379451334141E-006
 -1.825565679617008E-007  2.805995592990577E-006
          20 -4.051279886697994E-006 -6.660653320533177E-006
 -4.572789707721811E-006  3.207590602503947E-006
  1.641406258740241E-006  2.258028423592920E-006
          21 -7.644748822436331E-006  5.291326233510681E-007
  1.880318946912781E-006  5.149648173352051E-006
  2.543062518513961E-006  7.600384592185281E-007
          22 -2.165315907437893E-006  6.794411580438836E-006
  6.073382561114207E-006 -7.989261642807670E-007
  2.313738412505112E-006 -9.002087418772164E-007
          23  5.630014727567068E-006  3.492581506754763E-006
  1.190238500455389E-006 -7.444874010226845E-006
  1.258253914396613E-006 -1.817628425128045E-006
          24  4.564921467368599E-006 -5.245560513274274E-006
 -8.061717492072801E-006 -4.883314216990465E-006
  5.651494524760402E-008 -2.071042565511475E-006
          25 -5.047185724601371E-006 -6.819696273539998E-006
 -9.513834194511308E-006  6.177253377607678E-006
 -8.574894075499672E-007 -1.678334829312950E-006
          26 -1.027101104345319E-005  3.186215693700450E-006
  9.481913580537582E-007  1.295634714406422E-005
 -1.604326164820199E-006 -1.007643639262100E-006
          27 -1.639738044875383E-006  1.292124375050219E-005
  1.290582353885275E-005  6.262868086786930E-006
 -1.853554568025491E-006 -8.496884423387410E-008
          28  1.213675146630986E-005  8.514029824553185E-006
  1.263227941542497E-005 -8.465019232957586E-006
 -1.711682252035778E-006  9.207992884847950E-007
          29  1.433508344901951E-005 -6.845211295325301E-006
 -9.865888477778144E-007 -1.555040008994718E-005
 -9.921703250290973E-007  1.698019739411099E-006
          30  1.286665939166604E-006 -1.596036757724573E-005
 -1.404602195202663E-005 -6.658744791256409E-006
  1.224216592373006E-007  2.090459425559962E-006
          31 -1.251524539581202E-005 -8.648860198999483E-006
 -1.212642542486960E-005  9.158818010720637E-006
  1.302030976283688E-006  1.697867482586089E-006
          32 -1.228893547618786E-005  6.043596035296974E-006
  2.934784880168802E-006  1.452666308592831E-005
  2.042949861261282E-006  6.534756603394716E-007
