   409.600000000000     
          32           1           3
  1.124309127438499E-002   40.2461623088720        119.551635217674     
   40.0000000000000        115.000000000000        6211.00000000000     
           0  0.000000000000000E+000  0.000000000000000E+000
  0.000000000000000E+000  0.000000000000000E+000
  0.000000000000000E+000  0.000000000000000E+000
           1 -2.797602736299270E-008  1.572241306077177E-007
 -1.112407697607015E-007  1.406469281848314E-007
 -1.704397204811359E-007  3.765670751024616E-008
           2  4.882177896405742E-007  2.773059441404538E-007
  5.630518270525907E-008  5.617103689925282E-007
 -2.107509827703110E-007  1.226667106704593E-007
           3  7.480516342075171E-007 -1.000075315121442E-006
  1.284834994335032E-006  5.014675847093710E-007
 -1.396168800700843E-007  3.301226590682117E-007
           4 -1.484565587109710E-006 -1.346373057273140E-006
  1.554973954226616E-006 -1.740820724528437E-006
  1.746550492951346E-007  3.887657639825510E-007
           5 -1.988197205241383E-006  1.772626907149917E-006
 -1.451882247774029E-006 -2.656484449583178E-006
  3.905282846313286E-007  1.426700325755085E-007
           6  1.815923719576926E-006  2.559901489036197E-006
 -3.134239736483689E-006  5.514665174014733E-007
  3.320125593430742E-007 -1.197782499686299E-007
           7  2.983077558775279E-006 -1.635647039366863E-006
 -2.994692810747437E-007  2.663011790997456E-006
  2.018757772117394E-007 -2.103024607805038E-007
           8 -1.325207730564594E-006 -3.271605527686712E-006
  1.672058891805778E-006  4.228618168471667E-007
  1.237283067191562E-007 -2.884339824614433E-007
           9 -3.459077965275968E-006  1.000186569837647E-006
 -2.887601394665902E-007 -1.031032778360993E-006
 -4.067727377507051E-008 -3.701850057843925E-007
          10  6.703257908127429E-007  3.586157780932912E-006
 -1.324714458916821E-006  1.212018345946943E-006
 -3.011967746787804E-007 -3.251096572692319E-007
          11  3.716720565787185E-006 -3.057464774026622E-007
  1.496911058840402E-006  2.371452918655144E-006
 -4.776177807221649E-007 -5.469741025770786E-008
          12  1.389566081957006E-007 -3.823240969638356E-006
  3.310102737885274E-006 -7.635975640933097E-007
 -4.036094729375892E-007  2.632056479175635E-007
          13 -3.857339017970468E-006 -7.137043915453699E-007
  5.536495617720588E-007 -3.422292993589690E-006
 -1.495976980919291E-007  4.335444895145714E-007
          14 -1.362946026463561E-006  3.750259534695650E-006
 -2.656175855261898E-006 -1.535530044273766E-006
  1.134200859756805E-007  4.264955816328668E-007
          15  3.410532875147585E-006  2.046175916556949E-006
 -1.576056322669093E-006  1.645815434573435E-006
  3.164682818526897E-007  2.963513214728025E-007
          16  2.716080451693200E-006 -2.946982458202061E-006
  1.139634642941464E-006  1.042199203909430E-006
  4.450366859653652E-007  7.837111972538318E-008
          17 -2.450019402353860E-006 -3.245323789250867E-006
  7.606486151404611E-007 -1.431579162886116E-006
  4.290339425191536E-007 -2.014973376896467E-007
          18 -3.677787378434530E-006  2.011506995500213E-006
 -2.020092215171835E-006 -1.282914519404084E-006
  2.292897694835405E-007 -4.431094997520310E-007
          19  1.713380589515601E-006  4.083808952555538E-006
 -2.373335987641344E-006  1.981677819912310E-006
 -9.870047431846241E-008 -4.850936730783767E-007
          20  4.614513836858959E-006 -1.482606827435774E-006
  1.066290669932989E-006  3.185340991313942E-006
 -3.683763807788406E-007 -2.916342361832809E-007
          21 -1.273217316690258E-006 -5.450549701094850E-006
  2.957562006942438E-006  2.888786842603847E-007
 -4.185284426379267E-007 -2.078121977725496E-008
          22 -6.566514654170260E-006  9.617290340699748E-007
  9.860714603064097E-007 -1.720166010695194E-006
 -3.295311231598677E-007  1.888255464867778E-007
          23  4.420094721611679E-007  7.923281839756388E-006
 -2.216746015148728E-007 -4.926704574534050E-007
 -1.848184448977001E-007  3.117043549445789E-007
          24  9.282051080202800E-006  2.810007977216835E-007
  7.520837647067494E-007 -4.639761736929113E-007
  2.200023960754938E-008  3.629752122929300E-007
          25  1.211826778252061E-006 -1.043806869606485E-005
  1.237799567623067E-007 -2.004233186050413E-006
  2.015005477491390E-007  2.820313088091463E-007
          26 -1.129010338290911E-005 -2.206566515181082E-006
 -2.380467600117409E-006 -1.107390740218872E-006
  3.081756923912617E-007  1.173976038984923E-007
          27 -3.102445172559962E-006  1.178028629162211E-005
 -1.676466477640867E-006  1.754141277925178E-006
  3.063700179748581E-007 -4.352447189511103E-008
          28  1.200897113122226E-005  3.787961698962562E-006
  9.589698983265442E-007  1.276526311551296E-006
  2.572723185584127E-007 -1.899937652589546E-007
          29  4.219732770993923E-006 -1.204597868883553E-005
  2.088874841977024E-007 -7.969235197534123E-007
  1.275769080090672E-007 -3.126237211121255E-007
          30 -1.206074697753563E-005 -4.546356372902991E-006
 -1.448554474924571E-006  5.058313919563692E-007
 -7.867657688620251E-008 -3.455877095365299E-007
          31 -4.828182509106837E-006  1.215783497561283E-005
  4.008134275188760E-007  2.541056607428380E-006
 -2.664990101239312E-007 -2.374217090498212E-007
          32  1.227853138127924E-005  5.161218279112131E-006
  3.109517127638707E-006  3.717270249988866E-007
 -3.387852079268745E-007 -4.025052497615052E-008
