   409.600000000000     
          32           1           3
  1.124309127438499E-002   40.2379068160385        111.381391869976     
   40.0000000000000        115.000000000000        6211.00000000000     
           0  0.000000000000000E+000  0.000000000000000E+000
  0.000000000000000E+000  0.000000000000000E+000
  0.000000000000000E+000  0.000000000000000E+000
           1  0.000000000000000E+000  0.000000000000000E+000
 -1.472923705706346E-009  5.789594481834319E-010
 -6.738498677318347E-009 -7.007694574788542E-010
           2  0.000000000000000E+000  0.000000000000000E+000
 -1.211441619355199E-009  1.437792820515499E-009
 -1.180608199859918E-008  1.231612887077394E-009
           3  0.000000000000000E+000  0.000000000000000E+000
 -2.011941773907540E-010  2.177733739339126E-009
 -1.592241760415776E-008  1.271737363737165E-008
           4  0.000000000000000E+000  0.000000000000000E+000
  1.323874034255804E-009  2.009592813020363E-009
 -4.492118454524059E-009  3.038878275744064E-008
           5  0.000000000000000E+000  0.000000000000000E+000
  2.312732370887055E-009  7.227818600452873E-010
  2.657270565405494E-008  3.108428399867981E-008
           6  0.000000000000000E+000  0.000000000000000E+000
  2.185154455556125E-009 -8.277460074963756E-010
  4.877929018490834E-008 -1.746113926057114E-009
           7  0.000000000000000E+000  0.000000000000000E+000
  1.141866118882161E-009 -1.755336626753988E-009
  2.951884245588015E-008 -4.447182228845713E-008
           8  0.000000000000000E+000  0.000000000000000E+000
  1.108135112495382E-010 -1.869419784558718E-009
 -2.078890704701675E-008 -4.790874825647114E-008
           9  0.000000000000000E+000  0.000000000000000E+000
 -6.321673796179958E-010 -1.579314506785406E-009
 -4.647631620231440E-008 -4.979348771540197E-009
          10  0.000000000000000E+000  0.000000000000000E+000
 -1.307971954819844E-009 -1.392476507038977E-009
 -1.649901965472841E-008  3.240430400757346E-008
          11  0.000000000000000E+000  0.000000000000000E+000
 -2.176541423153260E-009 -6.297948174681217E-010
  2.267249369549780E-008  1.512472210623289E-008
          12  0.000000000000000E+000  0.000000000000000E+000
 -2.518066317353352E-009  8.465188492387012E-010
  1.394325445395340E-008 -2.675017605881322E-008
          13  0.000000000000000E+000  0.000000000000000E+000
 -1.591082031785884E-009  2.475844075825122E-009
 -3.505774765399435E-008 -2.599640302401864E-008
          14  0.000000000000000E+000  0.000000000000000E+000
  3.309290128784550E-010  3.187100527953057E-009
 -5.301577719353181E-008  2.920843218804002E-008
          15  0.000000000000000E+000  0.000000000000000E+000
  2.386364905607327E-009  2.247540154140113E-009
  2.520499453284843E-010  7.586272919395827E-008
          16  0.000000000000000E+000  0.000000000000000E+000
  3.203209187274597E-009  1.615811357685501E-010
  7.450458323511046E-008  4.514912009711215E-008
          17  0.000000000000000E+000  0.000000000000000E+000
  2.437313837146647E-009 -1.755733257764218E-009
  8.375443841960864E-008 -4.252348020083621E-008
          18  0.000000000000000E+000  0.000000000000000E+000
  8.339861489845557E-010 -2.622002888037345E-009
  6.265118769990538E-009 -9.475068603192417E-008
          19  0.000000000000000E+000  0.000000000000000E+000
 -6.557269295518069E-010 -2.354463161902118E-009
 -7.652600407915986E-008 -4.837349235922401E-008
          20  0.000000000000000E+000  0.000000000000000E+000
 -1.656594881808353E-009 -1.545494105865875E-009
 -6.983935876543008E-008  4.441381812438731E-008
          21  0.000000000000000E+000  0.000000000000000E+000
 -2.095712268606568E-009 -6.513129876496977E-010
  2.022686049563248E-008  7.171678631193499E-008
          22  0.000000000000000E+000  0.000000000000000E+000
 -2.314118065992289E-009  5.398249438373229E-010
  7.003084812116700E-008 -6.611834823666825E-009
          23  0.000000000000000E+000  0.000000000000000E+000
 -1.793992630350843E-009  1.851051256648133E-009
  4.923096364324306E-009 -7.829871394528092E-008
          24  0.000000000000000E+000  0.000000000000000E+000
 -2.570847005248040E-010  2.784720389051664E-009
 -8.921439121851257E-008 -2.812849151148808E-008
          25  0.000000000000000E+000  0.000000000000000E+000
  1.472304774748291E-009  2.354144719979951E-009
 -7.192484073389983E-008  8.534924099049877E-008
          26  0.000000000000000E+000  0.000000000000000E+000
  2.610296656336587E-009  8.136833199543827E-010
  5.824780764439797E-008  1.169986551612578E-007
          27  0.000000000000000E+000  0.000000000000000E+000
  2.265682000423012E-009 -8.487996132260163E-010
  1.390733966109806E-007 -3.718994121389444E-009
          28  0.000000000000000E+000  0.000000000000000E+000
  1.209493034569699E-009 -1.739190176117501E-009
  5.735215600460914E-008 -1.298495054117094E-007
          29  0.000000000000000E+000  0.000000000000000E+000
  2.133136713500141E-010 -1.740219877341141E-009
 -9.306990993205519E-008 -9.860866501877157E-008
          30  0.000000000000000E+000  0.000000000000000E+000
 -5.057392145641015E-010 -1.634068959780367E-009
 -1.169626275609235E-007  4.428187534165936E-008
          31  0.000000000000000E+000  0.000000000000000E+000
 -1.178199723890024E-009 -1.377602200649789E-009
  7.250490579519085E-009  1.191663036348621E-007
          32  0.000000000000000E+000  0.000000000000000E+000
 -1.975428759384206E-009 -6.794403094405398E-010
  1.156450887013205E-007  2.128256168878912E-008
