   409.600000000000     
          32           1           3
  1.124309127438499E-002   40.0154445396893        111.992554823786     
   40.0000000000000        115.000000000000        6211.00000000000     
           0  0.000000000000000E+000  0.000000000000000E+000
  0.000000000000000E+000  0.000000000000000E+000
  0.000000000000000E+000  0.000000000000000E+000
           1  0.000000000000000E+000  0.000000000000000E+000
 -4.256935398253715E-010  1.495933281642079E-010
 -5.536735508484840E-009 -1.751660640627733E-009
           2  0.000000000000000E+000  0.000000000000000E+000
 -3.817388946722912E-010  3.838851397327330E-010
 -1.118474284643115E-008 -2.270913786808241E-009
           3  0.000000000000000E+000  0.000000000000000E+000
 -1.423986528081954E-010  6.324368285431978E-010
 -2.012945543393943E-008  6.361438744538897E-009
           4  0.000000000000000E+000  0.000000000000000E+000
  2.996076584907163E-010  6.855005993524244E-010
 -1.878450391689884E-008  2.828274504419556E-008
           5  0.000000000000000E+000  0.000000000000000E+000
  7.131431591149263E-010  3.888422926702591E-010
  8.892672154397216E-009  4.770342899653736E-008
           6  0.000000000000000E+000  0.000000000000000E+000
  8.454924287532405E-010 -1.467643997769027E-010
  5.306637137887705E-008  3.489230854359598E-008
           7  0.000000000000000E+000  0.000000000000000E+000
  5.652034202725289E-010 -6.482033031435015E-010
  7.541575851703324E-008 -2.001054168041366E-008
           8  0.000000000000000E+000  0.000000000000000E+000
  5.059901813406357E-011 -8.356873787184460E-010
  3.893628193012157E-008 -8.066121259652118E-008
           9  0.000000000000000E+000  0.000000000000000E+000
 -4.269377042953228E-010 -6.402718670685699E-010
 -4.142262671472045E-008 -8.927302497375010E-008
          10  0.000000000000000E+000  0.000000000000000E+000
 -6.453531291607999E-010 -2.911794831573072E-010
 -9.855797609444320E-008 -2.315021574780897E-008
          11  0.000000000000000E+000  0.000000000000000E+000
 -6.583479040285759E-010  7.720484286319972E-011
 -7.735131400168683E-008  6.372668663722785E-008
          12  0.000000000000000E+000  0.000000000000000E+000
 -5.277638601150176E-010  3.601738157415497E-010
  7.873837522558333E-009  9.452499305265823E-008
          13  0.000000000000000E+000  0.000000000000000E+000
 -3.066091220605151E-010  5.774876500891442E-010
  7.629507603559753E-008  3.939017161428714E-008
          14  0.000000000000000E+000  0.000000000000000E+000
 -3.849292377457558E-012  7.296140054430164E-010
  6.168361574159980E-008 -4.515798629103540E-008
          15  0.000000000000000E+000  0.000000000000000E+000
  4.463520649553037E-010  6.934862689538789E-010
 -1.806617187051931E-008 -6.761641380633442E-008
          16  0.000000000000000E+000  0.000000000000000E+000
  8.545229619023210E-010  3.361388086314956E-010
 -7.309766181587214E-008 -3.457219652235461E-009
          17  0.000000000000000E+000  0.000000000000000E+000
  9.663237265549860E-010 -2.689954624376263E-010
 -3.387687017025676E-008  8.050738536456527E-008
          18  0.000000000000000E+000  0.000000000000000E+000
  6.263188686088246E-010 -8.741857409617508E-010
  7.211631218471767E-008  8.131312904708395E-008
          19  0.000000000000000E+000  0.000000000000000E+000
 -7.609170808718575E-011 -1.102844745278144E-009
  1.303997651797453E-007 -2.685942583296077E-008
          20  0.000000000000000E+000  0.000000000000000E+000
 -7.918432182677378E-010 -7.852207567363125E-010
  5.494071351578367E-008 -1.490153953664133E-007
          21  0.000000000000000E+000  0.000000000000000E+000
 -1.048354557570805E-009 -8.931916376814289E-011
 -1.068382967973172E-007 -1.433878643254446E-007
          22  0.000000000000000E+000  0.000000000000000E+000
 -7.966109030998759E-010  5.620730024852462E-010
 -1.947143608465623E-007  1.041308201130005E-008
          23  0.000000000000000E+000  0.000000000000000E+000
 -2.463157144438562E-010  8.023539142037867E-010
 -1.024145257275294E-007  1.752760556988818E-007
          24  0.000000000000000E+000  0.000000000000000E+000
  2.318625484539548E-010  6.931749832899961E-010
  9.113600999548265E-008  1.850215263479234E-007
          25  0.000000000000000E+000  0.000000000000000E+000
  4.238568153695967E-010  3.790379349270666E-010
  2.028450429298004E-007  1.643865979021407E-008
          26  0.000000000000000E+000  0.000000000000000E+000
  4.851961707003240E-010  1.704145768869431E-010
  1.102934660114176E-007 -1.579906514444339E-007
          27  0.000000000000000E+000  0.000000000000000E+000
  5.068002247557163E-010 -3.716391033351491E-012
 -8.340698340337828E-008 -1.632471203956834E-007
          28  0.000000000000000E+000  0.000000000000000E+000
  5.407953160658333E-010 -2.598434308678064E-010
 -1.736872129561210E-007  3.772185791751277E-009
          29  0.000000000000000E+000  0.000000000000000E+000
  3.734551889958178E-010 -5.661745134110226E-010
 -7.089127424082256E-008  1.580829351713165E-007
          30  0.000000000000000E+000  0.000000000000000E+000
 -3.227131172004268E-011 -7.957110420401393E-010
  1.216090352874118E-007  1.341662559698835E-007
          31  0.000000000000000E+000  0.000000000000000E+000
 -5.581571102824783E-010 -6.526549790700958E-010
  1.853921024725482E-007 -5.401642081299294E-008
          32  0.000000000000000E+000  0.000000000000000E+000
 -8.761824513462818E-010 -1.563077655044734E-010
  4.303721764295663E-008 -2.054844439806344E-007
