   409.600000000000     
          32           1           3
  1.124309127438499E-002   37.8798066867369        117.859719180362     
   40.0000000000000        115.000000000000        6211.00000000000     
           0  0.000000000000000E+000  0.000000000000000E+000
  0.000000000000000E+000  0.000000000000000E+000
  0.000000000000000E+000  0.000000000000000E+000
           1 -2.499065919422666E-007  1.130020976389099E-007
 -2.123168181982066E-007  9.758019489249688E-008
 -3.788112624491974E-007  4.643645944661775E-008
           2 -1.435338649424047E-007  4.162684458093685E-007
 -2.235283743950353E-007  3.465375876585106E-007
 -5.490449054658760E-007  1.863822252154763E-007
           3  4.638335269661417E-007  3.691134019570964E-007
  2.751002988018323E-007  7.423426833013373E-007
 -5.347949196942945E-007  7.550389908598530E-007
           4  4.706497430144128E-007 -4.508090217101967E-007
  1.267105068701181E-006  1.529442508227166E-007
  2.240255907015277E-007  1.138275645550214E-006
           5 -4.942529197514621E-007 -4.828458384851050E-007
  9.215201068183654E-007 -1.492413783386369E-006
  1.012116139255016E-006  6.734537348719767E-007
           6 -5.325943171658711E-007  6.330016734738702E-007
 -1.173952374911231E-006 -1.736686379261395E-006
  1.109403932207646E-006 -1.735262855766310E-007
           7  7.735214715223689E-007  7.431101229878155E-007
 -2.197710124001338E-006  3.706591643624476E-007
  6.993136368480716E-007 -6.335430546103023E-007
           8  1.113319853114471E-006 -7.554265483706200E-007
 -5.200429701302727E-007  2.076751617883601E-006
  3.610050650518270E-007 -8.155563100559571E-007
           9 -4.666330531860845E-007 -1.479034826975782E-006
  1.537852385289547E-006  1.043340740174034E-006
  9.512398969871112E-009 -9.718902028813365E-007
          10 -1.639532419039918E-006 -4.787197152747352E-008
  1.065495210309421E-006 -1.032777305660825E-006
 -6.100521780687827E-007 -1.041921926731221E-006
          11 -5.624669801372913E-007  1.480634804751361E-006
 -9.198745353320130E-007 -8.990747983066226E-007
 -1.320861235916627E-006 -5.179829091067121E-007
          12  1.080145389739606E-006  8.432655003566920E-007
 -1.089670137349492E-006  1.139858381438996E-006
 -1.452228821296048E-006  5.141790069653962E-007
          13  7.829304650975791E-007 -6.939773558670069E-007
  1.215434232687075E-006  1.837008234412782E-006
 -7.529681317125991E-007  1.332411743764267E-006
          14 -5.591230991888660E-007 -4.827655375013410E-007
  2.808197652566175E-006 -5.945936298524378E-007
  2.308615064222446E-007  1.438470309534261E-006
          15 -2.302576402180100E-007  7.367920982849473E-007
  8.289990098447720E-007 -3.294719651638014E-006
  8.950514673354001E-007  9.511981766402211E-007
          16  1.086156128328937E-006  2.516115077694498E-007
 -2.816231219424013E-006 -2.503917554215155E-006
  1.177301833391125E-006  3.739154161131151E-007
          17  5.792667784182513E-007 -1.301655276053820E-006
 -3.610231309529193E-006  1.463154774720167E-006
  1.291606372926481E-006 -2.140816592786083E-007
          18 -1.202725579574617E-006 -1.018414119368760E-006
 -1.099313629355140E-007  3.682726106033750E-006
  1.116226879293786E-006 -1.036625025743038E-006
          19 -1.257101427448595E-006  8.374657682187130E-007
  3.044978402409661E-006  1.111134128316291E-006
  2.504220554279554E-007 -1.667415712133961E-006
          20  4.817339594901414E-007  1.134300337307904E-006
  1.304427735585713E-006 -2.406300041747215E-006
 -9.834599952971261E-007 -1.426438298510845E-006
          21  7.508273828577525E-007 -4.615879054110123E-007
 -2.367454679880477E-006 -1.173080055027725E-006
 -1.550939561340132E-006 -4.223185460124950E-007
          22 -8.564939813859575E-007 -4.600236016576666E-007
 -1.568986597889471E-006  2.852656168394851E-006
 -1.288274426196514E-006  5.400863920970836E-007
          23 -6.267302190917080E-007  1.494114855157368E-006
  3.195084138118049E-006  2.866662492423909E-006
 -7.402469911675731E-007  9.256124483548863E-007
          24  1.942996884851582E-006  1.282435133330973E-006
  4.584510581627049E-006 -2.618766168051332E-006
 -2.545619336081526E-007  1.126133060919124E-006
          25  2.141419288116922E-006 -1.810537464718671E-006
 -8.369708369123410E-007 -5.786024689085023E-006
  2.612423325962996E-007  1.261961729611382E-006
          26 -1.046637272040342E-006 -2.701196268434717E-006
 -5.721009435593504E-006 -1.403958186100209E-006
  1.137795370212220E-006  1.007261188680134E-006
          27 -2.579912618784675E-006 -7.792190843488294E-009
 -3.148881932355718E-006  4.317090024619587E-006
  1.636395800422324E-006  3.438103041707712E-008
          28 -7.719843469259440E-007  1.777639208670847E-006
  2.443874739392403E-006  3.763498155324279E-006
  1.212079695372515E-006 -1.076118540576625E-006
          29  6.672979545805494E-007  8.714501257351498E-007
  3.346204554510522E-006 -1.122217946512490E-006
  1.894029446515523E-007 -1.404617014091220E-006
          30  3.546995768922594E-007  1.111931531341721E-007
 -6.557904710971126E-007 -2.706509522917383E-006
 -5.440356590046963E-007 -1.011555414232114E-006
          31  1.789579449134378E-007  3.559507812158014E-007
 -2.670509157576421E-006  7.240041069868732E-007
 -7.168563366481518E-007 -5.784029810816623E-007
          32  6.897535515231278E-007  3.846676956240203E-007
  4.006806661786618E-007  3.314599566964095E-006
 -8.679847419167736E-007 -3.701076856459049E-007
