   409.600000000000     
          32           1           3
  1.124309127438499E-002   42.5547080950952        112.916842441785     
   40.0000000000000        115.000000000000        6211.00000000000     
           0  0.000000000000000E+000  0.000000000000000E+000
  0.000000000000000E+000  0.000000000000000E+000
  0.000000000000000E+000  0.000000000000000E+000
           1 -2.077732300329365E-007 -1.403167755093385E-008
 -8.001142976530325E-008  8.987848007440993E-009
  6.215435002733651E-007 -1.271043192910773E-007
           2 -4.439311463860729E-007  1.339926785386954E-007
 -1.354872410263555E-007 -1.150343369164706E-008
  7.665935995686795E-007 -3.585933365057644E-007
           3 -2.910304885863922E-007  8.066437107363658E-007
 -2.974056294170402E-007  1.833397191576165E-007
  7.478478073600748E-007 -1.057416028638933E-006
           4  8.174146192905299E-007  8.979391971544612E-007
  9.170708234531928E-009  6.368940677049280E-007
 -2.032356333484362E-007 -1.719318244131966E-006
           5  1.382774918315375E-006 -4.119338668332689E-007
  8.167262263748759E-007  3.531217860168407E-007
 -1.567295388810647E-006 -1.247087356656478E-006
           6  2.240110287790133E-007 -1.502846452905800E-006
  7.568575865600645E-007 -7.251525269939230E-007
 -2.049815444350290E-006  2.373088694673683E-007
           7 -1.226503623373183E-006 -8.075228847937476E-007
 -4.417036755369234E-007 -1.017980645626256E-006
 -1.254415350692220E-006  1.445880218438851E-006
           8 -1.140060385310376E-006  7.338197667390063E-007
 -1.070030916809469E-006  1.362736188505935E-007
 -9.240704638596182E-008  1.666409692759135E-006
           9  2.493047419038662E-007  1.216198014203798E-006
 -5.415190343607086E-008  1.013337926021904E-006
  6.195319460310766E-007  1.221966774102267E-006
          10  1.181942179355777E-006  1.293291098277794E-007
  1.016474301734012E-006  1.385501208202380E-007
  9.458369332043328E-007  9.129088626592971E-007
          11  4.789659333238648E-007 -1.170967993939215E-006
  2.895743321632973E-007 -1.162531305943285E-006
  1.468394955000338E-006  5.479150028079461E-007
          12 -1.142337571059736E-006 -9.551385688633620E-007
 -1.401070227870977E-006 -6.749496099227156E-007
  1.926992920542847E-006 -3.979042119480760E-007
          13 -1.622895987251032E-006  8.862043328646754E-007
 -1.319621571084170E-006  1.483992617265580E-006
  1.489537008778221E-006 -1.817888314152486E-006
          14  1.682163192951220E-007  2.336683904126352E-006
  1.203410665279331E-006  2.105660126860833E-006
 -1.199678432482145E-007 -2.654845021502640E-006
          15  2.787818030460037E-006  1.052810704091570E-006
  2.752657175502629E-006 -5.076310835273620E-007
 -1.969010629877547E-006 -1.921823520290903E-006
          16  2.543940900468723E-006 -2.655760230120808E-006
  4.690289602305969E-007 -3.029159887217542E-006
 -2.704243578406883E-006 -8.425706500119147E-008
          17 -1.823774480265172E-006 -3.917598027325926E-006
 -2.878540385219910E-006 -1.452532695072177E-006
 -1.917363995643714E-006  1.613560075565093E-006
          18 -4.841280981828552E-006  4.649612809075671E-007
 -2.213671865061320E-006  2.406472287772911E-006
 -4.394541209860056E-007  2.141044383276671E-006
          19 -1.081568520337041E-006  5.225896368674077E-006
  1.887750905272292E-006  2.694605074165581E-006
  6.533915796819690E-007  1.720781763048606E-006
          20  5.245388529792587E-006  2.521998295852258E-006
  2.945714129948493E-006 -1.484232182074630E-006
  1.262915018340890E-006  1.141357775416669E-006
          21  3.802486669705483E-006 -5.139052080893464E-006
 -1.173318492352552E-006 -3.224428282475801E-006
  1.719560229413823E-006  5.017933850461895E-007
          22 -5.012965724744881E-006 -5.134154537469044E-006
 -3.703091127334510E-006  8.453933366001060E-007
  1.929176820982340E-006 -5.734368049558971E-007
          23 -6.747026073272289E-006  4.744051426897933E-006
  2.548960920293209E-007  4.351412812268093E-006
  1.339524326924818E-006 -1.776447581094089E-006
          24  4.003161416781764E-006  8.621630725366543E-006
  5.000440092176786E-006  7.439667920977347E-007
 -2.103956209646998E-007 -2.377605141743972E-006
          25  1.042995514214092E-005 -2.481507641039476E-006
  2.084337648732657E-006 -5.308991980789815E-006
 -1.667414204200246E-006 -1.562334434104873E-006
          26 -1.573269275576325E-007 -1.166815046882696E-005
 -4.998669154735065E-006 -3.589826062897116E-006
 -2.068182874310761E-006 -4.953829093750789E-008
          27 -1.194360608492943E-005 -2.630991235132830E-006
 -4.947609627906009E-006  4.061554866779204E-006
 -1.394475395363458E-006  1.003619992079898E-006
          28 -5.304258834017038E-006  1.118647741454951E-005
  2.651316494073458E-006  5.896760878923499E-006
 -5.664309029747773E-007  1.324085221465097E-006
          29  9.630774252827259E-006  7.405802500208201E-006
  6.387897427343532E-006 -1.102346223894299E-006
  3.682546813146354E-008  1.250692428191566E-006
          30  8.852151014138988E-006 -7.696203914816485E-006
  3.457818421127174E-007 -6.471997350315077E-006
  5.893519656959181E-007  1.159194693807002E-006
          31 -5.710298062164779E-006 -9.862310464159594E-006
 -6.315095639170835E-006 -1.714770134670188E-006
  1.171815085043858E-006  7.742780577810698E-007
          32 -1.070284474215183E-005  3.711451173814680E-006
 -3.146820105332496E-006  6.017242750585221E-006
  1.506222682925148E-006 -1.192935275675088E-008
