   409.600000000000     
          32           1           3
  1.124309127438499E-002   39.8324128308012        112.202787130570     
   40.0000000000000        115.000000000000        6211.00000000000     
           0  0.000000000000000E+000  0.000000000000000E+000
  0.000000000000000E+000  0.000000000000000E+000
  0.000000000000000E+000  0.000000000000000E+000
           1  0.000000000000000E+000  0.000000000000000E+000
  1.225472173194599E-009 -4.141733914771387E-010
 -4.706259411446992E-009 -2.166387214672215E-009
           2  0.000000000000000E+000  0.000000000000000E+000
  1.126021560035863E-009 -1.071871764640662E-009
 -1.035568987555408E-008 -3.664243375160047E-009
           3  0.000000000000000E+000  0.000000000000000E+000
  4.918138274112597E-010 -1.808630832785275E-009
 -2.063942788696488E-008  3.360156565525573E-009
           4  0.000000000000000E+000  0.000000000000000E+000
 -7.545361735401314E-010 -2.054561033607712E-009
 -2.325084538161881E-008  2.516003810286458E-008
           5  0.000000000000000E+000  0.000000000000000E+000
 -2.035430738586917E-009 -1.313008472036137E-009
  1.428883107980142E-010  4.981452010981973E-008
           6  0.000000000000000E+000  0.000000000000000E+000
 -2.609509810777680E-009  2.345430213145822E-010
  4.691906444107707E-008  4.727202840471569E-008
           7  0.000000000000000E+000  0.000000000000000E+000
 -1.947792596197982E-009  1.881116359516647E-009
  8.390152583719697E-008 -1.907672690620729E-009
           8  0.000000000000000E+000  0.000000000000000E+000
 -3.717558834125283E-010  2.705500954589929E-009
  6.556585556683262E-008 -7.484025237122615E-008
           9  0.000000000000000E+000  0.000000000000000E+000
  1.333288533343807E-009  2.254336563377686E-009
 -1.459396766613493E-008 -1.126202122409468E-007
          10  0.000000000000000E+000  0.000000000000000E+000
  2.270891496810007E-009  1.018401536194833E-009
 -1.026065661090211E-007 -6.726476764310098E-008
          11  0.000000000000000E+000  0.000000000000000E+000
  2.302542376197819E-009 -4.477983792763286E-010
 -1.234493822098961E-007  3.689097619519987E-008
          12  0.000000000000000E+000  0.000000000000000E+000
  1.572566368968671E-009 -1.499302117940421E-009
 -4.872553704198194E-008  1.210661563784176E-007
          13  0.000000000000000E+000  0.000000000000000E+000
  5.409077249184207E-010 -1.956555508815043E-009
  6.519785612363640E-008  1.098502142067738E-007
          14  0.000000000000000E+000  0.000000000000000E+000
 -3.971825816192750E-010 -1.964352330211580E-009
  1.208228376390258E-007  8.707432528955009E-009
          15  0.000000000000000E+000  0.000000000000000E+000
 -1.356930476480540E-009 -1.593887922716125E-009
  6.732869869012894E-008 -9.023892750716327E-008
          16  0.000000000000000E+000  0.000000000000000E+000
 -2.130132771251692E-009 -7.310445342528804E-010
 -4.406253195341049E-008 -9.611979578808583E-008
          17  0.000000000000000E+000  0.000000000000000E+000
 -2.410075703312790E-009  5.561701569875712E-010
 -1.040257276980473E-007  1.497997037702978E-010
          18  0.000000000000000E+000  0.000000000000000E+000
 -1.848492908885608E-009  2.033244406112018E-009
 -4.321540220119832E-008  1.020780874041066E-007
          19  0.000000000000000E+000  0.000000000000000E+000
 -3.020134237354447E-010  2.961861503750780E-009
  8.546032693133007E-008  9.434737793170368E-008
          20  0.000000000000000E+000  0.000000000000000E+000
  1.763560452367878E-009  2.669017463584273E-009
  1.461764958277807E-007 -3.852120302121804E-008
          21  0.000000000000000E+000  0.000000000000000E+000
  3.107133529988058E-009  9.940648513731073E-010
  4.924116032084869E-008 -1.694720501824941E-007
          22  0.000000000000000E+000  0.000000000000000E+000
  3.034932964126431E-009 -1.261004005522321E-009
 -1.330303347522597E-007 -1.528998617600620E-007
          23  0.000000000000000E+000  0.000000000000000E+000
  1.460921036559573E-009 -2.764385156166406E-009
 -2.224480486283927E-007  2.648154743267957E-008
          24  0.000000000000000E+000  0.000000000000000E+000
 -6.241421064736291E-010 -2.917143716667156E-009
 -1.155014970270371E-007  2.143694003492429E-007
          25  0.000000000000000E+000  0.000000000000000E+000
 -1.990248393943142E-009 -1.626984009851381E-009
  1.164070283785325E-007  2.251997827436715E-007
          26  0.000000000000000E+000  0.000000000000000E+000
 -2.247437138686347E-009 -1.399180681597474E-010
  2.538930527254947E-007  3.568572742751855E-008
          27  0.000000000000000E+000  0.000000000000000E+000
 -1.599196211701779E-009  8.958602322404458E-010
  1.711387123702924E-007 -1.877429167610857E-007
          28  0.000000000000000E+000  0.000000000000000E+000
 -8.980845459412416E-010  1.290426807860450E-009
 -5.738993055323712E-008 -2.382379508150348E-007
          29  0.000000000000000E+000  0.000000000000000E+000
 -2.979945639049330E-010  1.332885425727112E-009
 -2.244759208286563E-007 -7.814781749744389E-008
          30  0.000000000000000E+000  0.000000000000000E+000
  1.793185072933046E-010  1.480841136562063E-009
 -1.725852010525363E-007  1.454983853263492E-007
          31  0.000000000000000E+000  0.000000000000000E+000
  9.290541785060191E-010  1.427560327243529E-009
  3.863481746817265E-008  2.144013640605252E-007
          32  0.000000000000000E+000  0.000000000000000E+000
  1.784754995090573E-009  8.512015727748480E-010
  2.044617667024590E-007  6.837842558640068E-008
