   409.600000000000     
          32           1           3
  1.124309127438499E-002   42.5102156398253        113.039075032547     
   40.0000000000000        115.000000000000        6211.00000000000     
           0  0.000000000000000E+000  0.000000000000000E+000
  0.000000000000000E+000  0.000000000000000E+000
  0.000000000000000E+000  0.000000000000000E+000
           1 -2.357038740417560E-007 -8.455651252942505E-009
 -9.009115794867428E-008  1.183802641721827E-008
  6.112641036251109E-007 -1.190552943685535E-007
           2 -4.757759682691811E-007  1.453219542588051E-007
 -1.434298219554403E-007 -4.887135936339014E-009
  7.623792813023103E-007 -3.308839968068029E-007
           3 -3.444153324530444E-007  8.379242980053577E-007
 -3.050873105989250E-007  1.845558015969901E-007
  7.875440698019000E-007 -1.016736591243374E-006
           4  7.773029577039804E-007  1.016593283118434E-006
 -2.448873397219702E-008  6.488489093854822E-007
 -1.101207266575983E-007 -1.738589825033493E-006
           5  1.504000785776413E-006 -2.493151741867524E-007
  7.994659036693386E-007  4.351211424294224E-007
 -1.522423650879343E-006 -1.374140502772766E-006
           6  4.971494157135516E-007 -1.536298060107402E-006
  8.681979779154728E-007 -6.388660629417975E-007
 -2.156025411088458E-006  1.109774449037107E-007
           7 -1.110058182291440E-006 -1.115482979622458E-006
 -2.695920140840913E-007 -1.113358312697390E-006
 -1.430234427005258E-006  1.475552116667174E-006
           8 -1.387673699547100E-006  4.666957511508528E-007
 -1.102471691047699E-006 -1.014727848892197E-007
 -1.505120594541999E-007  1.827536923166198E-006
           9 -1.192491890802380E-007  1.338201897436658E-006
 -3.150648412493707E-007  9.627183995423258E-007
  7.181156758515381E-007  1.324488832425150E-006
          10  1.155479387960665E-006  5.413965984491527E-007
  8.956556905432367E-007  3.896628324414884E-007
  1.034638343835945E-006  8.678464546187732E-007
          11  8.977611986785769E-007 -9.876393893024244E-007
  5.309945730984494E-007 -9.890853180933274E-007
  1.423777020135727E-006  4.908451109061412E-007
          12 -7.720037550984347E-007 -1.346595181595968E-006
 -1.162573080930682E-006 -9.342554434375515E-007
  1.856108081345994E-006 -3.141705305314697E-007
          13 -1.906523886171862E-006  2.752061549917718E-007
 -1.604620172746296E-006  1.123469684607909E-006
  1.585279248484374E-006 -1.665695162375407E-006
          14 -7.067372947525064E-007  2.352789357040131E-006
  6.466477010039091E-007  2.362624655271584E-006
  1.288252293751139E-007 -2.676006191176503E-006
          15  2.327189616498696E-006  2.111049377075631E-006
  2.858894877568723E-006  2.728605750007110E-007
 -1.832015161334762E-006 -2.191124681660682E-006
          16  3.563764674769663E-006 -1.552565482648757E-006
  1.408086833986394E-006 -2.839437919748335E-006
 -2.868953191560257E-006 -3.765060991941825E-007
          17 -4.974277817486712E-008 -4.578061939773786E-006
 -2.309639140715482E-006 -2.402649240874013E-006
 -2.259570567649132E-006  1.589850662969759E-006
          18 -4.832640534287673E-006 -1.838671751319783E-006
 -3.011356792438733E-006  1.484621465564392E-006
 -6.274087588818713E-007  2.393566694441502E-006
          19 -3.662320790061020E-006  4.348389011306819E-006
  7.266102882885416E-007  3.258373556839716E-006
  7.499088418414832E-007  1.951238771081035E-006
          20  3.434312289308242E-006  5.130238467671919E-006
  3.305318036864782E-006 -2.021721428435430E-007
  1.417546009928578E-006  1.145716230582698E-006
          21  6.261755500448219E-006 -2.400135662805917E-006
  2.211693325226846E-007 -3.457415643705393E-006
  1.701663205438071E-006  4.439314777924414E-007
          22 -1.314678576238821E-006 -7.316177094883412E-006
 -3.835753182203876E-006 -7.873570784253242E-007
  1.862969510500333E-006 -4.573322599183064E-007
          23 -8.471895770865387E-006 -1.572755835736762E-008
 -1.776734467803427E-006  4.247389798959224E-006
  1.506778242532520E-006 -1.568907155228206E-006
          24 -1.903977976004152E-006  9.549679365913795E-006
  4.365140837281674E-006  3.230032430882633E-006
  1.684569211418787E-007 -2.445246424305243E-006
          25  1.006365342705922E-005  4.485364685314934E-006
  4.850167111434265E-006 -3.825629327945516E-006
 -1.493660020866005E-006 -1.996817856563740E-006
          26  7.480605440173351E-006 -9.498694660806407E-006
 -2.483831373106090E-006 -6.226294868153127E-006
 -2.362099811862225E-006 -4.549981102587229E-007
          27 -7.663489738862907E-006 -1.026420648392444E-005
 -6.978712188479692E-006  5.684301376016251E-007
 -1.873521279617641E-006  1.015873355224434E-006
          28 -1.214382388804106E-005  4.844594662194826E-006
 -1.543471186199557E-006  6.952257678432301E-006
 -8.004616769124460E-007  1.671618541718137E-006
          29  1.615288439910739E-006  1.277614779230661E-005
  6.304349119872145E-006  3.443724335597120E-006
  1.419383351675246E-007  1.547740833784869E-006
          30  1.234251912500812E-005  1.442129929962889E-006
  4.952011268341441E-006 -5.242877844956018E-006
  7.702200280877612E-007  1.231188602225035E-006
          31  4.041318448157052E-006 -1.130568435220364E-005
 -3.936901511792084E-006 -6.177346202429252E-006
  1.239937860357249E-006  7.626426158098884E-007
          32 -1.002032635551289E-005 -6.263225970556024E-006
 -7.256016816909616E-006  2.384263001305971E-006
  1.544421236997955E-006  5.655391520995346E-008
