   409.600000000000     
          32           1           3
  1.124309127438499E-002   38.5866240832457        115.625299671906     
   40.0000000000000        115.000000000000        6211.00000000000     
           0  0.000000000000000E+000  0.000000000000000E+000
  0.000000000000000E+000  0.000000000000000E+000
  0.000000000000000E+000  0.000000000000000E+000
           1  0.000000000000000E+000  0.000000000000000E+000
  2.755549064122455E-008 -7.733959858201959E-009
 -1.194585941671279E-009  1.509677807409645E-009
           2  0.000000000000000E+000  0.000000000000000E+000
  2.755405994922931E-008 -2.051713390059014E-008
  2.246488391512761E-010  3.764622910231801E-009
           3  0.000000000000000E+000  0.000000000000000E+000
  1.878752348043196E-008 -3.766127458366995E-008
  4.658078164065507E-009  4.951573630522812E-009
           4  0.000000000000000E+000  0.000000000000000E+000
 -3.900467487013156E-009 -5.062852827050755E-008
  1.098689799538457E-008  1.275212712676775E-009
           5  0.000000000000000E+000  0.000000000000000E+000
 -3.593371493155832E-008 -4.730523517549914E-008
  1.349604037956616E-008 -9.179984259408279E-009
           6  0.000000000000000E+000  0.000000000000000E+000
 -6.525774561964485E-008 -2.171392626827357E-008
  5.964637987392660E-009 -2.198838071689570E-008
           7  0.000000000000000E+000  0.000000000000000E+000
 -7.414706293564858E-008  2.298271458155504E-008
 -1.344041938707217E-008 -2.724498824473391E-008
           8  0.000000000000000E+000  0.000000000000000E+000
 -5.169993193066489E-008  6.967784699549737E-008
 -3.601096590466954E-008 -1.477893156374809E-008
           9  0.000000000000000E+000  0.000000000000000E+000
  7.280214974681818E-010  9.452320952766469E-008
 -4.563862089087298E-008  1.649933736217039E-008
          10  0.000000000000000E+000  0.000000000000000E+000
  6.245985113504055E-008  8.193151226787942E-008
 -2.763316815297529E-008  5.173193220405535E-008
          11  0.000000000000000E+000  0.000000000000000E+000
  1.074557122794826E-007  2.791189449806041E-008
  1.731865983360450E-008  6.776681531737355E-008
          12  0.000000000000000E+000  0.000000000000000E+000
  1.074961037733125E-007 -4.775215344141816E-008
  6.867850438620298E-008  4.408571533277780E-008
          13  0.000000000000000E+000  0.000000000000000E+000
  5.550551180943957E-008 -1.093450252042252E-007
  9.207623955057305E-008 -1.725294959459891E-008
          14  0.000000000000000E+000  0.000000000000000E+000
 -2.629811378449600E-008 -1.236337630906462E-007
  6.153108555499235E-008 -8.546642061804951E-008
          15  0.000000000000000E+000  0.000000000000000E+000
 -1.010961911658904E-007 -7.953266183365567E-008
 -1.663418741999828E-008 -1.158515417502176E-007
          16  0.000000000000000E+000  0.000000000000000E+000
 -1.280801667259509E-007  4.740878601257683E-009
 -1.017050100182617E-007 -7.785527747937110E-008
          17  0.000000000000000E+000  0.000000000000000E+000
 -9.201764252113261E-008  8.376216305435335E-008
 -1.366198706683457E-007  1.767641086886198E-008
          18  0.000000000000000E+000  0.000000000000000E+000
 -1.563546174009703E-008  1.175225744818519E-007
 -8.890898385579370E-008  1.156330477105757E-007
          19  0.000000000000000E+000  0.000000000000000E+000
  5.863848901235545E-008  9.229863213952200E-008
  2.088270077956327E-008  1.507658789142508E-007
          20  0.000000000000000E+000  0.000000000000000E+000
  9.430901056732367E-008  3.091375758173668E-008
  1.253511288910060E-007  9.304331435744615E-008
          21  0.000000000000000E+000  0.000000000000000E+000
  8.021328672053158E-008 -2.988586533348234E-008
  1.561750084822542E-007 -2.555051674782042E-008
          22  0.000000000000000E+000  0.000000000000000E+000
  3.944950247541597E-008 -6.096936733950178E-008
  9.019889317193777E-008 -1.297101951285554E-007
          23  0.000000000000000E+000  0.000000000000000E+000
 -1.834770510291461E-009 -5.813253838153252E-008
 -3.075220835012606E-008 -1.534687737706493E-007
          24  0.000000000000000E+000  0.000000000000000E+000
 -2.410855238675970E-008 -4.047323121897115E-008
 -1.288968825758124E-007 -8.182028002800782E-008
          25  0.000000000000000E+000  0.000000000000000E+000
 -3.060168816987703E-008 -2.024018584666639E-008
 -1.448736078854074E-007  3.552092090522987E-008
          26  0.000000000000000E+000  0.000000000000000E+000
 -3.117909065757068E-008 -9.339973115488950E-009
 -7.134989830359000E-008  1.258955620251660E-007
          27  0.000000000000000E+000  0.000000000000000E+000
 -3.219943611688699E-008  1.785716432367152E-010
  4.164376247414539E-008  1.346480337716381E-007
          28  0.000000000000000E+000  0.000000000000000E+000
 -3.539804559189117E-008  1.288537427656673E-008
  1.244020091184072E-007  5.895627293482293E-008
          29  0.000000000000000E+000  0.000000000000000E+000
 -2.951983585258791E-008  3.186550858295436E-008
  1.249901489861057E-007 -5.066268272952865E-008
          30  0.000000000000000E+000  0.000000000000000E+000
 -1.172986091318253E-008  5.023374736108162E-008
  4.571130493653249E-008 -1.261544436045693E-007
          31  0.000000000000000E+000  0.000000000000000E+000
  1.977142900903010E-008  5.542234148222190E-008
 -6.377125252974302E-008 -1.185623735495936E-007
          32  0.000000000000000E+000  0.000000000000000E+000
  5.308792678035437E-008  3.901117947360824E-008
 -1.333241576610517E-007 -3.159112513068613E-008
