   409.600000000000     
          32           1           3
  1.124309127438499E-002   38.4531467174361        115.991997444192     
   40.0000000000000        115.000000000000        6211.00000000000     
           0  0.000000000000000E+000  0.000000000000000E+000
  0.000000000000000E+000  0.000000000000000E+000
  0.000000000000000E+000  0.000000000000000E+000
           1 -5.234492155450751E-007 -4.530451763449116E-008
  1.729702292153083E-007 -5.000184999070895E-008
 -1.816947383013391E-007 -4.491890341987238E-008
           2 -8.500178467538420E-007 -8.038583038019496E-008
  2.070926057154184E-007 -2.093004270155361E-007
 -3.522998814671220E-007 -1.957608825216924E-007
           3 -1.405514440321761E-006  4.677970703261450E-007
  2.466087969472823E-008 -4.672315074159439E-007
 -8.775426653331983E-007  1.369434152308303E-008
           4 -1.332488814051140E-006  1.766069332024396E-006
 -4.419248744777648E-007 -4.860352543838401E-007
 -1.064072878138071E-006  9.148132843951583E-007
           5  4.874544109250198E-008  2.933860210279891E-006
 -8.268819169878193E-007 -6.629637762050291E-008
 -2.890938326975731E-007  1.960798920905074E-006
           6  2.324152286892116E-006  2.759273781153212E-006
 -7.940659460860538E-007  5.952961970192910E-007
  1.410884416947557E-006  2.108170676973423E-006
           7  4.147797362789973E-006  7.525288781108499E-007
 -2.742166030138450E-007  1.059018327544510E-006
  2.952256899017993E-006  7.966070635053311E-007
           8  4.147783723961139E-006 -2.364619484737540E-006
  3.612964149154098E-007  1.115288292028838E-006
  3.196862971750247E-006 -1.573092938412245E-006
           9  1.765841345542720E-006 -4.983750288858241E-006
  9.636435033698950E-007  9.343205922691228E-007
  1.609236308965127E-006 -3.632123427263663E-006
          10 -2.174120003355083E-006 -5.296230323729685E-006
  1.616512269996627E-006  4.523899340170721E-007
 -1.190753656119322E-006 -4.282115545503115E-006
          11 -5.504210164098810E-006 -2.541173824147499E-006
  2.094063104640611E-006 -6.033125745882396E-007
 -4.009620280403572E-006 -2.787944502571501E-006
          12 -5.966481692515563E-006  2.061551490175378E-006
  1.786723352540226E-006 -2.229511817615323E-006
 -5.277302287521238E-006  4.247899525717305E-007
          13 -2.842944585351032E-006  5.875652837121098E-006
  7.712208896045912E-008 -3.692355547317318E-006
 -4.073329240504535E-006  3.912091705322790E-006
          14  2.429997239549710E-006  6.283508784861662E-006
 -3.009865367637397E-006 -3.668202655728717E-006
 -7.520763598047474E-007  6.037031216380692E-006
          15  6.549486870856095E-006  2.354171867608716E-006
 -5.831425199283901E-006 -7.495836693249106E-007
  3.487632542634814E-006  5.368128051298618E-006
          16  6.175816235332033E-006 -3.762246235242244E-006
 -5.569360292916490E-006  4.283540600766549E-006
  6.313720697661530E-006  1.928874687508366E-006
          17  7.859553340295179E-007 -7.559049411564318E-006
 -9.022371492444471E-007  8.070091446824336E-006
  6.191397906778799E-006 -2.575645007353629E-006
          18 -5.984721148752838E-006 -5.482612609768467E-006
  6.003928234808088E-006  6.980525510959670E-006
  3.173000648691362E-006 -5.951315429633085E-006
          19 -8.649932257665863E-006  1.692883581310985E-006
  1.020718978151969E-005  1.313375084324385E-007
 -1.286451979346787E-006 -6.520673947452623E-006
          20 -4.175595122283661E-006  8.674151326014167E-006
  7.266269424503818E-006 -8.364041754368148E-006
 -5.026934315435817E-006 -4.114231646326498E-006
          21  4.708912530368251E-006  9.337281799874941E-006
 -2.024527865822911E-006 -1.165412959680012E-005
 -6.094996746291118E-006 -1.185812577623870E-007
          22  1.100388404461120E-005  2.263607929212006E-006
 -1.100775806047050E-005 -5.983423739748677E-006
 -4.619644494678346E-006  3.411667058861881E-006
          23  9.149770163380212E-006 -7.577652903755453E-006
 -1.212967654659041E-005  5.416018771230646E-006
 -1.535580097781251E-006  4.992679618628079E-006
          24 -1.736515109217524E-007 -1.221680502295387E-005
 -3.086117312083775E-006  1.374516267943959E-005
  1.510766077791586E-006  4.601352567296981E-006
          25 -9.565129792419777E-006 -7.531800044508899E-006
  9.792817131054059E-006  1.138455422045142E-005
  3.335865898138345E-006  2.593127556036444E-006
          26 -1.150011688178069E-005  2.611299794867927E-006
  1.608897798692062E-005 -1.080548126442017E-006
  3.855134690439872E-006  4.692279066523272E-007
          27 -4.809399744008405E-006  9.969691582345874E-006
  9.650310263005074E-006 -1.454021276156155E-005
  3.193606931765766E-006 -1.412125058448141E-006
          28  4.441474647710691E-006  9.070136608697895E-006
 -6.053220860023240E-006 -1.800789579159460E-005
  1.994619579435739E-006 -2.548553292403809E-006
          29  8.910613197251101E-006  1.743551882076629E-006
 -1.939356965916023E-005 -6.898555199773417E-006
  5.658218683358843E-007 -2.880364873227950E-006
          30  5.874812896280502E-006 -5.562615434850671E-006
 -1.883349812450404E-005  1.155825463792918E-005
 -6.112881368399941E-007 -2.881414198849392E-006
          31 -1.180844140925589E-006 -7.152858990093094E-006
 -3.270657671250593E-006  2.336810916476261E-005
 -1.854707412226548E-006 -2.489822806554720E-006
          32 -6.144189538539128E-006 -2.749725144266562E-006
  1.684800613403809E-005  1.853412005782625E-005
 -3.059808603356547E-006 -1.497260402686037E-006
