   409.600000000000     
          32           1           3
  1.124309127438499E-002   37.5188051567695        118.558881850194     
   40.0000000000000        115.000000000000        6211.00000000000     
           0  0.000000000000000E+000  0.000000000000000E+000
  0.000000000000000E+000  0.000000000000000E+000
  0.000000000000000E+000  0.000000000000000E+000
           1 -1.101956636223761E-007  8.585728217414789E-008
 -9.721413636580037E-008  9.293178520029796E-008
 -2.992447925131143E-007  4.917544469746368E-008
           2  7.908166474846057E-008  2.426148142535771E-007
 -1.706992588973174E-009  3.275373995229214E-007
 -4.108567799063457E-007  2.136071950542747E-007
           3  3.559390382640851E-007 -1.756116182029305E-007
  6.604586741239334E-007  3.263339494868122E-007
 -2.269926485161421E-007  6.293030749809648E-007
           4 -3.804643097247934E-007 -4.224210655132425E-007
  8.564195721066751E-007 -8.549596926496075E-007
  3.498764390028996E-007  5.976217336418084E-007
           5 -4.771988136644300E-007  6.523295766951118E-007
 -7.118920442099882E-007 -1.365254426649177E-006
  5.048732267515173E-007  1.911381122557247E-007
           6  9.289780553085772E-007  5.588233780275244E-007
 -1.531353717339512E-006  3.073415597902405E-007
  4.376332840346461E-007  3.801767674076903E-008
           7  6.742946127591000E-007 -1.136505525040688E-006
 -5.042636577565433E-008  1.229652868908659E-006
  5.861153975925855E-007 -1.019104997334927E-007
           8 -1.226688043607745E-006 -7.984569914234058E-007
  6.928642496763174E-007  4.415875975609060E-008
  5.438116708701196E-007 -6.219946896990824E-007
           9 -8.710807222161149E-007  1.213472148689712E-006
 -3.561081601448723E-007 -3.552161212358677E-007
 -4.146264341043486E-008 -9.044972628543712E-007
          10  1.146547377249609E-006  8.364395431683548E-007
 -5.073703593181935E-007  8.265834200035355E-007
 -6.148447626239829E-007 -6.370864870829593E-007
          11  6.939062418278735E-007 -1.110053647131469E-006
  9.343908263894467E-007  1.031205341867745E-006
 -7.728293320984412E-007 -1.511363037341281E-007
          12 -1.170946344993920E-006 -4.900187224741348E-007
  1.467081123155353E-006 -4.389428660503357E-007
 -7.198210269184090E-007  1.740740679844696E-007
          13 -3.207217971468003E-007  1.345488820298474E-006
  4.283467606465705E-007 -1.446731668251259E-006
 -6.848297690408287E-007  5.157688916184866E-007
          14  1.608101735451692E-006  2.623425474998925E-007
 -8.905338918860359E-007 -1.131554838577871E-006
 -3.653306539111246E-007  1.067308302762857E-006
          15  3.171763567854619E-007 -1.855429933959565E-006
 -1.282712382075170E-006  1.109206039037653E-007
  5.412605876264726E-007  1.249268720818295E-006
          16 -1.996871895186569E-006 -4.774435220660149E-007
 -4.184136126255053E-007  9.857153051887838E-007
  1.376217471765740E-006  5.103439906750615E-007
          17 -6.359476712426865E-007  2.031055999287108E-006
  6.724909211584755E-007  4.071210813572585E-007
  1.289581337402010E-006 -6.010839514787077E-007
          18  1.984027521985827E-006  6.958287070958850E-007
 -3.466816035011611E-008 -7.457560163471448E-007
  4.605293685662936E-007 -1.169436388312668E-006
          19  6.243999656159782E-007 -1.966016062458656E-006
 -1.276670620234388E-006  4.072373962261081E-007
 -2.277626631022384E-007 -9.635636686347979E-007
          20 -2.068494760499736E-006 -4.411113864381983E-007
  3.983641177089158E-007  1.999823872119958E-006
 -5.266064901807991E-007 -7.071223279458603E-007
          21 -2.745779714275985E-007  2.311278229948991E-006
  2.477723016731189E-006  1.791771412705918E-008
 -9.210403810758166E-007 -4.978017461588337E-007
          22  2.643467902935631E-006  2.321048105834898E-007
  5.221391016561306E-007 -2.475738237426562E-006
 -1.216924633366132E-006  2.719233838326206E-007
          23  4.122453164934566E-007 -2.895807238279480E-006
 -2.098085065284236E-006 -8.014332826547292E-007
 -6.554216565516659E-007  1.081906212143827E-006
          24 -2.965888115656277E-006 -7.992764781026509E-007
 -8.066940825139935E-007  1.674059347737015E-006
  2.899508628937192E-007  1.035110474883409E-006
          25 -1.229703204878038E-006  2.768427514054911E-006
  1.464210188381176E-006  5.904719409554901E-007
  5.666199740665789E-007  4.790976679826299E-007
          26  2.332969927161827E-006  1.537558342217729E-006
  4.055367092009190E-007 -1.326354382551552E-006
  5.306303786927585E-007  2.736122377153858E-007
          27  1.571200952245545E-006 -1.815512079582971E-006
 -1.161172281905355E-006 -3.667920144703985E-007
  7.679266359270097E-007  1.256321143472571E-007
          28 -1.385949697437513E-006 -1.354946853826082E-006
 -3.441344485909410E-007  9.334999111651693E-007
  8.517225716019296E-007 -5.005517720233489E-007
          29 -1.032615188185578E-006  1.279121890316427E-006
  7.423388209039788E-007  1.986716448551898E-007
  2.587437184578706E-007 -9.711683871261449E-007
          30  1.511552037133927E-006  7.668753667428788E-007
 -1.064567630267529E-009 -8.209172164792926E-007
 -3.991846998052593E-007 -7.903126831948867E-007
          31  7.881941848061378E-007 -1.952100936459341E-006
 -1.111767120196174E-006  6.377029592955090E-008
 -6.131750946674503E-007 -3.551666731041906E-007
          32 -2.390855972812103E-006 -1.168560946428393E-006
 -2.634283105270764E-007  1.388332074285519E-006
 -6.056351468435336E-007 -1.017580859877622E-007
