   409.600000000000     
          32           1           3
  1.124309127438499E-002   38.0031602769290        116.935625295547     
   40.0000000000000        115.000000000000        6211.00000000000     
           0  0.000000000000000E+000  0.000000000000000E+000
  0.000000000000000E+000  0.000000000000000E+000
  0.000000000000000E+000  0.000000000000000E+000
           1 -4.663602177838167E-007  9.324825241346251E-008
 -2.690989545609865E-007  6.301484471386678E-008
 -4.522964637063344E-007  3.503748156657742E-008
           2 -5.955500244205918E-007  4.139714463034627E-007
 -3.462086598040479E-007  1.817215456780173E-007
 -6.670567850639989E-007  1.115709160424910E-007
           3 -2.233222399677203E-007  1.020004344813779E-006
 -3.205814423724503E-007  5.822080497300910E-007
 -9.022644907910580E-007  7.151485512077383E-007
           4  7.751850053887279E-007  9.977510423367821E-007
  3.370958496253904E-007  9.546266824453830E-007
 -2.980470130784262E-007  1.585094549034299E-006
           5  1.319593386293202E-006 -6.223527129784955E-009
  1.290800878106864E-006  3.576582113319049E-007
  1.044644494653005E-006  1.683186681854085E-006
           6  7.356077997143678E-007 -9.707845716397741E-007
  1.171668175780230E-006 -1.056978860661694E-006
  2.137895336449401E-006  5.621625986756488E-007
           7 -2.614825860189173E-007 -9.665747086928506E-007
 -3.422440865265313E-007 -1.701001432948911E-006
  2.035375587119388E-006 -1.027103953897969E-006
           8 -6.638037406033835E-007 -2.786371496719708E-007
 -1.733760158277415E-006 -5.213499167971823E-007
  9.014428516812859E-007 -2.093490803370677E-006
           9 -3.700930040566933E-007  2.295103386679770E-007
 -1.209497453885896E-006  1.352205980667809E-006
 -5.264811439536185E-007 -2.088681945669430E-006
          10  5.080360759975531E-008  1.847147482711049E-007
  7.951868023120419E-007  1.621418013593797E-006
 -1.541567453072489E-006 -1.391188239223032E-006
          11  1.266797338265287E-007 -1.308178233577678E-007
  1.862922057176967E-006 -2.035554251070575E-007
 -2.014829845034404E-006 -3.469077768617310E-007
          12 -1.181056379100336E-007 -3.399571089053108E-007
  4.419099327760478E-007 -2.046849739323010E-006
 -1.947940320933818E-006  7.720812387496229E-007
          13 -5.113952722687722E-007 -3.031478991900211E-007
 -2.061500376923369E-006 -1.294639337815085E-006
 -1.295910135172409E-006  1.797085775213504E-006
          14 -9.817960811585510E-007  1.513616023123876E-007
 -2.334941109132869E-006  1.667632749476544E-006
 -2.791534832111611E-008  2.434305225940417E-006
          15 -8.938521506327798E-007  1.294815883669334E-006
  6.445091296768229E-007  3.272053610891944E-006
  1.529723110906818E-006  2.014325102288706E-006
          16  6.577863572889426E-007  2.142839731789798E-006
  3.636602411789591E-006  9.236274869561057E-007
  2.452071273315433E-006  6.535110546258213E-007
          17  2.740132199300887E-006  9.473101174587664E-007
  2.608569614508825E-006 -3.125884494023613E-006
  2.305124249462903E-006 -9.030262814418462E-007
          18  2.804488313143464E-006 -2.109398665622902E-006
 -1.810770913526609E-006 -3.898946607499447E-006
  1.338505168746285E-006 -2.025757427248312E-006
          19 -4.074016775024114E-007 -3.969712373978614E-006
 -4.427584421896631E-006  1.426079115063122E-007
 -7.738535361233196E-009 -2.350023480981725E-006
          20 -3.967694163994694E-006 -1.551006055665100E-006
 -1.459701266045287E-006  4.235272909700967E-006
 -1.326560016795054E-006 -1.944942835823695E-006
          21 -2.958803144074536E-006  3.097016481408593E-006
  3.617088661265500E-006  2.842667809614095E-006
 -2.193518507009905E-006 -9.514961113684810E-007
          22  2.123731618280716E-006  3.646956768243069E-006
  4.088712877476918E-006 -2.795954669531290E-006
 -2.444276359218020E-006  5.413550709091445E-007
          23  4.093815337236039E-006 -1.484661673911100E-006
 -1.592283476045365E-006 -5.317697952205473E-006
 -1.681526817622744E-006  1.908752745949017E-006
          24 -8.405636071250969E-007 -4.921708332955123E-006
 -6.351875568875408E-006 -3.419730294713503E-007
 -7.873896291443292E-008  2.597630823918083E-006
          25 -6.100964194696349E-006 -5.971162279900547E-007
 -3.046476061176950E-006  6.579493257737960E-006
  1.442729837218580E-006  1.941324430040434E-006
          26 -3.263929457830934E-006  6.745304013983048E-006
  5.229058803073281E-006  6.095331320644654E-006
  2.164106699143811E-006  5.354358132271411E-007
          27  5.689359197493863E-006  6.590764904619646E-006
  8.487808405885444E-006 -2.178319560697481E-006
  1.696692386921870E-006 -6.839934906232432E-007
          28  9.180286093227320E-006 -2.492771058941457E-006
  1.968597820229483E-006 -9.098841681643753E-006
  9.484591773701276E-007 -1.161566058806953E-006
          29  1.953633036886332E-006 -9.653545431894329E-006
 -7.443294654129386E-006 -6.059423862006657E-006
  4.420208049183927E-007 -1.184465062430735E-006
          30 -7.597889692826093E-006 -5.956337404585081E-006
 -8.831567543668367E-006  4.028880727348763E-006
  5.462273813695530E-008 -1.420010988422284E-006
          31 -8.070474526177474E-006  3.961858241739113E-006
 -1.766933595110515E-007  9.639898201909844E-006
 -7.028178066969708E-007 -1.610033487108950E-006
          32  2.774593119160121E-007  8.018288901488051E-006
  8.636661040926655E-006  4.085640026120156E-006
 -1.812349655698716E-006 -1.130729948829624E-006
