   409.600000000000     
          32           1           3
  1.124309127438499E-002   38.4875153970886        115.312368740900     
   40.0000000000000        115.000000000000        6211.00000000000     
           0  0.000000000000000E+000  0.000000000000000E+000
  0.000000000000000E+000  0.000000000000000E+000
  0.000000000000000E+000  0.000000000000000E+000
           1  0.000000000000000E+000  0.000000000000000E+000
  2.817338766003616E-008 -7.993938576012451E-009
 -4.619131019979872E-010  7.105465299431551E-010
           2  0.000000000000000E+000  0.000000000000000E+000
  2.806630335850208E-008 -2.118837649588866E-008
  2.538307690846597E-010  1.756254824175022E-009
           3  0.000000000000000E+000  0.000000000000000E+000
  1.880380368605543E-008 -3.874629302702726E-008
  2.414209857252216E-009  2.217990545294990E-009
           4  0.000000000000000E+000  0.000000000000000E+000
 -4.782637645664929E-009 -5.168588771199362E-008
  5.381019862349477E-009  2.580030454269981E-010
           5  0.000000000000000E+000  0.000000000000000E+000
 -3.760298231356490E-008 -4.752612735477433E-008
  6.287084000117962E-009 -4.923580016807295E-009
           6  0.000000000000000E+000  0.000000000000000E+000
 -6.691717587665723E-008 -2.051313844159678E-008
  2.176276203918052E-009 -1.094407262314577E-008
           7  0.000000000000000E+000  0.000000000000000E+000
 -7.454290375075127E-008  2.539326155590836E-008
 -7.517276382274324E-009 -1.283662895799268E-008
           8  0.000000000000000E+000  0.000000000000000E+000
 -5.003580821303908E-008  7.202423253110159E-008
 -1.809890275946680E-008 -5.876658618367541E-009
           9  0.000000000000000E+000  0.000000000000000E+000
  4.030546945554914E-009  9.503442484851044E-008
 -2.155160980262560E-008  9.800788001039767E-009
          10  0.000000000000000E+000  0.000000000000000E+000
  6.553890914715370E-008  7.967430039214822E-008
 -1.125090361582767E-008  2.621088284907519E-008
          11  0.000000000000000E+000  0.000000000000000E+000
  1.080753763449325E-007  2.357881724440435E-008
  1.132096690654963E-008  3.194974073277732E-008
          12  0.000000000000000E+000  0.000000000000000E+000
  1.044549643630130E-007 -5.165273570182898E-008
  3.503864230869146E-008  1.800669918172416E-008
          13  0.000000000000000E+000  0.000000000000000E+000
  4.997776323696803E-008 -1.098959999322967E-007
  4.318701337817436E-008 -1.274307760158413E-008
          14  0.000000000000000E+000  0.000000000000000E+000
 -3.093166950994150E-008 -1.196316064325147E-007
  2.485748086226180E-008 -4.382776167357404E-008
          15  0.000000000000000E+000  0.000000000000000E+000
 -1.013988313047155E-007 -7.279874346281083E-008
 -1.417109660007164E-008 -5.389446458276814E-008
          16  0.000000000000000E+000  0.000000000000000E+000
 -1.229303587539115E-007  9.993923722772645E-009
 -5.230189335282066E-008 -3.077029165155066E-008
          17  0.000000000000000E+000  0.000000000000000E+000
 -8.409722983271016E-008  8.350367270003966E-008
 -6.278125196619417E-008  1.657089307649668E-008
          18  0.000000000000000E+000  0.000000000000000E+000
 -1.014759549069763E-008  1.111151269782695E-007
 -3.382268065019568E-008  5.943228381625618E-008
          19  0.000000000000000E+000  0.000000000000000E+000
  5.750961397831445E-008  8.346218032193694E-008
  1.998524445304035E-008  6.809778719131450E-008
          20  0.000000000000000E+000  0.000000000000000E+000
  8.672664915297977E-008  2.560676395334329E-008
  6.419049777348024E-008  3.338669895453784E-008
          21  0.000000000000000E+000  0.000000000000000E+000
  7.087550338289922E-008 -2.772525139183120E-008
  6.891447555441863E-008 -2.387075050628218E-008
          22  0.000000000000000E+000  0.000000000000000E+000
  3.469528325552474E-008 -5.242875992393740E-008
  2.964778764103065E-008 -6.601571003485974E-008
          23  0.000000000000000E+000  0.000000000000000E+000
  1.360755847366071E-009 -4.869679909004907E-008
 -2.770412982665237E-008 -6.570097782034394E-008
          24  0.000000000000000E+000  0.000000000000000E+000
 -1.493599923203706E-008 -3.651399814716729E-008
 -6.508249066094679E-008 -2.342878954153563E-008
          25  0.000000000000000E+000  0.000000000000000E+000
 -2.138718199441586E-008 -2.430127963573983E-008
 -5.968089610726947E-008  3.103669813729873E-008
          26  0.000000000000000E+000  0.000000000000000E+000
 -2.795158925668949E-008 -1.891326850637664E-008
 -1.638760623170201E-008  6.301384614752997E-008
          27  0.000000000000000E+000  0.000000000000000E+000
 -3.701939998191645E-008 -8.754946799195715E-009
  3.491288136699005E-008  5.290013391207248E-008
          28  0.000000000000000E+000  0.000000000000000E+000
 -4.533246667477803E-008  1.035307752077690E-008
  6.159551002279793E-008  8.429850238477962E-009
          29  0.000000000000000E+000  0.000000000000000E+000
 -3.819177564120076E-008  3.741128826299942E-008
  4.628514395808139E-008 -4.012603465536161E-008
          30  0.000000000000000E+000  0.000000000000000E+000
 -1.362274848863432E-008  6.053723024684117E-008
 -7.641056882160997E-012 -6.161093405464966E-008
          31  0.000000000000000E+000  0.000000000000000E+000
  2.611259862703281E-008  6.397636778512977E-008
 -4.731771828786289E-008 -4.099570456462630E-008
          32  0.000000000000000E+000  0.000000000000000E+000
  6.390246581536903E-008  4.023534526566871E-008
 -6.398189984476266E-008  9.087369434812665E-009
