   409.600000000000     
          32           1           3
  1.124309127438499E-002   38.2205606654696        116.045764285472     
   40.0000000000000        115.000000000000        6211.00000000000     
           0  0.000000000000000E+000  0.000000000000000E+000
  0.000000000000000E+000  0.000000000000000E+000
  0.000000000000000E+000  0.000000000000000E+000
           1 -4.978459521189808E-007 -2.911743562597536E-008
  4.414096452157474E-008 -2.945844587420553E-008
 -3.288045785401458E-007 -1.122616088046433E-008
           2 -8.322883356892790E-007 -6.479809829959127E-009
  5.020454400953699E-008 -1.539171476515176E-007
 -5.243653413409146E-007 -8.041548053347399E-008
           3 -1.286998562555754E-006  6.729065602390507E-007
 -1.759743729237800E-007 -3.125385362917561E-007
 -9.898456805547193E-007  2.879992207903473E-007
           4 -8.655384489432625E-007  1.970708705142751E-006
 -5.903513970551393E-007 -1.160342878414268E-007
 -9.282672758552148E-007  1.288201409072412E-006
           5  8.818978353254633E-007  2.670416662372927E-006
 -6.660978024172281E-007  4.863055244062503E-007
  1.677793550348394E-007  2.157677288926690E-006
           6  2.969794176212797E-006  1.626909711788487E-006
 -1.556325244693941E-007  1.010609883465525E-006
  1.943497754151265E-006  1.852775598933273E-006
           7  3.737832138021563E-006 -9.758133757430259E-007
  6.512887779330537E-007  9.257745917980640E-007
  3.123598836866906E-006  1.352388016608953E-007
           8  2.237798073600104E-006 -3.627943573314259E-006
  1.088329436932191E-006  3.063572260198722E-007
  2.740247917573390E-006 -2.208043442721390E-006
           9 -1.030385287103806E-006 -4.480311516116350E-006
  1.048954450566961E-006 -2.984907058568507E-007
  7.133939867500481E-007 -3.703380763337036E-006
          10 -4.153380150943015E-006 -2.504451401801573E-006
  8.684808567811077E-007 -7.294384916175415E-007
 -1.929305842730187E-006 -3.546231955599120E-006
          11 -4.802387584934261E-006  1.414978631073411E-006
  6.193559258839035E-007 -1.216106404000632E-006
 -3.932484455562842E-006 -1.583808671309321E-006
          12 -2.117601407920225E-006  4.629632204383786E-006
 -4.568624886436497E-008 -1.859732813379367E-006
 -4.194156154387593E-006  1.289371537724755E-006
          13  2.291130920494382E-006  4.646484208442243E-006
 -1.530217798938548E-006 -2.051578872973002E-006
 -2.516725294352683E-006  3.699125194295776E-006
          14  5.257258692689032E-006  9.790103490481320E-007
 -3.392380430063773E-006 -7.332115429207401E-007
  3.235994751647072E-007  4.619111356522246E-006
          15  3.998809201204643E-006 -3.987603494033963E-006
 -3.700485709144087E-006  2.441473368073446E-006
  3.226358383829957E-006  3.390915963994028E-006
          16 -1.261256074289352E-006 -6.014675745136849E-006
 -8.122795848849220E-007  5.286831352363454E-006
  4.592205722142615E-006  5.638406825385257E-007
          17 -6.427538424228574E-006 -2.435095469796614E-006
  4.033395276735337E-006  4.662114192247433E-006
  3.814297774892820E-006 -2.365679092943514E-006
          18 -6.281217715692673E-006  4.602584394239647E-006
  6.906065108420625E-006 -2.328605431039022E-007
  1.465841728085065E-006 -4.051385946820159E-006
          19  3.717725583255030E-007  8.810037561167994E-006
  4.296634106871585E-006 -6.200615169011790E-006
 -1.246274156109184E-006 -3.822674844977395E-006
          20  8.346994950164128E-006  5.215174480750001E-006
 -2.829547851902057E-006 -7.547144741433635E-006
 -3.078869278875484E-006 -2.082811277356788E-006
          21  9.839845824472638E-006 -4.222881993603470E-006
 -8.347874859403171E-006 -1.814958461388978E-006
 -3.246324449922500E-006  3.907287192270539E-008
          22  2.307569651049998E-006 -1.105820254524524E-005
 -6.291370962635951E-006  6.570913037204377E-006
 -2.422228155799359E-006  1.599359037278720E-006
          23 -7.969903670513413E-006 -8.440440037562002E-006
  2.660244722094046E-006  9.533262808668345E-006
 -1.175587089997091E-006  2.233197321385054E-006
          24 -1.144126762974155E-005  1.928284151270576E-006
  1.059168650290930E-005  2.832372537388040E-006
 -4.708551823885421E-008  2.432189539535613E-006
          25 -4.344938115047321E-006  1.034461803538015E-005
  8.912881263302155E-006 -8.445012003710266E-006
  8.928557150084074E-007  2.173787556691408E-006
          26  6.281999719281724E-006  8.523071973055719E-006
 -2.518728069167566E-006 -1.357847433252007E-005
  2.034438994637803E-006  1.724282954342772E-006
          27  9.856518006218430E-006 -1.303231032360826E-006
 -1.414531814933463E-005 -6.252627066643564E-006
  2.878963729797844E-006  4.917300830596754E-007
          28  3.141265384050895E-006 -8.912603259116469E-006
 -1.478122263623141E-005  8.765540547538042E-006
  3.021137236944397E-006 -1.301876345332433E-006
          29 -6.454573142071006E-006 -6.656189622661641E-006
 -1.760027220529883E-006  1.881090106974389E-005
  1.892607943669582E-006 -2.989600481488155E-006
          30 -9.082783545762526E-006  2.711078378578013E-006
  1.523109750825686E-005  1.354268695975749E-005
 -2.444201166620518E-007 -3.917576735537563E-006
          31 -2.209531756038592E-006  9.678296247633112E-006
  2.117643918489687E-005 -4.394726399439399E-006
 -2.744861431911120E-006 -3.151496120052964E-006
          32  7.364994718272574E-006  7.302104385006031E-006
  9.559104417679794E-006 -2.058768629433837E-005
 -4.263352509277007E-006 -7.766768110448548E-007
