   409.600000000000     
          32           1           3
  1.124309127438499E-002   37.4196964706124        118.245950919188     
   40.0000000000000        115.000000000000        6211.00000000000     
           0  0.000000000000000E+000  0.000000000000000E+000
  0.000000000000000E+000  0.000000000000000E+000
  0.000000000000000E+000  0.000000000000000E+000
           1  0.000000000000000E+000  0.000000000000000E+000
  6.421916947718796E-009 -2.969149710603204E-009
  4.731234868016297E-009 -3.120896574546997E-010
           2  0.000000000000000E+000  0.000000000000000E+000
  4.416641519158891E-009 -6.823182017870876E-009
  6.945524841549891E-009 -3.379437791735954E-009
           3  0.000000000000000E+000  0.000000000000000E+000
 -7.663983614827254E-010 -8.738009881073704E-009
  4.550529493654419E-009 -1.092825320151172E-008
           4  0.000000000000000E+000  0.000000000000000E+000
 -6.055721965513928E-009 -6.145775295127026E-009
 -7.447672810176666E-009 -1.340241232194812E-008
           5  0.000000000000000E+000  0.000000000000000E+000
 -7.339142515615434E-009 -1.349496273485641E-009
 -1.643692934187682E-008 -6.356192702481180E-010
           6  0.000000000000000E+000  0.000000000000000E+000
 -6.495819688302695E-009  1.809995435066746E-009
 -6.637535184162817E-009  1.215455618895741E-008
           7  0.000000000000000E+000  0.000000000000000E+000
 -5.454993063914024E-009  4.256545302863804E-009
  6.191911051387465E-009  5.438495448942069E-009
           8  0.000000000000000E+000  0.000000000000000E+000
 -3.351871689008884E-009  7.786305368251939E-009
 -1.733063956490695E-009 -5.349819246102155E-009
           9  0.000000000000000E+000  0.000000000000000E+000
  2.119989539562730E-009  9.134412409998187E-009
 -1.145359138897779E-008  6.805557846340443E-009
          10  0.000000000000000E+000  0.000000000000000E+000
  8.024775301269264E-009  6.496817535801098E-009
  4.135730064787827E-009  2.123093915011827E-008
          11  0.000000000000000E+000  0.000000000000000E+000
  1.008609201044492E-008  6.013982288585094E-011
  2.535953249547380E-008  4.708655202930726E-009
          12  0.000000000000000E+000  0.000000000000000E+000
  8.141021679037402E-009 -5.351157436844012E-009
  1.407139701817157E-008 -1.991861394532274E-008
          13  0.000000000000000E+000  0.000000000000000E+000
  4.003180917930300E-009 -8.581747863052642E-009
 -1.008778688537134E-008 -1.639323682731239E-008
          14  0.000000000000000E+000  0.000000000000000E+000
 -1.044714479500290E-009 -1.034786027473077E-008
 -9.466331914475062E-009  2.640070934555583E-009
          15  0.000000000000000E+000  0.000000000000000E+000
 -7.277653780804622E-009 -8.415660503147472E-009
  3.942515994323499E-009  2.265834140637950E-009
          16  0.000000000000000E+000  0.000000000000000E+000
 -1.160283786674887E-008 -2.333072463062425E-009
  1.288529610772589E-009 -1.247757386174256E-008
          17  0.000000000000000E+000  0.000000000000000E+000
 -1.076775728722239E-008  5.513206710241386E-009
 -1.947277224513064E-008 -9.965708120824789E-009
          18  0.000000000000000E+000  0.000000000000000E+000
 -4.771074424486264E-009  1.098660023492834E-008
 -2.361588018776138E-008  1.807848407933964E-008
          19  0.000000000000000E+000  0.000000000000000E+000
  2.612677696006824E-009  1.064737670706543E-008
  8.644732916562007E-009  3.189405028548726E-008
          20  0.000000000000000E+000  0.000000000000000E+000
  7.517695454592007E-009  6.516526025835344E-009
  3.101907854494494E-008  2.144280976610159E-009
          21  0.000000000000000E+000  0.000000000000000E+000
  9.167555739288517E-009  1.934422126386396E-009
  6.685240035478577E-009 -2.263951624345942E-008
          22  0.000000000000000E+000  0.000000000000000E+000
  8.946769282173842E-009 -3.093443477663283E-009
 -1.772597467554169E-008 -3.244744916050015E-009
          23  0.000000000000000E+000  0.000000000000000E+000
  6.228611971000974E-009 -7.744557932179864E-009
  4.107377403897340E-009  2.138326535628547E-008
          24  0.000000000000000E+000  0.000000000000000E+000
  7.355377199693359E-011 -1.036943907046285E-008
  3.101701675107259E-008 -6.384920310304041E-009
          25  0.000000000000000E+000  0.000000000000000E+000
 -5.929217934325652E-009 -7.928664245026076E-009
  5.947118967621379E-010 -4.126106132791735E-008
          26  0.000000000000000E+000  0.000000000000000E+000
 -8.484371293623021E-009 -2.613197543075578E-009
 -4.231505283749824E-008 -1.012029729047362E-008
          27  0.000000000000000E+000  0.000000000000000E+000
 -7.804432012282886E-009  1.765188550040666E-009
 -1.920825989987164E-008  3.478524850435464E-008
          28  0.000000000000000E+000  0.000000000000000E+000
 -6.011133774314413E-009  4.999170739095908E-009
  2.810573559496132E-008  2.028947897664542E-008
          29  0.000000000000000E+000  0.000000000000000E+000
 -3.131036418586126E-009  7.761727479006827E-009
  1.460367995996719E-008 -2.711561018618461E-008
          30  0.000000000000000E+000  0.000000000000000E+000
  2.037740856321711E-009  8.988608909104719E-009
 -3.291101255855574E-008 -1.285820912088963E-008
          31  0.000000000000000E+000  0.000000000000000E+000
  7.581303999205655E-009  5.983534665729751E-009
 -1.685009310855754E-008  4.318991249188817E-008
          32  0.000000000000000E+000  0.000000000000000E+000
  8.936847550848050E-009 -5.136641045467970E-011
  4.485557102509123E-008  2.603859351766867E-008
