   409.600000000000     
          32           1           3
  1.124309127438499E-002   39.8617196226450        111.244460371014     
   40.0000000000000        115.000000000000        6211.00000000000     
           0  0.000000000000000E+000  0.000000000000000E+000
  0.000000000000000E+000  0.000000000000000E+000
  0.000000000000000E+000  0.000000000000000E+000
           1  9.032224407679011E-007 -5.229776322676830E-007
  8.298473076412199E-007 -3.350481826947607E-007
  2.312190588585904E-007 -4.176624607003557E-008
           2  2.248260236062536E-007 -1.420988275103257E-006
  7.821464555672299E-007 -1.145093399611657E-006
  2.960477211440846E-007 -1.194387018861134E-007
           3 -1.483883403531783E-006 -8.160092861139500E-007
 -6.183840575158614E-007 -2.104910792897889E-006
  3.122263518401962E-007 -3.902021604318141E-007
           4 -1.019118630873875E-006  1.464040471164969E-006
 -2.952461122032396E-006 -7.171545577514010E-007
 -3.692807517691056E-008 -6.736639465819137E-007
           5  1.767099759996506E-006  1.147979078505470E-006
 -2.402414014289359E-006  2.786926038969503E-006
 -5.815062222899135E-007 -5.348310075608108E-007
           6  1.778041451577069E-006 -2.294431551836219E-006
  1.614450275133281E-006  3.675555034641955E-006
 -8.275997812661066E-007  3.163507680989900E-008
           7 -2.360520647761562E-006 -3.176462736389592E-006
  3.962221128255610E-006 -1.340565793391606E-009
 -5.597983213202202E-007  5.518557238275912E-007
           8 -4.851782303889799E-006  1.233453877352938E-006
  1.240746485820040E-006 -3.351931250970024E-006
 -8.286457405012483E-008  7.004567296525730E-007
           9 -1.183321891494088E-006  5.712675931532789E-006
 -2.568338190625095E-006 -1.699524660216072E-006
  2.562999706410668E-007  5.308789851440421E-007
          10  4.878497344195103E-006  4.039980397454012E-006
 -1.744252913008626E-006  2.335131383393313E-006
  4.047546113272758E-007  3.634638256746959E-007
          11  5.935283818334332E-006 -2.398191229746920E-006
  2.661498632580445E-006  2.271537830426560E-006
  5.731210456707446E-007  1.990010460064972E-007
          12  6.259713632150169E-007 -5.933494518419999E-006
  3.813553922010635E-006 -2.668415947970306E-006
  7.303462244766729E-007 -1.341375818874369E-007
          13 -4.256818910650176E-006 -2.701257851525182E-006
 -1.250680842738696E-006 -5.811052024978643E-006
  6.051477955999844E-007 -6.508942820326801E-007
          14 -3.084087007980966E-006  2.164074161595362E-006
 -6.773200474688977E-006 -1.780491270223606E-006
  4.611036809964396E-008 -1.020978770054156E-006
          15  1.101230940710371E-006  2.335178975827325E-006
 -5.304537418399076E-006  5.327524463671679E-006
 -6.840530764402669E-007 -8.341396483635975E-007
          16  1.850094200213904E-006 -1.427826016397408E-006
  1.683919217040952E-006  7.380972271901210E-006
 -1.073711240581698E-006 -1.683774509841887E-007
          17 -2.124041050991834E-006 -2.833143941265246E-006
  6.672364064312528E-006  2.333984630278588E-006
 -8.769958497991958E-007  5.569490508189015E-007
          18 -5.060528494774194E-006  1.517345927585635E-006
  4.552479848516984E-006 -3.673066902714118E-006
 -3.018963009336854E-007  8.969390197096169E-007
          19 -1.371294626463059E-006  6.933995371147400E-006
 -6.513552757071597E-007 -3.945707843115019E-006
  2.347774164169007E-007  7.916094168654117E-007
          20  6.515202944597692E-006  5.736016371554680E-006
 -1.763504761208187E-006 -2.963873409238705E-007
  5.540716066924806E-007  4.997936796071661E-007
          21  9.388217342385499E-006 -2.993643911067008E-006
  1.176162034673637E-006  4.253108820051761E-007
  6.947485073940939E-007  1.867828305760682E-007
          22  2.321158898992770E-006 -1.018639613147192E-005
  1.802734561918405E-006 -3.020812193082269E-006
  7.302736101637945E-007 -1.940542215829053E-007
          23 -7.572106190080781E-006 -6.862893065398314E-006
 -2.679542424162247E-006 -5.240956382476501E-006
  5.649336083681032E-007 -5.962853877583380E-007
          24 -8.435432374703747E-006  3.288376983318285E-006
 -7.753934059198662E-006 -8.819648633300291E-007
  8.271389946459878E-008 -9.012983188781105E-007
          25  9.869906658685185E-008  6.897924247915397E-006
 -6.143603225078185E-006  6.570027777125501E-006
 -5.004729909629305E-007 -7.670802605851306E-007
          26  4.435163653393884E-006  1.073727471603240E-007
  1.499639893256200E-006  9.262648376214181E-006
 -8.604568858388167E-007 -2.572859149841930E-007
          27 -2.167821124868524E-006 -3.991091314669217E-006
  7.695444604782627E-006  4.912398423299522E-006
 -7.699010705046491E-007  2.940893720360938E-007
          28 -7.012118450404699E-006  4.197340791314380E-006
  8.372620714366129E-006 -2.052117037490750E-006
 -4.177871334426133E-007  6.316420517930491E-007
          29  2.962713175142081E-006  1.207155941841395E-005
  4.276517690690410E-006 -6.507717772813066E-006
 -9.466455380004723E-009  6.730954015157095E-007
          30  1.567511466912958E-005  2.684733310653237E-006
 -9.891238483019750E-007 -7.205840736112685E-006
  3.209268655795769E-007  5.506551794515126E-007
          31  1.063988577520437E-005 -1.471369581581737E-005
 -5.016877897114310E-006 -4.272826740878708E-006
  5.282535164648661E-007  3.058057472274185E-007
          32 -8.610870272080780E-006 -1.682993467863548E-005
 -5.491418416740962E-006  1.817561472562638E-007
  6.030012235273331E-007  2.760223736729977E-009
