   409.600000000000     
          32           1           3
  1.124309127438499E-002   38.0820214118514        116.133764001494     
   40.0000000000000        115.000000000000        6211.00000000000     
           0  0.000000000000000E+000  0.000000000000000E+000
  0.000000000000000E+000  0.000000000000000E+000
  0.000000000000000E+000  0.000000000000000E+000
           1  0.000000000000000E+000  0.000000000000000E+000
  1.841054216585527E-008 -6.142952045473697E-009
  1.862644415902580E-009  9.820703357101408E-010
           2  0.000000000000000E+000  0.000000000000000E+000
  1.704269805903926E-008 -1.593750720534584E-008
  4.256754660122970E-009  1.760952692397133E-009
           3  0.000000000000000E+000  0.000000000000000E+000
  7.784467110384307E-009 -2.709007645677462E-008
  8.798478061953215E-009 -9.782526819552403E-010
           4  0.000000000000000E+000  0.000000000000000E+000
 -1.077411748043916E-008 -3.122142641573848E-008
  1.046234043988165E-008 -1.015969682299429E-008
           5  0.000000000000000E+000  0.000000000000000E+000
 -3.039159014631807E-008 -2.067233873398414E-008
  1.222795409306945E-009 -2.127565288054530E-008
           6  0.000000000000000E+000  0.000000000000000E+000
 -3.995679000852206E-008  2.473268137473556E-009
 -1.876433301063071E-008 -2.167363590062685E-008
           7  0.000000000000000E+000  0.000000000000000E+000
 -3.088984063720380E-008  2.808579384473355E-008
 -3.632901583431826E-008 -1.968003673872487E-009
           8  0.000000000000000E+000  0.000000000000000E+000
 -7.020838872696389E-009  4.196646015382961E-008
 -3.141159371531677E-008  3.013017994583697E-008
           9  0.000000000000000E+000  0.000000000000000E+000
  2.012042670771224E-008  3.611583912765333E-008
  1.582723010920523E-009  5.017497606379661E-008
          10  0.000000000000000E+000  0.000000000000000E+000
  3.606732795587264E-008  1.679064672821196E-008
  4.238398553482788E-008  3.498258532140949E-008
          11  0.000000000000000E+000  0.000000000000000E+000
  3.713896987329257E-008 -7.325439127397772E-009
  5.779393458522102E-008 -9.770967037422388E-009
          12  0.000000000000000E+000  0.000000000000000E+000
  2.475604214906933E-008 -2.497893420707636E-008
  3.012816205068412E-008 -5.237963425797300E-008
          13  0.000000000000000E+000  0.000000000000000E+000
  6.843600191968835E-009 -3.178421086484014E-008
 -2.216849958864130E-008 -5.615796013530058E-008
          14  0.000000000000000E+000  0.000000000000000E+000
 -8.608302593616305E-009 -2.981482666520492E-008
 -5.649359153667985E-008 -1.507372295868183E-008
          15  0.000000000000000E+000  0.000000000000000E+000
 -2.203143977066723E-008 -2.197674724236967E-008
 -4.234085503035524E-008  3.578787564976089E-008
          16  0.000000000000000E+000  0.000000000000000E+000
 -3.116704395449907E-008 -8.628820061691512E-009
  7.785019096910488E-009  5.181779704257299E-008
          17  0.000000000000000E+000  0.000000000000000E+000
 -3.373477334553721E-008  8.714613804812730E-009
  4.760049188754901E-008  1.668574447996611E-008
          18  0.000000000000000E+000  0.000000000000000E+000
 -2.628485057444979E-008  2.839322763001078E-008
  3.581750468379236E-008 -3.647886095300736E-008
          19  0.000000000000000E+000  0.000000000000000E+000
 -5.914461999230179E-009  4.196968883211456E-008
 -1.962307243307153E-008 -5.218083908919233E-008
          20  0.000000000000000E+000  0.000000000000000E+000
  2.322068419985862E-008  4.014742368405402E-008
 -6.369765299970721E-008 -6.225695875291802E-009
          21  0.000000000000000E+000  0.000000000000000E+000
  4.485020507046192E-008  1.816113360772022E-008
 -4.288887245125562E-008  6.046338525885201E-008
          22  0.000000000000000E+000  0.000000000000000E+000
  4.759681836966945E-008 -1.526425632246804E-008
  3.312797530195316E-008  7.881749540707431E-008
          23  0.000000000000000E+000  0.000000000000000E+000
  2.653144825368545E-008 -4.114233545422480E-008
  9.389356323283619E-008  1.840893402444130E-008
          24  0.000000000000000E+000  0.000000000000000E+000
 -6.212345494558254E-009 -4.770234505551012E-008
  7.615579853139336E-008 -7.331319381762988E-008
          25  0.000000000000000E+000  0.000000000000000E+000
 -3.142930914012927E-008 -2.945273160841776E-008
 -1.760456529319576E-008 -1.103584088931701E-007
          26  0.000000000000000E+000  0.000000000000000E+000
 -3.885263753017953E-008 -3.764362026391693E-009
 -1.027641672893847E-007 -5.247596698282357E-008
          27  0.000000000000000E+000  0.000000000000000E+000
 -2.828725391980789E-008  1.673908102435580E-008
 -1.033107107359129E-007  5.363177327201242E-008
          28  0.000000000000000E+000  0.000000000000000E+000
 -1.320069527927883E-008  2.465372227067803E-008
 -1.653484985203332E-008  1.133150263660524E-007
          29  0.000000000000000E+000  0.000000000000000E+000
  1.710099454444633E-011  2.264644777947052E-008
  8.239890474044937E-008  7.652736723665496E-008
          30  0.000000000000000E+000  0.000000000000000E+000
  7.125379804894721E-009  1.990875664270976E-008
  1.041501667031148E-007 -2.559611140248338E-008
          31  0.000000000000000E+000  0.000000000000000E+000
  1.427269311465991E-008  1.658458234458710E-008
  3.298425129933510E-008 -9.743460417702780E-008
          32  0.000000000000000E+000  0.000000000000000E+000
  2.284164097920183E-008  1.009169554643623E-008
 -6.428920591859858E-008 -7.595497857485318E-008
