   409.600000000000     
          32           1           3
  1.124309127438499E-002   37.9040515907720        116.622694364542     
   40.0000000000000        115.000000000000        6211.00000000000     
           0  0.000000000000000E+000  0.000000000000000E+000
  0.000000000000000E+000  0.000000000000000E+000
  0.000000000000000E+000  0.000000000000000E+000
           1 -4.694008245885902E-007  5.909990218810807E-008
 -2.136031172449096E-007  4.060854876712263E-008
 -4.618361492830852E-007  3.521414028721395E-008
           2 -6.787134427314605E-007  3.139173345686511E-007
 -2.780804950941243E-007  9.031100147665064E-008
 -6.774121515736774E-007  1.034265942127106E-007
           3 -5.140972021600925E-007  1.039074893824573E-006
 -3.718515983554259E-007  3.612907679993557E-007
 -9.414859340492944E-007  7.007162386906503E-007
           4  5.484567829525119E-007  1.421040535469066E-006
 -2.014975661208217E-008  8.258317513435974E-007
 -3.746781565810194E-007  1.619897254467675E-006
           5  1.656366767854708E-006  5.667150852680119E-007
  8.595972650607557E-007  6.941064001067614E-007
  1.007356583724372E-006  1.809415653400095E-006
           6  1.556571691446882E-006 -9.554649161529722E-007
  1.238974287422591E-006 -3.536063824114636E-007
  2.236509519761525E-006  7.089984566177895E-007
           7  2.523362827398891E-007 -1.757593084442209E-006
  3.939523948996274E-007 -1.316304163999957E-006
  2.247048406584512E-006 -1.006314184355241E-006
           8 -1.103661257545517E-006 -1.216085402971569E-006
 -9.416201870002097E-007 -9.561650725735946E-007
  1.068678973080747E-006 -2.258399971586608E-006
           9 -1.467565885575421E-006  1.075182636951580E-007
 -1.133816232721409E-006  4.411572052373939E-007
 -5.433010926770074E-007 -2.326668956192490E-006
          10 -6.471180065104772E-007  1.114281947454934E-006
  1.183931821551384E-007  1.100067720481305E-006
 -1.720701457521012E-006 -1.530641170328081E-006
          11  6.099544813635459E-007  9.787510998758090E-007
  1.186753417784783E-006  6.683995581169235E-008
 -2.212849984111700E-006 -3.145520518350053E-007
          12  1.132936491780892E-006 -2.139039610103669E-007
  4.156084013129976E-007 -1.501475646333816E-006
 -2.041896850729924E-006  9.006350833865750E-007
          13  2.537709907333060E-007 -1.373997563361722E-006
 -1.705268021090877E-006 -1.232341522948938E-006
 -1.291701427068576E-006  1.906365806117079E-006
          14 -1.544806398386497E-006 -1.139561665974678E-006
 -2.391968985458488E-006  1.322114838842318E-006
 -7.134460606194296E-009  2.502246626626482E-006
          15 -2.424122781814756E-006  1.084260314651978E-006
  9.222639291492742E-008  3.325384237036116E-006
  1.556055295393902E-006  2.088030547216733E-006
          16 -4.361760272851993E-007  3.471713537533862E-006
  3.399256716713617E-006  1.696397865542234E-006
  2.532053069177263E-006  7.363143893967416E-007
          17  3.378128520784857E-006  2.769867602691397E-006
  3.335137742857196E-006 -2.404353465053756E-006
  2.454143479443518E-006 -8.882490724020782E-007
          18  4.928233156819275E-006 -1.686134956003728E-006
 -6.925707045459551E-007 -4.228470094244898E-006
  1.471032057561183E-006 -2.128036482940645E-006
          19  1.171539078604247E-006 -5.809015551533543E-006
 -4.216016259792413E-006 -1.040274783506528E-006
  1.548010607524879E-008 -2.513272779909991E-006
          20 -4.967532452369932E-006 -4.070699168199022E-006
 -2.407776446946339E-006  3.621764781206797E-006
 -1.405217422272262E-006 -2.064560660852739E-006
          21 -5.986619943545031E-006  2.889261775978133E-006
  2.869968006943362E-006  3.516978647321225E-006
 -2.292686127794015E-006 -1.001279490139249E-006
          22  5.563042703103882E-007  6.663358024823356E-006
  4.685741349597650E-006 -1.986016258210065E-006
 -2.542709097769808E-006  5.208835561615405E-007
          23  6.572271905616035E-006  1.422983088932784E-006
 -4.850611654400683E-007 -5.987255990808370E-006
 -1.813820255294659E-006  1.916340014228827E-006
          24  3.240916131619133E-006 -6.314806123558206E-006
 -6.871793647882087E-006 -2.074543464457521E-006
 -2.346272359022697E-007  2.722382315152562E-006
          25 -5.853229812629647E-006 -5.466309453992657E-006
 -5.470875914651973E-006  6.351582600816064E-006
  1.410364988854578E-006  2.204289033985611E-006
          26 -8.209653451173851E-006  4.416649387198040E-006
  3.675293224614183E-006  8.704228939710216E-006
  2.387051949566059E-006  7.683163710500228E-007
          27  1.209156332637604E-006  1.059933975639494E-005
  1.033767534842753E-005  8.554177270371146E-007
  2.041177471623170E-006 -7.262494693978459E-007
          28  1.118273858469228E-005  3.626981721345711E-006
  5.952423457707017E-006 -9.315219094203415E-006
  1.112994686022977E-006 -1.470200535411858E-006
          29  8.640681949200120E-006 -8.943186470581688E-006
 -5.653951555453072E-006 -9.964251933387114E-006
  2.760627270506166E-007 -1.462193336848172E-006
          30 -4.152759395306272E-006 -1.186781432202450E-005
 -1.165725645948027E-005  4.998281614259218E-007
 -2.296835068890533E-007 -1.402733095323326E-006
          31 -1.206266524284237E-005 -1.559400550374462E-006
 -4.721072795165057E-006  1.074855523026680E-005
 -7.653010437109638E-007 -1.366534896796536E-006
          32 -6.259875567512634E-006  9.473729544603606E-006
  7.795499735635568E-006  8.889373612956864E-006
 -1.582567233634679E-006 -1.022935393463459E-006
