   409.600000000000     
          32           1           3
  1.124309127438499E-002   37.8595591355021        116.744926955304     
   40.0000000000000        115.000000000000        6211.00000000000     
           0  0.000000000000000E+000  0.000000000000000E+000
  0.000000000000000E+000  0.000000000000000E+000
  0.000000000000000E+000  0.000000000000000E+000
           1 -4.452476110755563E-007  6.892417122888348E-008
 -2.280919334242762E-007  5.017489638501846E-008
 -4.627971118704856E-007  3.982296132360144E-008
           2 -6.210382847597397E-007  3.465476900650613E-007
 -2.946740885983810E-007  1.287172111388393E-007
 -6.758747343611198E-007  1.252674024670352E-007
           3 -3.601799000533983E-007  1.018578834570311E-006
 -3.319057755589138E-007  4.513837178345115E-007
 -8.977953140187226E-007  7.398706260350516E-007
           4  6.912868115328434E-007  1.194292578998589E-006
  1.613343485677172E-007  8.629948371833301E-007
 -2.655760124838544E-007  1.602619489210422E-006
           5  1.515659754777403E-006  2.132937127619617E-007
  1.063587912384260E-006  4.906160581229121E-007
  1.089116526399200E-006  1.661026649809591E-006
           6  1.094297765507559E-006 -1.062724160561333E-006
  1.157349255491020E-006 -7.348478320891816E-007
  2.146324443220885E-006  5.014864047252085E-007
           7 -1.455890210226654E-007 -1.390521179096418E-006
 -4.852914544997662E-008 -1.478782410834515E-006
  1.983588427639197E-006 -1.075974564124979E-006
           8 -1.013346265630580E-006 -6.409314457544772E-007
 -1.345713894253373E-006 -6.347415151980134E-007
  8.234905593776004E-007 -2.078721330879064E-006
           9 -9.143070431839463E-007  3.542479635190510E-007
 -1.052421667883716E-006  9.504059911493300E-007
 -5.626891705703103E-007 -2.011893761281996E-006
          10 -1.318588221110468E-007  7.629652052345593E-007
  5.709970171940163E-007  1.232089484898254E-006
 -1.499698449265511E-006 -1.315410533898740E-006
          11  5.691110702907609E-007  3.313570631716362E-007
  1.410955657017453E-006 -2.771180821653905E-007
 -1.932120015856646E-006 -3.360658519261745E-007
          12  5.125478240300146E-007 -5.312685215076825E-007
  9.476207215668763E-008 -1.745917451966574E-006
 -1.894668460744351E-006  7.172884711255993E-007
          13 -4.221099850682213E-007 -9.719089514957903E-007
 -2.053763791709907E-006 -8.353465611210872E-007
 -1.304111380867222E-006  1.731707974270451E-006
          14 -1.596125833377526E-006 -1.976610382870132E-007
 -1.970483138337214E-006  1.956076456379327E-006
 -7.470788768315548E-008  2.403460006101131E-006
          15 -1.483025284796005E-006  1.800069058687701E-006
  1.107048100727494E-006  3.136065983584007E-006
  1.483668534477033E-006  2.029586467098507E-006
          16  9.776237031103439E-007  2.975458900468955E-006
  3.753310639009345E-006  4.477891956488401E-007
  2.443042873257418E-006  6.936862979849749E-007
          17  3.798315296518519E-006  9.454861616548329E-007
  2.219814504906803E-006 -3.438102453533449E-006
  2.332660960917980E-006 -8.859976482520403E-007
          18  3.283152789005728E-006 -3.272220488448426E-006
 -2.261655464504614E-006 -3.621693175031606E-006
  1.358221407845610E-006 -2.047291312779690E-006
          19 -1.429113034851914E-006 -5.020415328461234E-006
 -4.271277363938060E-006  7.363917323922395E-007
 -2.903057294990563E-008 -2.380641520327418E-006
          20 -5.508739686600783E-006 -9.700358954499209E-007
 -6.943199067967919E-007  4.266666651512820E-006
 -1.378865084001934E-006 -1.933300087967601E-006
          21 -3.033299184701731E-006  4.872217201764005E-006
  4.002234092565494E-006  1.931713399719472E-006
 -2.216537040216637E-006 -8.781521515732727E-007
          22  3.809676185622773E-006  4.394445578424235E-006
  3.204064529625612E-006 -3.696764546652237E-006
 -2.374533118190914E-006  6.163411790638185E-007
          23  5.359880088350732E-006 -2.841618174731801E-006
 -3.056234219113498E-006 -4.794890145093105E-006
 -1.558165918578560E-006  1.884908584741188E-006
          24 -1.792225182223014E-006 -6.512375412255830E-006
 -6.552672714279274E-006  1.516995473805084E-006
 -2.405576826694784E-008  2.458054546271007E-006
          25 -7.920546717289284E-006 -2.591457366481936E-008
 -1.219673326510070E-006  7.723016157466397E-006
  1.340952991735306E-006  1.805622087251257E-006
          26 -3.099788754100392E-006  8.804664721540312E-006
  7.297719203099285E-006  4.831258124944083E-006
  1.974690278986655E-006  5.538962449848650E-007
          27  7.978072173693512E-006  7.009140655168720E-006
  8.228759982301167E-006 -4.831712627266356E-006
  1.615031391846965E-006 -4.956152502688678E-007
          28  1.042979036812877E-005 -4.807663376673744E-006
 -7.232695580538809E-007 -1.008033564384663E-005
  1.081398933361316E-006 -9.918329366192578E-007
          29  5.865535175398086E-008 -1.185101677452695E-005
 -9.606444089059081E-006 -3.904305629685581E-006
  6.635764952662187E-007 -1.226479978564537E-006
          30 -1.054361334086084E-005 -5.000341123598111E-006
 -7.708286379216395E-006  7.044030888290362E-006
  1.183387347489846E-007 -1.645902534700133E-006
          31 -8.383523283078069E-006  7.121668910384445E-006
  3.221255841093392E-006  9.867040890466720E-006
 -8.895389279595234E-007 -1.774070750786435E-006
          32  3.010904414082188E-006  9.563303302404286E-006
  1.032420921824727E-005  8.796264426804672E-007
 -2.055398672274841E-006 -1.025966507434135E-006
