   409.600000000000     
          32           1           3
  1.124309127438499E-002   37.4591270380736        117.845020272162     
   40.0000000000000        115.000000000000        6211.00000000000     
           0  0.000000000000000E+000  0.000000000000000E+000
  0.000000000000000E+000  0.000000000000000E+000
  0.000000000000000E+000  0.000000000000000E+000
           1 -1.989560585880785E-007  8.834353979703694E-008
 -1.574498580312844E-007  8.845440386032874E-008
 -3.674058529584298E-007  5.548932101555887E-008
           2 -1.107824727007513E-007  3.390511627982021E-007
 -1.358378521873029E-007  3.049302865284745E-007
 -5.145194231291303E-007  2.243314147950783E-007
           3  3.862336377694504E-007  2.640199807079779E-007
  3.618352865448222E-007  5.596370715383833E-007
 -3.973731390592179E-007  7.602697034483419E-007
           4  2.780972690759272E-007 -3.767797646607814E-007
  1.074557276956255E-006 -1.736176653779865E-007
  3.566792744731950E-007  9.359860490443895E-007
           5 -4.148245220915766E-007 -1.626100587449103E-007
  3.101415107684084E-007 -1.443706873081132E-006
  8.572308947216435E-007  3.878984313641880E-007
           6 -1.876415192137759E-008  5.724373781927625E-007
 -1.426296024156989E-006 -9.112180458893897E-007
  7.523527219335449E-007 -1.649242887282308E-007
           7  8.222347026436244E-007 -2.111658516299935E-008
 -1.324724491465631E-006  1.011871139414138E-006
  5.629508319371832E-007 -3.436450674742066E-007
           8  1.151031959991543E-007 -1.049674987434984E-006
  4.839568843482503E-007  1.333675211324836E-006
  5.031238039545316E-007 -6.427963450399583E-007
           9 -1.121421789928068E-006 -3.703025319362646E-007
  1.031140438630002E-006 -2.182529116320545E-007
  8.740482996671806E-008 -1.014466282033003E-006
          10 -5.995654444154731E-007  9.834647435642477E-007
 -3.648115782623908E-007 -7.854846961909262E-007
 -6.897858476433781E-007 -9.891070794426750E-007
          11  7.251232939418632E-007  6.422748217117992E-007
 -9.413731652504817E-007  6.755168748140797E-007
 -1.235466472302930E-006 -2.855989912771451E-007
          12  4.435504554354652E-007 -5.224459027364351E-007
  6.364045315442332E-007  1.546636640760473E-006
 -1.076686050390388E-006  5.495602970400339E-007
          13 -5.583272143986071E-007 -1.059182610139870E-007
  2.218401852844081E-006  3.693020145363425E-008
 -5.092185231518905E-007  9.439506117371725E-007
          14  1.831155159893802E-007  8.971742131193957E-007
  1.212585750663135E-006 -2.373629829481668E-006
 -2.879333265620994E-008  1.031389907846442E-006
          15  1.406114750686679E-006 -2.421699158783942E-007
 -1.705793219033656E-006 -2.354766201105797E-006
  4.679510160625103E-007  1.034540627348170E-006
          16 -5.374137109463832E-009 -1.876654400201522E-006
 -2.926958328253928E-006  4.898044241830248E-007
  1.150503158985896E-006  7.177957881093193E-007
          17 -2.107432790709015E-006 -3.884790128480850E-007
 -6.244511552323548E-007  2.750834965727970E-006
  1.559884334168770E-006 -1.913571098694925E-007
          18 -7.297633878234244E-007  2.054631959364782E-006
  2.149231962261971E-006  1.091593023304198E-006
  1.087337844533369E-006 -1.320446965898085E-006
          19  1.881888666979891E-006  8.277043050175269E-007
  9.180426431713031E-007 -1.797938261229759E-006
 -1.274438766295152E-007 -1.646865257522082E-006
          20  6.539146580842428E-007 -1.838909194694692E-006
 -2.094116475585572E-006 -5.389966111462477E-007
 -1.055009731270980E-006 -9.816124772522279E-007
          21 -2.120816065263970E-006 -3.793341366713922E-007
 -5.980467300009046E-007  2.890734016363759E-006
 -1.144410883306066E-006 -2.227282715315402E-007
          22 -2.623387358387974E-007  2.684198265658795E-006
  3.588470600093342E-006  1.416724837448924E-006
 -1.047823892543012E-006  2.436872509911596E-007
          23  3.292772856986459E-006  5.522114908191217E-007
  2.743085816363878E-006 -3.630595430425713E-006
 -9.489554520847454E-007  7.648506752385752E-007
          24  1.208746967718474E-006 -3.649464978802094E-006
 -2.904183517065965E-006 -3.942973187547294E-006
 -3.146638435274604E-007  1.375901359567340E-006
          25 -3.503845784606406E-006 -1.954126574664427E-006
 -4.391982900920309E-006  1.720726766027777E-006
  6.860003983844977E-007  1.306611215425455E-006
          26 -2.413540737503043E-006  2.872755917154320E-006
  6.460504852044705E-007  4.078505654423030E-006
  1.317146904705907E-006  4.392824859515411E-007
          27  2.012206500372562E-006  2.313846587441395E-006
  3.352737166412276E-006 -1.082646830314259E-007
  1.070150388543182E-006 -3.815359241401095E-007
          28  1.722826411175108E-006 -1.316790178381950E-006
 -8.211230104988542E-008 -2.754890959206350E-006
  6.278439225219759E-007 -6.768821836390691E-007
          29 -1.109311888050692E-006 -9.296096158204916E-007
 -2.636819312105631E-006  2.147615367432799E-007
  3.601158883145706E-007 -8.181709738291227E-007
          30 -3.766070023464712E-007  1.340067495192649E-006
  1.859387364696404E-007  2.890719887560317E-006
 -6.967200681801982E-008 -1.066159512533580E-006
          31  1.712365120413585E-006  4.014224447234710E-007
  3.184469598772237E-006  2.683605178295065E-007
 -8.197205035566901E-007 -9.484896163597343E-007
          32  9.869290653791975E-007 -1.791585815377932E-006
  1.037560736061080E-006 -3.192359485643679E-006
 -1.293855250874484E-006 -1.619589089894451E-007
