   409.600000000000     
          32           1           3
  1.124309127438499E-002   37.2811572169942        118.333950635210     
   40.0000000000000        115.000000000000        6211.00000000000     
           0  0.000000000000000E+000  0.000000000000000E+000
  0.000000000000000E+000  0.000000000000000E+000
  0.000000000000000E+000  0.000000000000000E+000
           1  0.000000000000000E+000  0.000000000000000E+000
  6.059322078157658E-009 -2.872035586389075E-009
  4.566649500736096E-009 -4.052811389127676E-010
           2  0.000000000000000E+000  0.000000000000000E+000
  4.028936242507875E-009 -6.495340320277101E-009
  6.471157557529208E-009 -3.577153915642900E-009
           3  0.000000000000000E+000  0.000000000000000E+000
 -9.019244902731207E-010 -8.070704340926256E-009
  3.435730087889304E-009 -1.053365731415396E-008
           4  0.000000000000000E+000  0.000000000000000E+000
 -5.581665158748088E-009 -5.487223120142023E-009
 -7.964232328844007E-009 -1.132776490966232E-008
           5  0.000000000000000E+000  0.000000000000000E+000
 -6.535557153744484E-009 -1.328754158983134E-009
 -1.392743906287936E-008  1.369513353377811E-009
           6  0.000000000000000E+000  0.000000000000000E+000
 -6.124133405803767E-009  1.323230177887706E-009
 -3.210012488037553E-009  9.894206349157407E-009
           7  0.000000000000000E+000  0.000000000000000E+000
 -5.514838428940214E-009  4.014259675536693E-009
  4.382103437978017E-009  1.072806272730963E-009
           8  0.000000000000000E+000  0.000000000000000E+000
 -3.087753880093362E-009  7.749252922581475E-009
 -6.618868564212341E-009 -3.488897909454377E-009
           9  0.000000000000000E+000  0.000000000000000E+000
  2.472183408041215E-009  8.496070228124920E-009
 -8.979279983732673E-009  1.228505460975779E-008
          10  0.000000000000000E+000  0.000000000000000E+000
  7.494433556158543E-009  5.530919645708597E-009
  1.097711589977246E-008  1.798823630462595E-008
          11  0.000000000000000E+000  0.000000000000000E+000
  8.860450490208930E-009  5.294239300503993E-011
  2.178741017716942E-008 -3.924603809960672E-009
          12  0.000000000000000E+000  0.000000000000000E+000
  7.570367740105072E-009 -4.453001124560445E-009
  3.899850872755479E-009 -1.713218215423843E-008
          13  0.000000000000000E+000  0.000000000000000E+000
  4.287956485508119E-009 -7.924942529120203E-009
 -8.884938439613425E-009 -5.308820729532477E-009
          14  0.000000000000000E+000  0.000000000000000E+000
 -8.677264005438038E-010 -1.019479508502959E-008
  1.522318811356101E-009  2.904436047681221E-009
          15  0.000000000000000E+000  0.000000000000000E+000
 -7.293577820883388E-009 -8.055578554106899E-009
  5.636888620396424E-009 -8.360395969085318E-009
          16  0.000000000000000E+000  0.000000000000000E+000
 -1.111247410106988E-008 -1.683995301808936E-009
 -9.756322507795123E-009 -1.540046302273923E-008
          17  0.000000000000000E+000  0.000000000000000E+000
 -9.568165887472179E-009  5.515209797842342E-009
 -2.412774924185214E-008  2.437951520908207E-009
          18  0.000000000000000E+000  0.000000000000000E+000
 -3.974428892257056E-009  9.771137160940031E-009
 -9.208801183397067E-009  2.567451629590720E-008
          19  0.000000000000000E+000  0.000000000000000E+000
  1.923965000773166E-009  9.388682075397005E-009
  1.980950428765020E-008  1.552732818438517E-008
          20  0.000000000000000E+000  0.000000000000000E+000
  6.389226739886751E-009  6.605398679448700E-009
  1.364416572673479E-008 -1.263260817255405E-008
          21  0.000000000000000E+000  0.000000000000000E+000
  9.070471167279237E-009  2.482121323198676E-009
 -1.106484756912337E-008 -5.283822772628901E-009
          22  0.000000000000000E+000  0.000000000000000E+000
  9.120798749815008E-009 -3.366395260621254E-009
 -3.946653564655041E-010  1.738988576224259E-008
          23  0.000000000000000E+000  0.000000000000000E+000
  5.342332239455101E-009 -8.094992874743248E-009
  2.753806985006234E-008  3.127647303692400E-009
          24  0.000000000000000E+000  0.000000000000000E+000
 -8.642629135647087E-010 -9.206357405510986E-009
  1.129158603195526E-008 -3.301575495540434E-008
          25  0.000000000000000E+000  0.000000000000000E+000
 -5.073273092536979E-009 -6.376708642137695E-009
 -3.025813657722081E-008 -2.006880623116396E-008
          26  0.000000000000000E+000  0.000000000000000E+000
 -6.870516364233100E-009 -2.934533889991945E-009
 -2.034226256273071E-008  2.436457303847101E-008
          27  0.000000000000000E+000  0.000000000000000E+000
 -7.697625008026423E-009  5.799809283593558E-010
  1.889370816326439E-008  1.447240644298756E-008
          28  0.000000000000000E+000  0.000000000000000E+000
 -6.777646335272537E-009  5.013238457722498E-009
  9.517972465094451E-009 -2.201777851130221E-008
          29  0.000000000000000E+000  0.000000000000000E+000
 -2.592700590089957E-009  8.484984565126168E-009
 -3.131682523378990E-008 -9.273826110822236E-009
          30  0.000000000000000E+000  0.000000000000000E+000
  3.198490371347665E-009  8.138131939758294E-009
 -1.591861181704254E-008  3.708812376921534E-008
          31  0.000000000000000E+000  0.000000000000000E+000
  6.821667292451008E-009  4.169301089778675E-009
  3.835541962889908E-008  2.566650221372988E-008
          32  0.000000000000000E+000  0.000000000000000E+000
  6.936263279144607E-009  2.116295078398355E-010
  2.761165055040341E-008 -3.299048155481122E-008
