   409.600000000000     
          32           1           3
  1.124309127438499E-002   39.5897030032173        111.699157859321     
   40.0000000000000        115.000000000000        6211.00000000000     
           0  0.000000000000000E+000  0.000000000000000E+000
  0.000000000000000E+000  0.000000000000000E+000
  0.000000000000000E+000  0.000000000000000E+000
           1  0.000000000000000E+000  0.000000000000000E+000
  2.202674231670301E-009 -8.256402969090071E-010
 -6.363609267194792E-009 -1.110487137685048E-009
           2  0.000000000000000E+000  0.000000000000000E+000
  1.885353243928565E-009 -2.082624292977718E-009
 -1.173193518418712E-008 -1.509321651338642E-010
           3  0.000000000000000E+000  0.000000000000000E+000
  4.863191220965156E-010 -3.278556862183682E-009
 -1.797875054011443E-008  1.038352474870975E-008
           4  0.000000000000000E+000  0.000000000000000E+000
 -1.825764448177901E-009 -3.254389907900631E-009
 -1.049789166225090E-008  3.048515677829669E-008
           5  0.000000000000000E+000  0.000000000000000E+000
 -3.614850348936043E-009 -1.450842214518852E-009
  2.065403498987719E-008  3.933895897598988E-008
           6  0.000000000000000E+000  0.000000000000000E+000
 -3.752769672042159E-009  1.135039411401830E-009
  5.404198730333431E-008  1.275150206569645E-008
           7  0.000000000000000E+000  0.000000000000000E+000
 -2.110550983314908E-009  3.029912296368209E-009
  5.066094194650640E-008 -3.983588508312272E-008
           8  0.000000000000000E+000  0.000000000000000E+000
 -1.791974875040764E-011  3.377112166585484E-009
 -1.685937947928680E-009 -6.858588954783988E-008
           9  0.000000000000000E+000  0.000000000000000E+000
  1.527209223306249E-009  2.515653607411124E-009
 -5.731416290938998E-008 -3.784123776044698E-008
          10  0.000000000000000E+000  0.000000000000000E+000
  2.304712952866028E-009  1.645848139055031E-009
 -5.644194648932856E-008  2.629315722373489E-008
          11  0.000000000000000E+000  0.000000000000000E+000
  2.995637729739617E-009  5.103804124989497E-010
 -2.911979380162034E-009  5.241775673183000E-008
          12  0.000000000000000E+000  0.000000000000000E+000
  3.297792486795593E-009 -1.126539802806188E-009
  3.976345424978455E-008  1.577585718925147E-008
          13  0.000000000000000E+000  0.000000000000000E+000
  2.414794816097342E-009 -3.181643386473352E-009
  1.842506829090347E-008 -3.390792901005098E-008
          14  0.000000000000000E+000  0.000000000000000E+000
  1.127167535614448E-010 -4.606773925351638E-009
 -3.857439560689594E-008 -2.829229026909084E-008
          15  0.000000000000000E+000  0.000000000000000E+000
 -3.112279853691204E-009 -3.961128378880059E-009
 -5.270150907538600E-008  3.675372725950751E-008
          16  0.000000000000000E+000  0.000000000000000E+000
 -5.170504984656895E-009 -1.035156843834137E-009
  1.047802765527864E-008  8.255471625405284E-008
          17  0.000000000000000E+000  0.000000000000000E+000
 -4.634298397718556E-009  2.567185124753548E-009
  9.284734099028521E-008  4.153643612876134E-008
          18  0.000000000000000E+000  0.000000000000000E+000
 -1.822615163896244E-009  4.818767178150281E-009
  9.760744581681441E-008 -6.430623136137931E-008
          19  0.000000000000000E+000  0.000000000000000E+000
  1.511007622700339E-009  4.489854116369437E-009
 -1.665877213262757E-009 -1.273142925840228E-007
          20  0.000000000000000E+000  0.000000000000000E+000
  3.591069786919161E-009  2.291766502814353E-009
 -1.143488285369833E-007 -6.926807582701771E-008
          21  0.000000000000000E+000  0.000000000000000E+000
  3.548855655798153E-009 -3.382691126190900E-011
 -1.149852577224885E-007  6.511324893719253E-008
          22  0.000000000000000E+000  0.000000000000000E+000
  2.704571042001892E-009 -1.524625157910784E-009
  4.500003943986700E-009  1.253352253579000E-007
          23  0.000000000000000E+000  0.000000000000000E+000
  1.779748352673195E-009 -2.272087999985667E-009
  1.084302206943495E-007  4.183055498544811E-008
          24  0.000000000000000E+000  0.000000000000000E+000
  6.063372522429213E-010 -3.142590504003561E-009
  7.075515382235274E-008 -8.123117764229851E-008
          25  0.000000000000000E+000  0.000000000000000E+000
 -1.056302256354525E-009 -3.368302156201631E-009
 -5.924003894973298E-008 -9.490958075081921E-008
          26  0.000000000000000E+000  0.000000000000000E+000
 -3.318571905519077E-009 -2.379031414476800E-009
 -1.173002605691350E-007  3.384838622858497E-008
          27  0.000000000000000E+000  0.000000000000000E+000
 -4.298939012833364E-009  1.976742415304546E-010
 -1.225050125278298E-008  1.378121282915498E-007
          28  0.000000000000000E+000  0.000000000000000E+000
 -3.255383541723928E-009  3.013953708014828E-009
  1.376440513669553E-007  7.644460688001460E-008
          29  0.000000000000000E+000  0.000000000000000E+000
 -5.465424382942219E-010  4.099919359870894E-009
  1.406975688288912E-007 -9.498440873850821E-008
          30  0.000000000000000E+000  0.000000000000000E+000
  1.988569368405417E-009  3.312311620849787E-009
 -1.632765340299981E-008 -1.813362601205891E-007
          31  0.000000000000000E+000  0.000000000000000E+000
  3.018729236655802E-009  1.285477806352348E-009
 -1.715922545411368E-007 -7.092991714886193E-008
          32  0.000000000000000E+000  0.000000000000000E+000
  2.713840168241190E-009 -3.665051352600539E-010
 -1.390163681205838E-007  1.172709588902175E-007
