   409.600000000000     
          32           1           3
  1.124309127438499E-002   39.1002859952490        113.043716357703     
   40.0000000000000        115.000000000000        6211.00000000000     
           0  0.000000000000000E+000  0.000000000000000E+000
  0.000000000000000E+000  0.000000000000000E+000
  0.000000000000000E+000  0.000000000000000E+000
           1  3.809943243562227E-006 -1.052010046380070E-006
  2.805222656575439E-006 -4.258071735016184E-007
  1.818057595887915E-007 -1.799250551406244E-008
           2  3.786674395545111E-006 -3.226500502107985E-006
  3.341792602636757E-006 -1.267497317519448E-006
  2.276930526074584E-007 -7.113712570279457E-008
           3  1.503686667157777E-006 -5.760932178882964E-006
  3.558500115615668E-006 -3.355477557360826E-006
  2.364352625101321E-007 -2.004260787683657E-007
           4 -2.733751677373317E-006 -5.816554618261143E-006
  1.668660381419872E-006 -6.090240766021686E-006
  1.427395230138626E-007 -3.397333041826341E-007
           5 -5.810185905094691E-006 -2.400531445647960E-006
 -2.579635180757701E-006 -7.042113238394888E-006
 -2.644450073472735E-008 -4.109783552539148E-007
           6 -5.186207349834984E-006  2.112560202044747E-006
 -6.941289186596004E-006 -4.354388959452840E-006
 -2.109135929930877E-007 -4.000376310006198E-007
           7 -1.491929547687528E-006  4.315744520816033E-006
 -8.220326810988247E-006  9.099358549458582E-007
 -3.974321534979161E-007 -3.415586410924446E-007
           8  2.232055477004951E-006  2.703794962003884E-006
 -5.483078693132188E-006  5.502524243766737E-006
 -6.365024910072433E-007 -1.915313654526703E-007
           9  2.856982769226212E-006 -1.331010387377982E-006
 -6.888048143171681E-007  6.625479258112111E-006
 -8.367066645910524E-007  1.972791873658963E-007
          10 -6.721816967494380E-007 -4.121691664297332E-006
  2.810891500239998E-006  4.198731230943963E-006
 -7.250517383098363E-007  7.753768877204354E-007
          11 -5.595540380269137E-006 -2.365139395970193E-006
  2.809169429045146E-006  6.837885699901859E-007
 -1.787581418056295E-007  1.248692801864795E-006
          12 -7.418544703197307E-006  3.540780306881290E-006
  6.416468505775823E-008 -3.968736129165767E-007
  6.763592956150369E-007  1.295545511821264E-006
          13 -3.653729084819914E-006  9.688952015513971E-006
 -1.693943826831008E-006  2.271779919350733E-006
  1.520464172193016E-006  7.232097687672170E-007
          14  4.501561727170546E-006  1.159460813464662E-005
  6.201168584939266E-007  5.797081298231483E-006
  1.826040676793761E-006 -4.431030184303237E-007
          15  1.270084093513224E-005  6.553358392361656E-006
  6.428132214732807E-006  6.183559834869209E-006
  1.179224759923328E-006 -1.630933732576691E-006
          16  1.512385724364803E-005 -3.847038229741299E-006
  1.176366497562741E-005  8.865490499892593E-007
 -1.807526945160447E-007 -2.035573363842154E-006
          17  9.171895049000858E-006 -1.338132144143707E-005
  1.183906693529764E-005 -8.180572540115750E-006
 -1.425650126692413E-006 -1.416509119089944E-006
          18 -1.903117135679142E-006 -1.597992331796907E-005
  4.684738533336160E-006 -1.583279949733337E-005
 -1.917944501499139E-006 -1.172696515130482E-007
          19 -1.139008251547746E-005 -1.009888942416383E-005
 -6.688958503744264E-006 -1.677096185952028E-005
 -1.346189353197661E-006  1.076182077259814E-006
          20 -1.340526136900883E-005  3.473638948636880E-007
 -1.636500425077803E-005 -9.765963100518421E-006
 -2.347245926807339E-007  1.410115056009176E-006
          21 -7.247842347845875E-006  7.650497302055812E-006
 -1.931209568291670E-005  2.175465822528873E-006
  5.598513401582723E-007  8.978770820109048E-007
          22  8.240948008124472E-007  6.703223859247344E-006
 -1.417213437136609E-005  1.289602786505646E-005
  6.208717613354319E-007  2.015553007937457E-007
          23  2.935319349050126E-006  1.145104853224210E-007
 -4.158673820068624E-006  1.804407549075532E-005
  1.923844500262021E-007 -6.648842707781496E-008
          24 -2.764887174247293E-006 -3.818609358443000E-006
  6.013155688754623E-006  1.659862696654233E-005
 -6.018211509596520E-008  2.867515924865032E-007
          25 -1.000403004406881E-005  9.637333508140912E-007
  1.334448986211659E-005  1.025772792577068E-005
  3.379090710036622E-007  6.746127342723083E-007
          26 -9.447743783209865E-006  1.264057555317819E-005
  1.573470894241049E-005  1.953281275209715E-006
  1.104174316157220E-006  4.483941490359438E-007
          27  3.056050585547695E-006  2.096962302422918E-005
  1.414347244940211E-005 -5.977766595448843E-006
  1.494063652138964E-006 -5.195494929031990E-007
          28  2.039680043249744E-005  1.569166310591230E-005
  8.937252205953060E-006 -1.212209145234620E-005
  9.465549699603024E-007 -1.698551399182268E-006
          29  2.885753978260145E-005 -2.877518821065592E-006
  7.818437042042469E-007 -1.458098596249611E-005
 -5.362327830867963E-007 -2.155448173841663E-006
          30  2.036110992365983E-005 -2.306979750200030E-005
 -6.647577204818510E-006 -1.137695333996893E-005
 -1.993115897362277E-006 -1.316343967912050E-006
          31 -2.619067865506836E-007 -3.076650699284548E-005
 -9.994313786075570E-006 -5.214094130533606E-006
 -2.441261766015828E-006  3.842392001184846E-007
          32 -1.947681649662498E-005 -2.206951624342883E-005
 -8.905791311537901E-006  2.008787354014336E-007
 -1.545493154274052E-006  1.936916437706368E-006
