   409.600000000000     
          32           1           3
  1.124309127438499E-002   38.2549293451220        115.366135582181     
   40.0000000000000        115.000000000000        6211.00000000000     
           0  0.000000000000000E+000  0.000000000000000E+000
  0.000000000000000E+000  0.000000000000000E+000
  0.000000000000000E+000  0.000000000000000E+000
           1  0.000000000000000E+000  0.000000000000000E+000
  2.450557142453340E-008 -7.442310915605348E-009
  1.607667844904641E-010  5.672256727450634E-010
           2  0.000000000000000E+000  0.000000000000000E+000
  2.377323351031591E-008 -1.959045169456232E-008
  1.006074123035608E-009  1.295722993230731E-009
           3  0.000000000000000E+000  0.000000000000000E+000
  1.400658060745199E-008 -3.488368711697277E-008
  3.105896336803432E-009  1.062135386818177E-009
           4  0.000000000000000E+000  0.000000000000000E+000
 -8.508534524680228E-009 -4.409766269075131E-008
  5.231389388493879E-009 -1.815450142673523E-009
           5  0.000000000000000E+000  0.000000000000000E+000
 -3.685053557188949E-008 -3.615091004760577E-008
  4.132102580843796E-009 -7.171817808200197E-009
           6  0.000000000000000E+000  0.000000000000000E+000
 -5.786686597337138E-008 -8.572420595686434E-009
 -2.329002902564431E-009 -1.125991146689719E-008
           7  0.000000000000000E+000  0.000000000000000E+000
 -5.627952925587084E-008  3.094351462643168E-008
 -1.236858440500120E-008 -8.760995348421363E-009
           8  0.000000000000000E+000  0.000000000000000E+000
 -2.793450711147013E-008  6.366486484218243E-008
 -1.884163813679223E-008  2.690457834383002E-009
           9  0.000000000000000E+000  0.000000000000000E+000
  1.837431985885156E-008  7.045933165505087E-008
 -1.412199829043298E-008  1.838924216904179E-008
          10  0.000000000000000E+000  0.000000000000000E+000
  5.998128003587399E-008  4.663790024639305E-008
  3.304354986343174E-009  2.697077924626497E-008
          11  0.000000000000000E+000  0.000000000000000E+000
  7.825165245263234E-008 -1.101066498008976E-009
  2.464046032031937E-008  1.931919779206191E-008
          12  0.000000000000000E+000  0.000000000000000E+000
  6.074305909150846E-008 -5.008298440852397E-008
  3.487975343368462E-008 -4.626325130918821E-009
          13  0.000000000000000E+000  0.000000000000000E+000
  1.534771732059794E-008 -7.600878183707928E-008
  2.298978707554730E-008 -3.121038352232361E-008
          14  0.000000000000000E+000  0.000000000000000E+000
 -3.350805884035258E-008 -6.706822173639771E-008
 -7.494768025055095E-009 -4.101227962492093E-008
          15  0.000000000000000E+000  0.000000000000000E+000
 -6.474405383058114E-008 -3.010125327035517E-008
 -3.727980546947176E-008 -2.377175897231974E-008
          16  0.000000000000000E+000  0.000000000000000E+000
 -6.414826695635560E-008  1.531480508009002E-008
 -4.445525411887383E-008  1.229913942314680E-008
          17  0.000000000000000E+000  0.000000000000000E+000
 -3.741940232189088E-008  4.491848175562250E-008
 -2.040746513924997E-008  4.260111350488035E-008
          18  0.000000000000000E+000  0.000000000000000E+000
 -4.706176814223944E-009  5.041467436891791E-008
  1.953584575849515E-008  4.339036800676700E-008
          19  0.000000000000000E+000  0.000000000000000E+000
  1.821806371132942E-008  3.811957769192826E-008
  4.578442026425884E-008  1.208989719986275E-008
          20  0.000000000000000E+000  0.000000000000000E+000
  2.901365509086465E-008  2.305815431621840E-008
  3.683205467194654E-008 -2.809189175934390E-008
          21  0.000000000000000E+000  0.000000000000000E+000
  3.241927951284736E-008  1.071343552766139E-008
 -4.952860760436355E-010 -4.532959701769525E-008
          22  0.000000000000000E+000  0.000000000000000E+000
  3.750582646529321E-008 -2.453078284639842E-009
 -3.627486846251280E-008 -2.523716625026144E-008
          23  0.000000000000000E+000  0.000000000000000E+000
  3.755317280012992E-008 -2.139049027911882E-008
 -4.101363872129098E-008  1.527483266577422E-008
          24  0.000000000000000E+000  0.000000000000000E+000
  2.400075829871826E-008 -4.633682988994365E-008
 -1.005735798429969E-008  4.276766141064553E-008
          25  0.000000000000000E+000  0.000000000000000E+000
 -7.479642155265785E-009 -5.744428261626038E-008
  2.995898839896725E-008  3.324616114855373E-008
          26  0.000000000000000E+000  0.000000000000000E+000
 -4.567923628627917E-008 -4.627573084057875E-008
  4.657333264153935E-008 -5.641521891969351E-009
          27  0.000000000000000E+000  0.000000000000000E+000
 -6.819565618904298E-008 -8.834024043973311E-009
  2.440950307218937E-008 -4.298729894864748E-008
          28  0.000000000000000E+000  0.000000000000000E+000
 -6.242500173145325E-008  3.719236617472956E-008
 -2.037056669419991E-008 -4.884326359465935E-008
          29  0.000000000000000E+000  0.000000000000000E+000
 -2.494571712644146E-008  6.861631951395213E-008
 -5.405628823650035E-008 -1.529523223759063E-008
          30  0.000000000000000E+000  0.000000000000000E+000
  2.288390808718058E-008  6.968454133886312E-008
 -4.927203171745352E-008  3.346534818259415E-008
          31  0.000000000000000E+000  0.000000000000000E+000
  5.984576538254571E-008  3.902217046092159E-008
 -6.841296945148911E-009  6.245084254857655E-008
          32  0.000000000000000E+000  0.000000000000000E+000
  6.794081767813668E-008 -6.274532569655853E-009
  4.460473438971234E-008  4.834088312114562E-008
