   409.600000000000     
          32           1           3
  1.124309127438499E-002   38.2104368898522        115.488368172943     
   40.0000000000000        115.000000000000        6211.00000000000     
           0  0.000000000000000E+000  0.000000000000000E+000
  0.000000000000000E+000  0.000000000000000E+000
  0.000000000000000E+000  0.000000000000000E+000
           1 -8.171306183273716E-008 -1.875040470626446E-007
  5.134529429144312E-007 -1.048350574856690E-007
 -1.606939833982217E-007 -3.422163481099491E-008
           2 -4.546145519662987E-007 -5.272851813745484E-007
  6.368604786546297E-007 -3.887085106579745E-007
 -3.098875273813310E-007 -1.637075561491117E-007
           3 -1.437230098191528E-006 -2.249474584843299E-007
  4.548571048611683E-007 -1.004348856073920E-006
 -7.758278488509921E-007  4.108522881254828E-008
           4 -1.898449487892766E-006  1.368243014158706E-006
 -4.531745788938846E-007 -1.403351069755956E-006
 -8.960421620036835E-007  8.724862490641866E-007
           5 -5.054810758607438E-007  3.212890314473042E-006
 -1.600241671512567E-006 -8.562643829732094E-007
 -1.079926114603006E-007  1.766743956333098E-006
           6  2.436469638913073E-006  3.341545132181484E-006
 -2.027511493917062E-006  6.218270025715865E-007
  1.459429410562260E-006  1.735788151937135E-006
           7  4.909431550816238E-006  8.075511807523875E-007
 -1.112862376914878E-006  2.059295513017637E-006
  2.704732557324707E-006  3.499500106837602E-007
           8  4.738506417155425E-006 -3.325518703003434E-006
  6.269236931409477E-007  2.455306293762768E-006
  2.577257465059755E-006 -1.832845180324125E-006
           9  1.160869694351248E-006 -6.480608563901701E-006
  2.273053477944459E-006  1.543771166616401E-006
  7.912231000864229E-007 -3.388403550468787E-006
          10 -4.239724498547527E-006 -5.960775508326270E-006
  3.006712956243303E-006 -3.510281880871756E-007
 -1.758943241037739E-006 -3.401187279343806E-006
          11 -7.843943148802148E-006 -1.150946034143851E-006
  2.266703213295299E-006 -2.478223318221990E-006
 -3.835516674640900E-006 -1.558229092735532E-006
          12 -6.617695643491225E-006  5.233311345462154E-006
  1.059326437082042E-007 -3.779973321454231E-006
 -4.195163083096745E-006  1.365763759566322E-006
          13 -6.758424992556369E-007  8.875442318629864E-006
 -2.716946053596921E-006 -3.339260960793094E-006
 -2.441269799565153E-006  3.915364647427672E-006
          14  6.521284631236212E-006  6.724826325951290E-006
 -5.023600468460425E-006 -8.271073188881309E-007
  6.221584038716575E-007  4.816413778468623E-006
          15  9.803702940674533E-006 -7.053819884647771E-007
 -4.974706401551893E-006  3.455435277537932E-006
  3.689758787938113E-006  3.363460966539791E-006
          16  5.788025277027831E-006 -8.501201980731415E-006
 -1.185920292582992E-006  7.031312209077921E-006
  5.020275266868496E-006  2.243153374163164E-007
          17 -3.463672262221434E-006 -1.017003112341750E-005
  5.017834622963069E-006  6.577980978663260E-006
  4.006744119845519E-006 -2.974938311437131E-006
          18 -1.076234440382413E-005 -3.310720013097974E-006
  9.478921753585902E-006  8.404156830487056E-007
  1.250209747470224E-006 -4.729707149155164E-006
          19 -9.416588413095378E-006  7.286173974376053E-006
  7.817060157381113E-006 -7.506333692250188E-006
 -1.848513343353931E-006 -4.313639522211046E-006
          20  6.834814572000255E-007  1.266223076736250E-005
 -7.817077127256206E-007 -1.212578999732656E-005
 -3.937393202919781E-006 -2.182372150099779E-006
          21  1.152508562751921E-005  7.054092038659204E-006
 -1.086142999186309E-005 -7.792848578374256E-006
 -4.107448292845170E-006  4.886304942561785E-007
          22  1.316097451246427E-005 -5.753962380042605E-006
 -1.401020751420122E-005  3.824866304305898E-006
 -2.911684589498451E-006  2.562356436066063E-006
          23  3.052062355790464E-006 -1.489470879795695E-005
 -6.154839594506747E-006  1.440683635252067E-005
 -9.722899560228762E-007  3.402005780217507E-006
          24 -1.085792344512782E-005 -1.157859440789186E-005
  8.106890932478603E-006  1.462823168737106E-005
  9.045281485110402E-007  3.299329217481268E-006
          25 -1.610937566130576E-005  2.158548551858062E-006
  1.753679417139734E-005  2.577438328890749E-006
  2.254304121243147E-006  2.221714398635396E-006
          26 -7.688234231244580E-006  1.441554869201542E-005
  1.332332124187804E-005 -1.303666720608897E-005
  3.106438477662129E-006  8.660573776265479E-007
          27  7.130862142472862E-006  1.443806658709443E-005
 -2.447376761178359E-006 -1.951747650402268E-005
  3.110160326898474E-006 -8.392314499659297E-007
          28  1.534400447992461E-005  2.497793192632216E-006
 -1.808215668869041E-005 -1.038583508975941E-005
  2.329118943365352E-006 -2.381479963665689E-006
          29  1.039823654445515E-005 -1.052227752540376E-005
 -2.038008205358566E-005  8.829755107594318E-006
  7.368437767869749E-007 -3.233548326230583E-006
          30 -2.558986555430868E-006 -1.372161710149501E-005
 -5.357006434315897E-006  2.296324235993521E-005
 -1.028660938086539E-006 -3.318219636154269E-006
          31 -1.193900047250594E-005 -5.218160335043898E-006
  1.607382475679292E-005  1.921704805999363E-005
 -2.722227633440984E-006 -2.398107629941804E-006
          32 -1.029821891263661E-005  6.501188029882898E-006
  2.666042622288791E-005 -1.279221254727301E-006
 -3.758030858010876E-006 -5.845283297376033E-007
