   409.600000000000     
          32           1           3
  1.124309127438499E-002   37.8100047924236        116.588461489801     
   40.0000000000000        115.000000000000        6211.00000000000     
           0  0.000000000000000E+000  0.000000000000000E+000
  0.000000000000000E+000  0.000000000000000E+000
  0.000000000000000E+000  0.000000000000000E+000
           1  0.000000000000000E+000  0.000000000000000E+000
  1.400569231757852E-008 -5.173246084620826E-009
  3.139462279524650E-009  6.301289366167205E-010
           2  0.000000000000000E+000  0.000000000000000E+000
  1.212475663569402E-008 -1.310537825402551E-008
  5.891224103190838E-009  3.066527533580141E-010
           3  0.000000000000000E+000  0.000000000000000E+000
  3.457725771807781E-009 -2.085996806735444E-008
  9.369232758956467E-009 -4.829169869407427E-009
           4  0.000000000000000E+000  0.000000000000000E+000
 -1.124838844046045E-008 -2.114948982944250E-008
  6.261260167207952E-009 -1.527460614389289E-008
           5  0.000000000000000E+000  0.000000000000000E+000
 -2.318400532714925E-008 -1.001199100278665E-008
 -9.258876881049301E-009 -2.101091716590153E-008
           6  0.000000000000000E+000  0.000000000000000E+000
 -2.480815779942750E-008  6.817922630293465E-009
 -2.763177226063755E-008 -8.927970550653423E-009
           7  0.000000000000000E+000  0.000000000000000E+000
 -1.445498207451875E-008  1.990783148261737E-008
 -2.877582680390769E-008  1.850407590442797E-008
           8  0.000000000000000E+000  0.000000000000000E+000
 -1.622442158958352E-010  2.280236327097823E-008
 -3.243822037626651E-009  3.702464393162352E-008
           9  0.000000000000000E+000  0.000000000000000E+000
  1.085741106224471E-008  1.678617927673983E-008
  2.878913090485128E-008  2.506929918254475E-008
          10  0.000000000000000E+000  0.000000000000000E+000
  1.586515657853248E-008  9.869072033902218E-009
  3.456964973175704E-008 -9.549473211835701E-009
          11  0.000000000000000E+000  0.000000000000000E+000
  1.907335042210434E-008  1.988973079573492E-009
  8.596277774086937E-009 -3.045590480450078E-008
          12  0.000000000000000E+000  0.000000000000000E+000
  1.989177939692455E-008 -7.628109651046522E-009
 -2.029013195080489E-008 -1.710923009176173E-008
          13  0.000000000000000E+000  0.000000000000000E+000
  1.461046666798939E-008 -1.938136124590726E-008
 -1.837143094392884E-008  1.283279593383982E-008
          14  0.000000000000000E+000  0.000000000000000E+000
  1.371552053493690E-009 -2.823983703056352E-008
  1.092303382350910E-008  2.118080440871957E-008
          15  0.000000000000000E+000  0.000000000000000E+000
 -1.838171126893533E-008 -2.549297373087735E-008
  2.947365606645586E-008 -6.834378148385307E-009
          16  0.000000000000000E+000  0.000000000000000E+000
 -3.250148834267858E-008 -8.264798437982167E-009
  7.880414162408094E-009 -3.899987229955533E-008
          17  0.000000000000000E+000  0.000000000000000E+000
 -3.101224543366049E-008  1.499602218828755E-008
 -3.772655960294887E-008 -3.312212646618258E-008
          18  0.000000000000000E+000  0.000000000000000E+000
 -1.377790574510958E-008  3.141786696841308E-008
 -5.719635470994986E-008  1.706255029041750E-008
          19  0.000000000000000E+000  0.000000000000000E+000
  9.131926914838004E-009  3.106044345857823E-008
 -1.889137074650337E-008  6.457414259452674E-008
          20  0.000000000000000E+000  0.000000000000000E+000
  2.490847474264072E-008  1.637319687334791E-008
  4.797099728493295E-008  5.521306491019341E-008
          21  0.000000000000000E+000  0.000000000000000E+000
  2.519435539143353E-008 -1.223313518723097E-009
  7.362349533383962E-008 -1.298078648847975E-008
          22  0.000000000000000E+000  0.000000000000000E+000
  1.750358442814250E-008 -1.247712435309490E-008
  2.509548401225424E-008 -6.904351076740873E-008
          23  0.000000000000000E+000  0.000000000000000E+000
  8.966533022397457E-009 -1.585147913467561E-008
 -4.743734777905101E-008 -5.075460812896234E-008
          24  0.000000000000000E+000  0.000000000000000E+000
  1.714348710539174E-009 -1.842879978847075E-008
 -6.107238853543663E-008  2.011767883977158E-008
          25  0.000000000000000E+000  0.000000000000000E+000
 -6.020298878928224E-009 -1.877705627060860E-008
 -2.141669070332052E-009  6.306756858759114E-008
          26  0.000000000000000E+000  0.000000000000000E+000
 -1.827210553893643E-008 -1.491198096475124E-008
  5.988163625219571E-008  2.076916009627284E-008
          27  0.000000000000000E+000  0.000000000000000E+000
 -2.598857705335110E-008 -1.472117741424382E-009
  4.316769926567887E-008 -5.360220394648542E-008
          28  0.000000000000000E+000  0.000000000000000E+000
 -2.286490301451047E-008  1.664419745908814E-008
 -3.785015299829363E-008 -6.755194621860115E-008
          29  0.000000000000000E+000  0.000000000000000E+000
 -6.874946257675108E-009  2.698206305856982E-008
 -8.500223706347803E-008  4.669795640070116E-009
          30  0.000000000000000E+000  0.000000000000000E+000
  1.183467763912348E-008  2.475886950413663E-008
 -4.010213160710826E-008  8.554715119977233E-008
          31  0.000000000000000E+000  0.000000000000000E+000
  2.223781548085840E-008  1.062943630538002E-008
  5.921585971652005E-008  7.998151494151127E-008
          32  0.000000000000000E+000  0.000000000000000E+000
  2.084314378073234E-008 -3.934182613583149E-009
  1.003027047359520E-007 -1.304376432924025E-008
