   409.600000000000     
          32           1           3
  1.124309127438499E-002   41.2644268922697        116.461587573883     
   40.0000000000000        115.000000000000        6211.00000000000     
           0  0.000000000000000E+000  0.000000000000000E+000
  0.000000000000000E+000  0.000000000000000E+000
  0.000000000000000E+000  0.000000000000000E+000
           1  0.000000000000000E+000  0.000000000000000E+000
 -1.971311820731014E-008  5.847267957241496E-009
 -1.325738672086956E-010  2.484538859715700E-009
           2  0.000000000000000E+000  0.000000000000000E+000
 -1.931305763515814E-008  1.543342781313195E-008
  3.119181886911420E-009  5.864810096946535E-009
           3  0.000000000000000E+000  0.000000000000000E+000
 -1.194636915148387E-008  2.775309459390919E-008
  1.174117668334698E-008  5.871030741188190E-009
           4  0.000000000000000E+000  0.000000000000000E+000
  5.629755459658694E-009  3.578447796450095E-008
  2.159942665505030E-008 -4.584377249303018E-009
           5  0.000000000000000E+000  0.000000000000000E+000
  2.858328252196277E-008  3.062392464186969E-008
  1.997513661561849E-008 -2.628921104378719E-008
           6  0.000000000000000E+000  0.000000000000000E+000
  4.687240983387912E-008  9.480485710351210E-009
 -3.206860539240175E-009 -4.594392782126266E-008
           7  0.000000000000000E+000  0.000000000000000E+000
  4.790849095461783E-008 -2.267836246434591E-008
 -4.423853139486549E-008 -4.207762755624808E-008
           8  0.000000000000000E+000  0.000000000000000E+000
  2.680248244986273E-008 -5.145340407970634E-008
 -7.727025659023787E-008 -1.099107684748099E-009
           9  0.000000000000000E+000  0.000000000000000E+000
 -1.117719279030687E-008 -6.057592846445972E-008
 -6.968242404638193E-008  6.454654419746286E-008
          10  0.000000000000000E+000  0.000000000000000E+000
 -4.840217998575090E-008 -4.376867484218517E-008
 -6.890704590616057E-009  1.123624108962608E-007
          11  0.000000000000000E+000  0.000000000000000E+000
 -6.815864008502845E-008 -4.157047339471336E-009
  8.545854039975953E-008  9.974824503211576E-008
          12  0.000000000000000E+000  0.000000000000000E+000
 -5.706649396174314E-008  4.045702453720720E-008
  1.491384096834174E-007  1.213742494515802E-008
          13  0.000000000000000E+000  0.000000000000000E+000
 -1.858064422517313E-008  6.778448423476790E-008
  1.272635045004848E-007 -1.086562970577567E-007
          14  0.000000000000000E+000  0.000000000000000E+000
  2.747659040228677E-008  6.381536884753175E-008
  1.221913251866373E-008 -1.824976810915110E-007
          15  0.000000000000000E+000  0.000000000000000E+000
  6.012961720528523E-008  3.106460996675434E-008
 -1.325170170036621E-007 -1.462259374875387E-007
          16  0.000000000000000E+000  0.000000000000000E+000
  6.264665297619103E-008 -1.366281576211905E-008
 -2.094672532566168E-007 -4.015838339832076E-009
          17  0.000000000000000E+000  0.000000000000000E+000
  3.668102441258455E-008 -4.556316372653324E-008
 -1.507842985952617E-007  1.579979583510010E-007
          18  0.000000000000000E+000  0.000000000000000E+000
  9.607238558053473E-010 -5.189503404799194E-008
  1.715663527663420E-008  2.232560644071054E-007
          19  0.000000000000000E+000  0.000000000000000E+000
 -2.517307227842582E-008 -3.583374447433054E-008
  1.813622081504127E-007  1.354312673243363E-007
          20  0.000000000000000E+000  0.000000000000000E+000
 -3.383026068158311E-008 -1.375579401009920E-008
  2.189090960101383E-007 -4.967232364722176E-008
          21  0.000000000000000E+000  0.000000000000000E+000
 -2.875941824048804E-008  2.364260267432877E-009
  9.974145680516421E-008 -1.972808611545047E-007
          22  0.000000000000000E+000  0.000000000000000E+000
 -2.325834025576267E-008  1.049294951361353E-008
 -8.870786758955511E-008 -1.957064637786087E-007
          23  0.000000000000000E+000  0.000000000000000E+000
 -1.948617445165313E-008  1.671636615503602E-008
 -2.034620606843720E-007 -4.939928018860046E-008
          24  0.000000000000000E+000  0.000000000000000E+000
 -1.363076698811421E-008  2.839183532032284E-008
 -1.568960429972957E-007  1.291602084063530E-007
          25  0.000000000000000E+000  0.000000000000000E+000
  2.150735177248094E-009  3.644732949576232E-008
  7.931840328728666E-009  1.994406593227826E-007
          26  0.000000000000000E+000  0.000000000000000E+000
  2.632443068872243E-008  3.463953617846540E-008
  1.653626560527546E-007  1.123805199725589E-007
          27  0.000000000000000E+000  0.000000000000000E+000
  4.628368378306699E-008  1.416466243863565E-008
  1.925023055656253E-007 -6.497083565392249E-008
          28  0.000000000000000E+000  0.000000000000000E+000
  5.061868345045830E-008 -1.817637401082486E-008
  6.852725043314031E-008 -2.003304866917738E-007
          29  0.000000000000000E+000  0.000000000000000E+000
  3.004932179131602E-008 -4.786593095222854E-008
 -1.198947112253159E-007 -1.856490929013143E-007
          30  0.000000000000000E+000  0.000000000000000E+000
 -5.641632687203908E-009 -5.920945541888136E-008
 -2.326022648555474E-007 -2.760269652418206E-008
          31  0.000000000000000E+000  0.000000000000000E+000
 -4.192653833927223E-008 -4.385434349468551E-008
 -1.817603487459574E-007  1.694591681888298E-007
          32  0.000000000000000E+000  0.000000000000000E+000
 -6.024247131448732E-008 -8.542569148431422E-009
  8.845023490037486E-009  2.636723687256157E-007
