   409.600000000000     
          32           1           3
  1.124309127438499E-002   39.4511637495991        111.787157575342     
   40.0000000000000        115.000000000000        6211.00000000000     
           0  0.000000000000000E+000  0.000000000000000E+000
  0.000000000000000E+000  0.000000000000000E+000
  0.000000000000000E+000  0.000000000000000E+000
           1  0.000000000000000E+000  0.000000000000000E+000
  3.169068798988415E-009 -1.177245748110141E-009
 -6.208711611449149E-009 -1.181061951052766E-009
           2  0.000000000000000E+000  0.000000000000000E+000
  2.731565651383422E-009 -2.977428830191827E-009
 -1.156919036822162E-008 -4.237484075931234E-010
           3  0.000000000000000E+000  0.000000000000000E+000
  7.503055419291996E-010 -4.719185031885981E-009
 -1.813789523966184E-008  9.781367496704898E-009
           4  0.000000000000000E+000  0.000000000000000E+000
 -2.577520282802064E-009 -4.745891403289153E-009
 -1.153473823563776E-008  3.003026370539936E-008
           5  0.000000000000000E+000  0.000000000000000E+000
 -5.229790235712437E-009 -2.195745961564794E-009
  1.905468255718150E-008  4.030925104673556E-008
           6  0.000000000000000E+000  0.000000000000000E+000
 -5.530688047286723E-009  1.580175141507868E-009
  5.392836542438109E-008  1.558049432621532E-008
           7  0.000000000000000E+000  0.000000000000000E+000
 -3.177126873680143E-009  4.450572154710060E-009
  5.397320601686696E-008 -3.757153803261228E-008
           8  0.000000000000000E+000  0.000000000000000E+000
 -2.776865578421331E-011  5.041268544648243E-009
  3.137046259111131E-009 -7.083076037296725E-008
           9  0.000000000000000E+000  0.000000000000000E+000
  2.357340194090451E-009  3.722613895953169E-009
 -5.673798868133512E-008 -4.453390355724656E-008
          10  0.000000000000000E+000  0.000000000000000E+000
  3.477647027846181E-009  2.280383897891336E-009
 -6.320470974802854E-008  2.184222952921812E-008
          11  0.000000000000000E+000  0.000000000000000E+000
  4.305102344013752E-009  5.636182414757652E-010
 -1.113450599222735E-008  5.693267964478318E-008
          12  0.000000000000000E+000  0.000000000000000E+000
  4.594437025440368E-009 -1.675012821265798E-009
  4.009730115038705E-008  2.642120804658868E-008
          13  0.000000000000000E+000  0.000000000000000E+000
  3.380854923268535E-009 -4.453923261687436E-009
  2.922688209693340E-008 -2.904025967848653E-008
          14  0.000000000000000E+000  0.000000000000000E+000
  2.635035182017432E-010 -6.488874535916290E-009
 -2.851535365946662E-008 -3.674467340539636E-008
          15  0.000000000000000E+000  0.000000000000000E+000
 -4.284453460364918E-009 -5.755202768743101E-009
 -5.641470118748941E-008  2.268254016066779E-008
          16  0.000000000000000E+000  0.000000000000000E+000
 -7.401707182522392E-009 -1.727283068551979E-009
 -5.482877066842946E-009  7.953763349048216E-008
          17  0.000000000000000E+000  0.000000000000000E+000
 -6.893654086432449E-009  3.522213121729727E-009
  8.197982310216883E-008  5.629605186099710E-008
          18  0.000000000000000E+000  0.000000000000000E+000
 -2.918543921292493E-009  7.059217110337627E-009
  1.072975548292949E-007 -4.596027911589361E-008
          19  0.000000000000000E+000  0.000000000000000E+000
  2.130408084369799E-009  6.809846997043734E-009
  2.181489543927599E-008 -1.280341289152287E-007
          20  0.000000000000000E+000  0.000000000000000E+000
  5.467490981568050E-009  3.525041183697243E-009
 -1.033361569067638E-007 -9.349341738881453E-008
          21  0.000000000000000E+000  0.000000000000000E+000
  5.454685067895708E-009 -2.126394705336427E-010
 -1.341403626992437E-007  4.221403724885899E-008
          22  0.000000000000000E+000  0.000000000000000E+000
  3.901949613544908E-009 -2.575404213502736E-009
 -2.750984876706704E-008  1.335325277973511E-007
          23  0.000000000000000E+000  0.000000000000000E+000
  2.223716306721583E-009 -3.430446922988124E-009
  1.016534356894711E-007  7.734218156096589E-008
          24  0.000000000000000E+000  0.000000000000000E+000
  6.027635100651330E-010 -4.279807477285053E-009
  1.023786525076958E-007 -5.832468637682338E-008
          25  0.000000000000000E+000  0.000000000000000E+000
 -1.385023556269782E-009 -4.494672746931965E-009
 -2.228469100842390E-008 -1.155593429287839E-007
          26  0.000000000000000E+000  0.000000000000000E+000
 -4.379791482678621E-009 -3.436754918251019E-009
 -1.213997349490044E-007 -1.144308589754338E-008
          27  0.000000000000000E+000  0.000000000000000E+000
 -6.039775644675229E-009 -1.156676641851725E-010
 -5.815672503101001E-008  1.219981776089385E-007
          28  0.000000000000000E+000  0.000000000000000E+000
 -5.023069204848840E-009  4.017633305793897E-009
  1.022584601673683E-007  1.143047813629456E-007
          29  0.000000000000000E+000  0.000000000000000E+000
 -1.245305754648975E-009  6.076585498350117E-009
  1.617630366452608E-007 -4.422403258040912E-008
          30  0.000000000000000E+000  0.000000000000000E+000
  2.804170702929135E-009  5.289358101561725E-009
  4.240483225820095E-008 -1.789958249111492E-007
          31  0.000000000000000E+000  0.000000000000000E+000
  4.800592269839144E-009  2.141195698924692E-009
 -1.433625681996653E-007 -1.268863035273380E-007
          32  0.000000000000000E+000  0.000000000000000E+000
  4.370870702720309E-009 -8.055890865051802E-010
 -1.803572875509670E-007  6.533546418083634E-008
