   409.600000000000     
          32           1           3
  1.124309127438499E-002   37.9384202704245        115.943065661250     
   40.0000000000000        115.000000000000        6211.00000000000     
           0  0.000000000000000E+000  0.000000000000000E+000
  0.000000000000000E+000  0.000000000000000E+000
  0.000000000000000E+000  0.000000000000000E+000
           1  0.000000000000000E+000  0.000000000000000E+000
  1.828485897315484E-008 -6.225243017575456E-009
  1.667967456168797E-009  7.129423355276318E-010
           2  0.000000000000000E+000  0.000000000000000E+000
  1.672760683798769E-008 -1.608683446719791E-008
  3.601017577025090E-009  1.160497411077224E-009
           3  0.000000000000000E+000  0.000000000000000E+000
  7.111206698391133E-009 -2.702749737867784E-008
  7.034667808466217E-009 -1.350150698331850E-009
           4  0.000000000000000E+000  0.000000000000000E+000
 -1.157156329941974E-008 -3.044333198305751E-008
  7.672177027285535E-009 -8.828640283734455E-009
           5  0.000000000000000E+000  0.000000000000000E+000
 -3.045458904579578E-008 -1.904966991608931E-008
 -6.303532531531777E-010 -1.694525469140741E-008
           6  0.000000000000000E+000  0.000000000000000E+000
 -3.848093271873752E-008  4.071440121390664E-009
 -1.652463940088957E-008 -1.540036692622674E-008
           7  0.000000000000000E+000  0.000000000000000E+000
 -2.814278429942103E-008  2.811153684840624E-008
 -2.827561458067466E-008  1.893880637818960E-009
           8  0.000000000000000E+000  0.000000000000000E+000
 -4.797872972149496E-009  3.957600503646676E-008
 -2.073441717013790E-008  2.620297327084475E-008
           9  0.000000000000000E+000  0.000000000000000E+000
  1.974394291863706E-008  3.239722708462855E-008
  6.977329875742427E-009  3.724616620114179E-008
          10  0.000000000000000E+000  0.000000000000000E+000
  3.273986892267577E-008  1.447893629012904E-008
  3.531149199279270E-008  2.005245379124340E-008
          11  0.000000000000000E+000  0.000000000000000E+000
  3.301298947929209E-008 -6.211873146780241E-009
  3.949473549796058E-008 -1.496846880156489E-008
          12  0.000000000000000E+000  0.000000000000000E+000
  2.302069580735761E-008 -2.098736394830516E-008
  1.251943059564346E-008 -4.041672304437374E-008
          13  0.000000000000000E+000  0.000000000000000E+000
  8.922610910705742E-009 -2.803227886019975E-008
 -2.412651439218403E-008 -3.300903113446357E-008
          14  0.000000000000000E+000  0.000000000000000E+000
 -4.530452475943016E-009 -2.938084870938974E-008
 -3.824914071441361E-008  1.657561367998847E-009
          15  0.000000000000000E+000  0.000000000000000E+000
 -1.960343595054083E-008 -2.495743372939439E-008
 -1.683309565231432E-008  3.092652179209055E-008
          16  0.000000000000000E+000  0.000000000000000E+000
 -3.249058996744615E-008 -1.201041341879341E-008
  1.891436153877795E-008  2.720375501408278E-008
          17  0.000000000000000E+000  0.000000000000000E+000
 -3.728848689634238E-008  8.452135515817032E-009
  3.262073082486578E-008 -6.995490825663558E-009
          18  0.000000000000000E+000  0.000000000000000E+000
 -2.804783779512826E-008  3.170154472804450E-008
  6.591104631933898E-009 -3.622741693530980E-008
          19  0.000000000000000E+000  0.000000000000000E+000
 -3.372075426723614E-009  4.535951349933092E-008
 -3.520167048315346E-008 -2.536170084436449E-008
          20  0.000000000000000E+000  0.000000000000000E+000
  2.812278866803366E-008  3.930942495217484E-008
 -4.688495944423744E-008  2.276191176653467E-008
          21  0.000000000000000E+000  0.000000000000000E+000
  4.691488273798798E-008  1.276949486410426E-008
 -6.036340719079270E-009  6.047450281490678E-008
          22  0.000000000000000E+000  0.000000000000000E+000
  4.365438336226730E-008 -2.058115460774943E-008
  5.400208078403640E-008  4.353260510132673E-008
          23  0.000000000000000E+000  0.000000000000000E+000
  1.921702184015782E-008 -4.082326252783031E-008
  7.271398634308518E-008 -2.199673842538074E-008
          24  0.000000000000000E+000  0.000000000000000E+000
 -1.049864531964836E-008 -4.097495202018017E-008
  2.551001361557690E-008 -7.759557700450868E-008
          25  0.000000000000000E+000  0.000000000000000E+000
 -2.815750120450384E-008 -2.179713825722669E-008
 -5.169870414820601E-008 -6.649053473213547E-008
          26  0.000000000000000E+000  0.000000000000000E+000
 -3.059497266157802E-008 -1.962432673542878E-009
 -8.399392858446621E-008  4.609157573447980E-009
          27  0.000000000000000E+000  0.000000000000000E+000
 -2.215309163870228E-008  1.099263925659994E-008
 -4.170722998936256E-008  7.118197145274957E-008
          28  0.000000000000000E+000  0.000000000000000E+000
 -1.442902069049083E-008  1.660771803271241E-008
  3.539390898647587E-008  7.037984291664022E-008
          29  0.000000000000000E+000  0.000000000000000E+000
 -7.185554949056559E-009  1.936578149191263E-008
  7.581450167118679E-008  6.344389011572288E-009
          30  0.000000000000000E+000  0.000000000000000E+000
  9.124778002062490E-010  2.413566501510031E-008
  4.034711680317098E-008 -6.030751851722059E-008
          31  0.000000000000000E+000  0.000000000000000E+000
  1.473673252983262E-008  2.379868427801597E-008
 -3.297331575471394E-008 -6.268611614269451E-008
          32  0.000000000000000E+000  0.000000000000000E+000
  2.924629317299128E-008  1.315538130966848E-008
 -7.151167633199712E-008  1.664744441552956E-011
