   409.600000000000     
          32           1           3
  1.124309127438499E-002   37.8939278151546        116.065298252012     
   40.0000000000000        115.000000000000        6211.00000000000     
           0  0.000000000000000E+000  0.000000000000000E+000
  0.000000000000000E+000  0.000000000000000E+000
  0.000000000000000E+000  0.000000000000000E+000
           1  0.000000000000000E+000  0.000000000000000E+000
  1.729223330159204E-008 -6.002167612294742E-009
  1.977260107557816E-009  7.014025241189864E-010
           2  0.000000000000000E+000  0.000000000000000E+000
  1.563119691325684E-008 -1.544623453403699E-008
  4.088667619887288E-009  1.008449025984363E-009
           3  0.000000000000000E+000  0.000000000000000E+000
  6.153558796013506E-009 -2.564749272465116E-008
  7.592300987732878E-009 -2.033283073603679E-009
           4  0.000000000000000E+000  0.000000000000000E+000
 -1.170309068149521E-008 -2.822916514227132E-008
  7.555675828236607E-009 -1.023046425134744E-008
           5  0.000000000000000E+000  0.000000000000000E+000
 -2.893842837718453E-008 -1.666095859617981E-008
 -2.317816036866339E-009 -1.813556115263141E-008
           6  0.000000000000000E+000  0.000000000000000E+000
 -3.517750501186185E-008  5.184601352610106E-009
 -1.922448881214670E-008 -1.453748442788298E-008
           7  0.000000000000000E+000  0.000000000000000E+000
 -2.435936875203502E-008  2.651332967569914E-008
 -2.936353975273171E-008  5.462635055920191E-009
           8  0.000000000000000E+000  0.000000000000000E+000
 -2.907536528944191E-009  3.534299060789561E-008
 -1.770829757506804E-008  2.980314734266173E-008
           9  0.000000000000000E+000  0.000000000000000E+000
  1.799243323315421E-008  2.771860004314587E-008
  1.272596315299869E-008  3.643773114874221E-008
          10  0.000000000000000E+000  0.000000000000000E+000
  2.806100295166817E-008  1.234999860351898E-008
  3.802039731776304E-008  1.363196748203105E-008
          11  0.000000000000000E+000  0.000000000000000E+000
  2.827974206014927E-008 -4.339528489755026E-009
  3.463408629360465E-008 -2.162344632947549E-008
          12  0.000000000000000E+000  0.000000000000000E+000
  2.129771388708621E-008 -1.654879319933217E-008
  2.878166742272722E-009 -3.948036808151114E-008
          13  0.000000000000000E+000  0.000000000000000E+000
  1.083032391180296E-008 -2.431601125161868E-008
 -2.888904585722605E-008 -2.283497419702855E-008
          14  0.000000000000000E+000  0.000000000000000E+000
 -1.295357099214001E-009 -2.865790681800134E-008
 -3.096065133526549E-008  1.240453390322399E-008
          15  0.000000000000000E+000  0.000000000000000E+000
 -1.788319114740360E-008 -2.650016777038978E-008
 -2.018042157696539E-009  3.012395448809868E-008
          16  0.000000000000000E+000  0.000000000000000E+000
 -3.302664441086657E-008 -1.320622397555244E-008
  2.692829713799975E-008  1.232277592997119E-008
          17  0.000000000000000E+000  0.000000000000000E+000
 -3.804669486567578E-008  9.405188988263220E-009
  2.295657192124583E-008 -2.356896788584424E-008
          18  0.000000000000000E+000  0.000000000000000E+000
 -2.641895408972531E-008  3.347528749257585E-008
 -1.502204353077733E-008 -3.668126364632459E-008
          19  0.000000000000000E+000  0.000000000000000E+000
  4.501951147278991E-010  4.465672642206079E-008
 -4.825436993423118E-008 -4.963025814675122E-009
          20  0.000000000000000E+000  0.000000000000000E+000
  3.046789551473634E-008  3.447211067969379E-008
 -3.490279914065546E-008  4.699047089816654E-008
          21  0.000000000000000E+000  0.000000000000000E+000
  4.403937815445520E-008  6.748498620500257E-009
  2.363970140892318E-008  6.279076025112685E-008
          22  0.000000000000000E+000  0.000000000000000E+000
  3.608987246270950E-008 -2.234393094066788E-008
  7.274528904700752E-008  1.688446084583819E-008
          23  0.000000000000000E+000  0.000000000000000E+000
  1.254219190318762E-008 -3.562963778281421E-008
  5.811688596595780E-008 -5.414754460847198E-008
          24  0.000000000000000E+000  0.000000000000000E+000
 -1.062963871471907E-008 -3.205884077800559E-008
 -1.241300951291994E-008 -8.169807244723683E-008
          25  0.000000000000000E+000  0.000000000000000E+000
 -2.122473465341912E-008 -1.635406791953075E-008
 -7.595692959197313E-008 -3.333385344897997E-008
          26  0.000000000000000E+000  0.000000000000000E+000
 -2.249442674929113E-008 -4.051528941938458E-009
 -6.648965096759019E-008  4.465568864989953E-008
          27  0.000000000000000E+000  0.000000000000000E+000
 -1.946839529212149E-008  3.886074085625572E-009
  4.474370869354318E-009  7.661466252221857E-008
          28  0.000000000000000E+000  0.000000000000000E+000
 -1.828208382608061E-008  1.128027482020442E-008
  6.508605300022076E-008  3.117046292728928E-008
          29  0.000000000000000E+000  0.000000000000000E+000
 -1.282835266641212E-008  2.008155393459261E-008
  5.625038926059927E-008 -4.199646133822421E-008
          30  0.000000000000000E+000  0.000000000000000E+000
 -3.437949546620582E-010  2.887896276789621E-008
 -1.431592381697428E-008 -6.845681493568845E-008
          31  0.000000000000000E+000  0.000000000000000E+000
  1.871945303031053E-008  2.642178509226093E-008
 -6.981468591980397E-008 -1.763900690588559E-008
          32  0.000000000000000E+000  0.000000000000000E+000
  3.353773049974104E-008  9.995247916177566E-009
 -5.081161368432068E-008  5.763628261157313E-008
