   409.600000000000     
          32           1           3
  1.124309127438499E-002   39.2236395854412        112.119622472888     
   40.0000000000000        115.000000000000        6211.00000000000     
           0  0.000000000000000E+000  0.000000000000000E+000
  0.000000000000000E+000  0.000000000000000E+000
  0.000000000000000E+000  0.000000000000000E+000
           1  0.000000000000000E+000  0.000000000000000E+000
  5.543799504273307E-009 -1.970786287007499E-009
 -5.447794426967837E-009 -1.551140749506192E-009
           2  0.000000000000000E+000  0.000000000000000E+000
  4.933052990185480E-009 -5.043419888873845E-009
 -1.079118767846679E-008 -1.779042684771948E-009
           3  0.000000000000000E+000  0.000000000000000E+000
  1.742827885340235E-009 -8.246090018173714E-009
 -1.886940239505962E-008  6.817857863880802E-009
           4  0.000000000000000E+000  0.000000000000000E+000
 -4.037621872221835E-009 -8.806759629330460E-009
 -1.649387780442563E-008  2.751388960656067E-008
           5  0.000000000000000E+000  0.000000000000000E+000
 -9.283161316118266E-009 -4.804855077858020E-009
  1.073611213096415E-008  4.430153925793529E-008
           6  0.000000000000000E+000  0.000000000000000E+000
 -1.074938908881219E-008  2.126237752524840E-009
  5.140983427621350E-008  2.942150030049797E-008
           7  0.000000000000000E+000  0.000000000000000E+000
 -6.952858314560581E-009  8.356601890212000E-009
  6.823898099886749E-008 -2.341661421304449E-008
           8  0.000000000000000E+000  0.000000000000000E+000
 -4.477172285608976E-010  1.045449774344442E-008
  2.944434696530716E-008 -7.641902566870587E-008
           9  0.000000000000000E+000  0.000000000000000E+000
  5.321425967736067E-009  7.866494363453423E-009
 -4.475535294176944E-008 -7.667990396645386E-008
          10  0.000000000000000E+000  0.000000000000000E+000
  7.863768953892174E-009  3.709779199675478E-009
 -8.907382804930959E-008 -1.086118318334520E-008
          11  0.000000000000000E+000  0.000000000000000E+000
  8.196232067596866E-009 -6.086493621048129E-010
 -5.947489897956416E-008  6.336410307906172E-008
          12  0.000000000000000E+000  0.000000000000000E+000
  7.003368297227877E-009 -4.175179023123265E-009
  1.898882079207185E-008  7.793348901057093E-008
          13  0.000000000000000E+000  0.000000000000000E+000
  4.475296189808422E-009 -7.384621744167713E-009
  6.799760612373116E-008  1.934739828061881E-008
          14  0.000000000000000E+000  0.000000000000000E+000
  3.665021835868857E-010 -9.861818141087127E-009
  3.884109279450306E-008 -4.901961239422248E-008
          15  0.000000000000000E+000  0.000000000000000E+000
 -6.017477917725905E-009 -9.456438212508080E-009
 -3.394831346509631E-008 -4.894200392936257E-008
          16  0.000000000000000E+000  0.000000000000000E+000
 -1.163420960522620E-008 -4.345675455775910E-009
 -6.406416673802683E-008  2.108233391850790E-008
          17  0.000000000000000E+000  0.000000000000000E+000
 -1.278663040982152E-008  4.051068189500178E-009
 -5.773738687750262E-009  8.446129391171308E-008
          18  0.000000000000000E+000  0.000000000000000E+000
 -7.688207161374316E-009  1.189010557758679E-008
  9.045169454778299E-008  5.583603536621782E-008
          19  0.000000000000000E+000  0.000000000000000E+000
  1.775951648048817E-009  1.417725025889153E-008
  1.147280135341792E-007 -5.857260122049901E-008
          20  0.000000000000000E+000  0.000000000000000E+000
  1.059389082988002E-008  9.336746291991009E-009
  1.459381724228622E-008 -1.504020082506229E-007
          21  0.000000000000000E+000  0.000000000000000E+000
  1.298014238631649E-008  3.870701762379887E-010
 -1.303877820069794E-007 -1.040655578129497E-007
          22  0.000000000000000E+000  0.000000000000000E+000
  9.282926563902861E-009 -7.150303929317549E-009
 -1.692351873871419E-007  5.538565129579597E-008
          23  0.000000000000000E+000  0.000000000000000E+000
  2.765617813788698E-009 -9.394952301622527E-009
 -4.507595394717046E-008  1.757447637587577E-007
          24  0.000000000000000E+000  0.000000000000000E+000
 -2.348141811667223E-009 -8.082865421129565E-009
  1.234556979004246E-007  1.310569170731919E-007
          25  0.000000000000000E+000  0.000000000000000E+000
 -4.368229781447117E-009 -5.061711204319696E-009
  1.697542695993668E-007 -4.299094730738070E-008
          26  0.000000000000000E+000  0.000000000000000E+000
 -5.894404535825360E-009 -3.249595777615196E-009
  3.820486094030707E-008 -1.591067992562851E-007
          27  0.000000000000000E+000  0.000000000000000E+000
 -7.307043245711745E-009 -7.796528924480873E-010
 -1.219736132718836E-007 -9.801341494192670E-008
          28  0.000000000000000E+000  0.000000000000000E+000
 -8.071626874289580E-009  3.658856498881768E-009
 -1.342320323821664E-007  7.201456357069160E-008
          29  0.000000000000000E+000  0.000000000000000E+000
 -5.075307204302489E-009  8.433839890364838E-009
  1.128178255300892E-008  1.569643940290011E-007
          30  0.000000000000000E+000  0.000000000000000E+000
  1.339361550860184E-009  1.103856980976128E-008
  1.615931113054556E-007  5.810259999706415E-008
          31  0.000000000000000E+000  0.000000000000000E+000
  8.342865755830632E-009  7.957229777255912E-009
  1.353508110761337E-007 -1.286439479428508E-007
          32  0.000000000000000E+000  0.000000000000000E+000
  1.144756118442518E-008  7.537597129012941E-010
 -5.102123699799050E-008 -1.966632667214287E-007
