   409.600000000000     
          32           1           3
  1.124309127438499E-002   39.0901622196317        112.486320245174     
   40.0000000000000        115.000000000000        6211.00000000000     
           0  0.000000000000000E+000  0.000000000000000E+000
  0.000000000000000E+000  0.000000000000000E+000
  0.000000000000000E+000  0.000000000000000E+000
           1  0.000000000000000E+000  0.000000000000000E+000
  8.178839858029824E-009 -2.755311929085077E-009
 -4.226942964954510E-009 -2.011666676957132E-009
           2  0.000000000000000E+000  0.000000000000000E+000
  7.529353125097395E-009 -7.135248837174469E-009
 -9.384390930764368E-009 -3.456177131373710E-009
           3  0.000000000000000E+000  0.000000000000000E+000
  3.326779461322262E-009 -1.206220783163487E-008
 -1.887213246445398E-008  2.829366049592540E-009
           4  0.000000000000000E+000  0.000000000000000E+000
 -4.973614402013195E-009 -1.375283600614068E-008
 -2.155702165826791E-008  2.270389469462548E-008
           5  0.000000000000000E+000  0.000000000000000E+000
 -1.356564792384277E-008 -8.869123838301099E-009
 -5.581168465336885E-010  4.557899906049564E-008
           6  0.000000000000000E+000  0.000000000000000E+000
 -1.750261411440931E-008  1.450329489403061E-009
  4.225305646204155E-008  4.405334923219219E-008
           7  0.000000000000000E+000  0.000000000000000E+000
 -1.318102096513986E-008  1.254028722122837E-008
  7.705623380553544E-008 -2.605376141278272E-010
           8  0.000000000000000E+000  0.000000000000000E+000
 -2.635311879472787E-009  1.820814417322710E-008
  6.183526440267973E-008 -6.754054243027001E-008
           9  0.000000000000000E+000  0.000000000000000E+000
  8.917787927602159E-009  1.529327275919107E-008
 -1.090799635624045E-008 -1.042288626082298E-007
          10  0.000000000000000E+000  0.000000000000000E+000
  1.537757197291347E-008  6.951197629177185E-009
 -9.324683584690886E-008 -6.490389559451073E-008
          11  0.000000000000000E+000  0.000000000000000E+000
  1.564233993009701E-008 -3.067970179481447E-009
 -1.157931077955187E-007  3.070190895839488E-008
          12  0.000000000000000E+000  0.000000000000000E+000
  1.060285040639899E-008 -1.028023922019220E-008
 -4.950085453172405E-008  1.113965709763540E-007
          13  0.000000000000000E+000  0.000000000000000E+000
  3.454311224319342E-009 -1.330702837090290E-008
  5.695404845547764E-008  1.055826476417122E-007
          14  0.000000000000000E+000  0.000000000000000E+000
 -2.937089340477599E-009 -1.312054172966377E-008
  1.135474958071742E-007  1.378334388176411E-008
          15  0.000000000000000E+000  0.000000000000000E+000
 -9.212708361523534E-009 -1.041083378389896E-008
  6.887857774355912E-008 -8.166560669249047E-008
          16  0.000000000000000E+000  0.000000000000000E+000
 -1.409992535169875E-008 -4.636947145048365E-009
 -3.498029514466136E-008 -9.410876029387387E-008
          17  0.000000000000000E+000  0.000000000000000E+000
 -1.581372925127111E-008  3.717691320201565E-009
 -9.765778291747473E-008 -8.535805056347049E-009
          18  0.000000000000000E+000  0.000000000000000E+000
 -1.220565757984573E-008  1.331360745780823E-008
 -4.906271551266045E-008  9.054346254151792E-008
          19  0.000000000000000E+000  0.000000000000000E+000
 -2.204626238773700E-009  1.950818898653283E-008
  6.993897533732091E-008  9.352958781174104E-008
          20  0.000000000000000E+000  0.000000000000000E+000
  1.140549021189058E-008  1.786487651597399E-008
  1.357371609534512E-007 -2.332451019714488E-008
          21  0.000000000000000E+000  0.000000000000000E+000
  2.057662152271087E-008  7.020306842160276E-009
  5.736386966272241E-008 -1.500854047428547E-007
          22  0.000000000000000E+000  0.000000000000000E+000
  2.052775988178345E-008 -8.031368557697038E-009
 -1.100116451193529E-007 -1.485823246705435E-007
          23  0.000000000000000E+000  0.000000000000000E+000
  1.026557723938522E-008 -1.846691150828390E-008
 -2.049166690193762E-007  8.370301266002139E-009
          24  0.000000000000000E+000  0.000000000000000E+000
 -3.866407929869189E-009 -1.994029920388799E-008
 -1.211905059343396E-007  1.882914296007169E-007
          25  0.000000000000000E+000  0.000000000000000E+000
 -1.351998119406030E-008 -1.138984053220215E-008
  9.044757567242867E-008  2.158818787055358E-007
          26  0.000000000000000E+000  0.000000000000000E+000
 -1.558015495971678E-008 -1.043113844982577E-009
  2.320548155844755E-007  5.285784009131508E-008
          27  0.000000000000000E+000  0.000000000000000E+000
 -1.108730682880385E-008  6.400409371735419E-009
  1.746820663013338E-007 -1.600120513236695E-007
          28  0.000000000000000E+000  0.000000000000000E+000
 -5.876651151732418E-009  9.177164306984195E-009
 -3.167101789325623E-008 -2.274158986100374E-007
          29  0.000000000000000E+000  0.000000000000000E+000
 -1.458930002037724E-009  9.099711468740761E-009
 -2.018583835290801E-007 -9.548910791943853E-008
          30  0.000000000000000E+000  0.000000000000000E+000
  1.628913906640610E-009  9.546618600323099E-009
 -1.772145946641599E-007  1.164356424364267E-007
          31  0.000000000000000E+000  0.000000000000000E+000
  6.133661743725100E-009  8.996886487319109E-009
  9.711052976691335E-009  2.037772568490883E-007
          32  0.000000000000000E+000  0.000000000000000E+000
  1.142088279726603E-008  5.476531908722406E-009
  1.793343031915082E-007  8.945901590010051E-008
