   409.600000000000     
          32           1           3
  1.124309127438499E-002   38.6897301222031        113.586413562032     
   40.0000000000000        115.000000000000        6211.00000000000     
           0  0.000000000000000E+000  0.000000000000000E+000
  0.000000000000000E+000  0.000000000000000E+000
  0.000000000000000E+000  0.000000000000000E+000
           1  0.000000000000000E+000  0.000000000000000E+000
  1.958262931633729E-008 -5.848423328874038E-009
 -1.020786930236443E-010 -2.398506940014508E-009
           2  0.000000000000000E+000  0.000000000000000E+000
  1.913195554851017E-008 -1.542493291826224E-008
 -3.363343925779530E-009 -5.612059112280966E-009
           3  0.000000000000000E+000  0.000000000000000E+000
  1.167422221367427E-008 -2.766074558852535E-008
 -1.184746178766617E-008 -5.343376246664418E-009
           4  0.000000000000000E+000  0.000000000000000E+000
 -5.942712331557858E-009 -3.546602283032396E-008
 -2.123225966804349E-008  5.334209720188985E-009
           5  0.000000000000000E+000  0.000000000000000E+000
 -2.871097769310007E-008 -2.998667505356822E-008
 -1.881915147228659E-008  2.679271349679417E-008
           6  0.000000000000000E+000  0.000000000000000E+000
 -4.649466407338267E-008 -8.670905038230223E-009
  4.965052318691073E-009  4.535497765354040E-008
           7  0.000000000000000E+000  0.000000000000000E+000
 -4.685695851755086E-008  2.319713898603985E-008
  4.547268776465814E-008  3.974780125236331E-008
           8  0.000000000000000E+000  0.000000000000000E+000
 -2.536910913012657E-008  5.110156655702929E-008
  7.624423704810982E-008 -2.376995463579773E-009
           9  0.000000000000000E+000  0.000000000000000E+000
  1.220801858453961E-008  5.909934553553186E-008
  6.542644464123207E-008 -6.684179227964378E-008
          10  0.000000000000000E+000  0.000000000000000E+000
  4.814466259840927E-008  4.165535405046374E-008
  9.125466396681408E-010 -1.105107961507525E-007
          11  0.000000000000000E+000  0.000000000000000E+000
  6.627889075042634E-008  2.555846772067333E-009
 -8.903480936913112E-008 -9.266829977747830E-008
          12  0.000000000000000E+000  0.000000000000000E+000
  5.427511910030340E-008 -4.031096142618344E-008
 -1.458227336390098E-007 -2.891569771690409E-009
          13  0.000000000000000E+000  0.000000000000000E+000
  1.646528043045109E-008 -6.551778937379786E-008
 -1.163318969778555E-007  1.133857814423288E-007
          14  0.000000000000000E+000  0.000000000000000E+000
 -2.738713732818681E-008 -6.045280452774055E-008
  7.278094182753913E-010  1.767831335429243E-007
          15  0.000000000000000E+000  0.000000000000000E+000
 -5.751780902803948E-008 -2.859524047356348E-008
  1.378352891410651E-007  1.305519629985928E-007
          16  0.000000000000000E+000  0.000000000000000E+000
 -5.887932486720528E-008  1.349951260030286E-008
  2.001981029568907E-007 -1.265718435503642E-008
          17  0.000000000000000E+000  0.000000000000000E+000
 -3.414473279355824E-008  4.263466269237239E-008
  1.296667269892564E-007 -1.627683501462558E-007
          18  0.000000000000000E+000  0.000000000000000E+000
 -1.398929601057265E-009  4.801302281916648E-008
 -3.682017015841578E-008 -2.091009165171398E-007
          19  0.000000000000000E+000  0.000000000000000E+000
  2.201475603682283E-008  3.360024552338056E-008
 -1.838998700552423E-007 -1.087637140698457E-007
          20  0.000000000000000E+000  0.000000000000000E+000
  3.018813188210884E-008  1.465445089827372E-008
 -1.987367263507393E-007  7.080769106836969E-008
          21  0.000000000000000E+000  0.000000000000000E+000
  2.719718986452645E-008  8.701367769042876E-010
 -6.823721100827712E-008  1.956373035629698E-007
          22  0.000000000000000E+000  0.000000000000000E+000
  2.472904266874136E-008 -7.438814350288236E-009
  1.092208143188579E-007  1.689761957994361E-007
          23  0.000000000000000E+000  0.000000000000000E+000
  2.262990243547181E-008 -1.608705727394439E-008
  1.959593702978792E-007  1.444731236877659E-008
          24  0.000000000000000E+000  0.000000000000000E+000
  1.583654258269609E-008 -3.046890525632528E-008
  1.236739221824379E-007 -1.468519003204075E-007
          25  0.000000000000000E+000  0.000000000000000E+000
 -2.571267227847796E-009 -3.935581503987710E-008
 -4.455786442722426E-008 -1.848700501434897E-007
          26  0.000000000000000E+000  0.000000000000000E+000
 -2.897151561319486E-008 -3.592880943591722E-008
 -1.784409790815397E-007 -7.327365756873449E-008
          27  0.000000000000000E+000  0.000000000000000E+000
 -4.895036217314513E-008 -1.269915976965774E-008
 -1.701536025515855E-007  1.017971772600040E-007
          28  0.000000000000000E+000  0.000000000000000E+000
 -5.103857363871044E-008  2.140199338305844E-008
 -2.395384495657961E-008  2.073710813183965E-007
          29  0.000000000000000E+000  0.000000000000000E+000
 -2.758640845199138E-008  5.034035777589147E-008
  1.556370756582364E-007  1.547624964289820E-007
          30  0.000000000000000E+000  0.000000000000000E+000
  9.419175583125697E-009  5.885988082368894E-008
  2.321870558210139E-007 -2.199694613985437E-008
          31  0.000000000000000E+000  0.000000000000000E+000
  4.430136260803963E-008  4.050464541548795E-008
  1.416932385235328E-007 -2.029448907109734E-007
          32  0.000000000000000E+000  0.000000000000000E+000
  5.924847791331396E-008  4.233287258975143E-009
 -6.317933185665721E-008 -2.544063168299827E-007
