   409.600000000000     
          32           1           3
  1.124309127438499E-002   38.0223432931555        115.419902423462     
   40.0000000000000        115.000000000000        6211.00000000000     
           0  0.000000000000000E+000  0.000000000000000E+000
  0.000000000000000E+000  0.000000000000000E+000
  0.000000000000000E+000  0.000000000000000E+000
           1  0.000000000000000E+000  0.000000000000000E+000
  2.133397901117095E-008 -6.917222311153455E-009
  5.886434897442481E-010  4.388231666844548E-010
           2  0.000000000000000E+000  0.000000000000000E+000
  2.006071911064672E-008 -1.803801693792752E-008
  1.510495764622365E-009  8.705205645934364E-010
           3  0.000000000000000E+000  0.000000000000000E+000
  1.002528268542283E-008 -3.113876953912235E-008
  3.417854200399327E-009  3.223963125035961E-011
           4  0.000000000000000E+000  0.000000000000000E+000
 -1.098478071183339E-008 -3.700351681150501E-008
  4.545922810015280E-009 -3.427169169517052E-009
           5  0.000000000000000E+000  0.000000000000000E+000
 -3.453698267209063E-008 -2.636176450611239E-008
  1.620290409213630E-009 -8.242022291119150E-009
           6  0.000000000000000E+000  0.000000000000000E+000
 -4.799032271900830E-008 -6.000046137705409E-011
 -6.084456459798314E-009 -9.685561075916793E-009
           7  0.000000000000000E+000  0.000000000000000E+000
 -4.000499165310440E-008  3.158224018822085E-008
 -1.435231229024475E-008 -3.285416076009520E-009
           8  0.000000000000000E+000  0.000000000000000E+000
 -1.242199628971263E-008  5.159630364596410E-008
 -1.506782509099998E-008  9.721734715779052E-009
           9  0.000000000000000E+000  0.000000000000000E+000
  2.259008003777258E-008  4.790004912422263E-008
 -3.817471518786997E-009  2.075973039567984E-008
          10  0.000000000000000E+000  0.000000000000000E+000
  4.632985651089985E-008  2.447777938731636E-008
  1.419978153621776E-008  1.898199432259414E-008
          11  0.000000000000000E+000  0.000000000000000E+000
  5.038863579560855E-008 -8.652767729602826E-009
  2.591652171921120E-008  2.522329653732934E-009
          12  0.000000000000000E+000  0.000000000000000E+000
  3.350041412897377E-008 -3.502995174301305E-008
  2.024281507124676E-008 -1.898212896778098E-008
          13  0.000000000000000E+000  0.000000000000000E+000
  6.178453330293081E-009 -4.460915500246122E-008
 -1.273167484378545E-009 -2.878026064258621E-008
          14  0.000000000000000E+000  0.000000000000000E+000
 -1.723084885822794E-008 -3.786841781922783E-008
 -2.328670789784630E-008 -1.737992194109760E-008
          15  0.000000000000000E+000  0.000000000000000E+000
 -3.238516008627459E-008 -2.165068639641249E-008
 -2.778553218117378E-008  7.387519259207787E-009
          16  0.000000000000000E+000  0.000000000000000E+000
 -3.678919555198699E-008 -2.361841566837649E-009
 -1.028435536764591E-008  2.609017519709748E-008
          17  0.000000000000000E+000  0.000000000000000E+000
 -3.305737974094238E-008  1.457680607549896E-008
  1.536741530388385E-008  2.229282350647956E-008
          18  0.000000000000000E+000  0.000000000000000E+000
 -2.360256818137768E-008  2.983535736246892E-008
  2.621565292692143E-008 -1.478223742483843E-009
          19  0.000000000000000E+000  0.000000000000000E+000
 -6.314309666986675E-009  4.084526621315460E-008
  1.140833748555363E-008 -2.360569464320793E-008
          20  0.000000000000000E+000  0.000000000000000E+000
  1.970851094013287E-008  4.213625540035516E-008
 -1.633486358230109E-008 -2.171723364941233E-008
          21  0.000000000000000E+000  0.000000000000000E+000
  4.382780816214796E-008  2.559140500512919E-008
 -2.917926891840411E-008  4.372909509647349E-009
          22  0.000000000000000E+000  0.000000000000000E+000
  5.485115995305134E-008 -7.231237924083526E-009
 -1.190386039314164E-008  3.072267612204425E-008
          23  0.000000000000000E+000  0.000000000000000E+000
  4.027963367202857E-008 -4.109836343386439E-008
  2.195551022867080E-008  2.965922535062659E-008
          24  0.000000000000000E+000  0.000000000000000E+000
  4.740266844046513E-009 -5.992336020649472E-008
  4.140701637201974E-008 -1.984778199334705E-009
          25  0.000000000000000E+000  0.000000000000000E+000
 -3.329708775907797E-008 -4.739151991681193E-008
  2.395505853181850E-008 -3.794358362180197E-008
          26  0.000000000000000E+000  0.000000000000000E+000
 -5.432162452952917E-008 -1.520248177338508E-008
 -1.724154722337518E-008 -4.489646129422477E-008
          27  0.000000000000000E+000  0.000000000000000E+000
 -4.738273502274761E-008  2.060142755298693E-008
 -4.834181128246831E-008 -1.382289771439764E-008
          28  0.000000000000000E+000  0.000000000000000E+000
 -2.307719783354152E-008  4.107451857504261E-008
 -4.171165056466318E-008  3.046356429104724E-008
          29  0.000000000000000E+000  0.000000000000000E+000
  5.623007902075147E-009  3.988560285067160E-008
 -1.026400477950890E-009  5.248056461757576E-008
          30  0.000000000000000E+000  0.000000000000000E+000
  2.220877396005068E-008  2.629271058898218E-008
  4.052743479100148E-008  3.225543738725715E-008
          31  0.000000000000000E+000  0.000000000000000E+000
  2.686329879509953E-008  9.895357035055249E-009
  4.924595683244946E-008 -1.272994948468527E-008
          32  0.000000000000000E+000  0.000000000000000E+000
  2.455361041493241E-008 -1.625774201333198E-009
  1.830244902239375E-008 -4.588052275443191E-008
