   409.600000000000     
          32           1           3
  1.124309127438499E-002   37.2214790982983        117.620089057178     
   40.0000000000000        115.000000000000        6211.00000000000     
           0  0.000000000000000E+000  0.000000000000000E+000
  0.000000000000000E+000  0.000000000000000E+000
  0.000000000000000E+000  0.000000000000000E+000
           1 -2.004286830373523E-007  7.524847308302344E-008
 -1.472244449983524E-007  8.057323019875159E-008
 -3.792582010821790E-007  6.218671234575890E-008
           2 -1.563236433214416E-007  3.228472421411456E-007
 -1.308376181353197E-007  2.678833680381112E-007
 -5.203330027027514E-007  2.447274264204340E-007
           3  3.290463627575017E-007  3.509339121099898E-007
  2.935603802072749E-007  5.107782239375415E-007
 -3.741057788335682E-007  7.819776260416332E-007
           4  3.895731478509286E-007 -2.582027488537137E-007
  9.570641977332128E-007 -1.088550665031184E-007
  3.909295918082613E-007  9.165955516789707E-007
           5 -2.234008259354990E-007 -2.610891029940293E-007
  3.096329110624822E-007 -1.271157889028160E-006
  8.455858285963523E-007  3.493714731176740E-007
           6 -6.091649699832606E-008  3.175444936519043E-007
 -1.257875953188125E-006 -8.076113892441313E-007
  7.184925034814418E-007 -1.575756262080262E-007
           7  5.337179991200077E-007 -7.048207199539727E-008
 -1.138612308035472E-006  9.221556496942422E-007
  5.741835322291189E-007 -3.184410044665432E-007
           8 -3.576250150769429E-008 -7.634017168656839E-007
  5.058530135492501E-007  1.132050671735759E-006
  5.252327130621027E-007 -6.650512521248685E-007
           9 -8.646689145840319E-007 -1.372661536944681E-007
  8.787637016974935E-007 -3.201114901174508E-007
  5.421931052681839E-008 -1.044227674987458E-006
          10 -3.118282367096552E-007  7.603323716499465E-007
 -4.857832683095805E-007 -6.962871119281165E-007
 -7.345326197037916E-007 -9.541456859067197E-007
          11  5.088469151157629E-007  3.122902867453700E-007
 -8.795712773602926E-007  7.795305942417323E-007
 -1.209602223896665E-006 -2.273237322041635E-007
          12  5.140197457440611E-008 -2.793094412823950E-007
  7.482350355776296E-007  1.486847382869972E-006
 -1.015325370037426E-006  5.359818353961338E-007
          13 -2.758583731877133E-007  4.062384108517165E-007
  2.190180412412339E-006 -1.354589345885865E-007
 -5.165828039578945E-007  8.867123706350944E-007
          14  8.827321739893488E-007  6.051515162909160E-007
  9.751276425781865E-007 -2.462033231066200E-006
 -8.701701517972511E-008  1.043145667419707E-006
          15  1.180173392210020E-006 -1.170723037240923E-006
 -1.993588341867611E-006 -2.134607302991626E-006
  4.865280296513638E-007  1.108094978428731E-006
          16 -1.154122473964302E-006 -1.798937105559682E-006
 -2.847564350869375E-006  9.721349076913659E-007
  1.250958701505712E-006  7.086751282230026E-007
          17 -2.224594377396929E-006  9.142325687032281E-007
 -4.519622932732584E-008  2.893222421102979E-006
  1.583603935387026E-006 -3.149776613473718E-007
          18  6.510887014042513E-007  2.350757153984488E-006
  2.475856864925752E-006  5.291516639306542E-007
  9.647590924478599E-007 -1.390723624056625E-006
          19  2.281002180753425E-006 -5.998376365338673E-007
  3.881438030343254E-007 -2.177002931962744E-006
 -2.330977483211564E-007 -1.554755028052652E-006
          20 -8.742350656993398E-007 -2.257536740289312E-006
 -2.418951226837681E-006  8.434731489696441E-008
 -1.004116717038503E-006 -8.753703554192822E-007
          21 -2.522299236074073E-006  1.381677613403096E-006
  3.041335489223606E-007  3.191479350038810E-006
 -1.071485754208587E-006 -2.477443558109420E-007
          22  1.859555394989863E-006  3.122876942163777E-006
  4.083960011635468E-006  1.384777417818472E-007
 -1.087733449180441E-006  2.109391734060347E-007
          23  3.915205857432765E-006 -1.980134596797113E-006
  1.172596327776656E-006 -4.582560503608917E-006
 -9.650864677045455E-007  8.527749478100274E-007
          24 -1.649067950210481E-006 -4.610054786787435E-006
 -4.430776141150495E-006 -2.350308687777799E-006
 -1.793100399046666E-007  1.418902130403438E-006
          25 -4.875698549251528E-006  1.020033370625297E-006
 -3.089102396302843E-006  3.712778312587610E-006
  7.881331156276765E-007  1.153081337869908E-006
          26  4.360291326423136E-007  4.580951527654665E-006
  2.806610295526884E-006  3.201470340237285E-006
  1.187997052629813E-006  2.887057457081252E-007
          27  3.843499312909135E-006 -2.448655964481929E-007
  2.828046229431534E-006 -2.135378619452534E-006
  9.071430238007813E-007 -3.028486252647288E-007
          28 -5.304559931027994E-007 -3.033931124449588E-006
 -1.886230583669432E-006 -2.347194265665584E-006
  6.695974327638258E-007 -5.413998794455835E-007
          29 -2.578658428424861E-006  1.153805704180545E-006
 -2.137130827095177E-006  1.944264541522991E-006
  4.544255269245914E-007 -8.589734809581260E-007
          30  1.718806917339100E-006  2.624370253475010E-006
  2.100125260295743E-006  2.299248302647390E-006
 -1.397865040788363E-007 -1.144863935849362E-006
          31  3.046032928156167E-006 -1.796021563867131E-006
  2.729057133124667E-006 -2.026956000600123E-006
 -9.217134819302929E-007 -8.446624041842254E-007
          32 -1.210333809608007E-006 -3.451906503500746E-006
 -1.585917728605670E-006 -3.203695899156285E-006
 -1.188063056693908E-006 -1.225589977572077E-008
