   409.600000000000     
          32           1           3
  1.124309127438499E-002   37.5723568526484        116.363530274817     
   40.0000000000000        115.000000000000        6211.00000000000     
           0  0.000000000000000E+000  0.000000000000000E+000
  0.000000000000000E+000  0.000000000000000E+000
  0.000000000000000E+000  0.000000000000000E+000
           1 -3.792749494686748E-007  2.185172696619260E-008
 -1.512231104412393E-007  2.591926122928812E-008
 -4.808056818164221E-007  5.304034268335199E-008
           2 -6.350662698577394E-007  2.223151725121127E-007
 -2.036148682340833E-007  3.119532260781714E-008
 -6.832303108860696E-007  1.654794104640013E-007
           3 -5.425366324440406E-007  1.009244954513743E-006
 -3.610525434739389E-007  2.304562237045538E-007
 -8.510527273865268E-007  7.980906571188601E-007
           4  6.448964775476378E-007  1.455274758612382E-006
 -1.264649984023162E-007  7.398063886182415E-007
 -1.443097862970918E-007  1.600376532032542E-006
           5  1.864860636129551E-006  3.682387694634425E-007
  7.539354361146299E-007  7.198167753777644E-007
  1.190392479850719E-006  1.517718835645663E-006
           6  1.456033426069850E-006 -1.430358139434007E-006
  1.196852817824253E-006 -2.988354213926061E-007
  2.073568549564307E-006  2.878007702827078E-007
           7 -3.624804435580743E-007 -2.000780326050208E-006
  3.597983256774025E-007 -1.254354051534753E-006
  1.730963390543152E-006 -1.160224120969298E-006
           8 -1.775795213166900E-006 -7.619400360751086E-007
 -9.000344091424460E-007 -8.309665223790142E-007
  5.784397666121110E-007 -1.914758261620040E-006
           9 -1.456839144505172E-006  1.040028615715334E-006
 -9.141497735958839E-007  4.558640594472879E-007
 -5.870509121132597E-007 -1.707015705262831E-006
          10  2.402012047594925E-007  1.644175516596609E-006
  2.649671773591145E-007  7.717267253632653E-007
 -1.281457601982697E-006 -1.110439392302530E-006
          11  1.582666234483700E-006  3.871574546988711E-007
  8.065980200600214E-007 -3.519648857467659E-007
 -1.663708580662491E-006 -3.718208415402045E-007
          12  9.732080428091496E-007 -1.488451588869273E-006
 -4.122401432230813E-007 -1.273883065414413E-006
 -1.773193173766441E-006  5.285279006498631E-007
          13 -1.243237081476040E-006 -1.775831238071706E-006
 -1.977626518164963E-006 -2.993892126868903E-008
 -1.341892549056005E-006  1.572477989550956E-006
          14 -2.773997239803969E-006  4.526809198991581E-007
 -1.134357549643045E-006  2.418391598875657E-006
 -1.573476641850255E-007  2.333542716714191E-006
          15 -1.146964058146024E-006  3.474994438682973E-006
  2.067407980411990E-006  2.549779562950496E-006
  1.416477677460966E-006  2.013958213557443E-006
          16  3.173654297172128E-006  3.314004417967211E-006
  3.631481083078843E-006 -8.240160229949788E-007
  2.401390587156801E-006  6.883597972556244E-007
          17  5.283559496454611E-006 -1.488227676060366E-006
  8.573558392073059E-007 -3.866042976064533E-006
  2.280898029694002E-006 -9.102547900638146E-007
          18  1.266088017003300E-006 -6.181230250572561E-006
 -3.235983520346385E-006 -2.342461877817034E-006
  1.257765316996563E-006 -2.043618223350593E-006
          19 -5.583843155418628E-006 -4.223761443402990E-006
 -3.190031782480787E-006  2.255226543933068E-006
 -1.410381549401563E-007 -2.293476413869391E-006
          20 -6.503828796709988E-006  3.777765178921983E-006
  1.404615998856938E-006  3.515991668095724E-006
 -1.418291093044420E-006 -1.747653892436348E-006
          21  1.468523926814681E-006  7.759491088615992E-006
  3.875523891180202E-006 -8.142342407398096E-007
 -2.095455198631933E-006 -6.630287128080876E-007
          22  8.281139665427085E-006  7.721767657418498E-007
 -1.078113521390524E-007 -4.630158612114908E-006
 -2.069520153169932E-006  6.819952515415464E-007
          23  2.912018747334314E-006 -8.505147673307955E-006
 -5.569041463230879E-006 -1.355942668831746E-006
 -1.276283661283800E-006  1.661985055821304E-006
          24 -8.463372847054055E-006 -5.395781692936274E-006
 -3.799749887576410E-006  5.938238968267558E-006
 -3.331312330568896E-008  2.054570180209622E-006
          25 -8.514075012041782E-006  7.619534936153109E-006
  4.867034087014603E-006  6.715365425666881E-006
  9.869124621309330E-007  1.577452481676287E-006
          26  5.225080946294827E-006  1.183592325089173E-005
  9.047475344193681E-006 -2.040640362722832E-006
  1.579368755406496E-006  7.436765244621242E-007
          27  1.420706299656306E-005 -1.020776337012494E-006
  1.963524280810338E-006 -9.759931727115438E-006
  1.614214614806628E-006 -5.772283077282283E-008
          28  4.337741985828428E-006 -1.438933510552798E-005
 -8.455201850611651E-006 -5.996942546036042E-006
  1.482198051995143E-006 -8.225432432850957E-007
          29 -1.194115160713582E-005 -9.446009774540648E-006
 -8.937255384485013E-006  5.520776125697882E-006
  9.744256832820787E-007 -1.564675454780351E-006
          30 -1.286705953305130E-005  7.517762838419016E-006
  1.809494073657730E-006  1.034012499751997E-005
 -1.159548164233242E-007 -2.096671214377895E-006
          31  2.464200224485814E-006  1.397402796930457E-005
  1.036590012993790E-005  1.916489438664279E-006
 -1.481388537242864E-006 -1.722353262054027E-006
          32  1.314847760366286E-005  2.043171045306866E-006
  5.394415371550247E-006 -9.378104150770342E-006
 -2.293292040034941E-006 -3.796752428003279E-007
