   409.600000000000     
          32           1           3
  1.124309127438499E-002   36.9939549341404        117.952553954723     
   40.0000000000000        115.000000000000        6211.00000000000     
           0  0.000000000000000E+000  0.000000000000000E+000
  0.000000000000000E+000  0.000000000000000E+000
  0.000000000000000E+000  0.000000000000000E+000
           1  0.000000000000000E+000  0.000000000000000E+000
  6.612110708791877E-009 -3.146878793309592E-009
  4.015652749329556E-009 -3.713818640406718E-010
           2  0.000000000000000E+000  0.000000000000000E+000
  4.371470482134969E-009 -7.097379706704974E-009
  5.655342959239993E-009 -3.190067469192697E-009
           3  0.000000000000000E+000  0.000000000000000E+000
 -1.013791744852184E-009 -8.774414176131827E-009
  2.883950276576889E-009 -9.252466283991541E-009
           4  0.000000000000000E+000  0.000000000000000E+000
 -6.062963727456217E-009 -5.936107499363622E-009
 -7.093053253030847E-009 -9.722833773919477E-009
           5  0.000000000000000E+000  0.000000000000000E+000
 -7.067096019254878E-009 -1.468375891551166E-009
 -1.194182266004458E-008  1.448331794772875E-009
           6  0.000000000000000E+000  0.000000000000000E+000
 -6.694803483050050E-009  1.380097058669051E-009
 -2.425586871647266E-009  8.375326308744232E-009
           7  0.000000000000000E+000  0.000000000000000E+000
 -6.079131800867057E-009  4.396961652841704E-009
  3.515311360759941E-009  4.263334826034781E-010
           8  0.000000000000000E+000  0.000000000000000E+000
 -3.335451350997307E-009  8.522904616743311E-009
 -6.424916031175579E-009 -2.660103487032510E-009
           9  0.000000000000000E+000  0.000000000000000E+000
  2.775006897086532E-009  9.225159684557363E-009
 -7.367206974886491E-009  1.149011744989499E-008
          10  0.000000000000000E+000  0.000000000000000E+000
  8.135559018515757E-009  5.936936383247848E-009
  1.049058422151943E-008  1.515705797138760E-008
          11  0.000000000000000E+000  0.000000000000000E+000
  9.561190333763428E-009  9.111353786149588E-011
  1.839318295980832E-008 -4.466522640630298E-009
          12  0.000000000000000E+000  0.000000000000000E+000
  8.279159878941880E-009 -4.761387953029002E-009
  2.265011353168605E-009 -1.430505591828385E-008
          13  0.000000000000000E+000  0.000000000000000E+000
  4.765243046472017E-009 -8.658221144488751E-009
 -7.145660452637737E-009 -3.384046830482408E-009
          14  0.000000000000000E+000  0.000000000000000E+000
 -9.684662773018078E-010 -1.120013542710451E-008
  2.671778327286011E-009  1.973656946096442E-009
          15  0.000000000000000E+000  0.000000000000000E+000
 -8.038790408522810E-009 -8.767847802903666E-009
  4.503459700443474E-009 -8.742068761055730E-009
          16  0.000000000000000E+000  0.000000000000000E+000
 -1.210952687294455E-008 -1.735338224082734E-009
 -1.015247950823762E-008 -1.320212875589874E-008
          17  0.000000000000000E+000  0.000000000000000E+000
 -1.031772402457074E-008  6.023076029893679E-009
 -2.102191899856935E-008  4.025456329203781E-009
          18  0.000000000000000E+000  0.000000000000000E+000
 -4.301074578941780E-009  1.052798034183725E-008
 -5.799511809274890E-009  2.261462711403811E-008
          19  0.000000000000000E+000  0.000000000000000E+000
  1.963544350946930E-009  1.019476171579566E-008
  1.768480766707528E-008  1.089627310422616E-008
          20  0.000000000000000E+000  0.000000000000000E+000
  6.920470208147402E-009  7.339379119047566E-009
  8.859833770074933E-009 -1.157724353846727E-008
          21  0.000000000000000E+000  0.000000000000000E+000
  1.003213929447167E-008  2.746735333253163E-009
 -1.034354629442034E-008 -1.215517884906730E-009
          22  0.000000000000000E+000  0.000000000000000E+000
  9.990569788554320E-009 -3.823320489127526E-009
  3.407003997319023E-009  1.607681085591614E-008
          23  0.000000000000000E+000  0.000000000000000E+000
  5.652894593961379E-009 -8.883674212470384E-009
  2.515685449900001E-008 -1.458684176269428E-009
          24  0.000000000000000E+000  0.000000000000000E+000
 -1.010983031023642E-009 -9.849846405852099E-009
  5.185994174567307E-009 -3.013967517814708E-008
          25  0.000000000000000E+000  0.000000000000000E+000
 -5.335965982385997E-009 -6.868564663911799E-009
 -2.795820587351706E-008 -1.234123418210207E-008
          26  0.000000000000000E+000  0.000000000000000E+000
 -7.410241620283364E-009 -3.404133211260141E-009
 -1.207209001567534E-008  2.291920865700335E-008
          27  0.000000000000000E+000  0.000000000000000E+000
 -8.588996671012232E-009  5.551266271085379E-010
  1.832956821534587E-008  6.654058892315834E-009
          28  0.000000000000000E+000  0.000000000000000E+000
 -7.476610224537618E-009  5.669364271595039E-009
  1.934942887059054E-009 -2.142922107192093E-008
          29  0.000000000000000E+000  0.000000000000000E+000
 -2.603080223921228E-009  9.345188193429543E-009
 -2.987338111666103E-008 -1.186519528363272E-009
          30  0.000000000000000E+000  0.000000000000000E+000
  3.593721741488142E-009  8.641324963470168E-009
 -6.488552577056528E-009  3.525716072011862E-008
          31  0.000000000000000E+000  0.000000000000000E+000
  7.186428563044627E-009  4.418663425229033E-009
  3.675754102705853E-008  1.428075131040632E-008
          32  0.000000000000000E+000  0.000000000000000E+000
  7.441714610325256E-009  4.888625802956510E-010
  1.534576819255691E-008 -3.219627379600200E-008
