   409.600000000000     
          32           1           3
  1.124309127438499E-002   37.3003402332206        116.818227763124     
   40.0000000000000        115.000000000000        6211.00000000000     
           0  0.000000000000000E+000  0.000000000000000E+000
  0.000000000000000E+000  0.000000000000000E+000
  0.000000000000000E+000  0.000000000000000E+000
           1  0.000000000000000E+000  0.000000000000000E+000
  1.069932730957312E-008 -4.447266540464241E-009
  3.294485299839014E-009  1.251614250149657E-010
           2  0.000000000000000E+000  0.000000000000000E+000
  8.339487971123358E-009 -1.080339996593687E-008
  5.459849035705579E-009 -1.272511531318249E-009
           3  0.000000000000000E+000  0.000000000000000E+000
  4.303465707167582E-010 -1.554249847918247E-008
  6.157436417469061E-009 -6.955429825539734E-009
           4  0.000000000000000E+000  0.000000000000000E+000
 -1.017088491611437E-008 -1.306493624229061E-008
 -9.751430061240351E-010 -1.340348221000761E-008
           5  0.000000000000000E+000  0.000000000000000E+000
 -1.544792914436045E-008 -3.562502368581567E-009
 -1.408747764362365E-008 -9.470963503795380E-009
           6  0.000000000000000E+000  0.000000000000000E+000
 -1.335481988890208E-008  5.653370529028466E-009
 -1.756096051864500E-008  6.745073443980581E-009
           7  0.000000000000000E+000  0.000000000000000E+000
 -7.355461292445860E-009  1.014411423176733E-008
 -3.312417933386353E-009  1.825115558189140E-008
           8  0.000000000000000E+000  0.000000000000000E+000
 -2.760256820941715E-009  1.170461399835044E-008
  1.245022138304549E-008  9.116237056610006E-009
           9  0.000000000000000E+000  0.000000000000000E+000
  2.310731476248969E-009  1.256506854060902E-008
  8.601579402344931E-009 -6.871054590945760E-009
          10  0.000000000000000E+000  0.000000000000000E+000
  1.010763624160494E-008  1.237260620632408E-008
 -7.254493127753462E-009 -4.862163242380601E-009
          11  0.000000000000000E+000  0.000000000000000E+000
  1.810833558281933E-008  4.247172035315964E-009
 -5.153396705141347E-009  1.203074407316359E-008
          12  0.000000000000000E+000  0.000000000000000E+000
  1.840835263473992E-008 -8.872041001459644E-009
  1.526955405024289E-008  1.308728202761888E-008
          13  0.000000000000000E+000  0.000000000000000E+000
  8.433448043441576E-009 -1.903519293243906E-008
  2.395933880892988E-008 -1.079987683274795E-008
          14  0.000000000000000E+000  0.000000000000000E+000
 -5.006552627654337E-009 -2.032285792983858E-008
  3.012472701839979E-009 -2.979060859621057E-008
          15  0.000000000000000E+000  0.000000000000000E+000
 -1.570321766048659E-008 -1.233400499616089E-008
 -2.567617594458280E-008 -1.833668504312467E-008
          16  0.000000000000000E+000  0.000000000000000E+000
 -1.874273393834006E-008 -8.067903909074196E-010
 -2.728724352117927E-008  1.282808905114838E-008
          17  0.000000000000000E+000  0.000000000000000E+000
 -1.535269864052921E-008  8.827560253955640E-009
 -5.784212271890020E-010  2.649300186479683E-008
          18  0.000000000000000E+000  0.000000000000000E+000
 -8.606598339658407E-009  1.547096802630007E-008
  1.998848725973859E-008  7.182987410536674E-009
          19  0.000000000000000E+000  0.000000000000000E+000
  7.898986718356968E-010  1.819122479891512E-008
  7.086995661726482E-009 -1.569864722952375E-008
          20  0.000000000000000E+000  0.000000000000000E+000
  1.197133033935492E-008  1.511207466260926E-008
 -1.738324575686489E-008 -6.367869796185157E-009
          21  0.000000000000000E+000  0.000000000000000E+000
  1.923778458725972E-008  5.596301261594254E-009
 -1.259256799060925E-008  2.338206444244167E-008
          22  0.000000000000000E+000  0.000000000000000E+000
  1.861194743249481E-008 -8.097349166824600E-009
  2.506741616990905E-008  2.518226404048601E-008
          23  0.000000000000000E+000  0.000000000000000E+000
  8.967971096232770E-009 -1.675407744733777E-008
  3.924151016318136E-008 -1.633388338477546E-008
          24  0.000000000000000E+000  0.000000000000000E+000
 -3.103427255808024E-009 -1.702480052992458E-008
 -7.478673813142743E-011 -4.661789221186607E-008
          25  0.000000000000000E+000  0.000000000000000E+000
 -9.593944793267475E-009 -1.098954909158403E-008
 -4.153917853533708E-008 -1.718767013411221E-008
          26  0.000000000000000E+000  0.000000000000000E+000
 -1.246827255998793E-008 -4.522998583545378E-009
 -2.951841371973269E-008  3.115304310319090E-008
          27  0.000000000000000E+000  0.000000000000000E+000
 -1.303969123365088E-008  6.311553441113072E-010
  2.182816006494740E-008  3.233566979889815E-008
          28  0.000000000000000E+000  0.000000000000000E+000
 -1.268248445670096E-008  7.842626016083314E-009
  3.268085780960984E-008 -1.628525029851445E-008
          29  0.000000000000000E+000  0.000000000000000E+000
 -6.901682802074792E-009  1.508890527526555E-008
 -1.417239474049896E-008 -3.759253323159490E-008
          30  0.000000000000000E+000  0.000000000000000E+000
  4.686855670796346E-009  1.725476725169832E-008
 -4.486721464317258E-008  8.852957508610161E-009
          31  0.000000000000000E+000  0.000000000000000E+000
  1.431067220164680E-008  1.042934078630932E-008
 -6.618233757755292E-009  5.197414479262973E-008
          32  0.000000000000000E+000  0.000000000000000E+000
  1.636393811500861E-008 -9.596992806126404E-010
  5.189620790971620E-008  2.651073991022519E-008
