   409.600000000000     
          32           1           3
  1.124309127438499E-002   37.1173085243326        117.028460069907     
   40.0000000000000        115.000000000000        6211.00000000000     
           0  0.000000000000000E+000  0.000000000000000E+000
  0.000000000000000E+000  0.000000000000000E+000
  0.000000000000000E+000  0.000000000000000E+000
           1  0.000000000000000E+000  0.000000000000000E+000
  9.371518274219286E-009 -4.083532253662483E-009
  3.389457507954337E-009 -3.439916424814070E-011
           2  0.000000000000000E+000  0.000000000000000E+000
  6.936968788080144E-009 -9.701883495224621E-009
  5.346840944155030E-009 -1.826346621572508E-009
           3  0.000000000000000E+000  0.000000000000000E+000
 -3.357366960884171E-010 -1.329436504836901E-008
  4.966906372370501E-009 -7.587068380202068E-009
           4  0.000000000000000E+000  0.000000000000000E+000
 -9.043339281581045E-009 -1.029798404896659E-008
 -3.255728239672326E-009 -1.214623960394928E-008
           5  0.000000000000000E+000  0.000000000000000E+000
 -1.230338936132302E-008 -2.309292496263343E-009
 -1.405180366728386E-008 -5.179399544129974E-009
           6  0.000000000000000E+000  0.000000000000000E+000
 -1.030522338234367E-008  4.099787143024016E-009
 -1.193824758365813E-008  9.348269652101272E-009
           7  0.000000000000000E+000  0.000000000000000E+000
 -6.742904179428927E-009  7.246413955575041E-009
  2.680800991842139E-009  1.270445717021725E-008
           8  0.000000000000000E+000  0.000000000000000E+000
 -3.952135574080618E-009  1.017518590755710E-008
  8.398165169400829E-009  5.956183487899743E-011
           9  0.000000000000000E+000  0.000000000000000E+000
  1.766559841365308E-009  1.240737395869297E-008
 -2.653600988968196E-009 -5.281071199901747E-009
          10  0.000000000000000E+000  0.000000000000000E+000
  1.041319847161371E-008  1.112587676401707E-008
 -8.284217292167625E-009  7.936667510545886E-009
          11  0.000000000000000E+000  0.000000000000000E+000
  1.639141196797795E-008  1.908044712590095E-009
  8.660140075699748E-009  1.583250264972896E-008
          12  0.000000000000000E+000  0.000000000000000E+000
  1.420827799811199E-008 -8.970424616820858E-009
  2.267408613360904E-008 -1.365728150864300E-009
          13  0.000000000000000E+000  0.000000000000000E+000
  5.392359281654243E-009 -1.505800582853279E-008
  9.754889655911993E-009 -2.281212189881006E-008
          14  0.000000000000000E+000  0.000000000000000E+000
 -3.677079864885395E-009 -1.528747696359343E-008
 -1.423480537633816E-008 -1.815959404832766E-008
          15  0.000000000000000E+000  0.000000000000000E+000
 -1.117249988563600E-008 -1.049553068174089E-008
 -1.922069517870542E-008  3.903508953514694E-009
          16  0.000000000000000E+000  0.000000000000000E+000
 -1.531680192467126E-008 -2.846883331508369E-009
 -1.990947249964023E-009  1.386350233777973E-008
          17  0.000000000000000E+000  0.000000000000000E+000
 -1.505636794944950E-008  6.238804023276105E-009
  9.192384308389020E-009  7.411946144330057E-010
          18  0.000000000000000E+000  0.000000000000000E+000
 -9.170866472057207E-009  1.488907235591339E-008
 -3.894023845585541E-009 -1.117124702201644E-008
          19  0.000000000000000E+000  0.000000000000000E+000
  1.931290002039744E-009  1.783196565721739E-008
 -1.901077708098357E-008  4.240182897975708E-009
          20  0.000000000000000E+000  0.000000000000000E+000
  1.290886696295572E-008  1.216726639327230E-008
 -3.110337705977210E-009  2.674467656797700E-008
          21  0.000000000000000E+000  0.000000000000000E+000
  1.644639192406475E-008  1.722898903945968E-009
  2.743073933622650E-008  1.677545221777435E-008
          22  0.000000000000000E+000  0.000000000000000E+000
  1.264188254068179E-008 -7.691675634941156E-009
  2.801408286986649E-008 -2.068706883763227E-008
          23  0.000000000000000E+000  0.000000000000000E+000
  6.077522733645285E-009 -1.116672700045082E-008
 -9.953963861135994E-009 -3.132660235510825E-008
          24  0.000000000000000E+000  0.000000000000000E+000
  1.755834408146674E-010 -1.217596402339215E-008
 -2.868445061722025E-008  2.330334612094439E-009
          25  0.000000000000000E+000  0.000000000000000E+000
 -5.340813369506267E-009 -1.167072072868598E-008
  2.150037958975924E-009  2.455169026825422E-008
          26  0.000000000000000E+000  0.000000000000000E+000
 -1.211907552098933E-008 -7.264494357729148E-009
  2.504858645493839E-008 -2.593844358243352E-009
          27  0.000000000000000E+000  0.000000000000000E+000
 -1.499087068658732E-008  1.352642933807590E-009
 -1.379545690886558E-010 -3.275952930322243E-008
          28  0.000000000000000E+000  0.000000000000000E+000
 -1.078185532233873E-008  1.073757324000313E-008
 -3.944937665228693E-008 -8.302063772239729E-009
          29  0.000000000000000E+000  0.000000000000000E+000
 -1.759509012087267E-009  1.377921839859173E-008
 -2.218574977850042E-008  3.912882649458155E-008
          30  0.000000000000000E+000  0.000000000000000E+000
  5.665739269056424E-009  1.072974769161665E-008
  3.272225920343219E-008  3.331149566103230E-008
          31  0.000000000000000E+000  0.000000000000000E+000
  8.836742597135802E-009  6.344971922196602E-009
  3.656457952152222E-008 -2.080976768409703E-008
          32  0.000000000000000E+000  0.000000000000000E+000
  1.056794532398818E-008  1.915074244997410E-009
 -1.208254399848665E-008 -3.605804358798324E-008
