   409.600000000000     
          32           1           3
  1.124309127438499E-002   39.1538376911280        110.848364782326     
   40.0000000000000        115.000000000000        6211.00000000000     
           0  0.000000000000000E+000  0.000000000000000E+000
  0.000000000000000E+000  0.000000000000000E+000
  0.000000000000000E+000  0.000000000000000E+000
           1  0.000000000000000E+000  0.000000000000000E+000
  2.465983884643093E-009 -1.080528019918784E-009
 -6.668307257520926E-009  1.037333808045254E-010
           2  0.000000000000000E+000  0.000000000000000E+000
  1.813548438248840E-009 -2.559840278761171E-009
 -1.045432913294884E-008  3.707693659031512E-009
           3  0.000000000000000E+000  0.000000000000000E+000
 -1.093202388757318E-010 -3.486506929983253E-009
 -9.455364862084722E-009  1.500052348171608E-008
           4  0.000000000000000E+000  0.000000000000000E+000
 -2.379199078285193E-009 -2.674949696542989E-009
  6.864550417920913E-009  2.346809319550851E-008
           5  0.000000000000000E+000  0.000000000000000E+000
 -3.197523783949133E-009 -5.905164184279333E-010
  2.737872023043607E-008  9.203512479158893E-009
           6  0.000000000000000E+000  0.000000000000000E+000
 -2.678804226661122E-009  1.045608720883926E-009
  2.206031432445635E-008 -1.861173810879403E-008
           7  0.000000000000000E+000  0.000000000000000E+000
 -1.796718668089220E-009  1.866280334815149E-009
 -6.168672727247488E-009 -2.337223275446953E-008
           8  0.000000000000000E+000  0.000000000000000E+000
 -1.079450799502294E-009  2.694280645708200E-009
 -1.494833235485725E-008  1.412449522030588E-009
           9  0.000000000000000E+000  0.000000000000000E+000
  4.808494180177253E-010  3.304293924666329E-009
  7.267239930191038E-009  9.002141076819511E-009
          10  0.000000000000000E+000  0.000000000000000E+000
  2.789287764837521E-009  2.908495693824371E-009
  1.505913801711096E-008 -1.814977622261579E-008
          11  0.000000000000000E+000  0.000000000000000E+000
  4.298426294597639E-009  4.397177332775726E-010
 -2.010901361291890E-008 -3.008589303119005E-008
          12  0.000000000000000E+000  0.000000000000000E+000
  3.665843393780630E-009 -2.364314082516133E-009
 -4.398399516172453E-008  6.417925200314059E-009
          13  0.000000000000000E+000  0.000000000000000E+000
  1.390904771067398E-009 -3.889253836617292E-009
 -1.481279576026777E-008  4.507545598022941E-008
          14  0.000000000000000E+000  0.000000000000000E+000
 -9.118859073038423E-010 -3.974700779981738E-009
  2.942684560601127E-008  3.109250867138354E-008
          15  0.000000000000000E+000  0.000000000000000E+000
 -2.880939221143596E-009 -2.797230681992102E-009
  3.341405768592729E-008 -1.059059030217079E-008
          16  0.000000000000000E+000  0.000000000000000E+000
 -4.049991488736903E-009 -8.077049639272583E-010
 -4.001443210820342E-010 -2.362129336472834E-008
          17  0.000000000000000E+000  0.000000000000000E+000
 -4.020605215638125E-009  1.654001197201681E-009
 -1.552228947637688E-008  4.071160371842505E-009
          18  0.000000000000000E+000  0.000000000000000E+000
 -2.403645850805948E-009  3.985957013283037E-009
  1.427243353363885E-008  2.061869064333606E-008
          19  0.000000000000000E+000  0.000000000000000E+000
  5.909739048494095E-010  4.693374184414340E-009
  3.736958966299502E-008 -1.592643443814542E-008
          20  0.000000000000000E+000  0.000000000000000E+000
  3.420364559505654E-009  3.106024684847576E-009
 -2.366089963309450E-009 -5.423101623432613E-008
          21  0.000000000000000E+000  0.000000000000000E+000
  4.233195507531810E-009  3.953615311470708E-010
 -5.782313898016354E-008 -2.382599835975648E-008
          22  0.000000000000000E+000  0.000000000000000E+000
  3.238231266548703E-009 -1.941642673468767E-009
 -4.562929775654064E-008  4.720892970096115E-008
          23  0.000000000000000E+000  0.000000000000000E+000
  1.660428300270635E-009 -2.833355572859376E-009
  2.889712936420425E-008  5.259761888280305E-008
          24  0.000000000000000E+000  0.000000000000000E+000
  1.587419270387327E-010 -3.245309689679762E-009
  4.860173884217153E-008 -1.659569089102585E-008
          25  0.000000000000000E+000  0.000000000000000E+000
 -1.437904082790966E-009 -3.185643271565374E-009
 -1.842760616669919E-008 -4.223512959436019E-008
          26  0.000000000000000E+000  0.000000000000000E+000
 -3.309244244133658E-009 -1.894390148374349E-009
 -4.577567286097015E-008  2.112805026795073E-008
          27  0.000000000000000E+000  0.000000000000000E+000
 -3.947600910050143E-009  4.953956170799295E-010
  1.817410371106739E-008  6.382893495794178E-008
          28  0.000000000000000E+000  0.000000000000000E+000
 -2.684471632416614E-009  2.855900000825915E-009
  8.018807699011723E-008 -3.052085074738361E-009
          29  0.000000000000000E+000  0.000000000000000E+000
 -3.940992030810047E-010  3.474830130579402E-009
  2.333256014076219E-008 -8.345713036591307E-008
          30  0.000000000000000E+000  0.000000000000000E+000
  1.349887434464871E-009  2.721579311414562E-009
 -7.506445432515585E-008 -4.490990976929187E-008
          31  0.000000000000000E+000  0.000000000000000E+000
  2.205452255153951E-009  1.783412523421434E-009
 -5.249214800083413E-008  5.590379305364929E-008
          32  0.000000000000000E+000  0.000000000000000E+000
  2.869277568694208E-009  6.406326150051175E-010
  4.330604189312843E-008  5.378955764832016E-008
