   409.600000000000     
          32           1           3
  1.124309127438499E-002   37.5076168461438        115.370970640520     
   40.0000000000000        115.000000000000        6211.00000000000     
           0  0.000000000000000E+000  0.000000000000000E+000
  0.000000000000000E+000  0.000000000000000E+000
  0.000000000000000E+000  0.000000000000000E+000
           1  0.000000000000000E+000  0.000000000000000E+000
  1.613749997937281E-008 -5.949355172131512E-009
  7.359855730219804E-010  1.503623027265005E-010
           2  0.000000000000000E+000  0.000000000000000E+000
  1.399030413179567E-008 -1.507961037905980E-008
  1.384381089838164E-009  7.926375566918858E-011
           3  0.000000000000000E+000  0.000000000000000E+000
  4.038382344729299E-009 -2.403590641036759E-008
  2.212153128537665E-009 -1.122781180071021E-009
           4  0.000000000000000E+000  0.000000000000000E+000
 -1.290471712426805E-008 -2.443511389061154E-008
  1.501912495484740E-009 -3.587751334469915E-009
           5  0.000000000000000E+000  0.000000000000000E+000
 -2.673802978198972E-008 -1.165481539474513E-008
 -2.140175264584600E-009 -4.975114597809567E-009
           6  0.000000000000000E+000  0.000000000000000E+000
 -2.872362992631697E-008  7.788680505046421E-009
 -6.505129636969611E-009 -2.176720126745748E-009
           7  0.000000000000000E+000  0.000000000000000E+000
 -1.681762507743326E-008  2.302591176958893E-008
 -6.862868297260328E-009  4.296097788051366E-009
           8  0.000000000000000E+000  0.000000000000000E+000
 -2.089464538237904E-010  2.647541653900618E-008
 -8.949084682399777E-010  8.772076083162223E-009
           9  0.000000000000000E+000  0.000000000000000E+000
  1.267608331902888E-008  1.947816675662053E-008
  6.749964503258462E-009  6.080381682527786E-009
          10  0.000000000000000E+000  0.000000000000000E+000
  1.847811428433988E-008  1.129884801359207E-008
  8.307456263562735E-009 -2.110748712607266E-009
          11  0.000000000000000E+000  0.000000000000000E+000
  2.200698756316740E-008  2.095383591674860E-009
  2.258951840591750E-009 -7.261471187199106E-009
          12  0.000000000000000E+000  0.000000000000000E+000
  2.276378048572485E-008 -8.890227535033121E-009
 -4.740578582505313E-009 -4.311226890093928E-009
          13  0.000000000000000E+000  0.000000000000000E+000
  1.669421378420702E-008 -2.222540111521201E-008
 -4.584836806816762E-009  2.840990500596633E-009
          14  0.000000000000000E+000  0.000000000000000E+000
  1.643257662797692E-009 -3.236236795282512E-008
  2.265439553402833E-009  5.152646881917367E-009
          15  0.000000000000000E+000  0.000000000000000E+000
 -2.096730331921298E-008 -2.937528447743836E-008
  6.954727299149343E-009 -1.226175244928821E-009
          16  0.000000000000000E+000  0.000000000000000E+000
 -3.734765389612468E-008 -9.755084965410332E-009
  2.245010224125152E-009 -9.010371313691532E-009
          17  0.000000000000000E+000  0.000000000000000E+000
 -3.592213953746422E-008  1.704409362639311E-008
 -8.515512992071171E-009 -8.107023302665800E-009
          18  0.000000000000000E+000  0.000000000000000E+000
 -1.621849824792235E-008  3.625629294687488E-008
 -1.359590137098305E-008  3.489885604954615E-009
          19  0.000000000000000E+000  0.000000000000000E+000
  1.038166108262795E-008  3.615022489513123E-008
 -5.048825319903496E-009  1.506626359767624E-008
          20  0.000000000000000E+000  0.000000000000000E+000
  2.896155950962167E-008  1.919811524140464E-008
  1.084663853039476E-008  1.353873340636913E-008
          21  0.000000000000000E+000  0.000000000000000E+000
  2.946279424979201E-008 -1.480121719504729E-009
  1.765205401077270E-008 -2.335084050245828E-009
          22  0.000000000000000E+000  0.000000000000000E+000
  2.031324172186972E-008 -1.479411657748307E-008
  6.782256923361976E-009 -1.621384110568789E-008
          23  0.000000000000000E+000  0.000000000000000E+000
  1.002527195553134E-008 -1.857358074213923E-008
 -1.070437660806838E-008 -1.278762488427613E-008
          24  0.000000000000000E+000  0.000000000000000E+000
  1.579260050150695E-009 -2.109212303061853E-008
 -1.496883903100903E-008  3.885533962357678E-009
          25  0.000000000000000E+000  0.000000000000000E+000
 -6.956473977337173E-009 -2.120793662083930E-008
 -1.611577431542947E-009  1.502136589438091E-008
          26  0.000000000000000E+000  0.000000000000000E+000
 -2.065374040907740E-008 -1.701409421956053E-008
  1.376357870128368E-008  6.039888489303985E-009
          27  0.000000000000000E+000  0.000000000000000E+000
 -2.962212017553620E-008 -2.021397418522082E-009
  1.111907121049536E-008 -1.177720525420481E-008
          28  0.000000000000000E+000  0.000000000000000E+000
 -2.653532859403474E-008  1.872012895432321E-008
 -7.671027628775723E-009 -1.644747966805581E-008
          29  0.000000000000000E+000  0.000000000000000E+000
 -8.448036589146059E-009  3.106117983497093E-008
 -1.997136516685761E-008 -3.335969844231521E-010
          30  0.000000000000000E+000  0.000000000000000E+000
  1.334773025517389E-008  2.902343107455558E-008
 -1.080593931972107E-008  1.944119804496612E-008
          31  0.000000000000000E+000  0.000000000000000E+000
  2.594792788362443E-008  1.275088165796326E-008
  1.264673926689620E-008  1.982643972111195E-008
          32  0.000000000000000E+000  0.000000000000000E+000
  2.462464733787572E-008 -4.587163347838506E-009
  2.397428061197092E-008 -1.376352538945412E-009
