   409.600000000000     
          32           1           3
  1.124309127438499E-002   37.1071847487152        116.471063957378     
   40.0000000000000        115.000000000000        6211.00000000000     
           0  0.000000000000000E+000  0.000000000000000E+000
  0.000000000000000E+000  0.000000000000000E+000
  0.000000000000000E+000  0.000000000000000E+000
           1  0.000000000000000E+000  0.000000000000000E+000
  1.090967655965754E-008 -4.591632767915468E-009
  2.619486352219116E-009  6.488264521736546E-011
           2  0.000000000000000E+000  0.000000000000000E+000
  8.392960394337226E-009 -1.109253139830400E-008
  4.286708479078177E-009 -1.121049768217736E-009
           3  0.000000000000000E+000  0.000000000000000E+000
  2.127308394664473E-010 -1.576163070722822E-008
  4.614864210481096E-009 -5.633218005325149E-009
           4  0.000000000000000E+000  0.000000000000000E+000
 -1.044203011016150E-008 -1.296657844784384E-008
 -1.271254492947957E-009 -1.034830578904294E-008
           5  0.000000000000000E+000  0.000000000000000E+000
 -1.539047380992634E-008 -3.332509235300490E-009
 -1.120662240165834E-008 -6.561324850947612E-009
           6  0.000000000000000E+000  0.000000000000000E+000
 -1.312735805570357E-008  5.553747950911251E-009
 -1.273077546341739E-008  6.049389275437795E-009
           7  0.000000000000000E+000  0.000000000000000E+000
 -7.497594172377099E-009  9.784482518606349E-009
 -1.105942903022859E-009  1.343064279704135E-008
           8  0.000000000000000E+000  0.000000000000000E+000
 -3.317164073655646E-009  1.177651525439382E-008
  9.374026694435659E-009  5.028036366112025E-009
           9  0.000000000000000E+000  0.000000000000000E+000
  2.114991804497605E-009  1.323585232046290E-008
  4.235971941400462E-009 -5.730938279677496E-009
          10  0.000000000000000E+000  0.000000000000000E+000
  1.073557745910573E-008  1.288495456515529E-008
 -6.824466069948327E-009 -1.138963350315036E-009
          11  0.000000000000000E+000  0.000000000000000E+000
  1.881541158191822E-008  3.868978787275774E-009
 -1.427754691804742E-009  1.137141004013859E-008
          12  0.000000000000000E+000  0.000000000000000E+000
  1.833105721241316E-008 -9.599999727426859E-009
  1.479969135528325E-008  7.917463511689771E-009
          13  0.000000000000000E+000  0.000000000000000E+000
  7.819500568352523E-009 -1.912645107257004E-008
  1.699193295566529E-008 -1.224642591372232E-008
          14  0.000000000000000E+000  0.000000000000000E+000
 -5.165047512437737E-009 -1.983291446942312E-008
 -2.285695775960543E-009 -2.262901750926515E-008
          15  0.000000000000000E+000  0.000000000000000E+000
 -1.518554281067355E-008 -1.214716993783409E-008
 -2.098553896809001E-008 -9.142253565375925E-009
          16  0.000000000000000E+000  0.000000000000000E+000
 -1.841097819689246E-008 -1.400985485308756E-009
 -1.620595602629420E-008  1.287369794791016E-008
          17  0.000000000000000E+000  0.000000000000000E+000
 -1.594145838276388E-008  8.190424054388310E-009
  4.419326709511984E-009  1.639297904991793E-008
          18  0.000000000000000E+000  0.000000000000000E+000
 -9.584054673287222E-009  1.585270056242236E-008
  1.277710614921569E-008 -1.044665119565142E-009
          19  0.000000000000000E+000  0.000000000000000E+000
  7.412991595088897E-010  1.935977868282011E-008
 -2.429725656598509E-009 -1.145591658621803E-008
          20  0.000000000000000E+000  0.000000000000000E+000
  1.307071766754567E-008  1.562080210270524E-008
 -1.522124248400299E-008  3.739299130926949E-009
          21  0.000000000000000E+000  0.000000000000000E+000
  2.011484931563192E-008  4.750933379877670E-009
 -8.892991966205720E-010  2.272586479579247E-008
          22  0.000000000000000E+000  0.000000000000000E+000
  1.804005649784684E-008 -9.122261829023153E-009
  2.700842029648663E-008  1.116703921755671E-008
          23  0.000000000000000E+000  0.000000000000000E+000
  7.902830363442328E-009 -1.638559279038503E-008
  2.351464253800474E-008 -2.322329286107325E-008
          24  0.000000000000000E+000  0.000000000000000E+000
 -2.862735041440259E-009 -1.586672747459173E-008
 -1.331295822668961E-008 -3.164241053223149E-008
          25  0.000000000000000E+000  0.000000000000000E+000
 -8.304921928103998E-009 -1.105571462162054E-008
 -3.115421387286316E-008  1.811868392817782E-009
          26  0.000000000000000E+000  0.000000000000000E+000
 -1.212754026928999E-008 -5.973640331924628E-009
 -6.679705144759269E-009  2.751835474804400E-008
          27  0.000000000000000E+000  0.000000000000000E+000
 -1.451874428783318E-008 -2.024174267266503E-010
  2.492166434148255E-008  8.894689983127142E-009
          28  0.000000000000000E+000  0.000000000000000E+000
 -1.399760161906690E-008  9.058661034925832E-009
  1.063064184633577E-008 -2.526827324675001E-008
          29  0.000000000000000E+000  0.000000000000000E+000
 -6.128258833716756E-009  1.674611717477554E-008
 -2.804898958304634E-008 -1.713546644255899E-008
          30  0.000000000000000E+000  0.000000000000000E+000
  6.401176432404326E-009  1.693331519025711E-008
 -2.669801497751993E-008  2.746305810795369E-008
          31  0.000000000000000E+000  0.000000000000000E+000
  1.443416197952706E-008  8.778320060019661E-009
  1.815529021406056E-008  3.762790856351192E-008
          32  0.000000000000000E+000  0.000000000000000E+000
  1.474310829951204E-008 -1.398393537702868E-009
  4.382136571933508E-008 -4.342185275633431E-009
