   409.600000000000     
          32           1           3
  1.124309127438499E-002   38.5703738848113        112.158690405967     
   40.0000000000000        115.000000000000        6211.00000000000     
           0  0.000000000000000E+000  0.000000000000000E+000
  0.000000000000000E+000  0.000000000000000E+000
  0.000000000000000E+000  0.000000000000000E+000
           1  1.170698759627050E-006 -6.157620529314045E-007
  1.123847214970813E-006 -3.640126311128537E-007
 -1.068604430140749E-007  3.096427451609072E-008
           2  4.936045861305475E-007 -1.758695871536586E-006
  1.209915443114865E-006 -1.251305273065972E-006
 -1.036725927565805E-007  6.283271104116931E-008
           3 -1.648213373436762E-006 -1.485578018744359E-006
 -2.951744537387751E-008 -2.649402898097260E-006
 -1.185751385631618E-007  1.232854696999296E-007
           4 -2.035383881528843E-006  1.278591337634313E-006
 -2.935744863949009E-006 -2.032909042812030E-006
 -5.403268416175459E-008  2.603766488035913E-007
           5  1.059458113009348E-006  2.463641376569325E-006
 -3.916396219661274E-006  1.712809622130992E-006
  1.874517618241570E-007  3.142587880896527E-007
           6  3.267445346294524E-006 -7.624763037540867E-007
 -4.696704538124833E-007  4.677850672299285E-006
  4.345779091531109E-007  1.003857618644610E-007
           7  3.709431494672695E-007 -4.386936038046260E-006
  4.019386373459296E-006  2.627671664632002E-006
  4.020455927007252E-007 -2.852382988405566E-007
           8 -4.887241877115700E-006 -2.769981689081986E-006
  3.966904525088643E-006 -2.429232634311127E-006
  4.439041906079580E-008 -4.905240994010340E-007
           9 -5.787248775798361E-006  3.544322222042904E-006
 -7.231456593722868E-007 -4.340843746500087E-006
 -3.053280495584553E-007 -3.059334106872342E-007
          10  4.412627038475856E-008  7.793974965146644E-006
 -4.168356413096422E-006 -6.429071432865359E-007
 -3.204789462600050E-007  1.679091351361608E-008
          11  7.202252276663637E-006  4.418342298299799E-006
 -1.811112458040600E-006  3.925079229733091E-006
 -1.236181142043151E-007  1.330899181738234E-007
          12  7.716564690381817E-006 -3.833749063310992E-006
  3.551721974825437E-006  3.211227908110574E-006
 -3.526756617429696E-008  1.549297644022935E-008
          13  7.576655835076869E-007 -8.197918774804849E-006
  4.908088359089905E-006 -2.473628469462807E-006
 -1.777890766605159E-007 -2.823499042717019E-008
          14 -5.975137228469916E-006 -4.348653422603687E-006
 -2.111478497299136E-007 -6.143922722854615E-006
 -3.023323928123837E-007  2.089583385387115E-007
          15 -5.600396340894605E-006  2.825357117880278E-006
 -5.866525787233143E-006 -3.025867315691349E-006
 -6.618712996571304E-008  5.328943900687993E-007
          16  6.326404024097846E-007  5.110026123216882E-006
 -5.870911756639506E-006  3.598455893775925E-006
  4.679592491123898E-007  5.057599237602244E-007
          17  4.695085498239959E-006  9.022321753420064E-008
 -1.192622885567129E-008  6.761396874473323E-006
  7.778876038745332E-007 -7.780834377846327E-008
          18  7.510968402470454E-007 -5.578320734767493E-006
  5.206948643495136E-006  3.329456760456404E-006
  4.215182376675975E-007 -6.664793914756289E-007
          19 -7.059097400438515E-006 -3.228424135514314E-006
  4.645264820878006E-006 -2.166089710361812E-006
 -2.475513399743696E-007 -6.808876647713400E-007
          20 -7.898085898508626E-006  6.721419660273831E-006
  4.167964814564005E-007 -3.746788178305521E-006
 -5.620496295022617E-007 -1.753248437324749E-007
          21  2.518535338188894E-006  1.277688126336003E-005
 -1.862863760574811E-006 -1.257121963356400E-006
 -3.225594432626963E-007  2.313492318036836E-007
          22  1.447972933195695E-005  5.112579424726488E-006
 -5.330526459931069E-007  9.896241043692644E-007
  2.045288622197450E-008  1.571878785744944E-007
          23  1.306313366172773E-005 -1.088812167908775E-005
  1.750423273743416E-006 -2.034980613510848E-007
 -6.283734640695533E-008 -1.178931352446424E-007
          24 -3.015835190357955E-006 -1.731765077556481E-005
  7.141428077987187E-007 -2.931528537556207E-006
 -4.002561346147947E-007  3.537466581437967E-008
          25 -1.599590954974980E-005 -5.359556292655979E-006
 -2.776107733559375E-006 -3.174870793443091E-006
 -3.204540901469384E-007  5.569341226398533E-007
          26 -1.028681115837575E-005  1.073843732758899E-005
 -4.864499418751343E-006  1.101471347836679E-008
  3.325096448081364E-007  7.438637392419320E-007
          27  5.535922869305878E-006  1.057835540937998E-005
 -4.121484940196973E-006  3.814868387111120E-006
  8.899516475696148E-007  2.113602519926270E-007
          28  8.627535511713072E-006 -3.537641420337922E-006
 -5.034048130310098E-007  6.380733959969708E-006
  7.305773403913384E-007 -5.953316534102508E-007
          29 -4.416927472897476E-006 -8.426529565798309E-006
  4.452597606119795E-006  5.937592478141893E-006
 -2.380365706984219E-008 -8.725409258828567E-007
          30 -1.202830089614292E-005  4.771104790148524E-006
  8.494541881016614E-006  1.159883580961470E-006
 -5.994506378613863E-007 -4.440393042849921E-007
          31  7.645712364375879E-007  1.727712138524567E-005
  7.454804381089231E-006 -5.994012943397603E-006
 -5.317527206524962E-007  1.586159371607818E-007
          32  1.938742846367321E-005  8.269086787161918E-006
  3.882054542539666E-007 -1.011830006100837E-005
 -9.397101029542857E-008  3.030152346136737E-007
