   409.600000000000     
          32           1           3
  1.124309127438499E-002   38.3924040637320        112.647620769015     
   40.0000000000000        115.000000000000        6211.00000000000     
           0  0.000000000000000E+000  0.000000000000000E+000
  0.000000000000000E+000  0.000000000000000E+000
  0.000000000000000E+000  0.000000000000000E+000
           1  0.000000000000000E+000  0.000000000000000E+000
  1.099982114485045E-008 -3.984647179265352E-009
 -4.577104176798975E-009 -1.098825883676111E-009
           2  0.000000000000000E+000  0.000000000000000E+000
  9.660120466134520E-009 -1.014832216968199E-008
 -8.813127999089096E-009 -9.443133159556773E-010
           3  0.000000000000000E+000  0.000000000000000E+000
  3.094468143084753E-009 -1.638070855305401E-008
 -1.471002004379614E-008  6.413739478289934E-009
           4  0.000000000000000E+000  0.000000000000000E+000
 -8.430173345420731E-009 -1.706284865722390E-008
 -1.140231706365143E-008  2.270188156880680E-008
           5  0.000000000000000E+000  0.000000000000000E+000
 -1.835111157239601E-008 -8.704169243784128E-009
  1.140514884888555E-008  3.386896651603545E-008
           6  0.000000000000000E+000  0.000000000000000E+000
 -2.044260539687109E-008  4.832602820453027E-009
  4.189941207631952E-008  1.863205167209484E-008
           7  0.000000000000000E+000  0.000000000000000E+000
 -1.254286064963365E-008  1.618726606700598E-008
  4.957177713929192E-008 -2.382020401737978E-008
           8  0.000000000000000E+000  0.000000000000000E+000
 -3.932570146865462E-010  1.934206200357926E-008
  1.405593530531077E-008 -5.954876009093843E-008
           9  0.000000000000000E+000  0.000000000000000E+000
  9.634872468160252E-009  1.427776116262058E-008
 -4.097053647904829E-008 -5.010902193856806E-008
          10  0.000000000000000E+000  0.000000000000000E+000
  1.395857534787415E-008  7.385201441687542E-009
 -6.317566573403266E-008  4.078700289033689E-009
          11  0.000000000000000E+000  0.000000000000000E+000
  1.540189253912303E-008  1.544598363287021E-010
 -2.980003327112238E-008  5.071652033752452E-008
          12  0.000000000000000E+000  0.000000000000000E+000
  1.461333935664109E-008 -6.926740116010779E-009
  2.583577733676270E-008  4.497128270966528E-008
          13  0.000000000000000E+000  0.000000000000000E+000
  1.030964843111895E-008 -1.467837788608627E-008
  4.371513857897659E-008 -4.617838425155030E-009
          14  0.000000000000000E+000  0.000000000000000E+000
  1.228332358238342E-009 -2.086721443582088E-008
  5.950215687590001E-009 -3.995302217485293E-008
          15  0.000000000000000E+000  0.000000000000000E+000
 -1.301385171853447E-008 -1.971032045179122E-008
 -4.117369646685976E-008 -1.547571260646420E-008
          16  0.000000000000000E+000  0.000000000000000E+000
 -2.452797669827872E-008 -7.892823274240768E-009
 -3.570866826232359E-008  4.283438246736552E-008
          17  0.000000000000000E+000  0.000000000000000E+000
 -2.531193645280180E-008  9.955146844295931E-009
  2.895828845025070E-008  6.587475797098177E-008
          18  0.000000000000000E+000  0.000000000000000E+000
 -1.322152588907096E-008  2.460358109687456E-008
  8.821580232040378E-008  1.056919278895738E-008
          19  0.000000000000000E+000  0.000000000000000E+000
  5.721512991407520E-009  2.668826286047205E-008
  6.623932887549245E-008 -8.062769707105983E-008
          20  0.000000000000000E+000  0.000000000000000E+000
  2.091111949139151E-008  1.553964476867023E-008
 -3.566688470520549E-008 -1.127424891285091E-007
          21  0.000000000000000E+000  0.000000000000000E+000
  2.293280107442002E-008 -7.915617826532291E-010
 -1.217278300121906E-007 -3.231736305510276E-008
          22  0.000000000000000E+000  0.000000000000000E+000
  1.547901846570239E-008 -1.250351691839587E-008
 -9.457778381951542E-008  8.823032154347349E-008
          23  0.000000000000000E+000  0.000000000000000E+000
  5.465731405021067E-009 -1.520869892474249E-008
  2.771942958259475E-008  1.239236790823012E-007
          24  0.000000000000000E+000  0.000000000000000E+000
 -1.727448573773082E-009 -1.431777993654692E-008
  1.159834504770391E-007  3.520946012452979E-008
          25  0.000000000000000E+000  0.000000000000000E+000
 -5.824831355198967E-009 -1.186466162560511E-008
  7.802356568735774E-008 -8.636234673658994E-008
          26  0.000000000000000E+000  0.000000000000000E+000
 -1.209941438698546E-008 -9.663203370427640E-009
 -4.705718268978263E-008 -9.867353639095555E-008
          27  0.000000000000000E+000  0.000000000000000E+000
 -1.756844729825382E-008 -2.506898931063238E-009
 -1.091019986015864E-007  8.431765339031705E-009
          28  0.000000000000000E+000  0.000000000000000E+000
 -1.813442023781910E-008  9.728769483326552E-009
 -3.195992585975696E-008  1.105984049793381E-007
          29  0.000000000000000E+000  0.000000000000000E+000
 -8.690619570112758E-009  1.983354106787779E-008
  9.526658786561958E-008  8.136606157882315E-008
          30  0.000000000000000E+000  0.000000000000000E+000
  6.344609561713041E-009  2.199645150892919E-008
  1.297851953369171E-007 -5.614127046605940E-008
          31  0.000000000000000E+000  0.000000000000000E+000
  1.843220523088194E-008  1.234305121396535E-008
  1.242482812836326E-008 -1.530549833301838E-007
          32  0.000000000000000E+000  0.000000000000000E+000
  2.047440951888407E-008 -2.004411747900528E-009
 -1.344656562625343E-007 -9.215968329044242E-008
