   409.600000000000     
          32           1           3
  1.124309127438499E-002   38.2589266979224        113.014318541301     
   40.0000000000000        115.000000000000        6211.00000000000     
           0  0.000000000000000E+000  0.000000000000000E+000
  0.000000000000000E+000  0.000000000000000E+000
  0.000000000000000E+000  0.000000000000000E+000
           1  0.000000000000000E+000  0.000000000000000E+000
  1.330308733431699E-008 -4.693097360198227E-009
 -3.769885625239534E-009 -1.150878074570582E-009
           2  0.000000000000000E+000  0.000000000000000E+000
  1.189872250785604E-008 -1.203230727966646E-008
 -7.563629881802938E-009 -1.436312490611179E-009
           3  0.000000000000000E+000  0.000000000000000E+000
  4.359874054521826E-009 -1.977267929702549E-008
 -1.348024661941668E-008  4.465646360271544E-009
           4  0.000000000000000E+000  0.000000000000000E+000
 -9.473985978608927E-009 -2.132603955642490E-008
 -1.231264407157017E-008  1.918271576771590E-008
           5  0.000000000000000E+000  0.000000000000000E+000
 -2.228613684645083E-008 -1.194152531069435E-008
  6.534242085551759E-009  3.185223587621330E-008
           6  0.000000000000000E+000  0.000000000000000E+000
 -2.621323005926809E-008  4.765279130646314E-009
  3.595226053438552E-008  2.258106715999540E-008
           7  0.000000000000000E+000  0.000000000000000E+000
 -1.732924393270680E-008  2.019559177322261E-008
  4.993699746562052E-008 -1.453860357708570E-008
           8  0.000000000000000E+000  0.000000000000000E+000
 -1.398591802191352E-009  2.577058566218810E-008
  2.437506605188994E-008 -5.426102858499192E-008
           9  0.000000000000000E+000  0.000000000000000E+000
  1.315960551322962E-008  1.961558828084413E-008
 -2.923291013086623E-008 -5.813787400827379E-008
          10  0.000000000000000E+000  0.000000000000000E+000
  1.972534136922358E-008  9.013887762864697E-009
 -6.530552790344470E-008 -1.284240299166265E-008
          11  0.000000000000000E+000  0.000000000000000E+000
  2.024594493698443E-008 -2.099240750293248E-009
 -4.867641553733039E-008  4.370558383591718E-008
          12  0.000000000000000E+000  0.000000000000000E+000
  1.657686333995350E-008 -1.082125121636353E-008
  8.233539817136472E-009  6.085543476664204E-008
          13  0.000000000000000E+000  0.000000000000000E+000
  9.976020963874675E-009 -1.790568010046575E-008
  5.049014243459802E-008  2.204850606464766E-008
          14  0.000000000000000E+000  0.000000000000000E+000
  4.084045040482987E-010 -2.307816628609920E-008
  3.679114365849866E-008 -3.217357186816776E-008
          15  0.000000000000000E+000  0.000000000000000E+000
 -1.408312243787287E-008 -2.203865514661807E-008
 -1.649525219307096E-008 -4.205985663405729E-008
          16  0.000000000000000E+000  0.000000000000000E+000
 -2.711826376698299E-008 -1.052108078747746E-008
 -4.832388408315717E-008  3.691491433973385E-009
          17  0.000000000000000E+000  0.000000000000000E+000
 -3.040522576939191E-008  8.831315408163949E-009
 -1.654625396885519E-008  5.662183163228657E-008
          18  0.000000000000000E+000  0.000000000000000E+000
 -1.923497002530737E-008  2.776040759004221E-008
  5.427604359281963E-008  4.998291628026363E-008
          19  0.000000000000000E+000  0.000000000000000E+000
  3.022925178615336E-009  3.437256436214186E-008
  8.624041954833368E-008 -2.625544340291604E-008
          20  0.000000000000000E+000  0.000000000000000E+000
  2.503595348839381E-008  2.384054735503072E-008
  2.809374241119420E-008 -1.032334465826364E-007
          21  0.000000000000000E+000  0.000000000000000E+000
  3.227192692397861E-008  2.113251051329507E-009
 -7.959018922255474E-008 -8.939585935620020E-008
          22  0.000000000000000E+000  0.000000000000000E+000
  2.399186170261992E-008 -1.750790598708416E-008
 -1.283061696863838E-007  1.834387695390581E-008
          23  0.000000000000000E+000  0.000000000000000E+000
  7.252009352937016E-009 -2.424482380023803E-008
 -5.655454864260737E-008  1.214565452318335E-007
          24  0.000000000000000E+000  0.000000000000000E+000
 -6.772177474046537E-009 -2.082700029470254E-008
  7.137241983558627E-008  1.146618341675058E-007
          25  0.000000000000000E+000  0.000000000000000E+000
 -1.228305865882623E-008 -1.184297039574736E-008
  1.325320274680963E-007 -3.696532350496271E-009
          26  0.000000000000000E+000  0.000000000000000E+000
 -1.470626575493753E-008 -6.134398792614479E-009
  5.840431671267936E-008 -1.103721698864369E-007
          27  0.000000000000000E+000  0.000000000000000E+000
 -1.632845039250874E-008 -6.461636278102482E-010
 -6.813618201521433E-008 -9.734583113133248E-008
          28  0.000000000000000E+000  0.000000000000000E+000
 -1.777638726523997E-008  8.220539639840009E-009
 -1.115922785294651E-007  2.000846002275682E-008
          29  0.000000000000000E+000  0.000000000000000E+000
 -1.197681788279462E-008  1.852910803509647E-008
 -2.896515850656003E-008  1.105847896742609E-007
          30  0.000000000000000E+000  0.000000000000000E+000
  1.663219652303577E-009  2.552703703923003E-008
  9.528495402154514E-008  7.515224974276470E-008
          31  0.000000000000000E+000  0.000000000000000E+000
  1.837186927995321E-008  2.009620412744904E-008
  1.176905541948158E-007 -5.638358570021768E-008
          32  0.000000000000000E+000  0.000000000000000E+000
  2.756993315486102E-008  3.862278377913960E-009
  6.947188735359328E-009 -1.419923651368206E-007
