   409.600000000000     
          32           1           3
  1.124309127438499E-002   37.5915398688748        114.847807402731     
   40.0000000000000        115.000000000000        6211.00000000000     
           0  0.000000000000000E+000  0.000000000000000E+000
  0.000000000000000E+000  0.000000000000000E+000
  0.000000000000000E+000  0.000000000000000E+000
           1  0.000000000000000E+000  0.000000000000000E+000
  1.713525868811175E-008 -6.169742801202035E-009
 -2.981587821632339E-010 -7.561966013116293E-011
           2  0.000000000000000E+000  0.000000000000000E+000
  1.511320774833389E-008 -1.573828346557466E-008
 -5.791095450657719E-010 -7.248677453737858E-011
           3  0.000000000000000E+000  0.000000000000000E+000
  5.003134799050110E-009 -2.551066853804424E-008
 -9.811451395235522E-010  4.040572537003809E-010
           4  0.000000000000000E+000  0.000000000000000E+000
 -1.292698526371522E-008 -2.679057069458736E-008
 -7.921552720908500E-010  1.487466102482010E-009
           5  0.000000000000000E+000  0.000000000000000E+000
 -2.863274166205123E-008 -1.397246196523617E-008
  6.956903668836213E-010  2.274624461752001E-009
           6  0.000000000000000E+000  0.000000000000000E+000
 -3.229658146119772E-008  7.238301655489054E-009
  2.758280700322420E-009  1.336208612178989E-009
           7  0.000000000000000E+000  0.000000000000000E+000
 -2.015111200280634E-008  2.543766077338119E-008
  3.388663869156217E-009 -1.472804478925749E-009
           8  0.000000000000000E+000  0.000000000000000E+000
 -8.207823851716307E-010  3.083307703374996E-008
  1.127289747514603E-009 -3.981954922125170E-009
           9  0.000000000000000E+000  0.000000000000000E+000
  1.550032605440889E-008  2.286469932370340E-008
 -2.615928190571182E-009 -3.555740095771312E-009
          10  0.000000000000000E+000  0.000000000000000E+000
  2.254079759817661E-008  1.143369445116451E-008
 -4.365871353272547E-009  1.557096385583622E-011
          11  0.000000000000000E+000  0.000000000000000E+000
  2.434752795896459E-008 -4.502316306885825E-010
 -2.340224649310820E-009  3.384201593984057E-009
          12  0.000000000000000E+000  0.000000000000000E+000
  2.235135945658083E-008 -1.139927316173632E-008
  1.522180227692359E-009  3.354583319654404E-009
          13  0.000000000000000E+000  0.000000000000000E+000
  1.538324453376578E-008 -2.276044431573138E-008
  3.155583487697164E-009  8.582769704021771E-011
          14  0.000000000000000E+000  0.000000000000000E+000
  1.773318473949139E-009 -3.184340438033006E-008
  9.127388046214193E-010 -2.688206773991984E-009
          15  0.000000000000000E+000  0.000000000000000E+000
 -1.966448656955214E-008 -3.033074523969040E-008
 -2.497786695465792E-009 -1.548423220971998E-009
          16  0.000000000000000E+000  0.000000000000000E+000
 -3.754734698957168E-008 -1.278185101781870E-008
 -2.756955598125847E-009  2.342546567836204E-009
          17  0.000000000000000E+000  0.000000000000000E+000
 -3.961098873283722E-008  1.454495872857836E-008
  1.226650721276209E-009  4.494760905178787E-009
          18  0.000000000000000E+000  0.000000000000000E+000
 -2.169584213406984E-008  3.796856728010860E-008
  5.615603107258224E-009  1.456529369044706E-009
          19  0.000000000000000E+000  0.000000000000000E+000
  7.917181303586707E-009  4.245531535321043E-008
  5.024089118319386E-009 -4.716645477782288E-009
          20  0.000000000000000E+000  0.000000000000000E+000
  3.284383932368198E-008  2.568158526377253E-008
 -1.400527645920506E-009 -7.777088825655891E-009
          21  0.000000000000000E+000  0.000000000000000E+000
  3.722815541022011E-008 -6.763758436993522E-010
 -7.869802515556134E-009 -3.259154713765931E-009
          22  0.000000000000000E+000  0.000000000000000E+000
  2.541157365206307E-008 -2.052709599125261E-008
 -7.265492403506135E-009  5.072843588793127E-009
          23  0.000000000000000E+000  0.000000000000000E+000
  8.235330716275151E-009 -2.534797199118824E-008
  5.734217603293037E-010  8.786969117135388E-009
          24  0.000000000000000E+000  0.000000000000000E+000
 -4.247904337647874E-009 -2.285461084895856E-008
  7.593400278147682E-009  3.839535215930898E-009
          25  0.000000000000000E+000  0.000000000000000E+000
 -1.024383043481697E-008 -1.732758507993087E-008
  6.572504058624725E-009 -4.878850122615118E-009
          26  0.000000000000000E+000  0.000000000000000E+000
 -1.829099540403124E-008 -1.356349854264743E-008
 -1.634910823801342E-009 -7.458950169615545E-009
          27  0.000000000000000E+000  0.000000000000000E+000
 -2.576956129844990E-008 -3.817819844749190E-009
 -7.379607503760732E-009 -1.288002226153345E-009
          28  0.000000000000000E+000  0.000000000000000E+000
 -2.752777892809687E-008  1.367130401030223E-008
 -3.928311064027712E-009  6.587242483292590E-009
          29  0.000000000000000E+000  0.000000000000000E+000
 -1.462555107428341E-008  2.954035606523121E-008
  4.744923671268538E-009  6.731864701246086E-009
          30  0.000000000000000E+000  0.000000000000000E+000
  8.028804280996952E-009  3.468795469790695E-008
  9.113627941835747E-009 -1.588554752796515E-009
          31  0.000000000000000E+000  0.000000000000000E+000
  2.820948609615447E-008  2.118720901191143E-008
  3.080639603440657E-009 -9.608139879222231E-009
          32  0.000000000000000E+000  0.000000000000000E+000
  3.344764395811318E-008 -1.665401006624727E-009
 -7.320217001239036E-009 -7.974154735325787E-009
