   409.600000000000     
          32           1           3
  1.124309127438499E-002   37.1466153161764        116.070133310351     
   40.0000000000000        115.000000000000        6211.00000000000     
           0  0.000000000000000E+000  0.000000000000000E+000
  0.000000000000000E+000  0.000000000000000E+000
  0.000000000000000E+000  0.000000000000000E+000
           1 -2.865551438684783E-007 -5.048589644083604E-009
 -1.140832854953103E-007  1.561457473507071E-008
 -4.928802957175977E-007  7.699150377236974E-008
           2 -5.696291276859363E-007  1.817076651324073E-007
 -1.731779044688647E-007 -7.293672352585297E-009
 -6.666181091846714E-007  2.493203418317333E-007
           3 -4.037684310582449E-007  1.023100919334735E-006
 -3.844544667525733E-007  2.072190144232494E-007
 -6.810212728417900E-007  8.974322667721433E-007
           4  9.839471170438288E-007  1.216305581785908E-006
 -7.563661903728836E-008  7.985206735752337E-007
  1.718119428431006E-007  1.464700083224521E-006
           5  1.827459262530248E-006 -3.890693771781410E-007
  9.477518056298838E-007  5.942564707751340E-007
  1.292004971373372E-006  1.029041541486694E-006
           6  4.779688867284836E-007 -1.916586716390729E-006
  1.098756253811462E-006 -7.064889384674484E-007
  1.640451310868731E-006 -1.619982604797645E-007
           7 -1.474699240657632E-006 -1.219027489836621E-006
 -2.384702351673275E-007 -1.323082848788096E-006
  1.046321176228557E-006 -1.054772089421590E-006
           8 -1.584105416225183E-006  7.824313771166450E-007
 -1.217628651855263E-006 -1.674237312005477E-007
  2.619622428896979E-007 -1.293162035959872E-006
           9  1.542301816239350E-007  1.606873695617683E-006
 -3.120344097727932E-007  9.979126970389387E-007
 -3.054078987478414E-007 -1.147268288211070E-006
          10  1.519454960773839E-006  3.042721827823655E-007
  9.553442619936257E-007  2.573795562321460E-007
 -7.965884484786629E-007 -1.018968729886001E-006
          11  7.363539891982492E-007 -1.499105310374219E-006
  3.194204878481524E-007 -1.205724834633619E-006
 -1.431799482377763E-006 -5.690252101249984E-007
          12 -1.450539119409630E-006 -1.370299608176813E-006
 -1.606294292955383E-006 -7.843444976746303E-007
 -1.753021366599313E-006  4.462827943092448E-007
          13 -2.262540472879515E-006  1.051297405219356E-006
 -1.675258898124099E-006  1.742530505344003E-006
 -1.181913915285629E-006  1.613765032016563E-006
          14 -1.088370042558901E-008  3.149228187910903E-006
  1.294217537512161E-006  2.740895298314855E-006
  1.618113285792927E-007  2.117487119079686E-006
          15  3.564592292292218E-006  1.730319053461386E-006
  3.509477192811186E-006 -2.389126746348267E-007
  1.461649015843832E-006  1.481734014101947E-006
          16  3.697453567851734E-006 -3.096588342249231E-006
  1.136198528649735E-006 -3.645180400095275E-006
  1.963829089988034E-006  2.464954127717612E-007
          17 -1.682327192501106E-006 -5.327426697158116E-006
 -3.146488195621495E-006 -2.359180837354368E-006
  1.628876516359983E-006 -8.756997756392314E-007
          18 -6.189392818043050E-006 -3.208613523795275E-007
 -3.107087389348260E-006  2.288291471351828E-006
  8.565461157680891E-007 -1.563214415449932E-006
          19 -2.384062526597527E-006  6.257790945652294E-006
  1.535735035944762E-006  3.397540729329553E-006
 -1.033188294596068E-007 -1.752484882813789E-006
          20  5.883025208795559E-006  4.140130761634210E-006
  3.448530898829338E-006 -1.120240666394610E-006
 -1.113801412206882E-006 -1.410835312130023E-006
          21  5.618827621375663E-006 -5.447783392620278E-006
 -9.102550340787719E-007 -3.692358146643640E-006
 -1.725432210939299E-006 -5.400785310504162E-007
          22 -5.054630615231877E-006 -7.196634101282715E-006
 -4.339693080092411E-006  6.114955762326435E-007
 -1.692441716270697E-006  5.852290893942379E-007
          23 -9.189657471477453E-006  4.428477507651278E-006
 -1.900917934807465E-007  5.227080935608177E-006
 -1.040096287885172E-006  1.381161747334639E-006
          24  3.053042419892544E-006  1.147743307464566E-005
  5.990541433955238E-006  1.655909755740242E-006
 -3.551581369381252E-008  1.706806313992410E-006
          25  1.347894140544316E-005 -5.619930004585652E-007
  3.545639109284852E-006 -6.120436246489229E-006
  8.268860872882267E-007  1.399745298861478E-006
          26  2.899865511957198E-006 -1.444295116805938E-005
 -5.310159123125369E-006 -5.468593829966770E-006
  1.482131381410824E-006  7.080557176709800E-007
          27 -1.390889881847028E-005 -6.671240884525960E-006
 -6.946967830834472E-006  3.713451119370096E-006
  1.634312930618288E-006 -2.275963540808702E-007
          28 -9.876037827544765E-006  1.198878024163764E-005
  1.687645859981457E-006  7.699645412041782E-006
  1.208478204226770E-006 -1.171051380227874E-006
          29  9.239228055838793E-006  1.196528382188156E-005
  7.825415078982657E-006  2.893549136287361E-007
  2.604186104351036E-007 -1.590644309815306E-006
          30  1.302195051358490E-005 -6.341519816541606E-006
  1.969870838510988E-006 -7.543679296796887E-006
 -7.031920560060986E-007 -1.339730560977664E-006
          31 -3.673025811037002E-006 -1.354813551832159E-005
 -7.097151585274611E-006 -3.523409676271547E-006
 -1.166479363808633E-006 -6.498948778828890E-007
          32 -1.398545437865192E-005  1.099467647344845E-006
 -5.224388468708662E-006  6.521801244801833E-006
 -1.179369224782607E-006 -2.083467369621781E-008
