   409.600000000000     
          32           1           3
  1.124309127438499E-002   36.5237209423986        117.781389581019     
   40.0000000000000        115.000000000000        6211.00000000000     
           0  0.000000000000000E+000  0.000000000000000E+000
  0.000000000000000E+000  0.000000000000000E+000
  0.000000000000000E+000  0.000000000000000E+000
           1  0.000000000000000E+000  0.000000000000000E+000
  6.148663659299311E-009 -3.070351703305453E-009
  3.311173347612479E-009 -4.526733561880756E-010
           2  0.000000000000000E+000  0.000000000000000E+000
  3.788891420532042E-009 -6.685779764129683E-009
  4.295545654019621E-009 -3.042973320164151E-009
           3  0.000000000000000E+000  0.000000000000000E+000
 -1.210741009048464E-009 -7.782152220417258E-009
  1.078326354948273E-009 -7.378758686041791E-009
           4  0.000000000000000E+000  0.000000000000000E+000
 -5.264142801302317E-009 -5.054744903695249E-009
 -6.297010579611346E-009 -5.668168556145026E-009
           5  0.000000000000000E+000  0.000000000000000E+000
 -6.004351118266915E-009 -1.706169276048809E-009
 -6.615957454442646E-009  2.712462279931973E-009
           6  0.000000000000000E+000  0.000000000000000E+000
 -6.564291619547416E-009  7.574976804880508E-010
  4.475397254266067E-010  3.077182695979941E-009
           7  0.000000000000000E+000  0.000000000000000E+000
 -6.113434561722294E-009  4.531163062419313E-009
 -1.589698219323726E-009 -2.587390861848874E-009
           8  0.000000000000000E+000  0.000000000000000E+000
 -2.427622719994446E-009  8.379661140174891E-009
 -8.233700443988438E-009  3.534489435647498E-009
           9  0.000000000000000E+000  0.000000000000000E+000
  3.059246593504255E-009  7.750694610252382E-009
  1.287706798850653E-009  1.214897657410185E-008
          10  0.000000000000000E+000  0.000000000000000E+000
  6.732070778376501E-009  4.896269127731149E-009
  1.156091113631758E-008  3.439514090177780E-009
          11  0.000000000000000E+000  0.000000000000000E+000
  8.249631979595747E-009  8.644251543910203E-010
  4.718095387850368E-009 -6.953788104399486E-009
          12  0.000000000000000E+000  0.000000000000000E+000
  8.341694464059411E-009 -3.923649686787767E-009
 -1.645721348938684E-009 -1.043986115660592E-009
          13  0.000000000000000E+000  0.000000000000000E+000
  4.820614754886114E-009 -8.642013072801522E-009
  4.537974570969694E-009  1.039070873441279E-009
          14  0.000000000000000E+000  0.000000000000000E+000
 -1.635609511225450E-009 -1.068731897967121E-008
  5.907771270840556E-009 -8.797389046273629E-009
          15  0.000000000000000E+000  0.000000000000000E+000
 -7.824076859842594E-009 -7.370604589965390E-009
 -6.727975208886014E-009 -1.126520876835533E-008
          16  0.000000000000000E+000  0.000000000000000E+000
 -1.042795854953328E-008 -1.019303989460799E-009
 -1.397257025252504E-008  5.693271316791285E-010
          17  0.000000000000000E+000  0.000000000000000E+000
 -8.790433102333503E-009  4.834196261700697E-009
 -4.322534743959750E-009  1.125189249491572E-008
          18  0.000000000000000E+000  0.000000000000000E+000
 -4.635278295347366E-009  8.880609431195757E-009
  5.944818668288762E-009  4.082718374101535E-009
          19  0.000000000000000E+000  0.000000000000000E+000
  9.690831198340144E-010  1.017677199728862E-008
 -2.208710371612427E-009 -3.957389531115795E-009
          20  0.000000000000000E+000  0.000000000000000E+000
  7.270794931660872E-009  7.539268937925224E-009
 -6.306789880373077E-009  9.518681151148169E-009
          21  0.000000000000000E+000  0.000000000000000E+000
  9.959508949876837E-009  1.472061284678861E-009
  1.299903846724298E-008  1.216511083963259E-008
          22  0.000000000000000E+000  0.000000000000000E+000
  8.092119498293549E-009 -4.263160008500898E-009
  1.592485316071629E-008 -1.057414183838476E-008
          23  0.000000000000000E+000  0.000000000000000E+000
  4.371876033402701E-009 -7.032418123118587E-009
 -6.003552577664317E-009 -1.511997259683077E-008
          24  0.000000000000000E+000  0.000000000000000E+000
  2.829284461206654E-010 -8.204689478807937E-009
 -1.054565087079443E-008  5.067192955177014E-009
          25  0.000000000000000E+000  0.000000000000000E+000
 -4.097402234910741E-009 -7.546541530124172E-009
  9.474662071403294E-009  5.184163718452403E-009
          26  0.000000000000000E+000  0.000000000000000E+000
 -8.211622268880610E-009 -3.856666683865097E-009
  4.546303771051841E-009 -1.679479836030126E-008
          27  0.000000000000000E+000  0.000000000000000E+000
 -8.415269023173388E-009  1.940780930197452E-009
 -2.201932976682345E-008 -6.412075237963803E-009
          28  0.000000000000000E+000  0.000000000000000E+000
 -5.466614726293475E-009  5.739809399466864E-009
 -9.435579829033091E-009  2.069559939925032E-008
          29  0.000000000000000E+000  0.000000000000000E+000
 -1.808385185263028E-009  7.101966236671060E-009
  1.669173278672668E-008  9.788844291349060E-009
          30  0.000000000000000E+000  0.000000000000000E+000
  1.817430970248342E-009  7.437595544016378E-009
  4.509208029687158E-009 -1.471800648799013E-008
          31  0.000000000000000E+000  0.000000000000000E+000
  6.045842898031957E-009  5.554049717141690E-009
 -1.609880266134318E-008  1.601170360014603E-009
          32  0.000000000000000E+000  0.000000000000000E+000
  8.481783519683297E-009  8.136465318156962E-010
  5.342796969478639E-009  2.304095660791448E-008
