   409.600000000000     
          32           1           3
  1.124309127438499E-002   37.5864779810661        114.569109346467     
   40.0000000000000        115.000000000000        6211.00000000000     
           0  0.000000000000000E+000  0.000000000000000E+000
  0.000000000000000E+000  0.000000000000000E+000
  0.000000000000000E+000  0.000000000000000E+000
           1  0.000000000000000E+000  0.000000000000000E+000
  1.674609276549831E-008 -6.067300723499902E-009
 -8.479070337061759E-010 -2.032259318301970E-010
           2  0.000000000000000E+000  0.000000000000000E+000
  1.470464735899508E-008 -1.545180955250179E-008
 -1.632218145289741E-009 -1.740306524087017E-010
           3  0.000000000000000E+000  0.000000000000000E+000
  4.705718828556327E-009 -2.493809609347030E-008
 -2.723135492087448E-009  1.189276551500553E-009
           4  0.000000000000000E+000  0.000000000000000E+000
 -1.283994297351718E-008 -2.597027645306730E-008
 -2.108193620877091E-009  4.204788829650295E-009
           5  0.000000000000000E+000  0.000000000000000E+000
 -2.793618389439299E-008 -1.323928101529837E-008
  2.116672912204419E-009  6.268527656545848E-009
           6  0.000000000000000E+000  0.000000000000000E+000
 -3.110859525738609E-008  7.365266698057764E-009
  7.759343941871822E-009  3.441462769831768E-009
           7  0.000000000000000E+000  0.000000000000000E+000
 -1.907773976286739E-008  2.463670026886991E-008
  9.169845763795531E-009 -4.419007886696638E-009
           8  0.000000000000000E+000  0.000000000000000E+000
 -5.932347719654020E-010  2.942599962702895E-008
  2.586521473188178E-009 -1.102251754911580E-008
           9  0.000000000000000E+000  0.000000000000000E+000
  1.465352353539611E-008  2.171903118394508E-008
 -7.593538617169088E-009 -9.258480226848253E-009
          10  0.000000000000000E+000  0.000000000000000E+000
  2.122789685734087E-008  1.124604800198846E-008
 -1.168197037396056E-008  7.755671183841318E-010
          11  0.000000000000000E+000  0.000000000000000E+000
  2.343860520593871E-008  2.551607056315438E-010
 -5.487849332894266E-009  9.387389865688970E-009
          12  0.000000000000000E+000  0.000000000000000E+000
  2.225989667616654E-008 -1.052869170730510E-008
  4.797779270668977E-009  8.295426853199740E-009
          13  0.000000000000000E+000  0.000000000000000E+000
  1.571427302782443E-008 -2.235057677183508E-008
  8.071383566987827E-009 -8.859106330546283E-010
          14  0.000000000000000E+000  0.000000000000000E+000
  1.872511194716151E-009 -3.178734523398966E-008
  1.059622827069435E-009 -7.391833552019621E-009
          15  0.000000000000000E+000  0.000000000000000E+000
 -1.983062688212440E-008 -3.001621561748364E-008
 -7.639731766451400E-009 -2.821593863451242E-009
          16  0.000000000000000E+000  0.000000000000000E+000
 -3.735937498944150E-008 -1.200038020338713E-008
 -6.577083065591010E-009  7.969416462521360E-009
          17  0.000000000000000E+000  0.000000000000000E+000
 -3.852749085880859E-008  1.518326553673781E-008
  5.417652897053388E-009  1.218255337237972E-008
          18  0.000000000000000E+000  0.000000000000000E+000
 -2.009579320265573E-008  3.746454825900460E-008
  1.634798963420603E-008  1.893692890957748E-009
          19  0.000000000000000E+000  0.000000000000000E+000
  8.737400018536751E-009  4.060267557738814E-008
  1.220875060487275E-008 -1.497604399999545E-008
          20  0.000000000000000E+000  0.000000000000000E+000
  3.182431258783147E-008  2.361565178629871E-008
 -6.680856682663065E-009 -2.084371056864399E-008
          21  0.000000000000000E+000  0.000000000000000E+000
  3.486859828620048E-008 -1.217839774734393E-009
 -2.254731361095223E-008 -5.890905819807651E-009
          22  0.000000000000000E+000  0.000000000000000E+000
  2.353056344291591E-008 -1.900253023882357E-008
 -1.742458152953224E-008  1.639281323966505E-008
          23  0.000000000000000E+000  0.000000000000000E+000
  8.332939760763186E-009 -2.310738614552883E-008
  5.231607515063153E-009  2.288903623932858E-008
          24  0.000000000000000E+000  0.000000000000000E+000
 -2.584435760160588E-009 -2.178594573972449E-008
  2.147115631103679E-008  6.395458544382919E-009
          25  0.000000000000000E+000  0.000000000000000E+000
 -8.838036970031107E-009 -1.809877013952151E-008
  1.432531302547063E-008 -1.604832339921942E-008
          26  0.000000000000000E+000  0.000000000000000E+000
 -1.844076291284163E-008 -1.475161355022066E-008
 -8.826366836646216E-009 -1.818244548824127E-008
          27  0.000000000000000E+000  0.000000000000000E+000
 -2.679200187062005E-008 -3.813423757659537E-009
 -2.017244812429564E-008  1.710678661662818E-009
          28  0.000000000000000E+000  0.000000000000000E+000
 -2.762319072010540E-008  1.485628205501344E-008
 -5.762845725602753E-009  2.052189788972772E-008
          29  0.000000000000000E+000  0.000000000000000E+000
 -1.319432597632499E-008  3.022971082162563E-008
  1.775443509308752E-008  1.494087661259825E-008
          30  0.000000000000000E+000  0.000000000000000E+000
  9.711140962719564E-009  3.346862857089960E-008
  2.396739110026169E-008 -1.056409363878859E-008
          31  0.000000000000000E+000  0.000000000000000E+000
  2.806884916507432E-008  1.873269942983618E-008
  2.110361576750159E-009 -2.835957559847609E-008
          32  0.000000000000000E+000  0.000000000000000E+000
  3.112041862332440E-008 -3.087982405448182E-009
 -2.500747970250796E-008 -1.689428820945687E-008
