   409.600000000000     
          32           1           3
  1.124309127438499E-002   36.5135971667812        117.223993468490     
   40.0000000000000        115.000000000000        6211.00000000000     
           0  0.000000000000000E+000  0.000000000000000E+000
  0.000000000000000E+000  0.000000000000000E+000
  0.000000000000000E+000  0.000000000000000E+000
           1 -1.594786847934521E-007  4.654046537897728E-008
 -1.054510175242343E-007  6.409849040539885E-008
 -3.732972353925159E-007  8.043949170516196E-008
           2 -1.610469018258636E-007  2.754815509454449E-007
 -8.513893484602693E-008  1.984062801004377E-007
 -4.678498889353319E-007  2.995805123297288E-007
           3  3.194215666155555E-007  3.486623809080259E-007
  2.615029439422962E-007  3.663692359856918E-007
 -2.004658564448538E-007  7.490338878216235E-007
           4  3.972209092237528E-007 -2.811250233467984E-007
  7.187521820714443E-007 -2.402465772772275E-007
  4.509072454836418E-007  6.526826415349956E-007
           5 -2.056955737395261E-007 -2.730474171485385E-007
 -1.085568378095683E-007 -1.014077221057539E-006
  5.937131245762958E-007  1.809876779705671E-007
           6 -2.710504528169526E-008  1.692549171268913E-007
 -1.110607179680301E-006 -8.444756037151528E-008
  5.257852539646016E-007  9.739493370214780E-011
           7  2.065374380839682E-007 -2.371561677404485E-007
 -2.146390817330428E-007  9.854403845542186E-007
  6.511688915173896E-007 -2.262678826165180E-007
           8 -3.924076005872937E-007 -2.889912632708642E-007
  7.554398528759790E-007  1.578565812756531E-007
  4.678677382014355E-007 -7.698357228013049E-007
           9 -3.421458629750717E-007  3.727796515742003E-007
 -7.843266631512347E-008 -6.347417067610875E-007
 -1.912816597751080E-007 -9.139596148550098E-007
          10  2.112101349200048E-007  2.654406539193109E-007
 -7.904232088231631E-007  3.390140376416929E-007
 -6.724311929670572E-007 -5.656449364467153E-007
          11 -1.369272480190299E-008 -1.517317369890006E-008
  3.816609576838151E-007  1.184522263301480E-006
 -7.934767641816209E-007 -1.309477160435605E-007
          12  8.510328140887604E-008  4.783575219748427E-007
  1.616702827274612E-006  1.925827269103373E-008
 -8.121825235202323E-007  2.248127912138278E-007
          13  1.028683154457255E-006  6.825007666722512E-009
  8.121058055011148E-007 -1.870432701019124E-006
 -6.961188939720516E-007  7.178574241833901E-007
          14  2.926820139971394E-007 -1.521294884047339E-006
 -1.755141885492534E-006 -1.716130671291398E-006
 -1.292810553211377E-007  1.208267898693512E-006
          15 -1.844977085210469E-006 -6.640963692488485E-007
 -2.404740206954311E-006  1.289199580333455E-006
  8.019964822208038E-007  1.075363287426242E-006
          16 -9.492635978581868E-007  1.959547188926823E-006
  6.963225955648330E-007  2.699813979823133E-006
  1.323602252029493E-006  2.068402162658553E-007
          17  1.944712111718711E-006  9.961206267674046E-007
  2.659569374991501E-006 -3.179081971905273E-007
  1.026593080666789E-006 -6.539413259198857E-007
          18  7.303795082210458E-007 -1.953603024704258E-006
 -4.345118391795742E-007 -2.463926790046795E-006
  3.773668089409341E-007 -9.928845327470063E-007
          19 -2.134621852262696E-006 -2.026693436399415E-007
 -2.331941609796306E-006  1.007133680028030E-006
 -1.176493885132774E-007 -9.306745022447829E-007
          20  4.273585119182799E-007  2.562656969440046E-006
  1.849812626943091E-006  2.442093934751940E-006
 -5.863476009439325E-007 -8.104482718153473E-007
          21  3.189922367957841E-006 -9.903390057294663E-007
  2.751770195562533E-006 -2.653073425498360E-006
 -1.072133159416103E-006 -3.538017105524984E-007
          22 -1.405916167378485E-006 -3.824496932738180E-006
 -3.140728761447501E-006 -3.143942715826735E-006
 -1.035278891873064E-006  4.938451168470748E-007
          23 -4.164983530624404E-006  1.685146824466763E-006
 -3.426470462058971E-006  3.258467795118320E-006
 -3.737346208471129E-007  9.023021654109617E-007
          24  1.904909686456145E-006  3.991629923426461E-006
  3.044237678478472E-006  3.410301773954411E-006
  1.314475865791753E-007  7.263149851835704E-007
          25  3.252271699224640E-006 -2.198477510735305E-006
  3.040112952345808E-006 -2.707613675956049E-006
  2.611348622518868E-007  6.141205216819919E-007
          26 -2.652820133623940E-006 -2.106914981062253E-006
 -2.439793089248322E-006 -2.295428918766690E-006
  6.532820848812359E-007  5.586649715538597E-007
          27 -8.731899626455110E-007  3.293577916082073E-006
 -1.354546410580363E-006  2.321640455295701E-006
  1.013270815195286E-006  6.788502328302296E-009
          28  4.000044707559098E-006 -1.961952025547612E-007
  2.432785532377506E-006  5.333239975867526E-007
  7.301656399004920E-007 -6.959429933035720E-007
          29 -8.944324104732836E-007 -4.472863612350981E-006
  2.300260228704176E-008 -2.730710948250811E-006
  1.167673623513778E-007 -8.337972368072191E-007
          30 -4.492615390437941E-006  1.173272577975389E-006
 -3.020035170192392E-006  2.607916940858255E-008
 -2.343927569030286E-007 -6.886694114387172E-007
          31  1.207174241597761E-006  3.945360059848243E-006
 -2.921444552138805E-007  3.111328794384227E-006
 -5.177683407218507E-007 -5.509781499429243E-007
          32  2.921901505588084E-006 -1.238150874797336E-006
  2.823360145322634E-006  7.188602630145028E-007
 -8.193798073249058E-007 -2.189447554188170E-007
