   409.600000000000     
          32           1           3
  1.124309127438499E-002   40.5919781754134        118.016378379049     
   40.0000000000000        115.000000000000        6211.00000000000     
           0  0.000000000000000E+000  0.000000000000000E+000
  0.000000000000000E+000  0.000000000000000E+000
  0.000000000000000E+000  0.000000000000000E+000
           1  0.000000000000000E+000  0.000000000000000E+000
 -4.607482482177713E-009  1.648259592921418E-009
  5.630367223218884E-009  1.514321654076799E-009
           2  0.000000000000000E+000  0.000000000000000E+000
 -4.082226684654178E-009  4.211462192107808E-009
  1.104277689140309E-008  1.601394421921888E-009
           3  0.000000000000000E+000  0.000000000000000E+000
 -1.397746608067394E-009  6.856794357354664E-009
  1.901100030408130E-008 -7.340292837713110E-009
           4  0.000000000000000E+000  0.000000000000000E+000
  3.415508074923201E-009  7.263043361009658E-009
  1.599695706618109E-008 -2.826420655470042E-008
           5  0.000000000000000E+000  0.000000000000000E+000
  7.708929529668585E-009  3.876725336840218E-009
 -1.212897886044212E-008 -4.437117793737859E-008
           6  0.000000000000000E+000  0.000000000000000E+000
  8.812107424889025E-009 -1.857806056573475E-009
 -5.263518643569707E-008 -2.780710185439219E-008
           7  0.000000000000000E+000  0.000000000000000E+000
  5.599170734991988E-009 -6.896876944028003E-009
 -6.727550649931272E-008  2.606058329571282E-008
           8  0.000000000000000E+000  0.000000000000000E+000
  2.919216858481928E-010 -8.493051840723222E-009
 -2.580560926720159E-008  7.717013071242974E-008
           9  0.000000000000000E+000  0.000000000000000E+000
 -4.301538236177293E-009 -6.339968697719322E-009
  4.798269130495581E-008  7.320738811111129E-008
          10  0.000000000000000E+000  0.000000000000000E+000
 -6.298450916113705E-009 -3.070358457589913E-009
  8.739365440787916E-008  5.285937236962150E-009
          11  0.000000000000000E+000  0.000000000000000E+000
 -6.670571236306004E-009  3.182107138646653E-010
  5.273183646135167E-008 -6.499736446040970E-008
          12  0.000000000000000E+000  0.000000000000000E+000
 -5.905569229327779E-009  3.260999069905964E-009
 -2.458689898591301E-008 -7.205052737619357E-008
          13  0.000000000000000E+000  0.000000000000000E+000
 -3.929456534576446E-009  6.115287350397187E-009
 -6.531322990620327E-008 -1.044660075372170E-008
          14  0.000000000000000E+000  0.000000000000000E+000
 -4.051394761094929E-010  8.373561464618908E-009
 -2.855420726823613E-008  5.134099473770897E-008
          15  0.000000000000000E+000  0.000000000000000E+000
  5.130940933737479E-009  8.018803767802685E-009
  4.185498123524781E-008  4.015920191969322E-008
          16  0.000000000000000E+000  0.000000000000000E+000
  9.886644136546520E-009  3.543744209612601E-009
  5.982560725797875E-008 -3.360317532290199E-008
          17  0.000000000000000E+000  0.000000000000000E+000
  1.066036695497624E-008 -3.632342423812821E-009
 -8.791117061452331E-009 -8.713028995771220E-008
          18  0.000000000000000E+000  0.000000000000000E+000
  6.129681174884355E-009 -1.006312767836052E-008
 -1.009331244955508E-007 -4.301438877202417E-008
          19  0.000000000000000E+000  0.000000000000000E+000
 -1.810053682212937E-009 -1.162623160198491E-008
 -1.078050955152365E-007  7.575503163176033E-008
          20  0.000000000000000E+000  0.000000000000000E+000
 -8.848585896834687E-009 -7.339417082680977E-009
  6.041553630353584E-009  1.527906404037554E-007
          21  0.000000000000000E+000  0.000000000000000E+000
 -1.042138188335916E-008 -4.332187315551606E-011
  1.435542897101835E-007  8.509569763978226E-008
          22  0.000000000000000E+000  0.000000000000000E+000
 -7.259428221202112E-009  5.766392929048246E-009
  1.576379834720441E-007 -7.811521448432140E-008
          23  0.000000000000000E+000  0.000000000000000E+000
 -2.214868998090931E-009  7.315554430067387E-009
  1.713287193834404E-008 -1.762533692919736E-007
          24  0.000000000000000E+000  0.000000000000000E+000
  1.571151601485256E-009  6.393328000948464E-009
 -1.383719364114621E-007 -1.045718552869985E-007
          25  0.000000000000000E+000  0.000000000000000E+000
  3.167590820656225E-009  4.390399062130595E-009
 -1.519240242882683E-007  7.082870238995023E-008
          26  0.000000000000000E+000  0.000000000000000E+000
  4.855671216526862E-009  3.176979082768906E-009
 -2.932764298875427E-009  1.561219924838332E-007
          27  0.000000000000000E+000  0.000000000000000E+000
  6.477920747636102E-009  8.890031486093145E-010
  1.368372013257669E-007  6.330479135951431E-008
          28  0.000000000000000E+000  0.000000000000000E+000
  7.092759346283080E-009 -3.311329428779906E-009
  1.091059495487671E-007 -1.031627656741249E-007
          29  0.000000000000000E+000  0.000000000000000E+000
  4.138104921117623E-009 -7.488145293505720E-009
 -5.286717728930108E-008 -1.492000441583329E-007
          30  0.000000000000000E+000  0.000000000000000E+000
 -1.616096026626735E-009 -9.315773163894911E-009
 -1.750876144207496E-007 -1.523050600294345E-008
          31  0.000000000000000E+000  0.000000000000000E+000
 -7.310680092826623E-009 -6.205572399913003E-009
 -1.020894989961771E-007  1.624138272753304E-007
          32  0.000000000000000E+000  0.000000000000000E+000
 -9.325992930537903E-009 -6.640456572444151E-011
  9.890828111807793E-008  1.825397919317188E-007
