   409.600000000000     
          32           1           3
  1.124309127438499E-002   41.7690295636640        115.953123244295     
   40.0000000000000        115.000000000000        6211.00000000000     
           0  0.000000000000000E+000  0.000000000000000E+000
  0.000000000000000E+000  0.000000000000000E+000
  0.000000000000000E+000  0.000000000000000E+000
           1 -2.033775709692271E-006  4.660689291102611E-007
 -1.227152413727833E-006  1.866418031163566E-007
  2.784784618789626E-007  8.129139432407659E-009
           2 -2.260882119738954E-006  1.567693160762878E-006
 -1.519898397960339E-006  5.288040582746293E-007
  4.360825400510604E-007  4.978534695936692E-008
           3 -1.272517378889773E-006  3.281979902127269E-006
 -1.741161415024132E-006  1.624074195063919E-006
  7.819009200010591E-007 -2.463917174872966E-007
           4  1.280522687842333E-006  3.821268008745489E-006
 -6.501371311279381E-007  3.202275728656264E-006
  7.284969505783857E-007 -1.004081510080393E-006
           5  3.609615811017981E-006  2.051653283800402E-006
  1.977317159993411E-006  3.491167845422350E-006
 -8.393291951620442E-008 -1.670293360358927E-006
           6  3.810670065536106E-006 -8.632105539779785E-007
  4.267866897770977E-006  1.277148887098308E-006
 -1.414594071350806E-006 -1.496951492380979E-006
           7  1.892661479024806E-006 -2.787310023479920E-006
  3.968447174058268E-006 -2.222781817206586E-006
 -2.372049861287431E-006 -2.913589095810492E-007
           8 -4.625385546796016E-007 -2.560490572517768E-006
  8.722831864225656E-007 -4.188642919706051E-006
 -2.266190257052264E-006  1.456418679421918E-006
           9 -1.466583938446033E-006 -8.457593663562633E-007
 -2.453659803345735E-006 -2.721656504910069E-006
 -9.303022432474172E-007  2.767014454619902E-006
          10 -5.746460522923823E-007  5.428594626986837E-007
 -2.890023921956972E-006  7.913281491104621E-007
  1.074519263497781E-006  2.982476721188533E-006
          11  8.734837683529476E-007  2.349743741731902E-007
  1.293418330668004E-007  2.845716283367198E-006
  2.878875544916653E-006  1.766768019225311E-006
          12  1.183769208080724E-006 -1.341235401067039E-006
  3.676646698843834E-006  7.398449994485513E-007
  3.527057468197403E-006 -4.228965255830139E-007
          13 -1.427082084124971E-007 -2.646775485898680E-006
  3.422990950800703E-006 -4.212825928968192E-006
  2.616138425971429E-006 -2.609680509670948E-006
          14 -2.342264871915777E-006 -2.572993930521962E-006
 -1.899734110721000E-006 -7.109665098469046E-006
  4.562050930623784E-007 -3.880078663210892E-006
          15 -4.221066356755456E-006 -7.342827813566132E-007
 -8.452937439199556E-006 -3.887340367027865E-006
 -2.205812786505341E-006 -3.369567009814264E-006
          16 -4.429650560338891E-006  2.332841780929521E-006
 -1.001970857857751E-005  4.448198830259760E-006
 -3.879492813625362E-006 -1.149676864921330E-006
          17 -2.419751838325089E-006  5.110988629723226E-006
 -3.842521441120547E-006  1.154346805165064E-005
 -3.640212687133064E-006  1.571974511208395E-006
          18  1.309192120828197E-006  6.125737877943328E-006
  6.248711020994521E-006  1.116796571415743E-005
 -1.737331504093959E-006  3.425817518877439E-006
          19  5.250392899547247E-006  4.270299762078888E-006
  1.231133959988247E-005  2.836133972246392E-006
  8.128280530804876E-007  3.504738985530366E-006
          20  6.926733810760648E-006 -2.178514049441600E-007
  9.508723175346432E-006 -6.697672361032265E-006
  2.636967831722792E-006  1.962199173224039E-006
          21  4.707357425372805E-006 -4.524500084734231E-006
  8.455420983648956E-007 -9.826030833274389E-006
  2.796396494492103E-006 -6.487660887601630E-008
          22  3.664029453256207E-007 -5.461654827434416E-006
 -5.433005617795987E-006 -4.839765797508671E-006
  1.870362685362501E-006 -1.421355298552764E-006
          23 -2.339044753800030E-006 -3.069663396614763E-006
 -4.051867809433126E-006  1.740092140924566E-006
  6.639558593024216E-007 -1.702437539752056E-006
          24 -1.656190703685971E-006 -4.493137998370319E-007
  2.002010981122843E-006  2.274679926888645E-006
 -8.168194439724064E-008 -1.487585484297851E-006
          25  6.544087284862130E-007 -9.151435233082542E-007
  4.091196910879021E-006 -3.738717285983629E-006
 -3.467530918909342E-007 -1.215185729846245E-006
          26 -5.393604605713229E-009 -4.294838633396729E-006
 -1.852472046581248E-006 -9.256999421752014E-006
 -8.290682115203507E-007 -1.279722803169548E-006
          27 -5.254945612262301E-006 -5.392398589416414E-006
 -1.181389634235725E-005 -5.973588551114655E-006
 -1.581021862667087E-006 -9.801874500734989E-007
          28 -1.057990722849535E-005 -1.831179106316068E-008
 -1.542332938370362E-005  6.260580013672430E-006
 -2.312776302076884E-006  4.462193522889505E-009
          29 -9.054519311245275E-006  9.309744524825057E-006
 -6.415330894579644E-006  1.823620554797035E-005
 -2.233360481521144E-006  1.543134410055831E-006
          30  4.183488132645294E-007  1.459373391399930E-005
  9.836754314300060E-006  1.849217789609158E-005
 -9.431000584719348E-007  3.042076992700828E-006
          31  1.109807310293661E-005  1.033706931744832E-005
  2.098301140479911E-005  5.549652029080355E-006
  1.334961254666918E-006  3.260413133363199E-006
          32  1.479824333110240E-005 -4.754350516105804E-007
  1.817519724121046E-005 -1.160589960989782E-005
  3.338096800046291E-006  1.714987908972180E-006
