   409.600000000000     
          32           1           3
  1.124309127438499E-002   41.6547352140809        114.804098144496     
   40.0000000000000        115.000000000000        6211.00000000000     
           0  0.000000000000000E+000  0.000000000000000E+000
  0.000000000000000E+000  0.000000000000000E+000
  0.000000000000000E+000  0.000000000000000E+000
           1  0.000000000000000E+000  0.000000000000000E+000
 -2.633593299900388E-008  7.759636360684497E-009
  5.021069099990355E-011 -3.439562763277763E-010
           2  0.000000000000000E+000  0.000000000000000E+000
 -2.587028866945211E-008  2.049542753686468E-008
 -3.832599361809278E-010 -8.185357675630934E-010
           3  0.000000000000000E+000  0.000000000000000E+000
 -1.621117029262922E-008  3.695430082535506E-008
 -1.554397132779249E-009 -8.565064614558108E-010
           4  0.000000000000000E+000  0.000000000000000E+000
  7.060353005666500E-009  4.790564841629277E-008
 -2.935445363034201E-009  5.108566115832342E-010
           5  0.000000000000000E+000  0.000000000000000E+000
  3.775773316756346E-008  4.147317053005851E-008
 -2.823931792505411E-009  3.443478587476003E-009
           6  0.000000000000000E+000  0.000000000000000E+000
  6.268179641119733E-008  1.364918501073576E-008
  1.916175444725265E-010  6.214016586814803E-009
           7  0.000000000000000E+000  0.000000000000000E+000
  6.494225079562720E-008 -2.938620225774839E-008
  5.738954169971988E-009  5.929800999565428E-009
           8  0.000000000000000E+000  0.000000000000000E+000
  3.746414972859485E-008 -6.869346344067273E-008
  1.044758070199413E-008  6.147291304952134E-010
           9  0.000000000000000E+000  0.000000000000000E+000
 -1.341237365797720E-008 -8.228783626887464E-008
  9.866788005765224E-009 -8.297674435403823E-009
          10  0.000000000000000E+000  0.000000000000000E+000
 -6.446664542999960E-008 -6.088698661122775E-008
  1.728392690357080E-009 -1.522542564013906E-008
          11  0.000000000000000E+000  0.000000000000000E+000
 -9.284865246567192E-008 -7.744747555334935E-009
 -1.089417956932456E-008 -1.424824277796037E-008
          12  0.000000000000000E+000  0.000000000000000E+000
 -7.944958409357820E-008  5.370325979553827E-008
 -2.029965448946238E-008 -2.880961346098588E-009
          13  0.000000000000000E+000  0.000000000000000E+000
 -2.764167529551539E-008  9.282583122674545E-008
 -1.842494266083557E-008  1.379384756874210E-008
          14  0.000000000000000E+000  0.000000000000000E+000
  3.631552517158726E-008  8.919767933217444E-008
 -3.417749485474072E-009  2.502783557482105E-008
          15  0.000000000000000E+000  0.000000000000000E+000
  8.309275298852816E-008  4.477501525257238E-008
  1.683380205887185E-008  2.158260913805805E-008
          16  0.000000000000000E+000  0.000000000000000E+000
  8.824188160347567E-008 -1.798823432070736E-008
  2.904521694904754E-008  2.874792515211977E-009
          17  0.000000000000000E+000  0.000000000000000E+000
  5.243433329966739E-008 -6.416888740913462E-008
  2.292296142629750E-008 -2.021651058734953E-008
          18  0.000000000000000E+000  0.000000000000000E+000
  1.140144427307722E-009 -7.421515550869919E-008
  5.317304744066104E-010 -3.147505072327079E-008
          19  0.000000000000000E+000  0.000000000000000E+000
 -3.743463410376340E-008 -5.103684680020816E-008
 -2.351841336250320E-008 -2.164161809712349E-008
          20  0.000000000000000E+000  0.000000000000000E+000
 -5.004392369482885E-008 -1.757086180952085E-008
 -3.164025570464077E-008  3.494246579263220E-009
          21  0.000000000000000E+000  0.000000000000000E+000
 -4.088184595541318E-008  7.329998762858602E-009
 -1.758352728231499E-008  2.607102515335052E-008
          22  0.000000000000000E+000  0.000000000000000E+000
 -2.944376887664829E-008  1.843439562873092E-008
  8.637342818882406E-009  2.938044845453072E-008
          23  0.000000000000000E+000  0.000000000000000E+000
 -2.168306369446858E-008  2.376463701180031E-008
  2.754483248188028E-008  1.142382542740013E-008
          24  0.000000000000000E+000  0.000000000000000E+000
 -1.455563716321740E-008  3.542715127727548E-008
  2.505978306880395E-008 -1.423589082730711E-008
          25  0.000000000000000E+000  0.000000000000000E+000
  3.112541452961698E-009  4.436594471096124E-008
  4.136976712173802E-009 -2.782739681205089E-008
          26  0.000000000000000E+000  0.000000000000000E+000
  3.186095972827668E-008  4.350809238481333E-008
 -1.948719740733364E-008 -1.993683902099840E-008
          27  0.000000000000000E+000  0.000000000000000E+000
  5.758156701066114E-008  1.988426202872969E-008
 -2.783353718739449E-008  3.266456400934830E-009
          28  0.000000000000000E+000  0.000000000000000E+000
  6.572717600348658E-008 -2.018175720136374E-008
 -1.489091405219388E-008  2.474828841980729E-008
          29  0.000000000000000E+000  0.000000000000000E+000
  4.227117842531576E-008 -5.975631349267165E-008
  1.051364980281529E-008  2.797631543178722E-008
          30  0.000000000000000E+000  0.000000000000000E+000
 -2.683974993129997E-009 -7.801255665138221E-008
  2.982550247625863E-008  1.023130144734264E-008
          31  0.000000000000000E+000  0.000000000000000E+000
 -5.180840822368136E-008 -6.177466184399474E-008
  2.863438855685876E-008 -1.715283060177722E-008
          32  0.000000000000000E+000  0.000000000000000E+000
 -8.010284591380817E-008 -1.700654036802877E-008
  6.194367175822972E-009 -3.491875087478320E-008
