   409.600000000000     
          32           1           3
  1.124309127438499E-002   41.0763332955730        116.393121824402     
   40.0000000000000        115.000000000000        6211.00000000000     
           0  0.000000000000000E+000  0.000000000000000E+000
  0.000000000000000E+000  0.000000000000000E+000
  0.000000000000000E+000  0.000000000000000E+000
           1  0.000000000000000E+000  0.000000000000000E+000
 -2.069243810879873E-008  5.839206356751632E-009
 -2.270555814582695E-009  3.147669198745276E-009
           2  0.000000000000000E+000  0.000000000000000E+000
 -2.065312553840252E-008  1.548403713762535E-008
  7.926995701089419E-010  7.815606836916435E-009
           3  0.000000000000000E+000  0.000000000000000E+000
 -1.396120485756158E-008  2.836949950435479E-008
  1.019832626553078E-008  1.008028130971277E-008
           4  0.000000000000000E+000  0.000000000000000E+000
  3.218612611442223E-009  3.799234737658730E-008
  2.337232541498351E-008  1.914497231852456E-009
           5  0.000000000000000E+000  0.000000000000000E+000
  2.730112681588296E-008  3.521990866366263E-008
  2.801140803982274E-008 -2.045939731939002E-008
           6  0.000000000000000E+000  0.000000000000000E+000
  4.908222181748783E-008  1.569132346408960E-008
  1.107469547419851E-008 -4.716478865554094E-008
           7  0.000000000000000E+000  0.000000000000000E+000
  5.522604328046426E-008 -1.795535309378488E-008
 -3.062687700426918E-008 -5.687746264272486E-008
           8  0.000000000000000E+000  0.000000000000000E+000
  3.779680527458459E-008 -5.262405274431345E-008
 -7.764138281393381E-008 -2.850207730307154E-008
           9  0.000000000000000E+000  0.000000000000000E+000
 -1.756222483588559E-009 -7.041223891573744E-008
 -9.540775165551914E-008  3.884817806017341E-008
          10  0.000000000000000E+000  0.000000000000000E+000
 -4.754317308981674E-008 -6.003907762818444E-008
 -5.387397903083655E-008  1.120277392550020E-007
          11  0.000000000000000E+000  0.000000000000000E+000
 -8.007212948967046E-008 -1.913264507281341E-008
  4.304253666217834E-008  1.415964192390787E-007
          12  0.000000000000000E+000  0.000000000000000E+000
 -7.874717941517655E-008  3.693736388978805E-008
  1.493096482853325E-007  8.608613707007359E-008
          13  0.000000000000000E+000  0.000000000000000E+000
 -3.918141620923277E-008  8.147028941153051E-008
  1.919670160437495E-007 -4.610584460410191E-008
          14  0.000000000000000E+000  0.000000000000000E+000
  2.129416008775543E-008  9.038987718783234E-008
  1.195695542374814E-007 -1.863899415894062E-007
          15  0.000000000000000E+000  0.000000000000000E+000
  7.527717160875095E-008  5.657349379815456E-008
 -4.862989743624125E-008 -2.406632415712645E-007
          16  0.000000000000000E+000  0.000000000000000E+000
  9.328081297569150E-008 -5.538282584518287E-009
 -2.222639309799278E-007 -1.498250633564891E-007
          17  0.000000000000000E+000  0.000000000000000E+000
  6.539561753967943E-008 -6.222460848555023E-008
 -2.822513415938978E-007  5.508085075087695E-008
          18  0.000000000000000E+000  0.000000000000000E+000
  9.476993259390245E-009 -8.498529066579193E-008
 -1.682520469199413E-007  2.528309741511071E-007
          19  0.000000000000000E+000  0.000000000000000E+000
 -4.327328983084899E-008 -6.524800686402916E-008
  6.609808005447072E-008  3.090785620183397E-007
          20  0.000000000000000E+000  0.000000000000000E+000
 -6.731611513064131E-008 -2.085619758125082E-008
  2.738356502004994E-007  1.717186637319484E-007
          21  0.000000000000000E+000  0.000000000000000E+000
 -5.606415829487529E-008  2.156455161700764E-008
  3.168625005110964E-007 -7.975900506291383E-008
          22  0.000000000000000E+000  0.000000000000000E+000
 -2.736493953935292E-008  4.220110656386062E-008
  1.605554592531797E-007 -2.828259728006105E-007
          23  0.000000000000000E+000  0.000000000000000E+000
  3.713701686037580E-010  3.960309582980790E-008
 -9.393397506384258E-008 -3.072728921959476E-007
          24  0.000000000000000E+000  0.000000000000000E+000
  1.458683913348910E-008  2.838602525199479E-008
 -2.803694008096289E-007 -1.380856364651139E-007
          25  0.000000000000000E+000  0.000000000000000E+000
  1.921172790265944E-008  1.632555412208323E-008
 -2.853302676016964E-007  1.066121536787102E-007
          26  0.000000000000000E+000  0.000000000000000E+000
  2.172375786286021E-008  1.040968960229307E-008
 -1.115783196289544E-007  2.731586871833107E-007
          27  0.000000000000000E+000  0.000000000000000E+000
  2.547229623740419E-008  3.305418999354178E-009
  1.219588165122200E-007  2.600159548619042E-007
          28  0.000000000000000E+000  0.000000000000000E+000
  2.990412071709060E-008 -8.364540282117564E-009
  2.690149275212815E-007  8.100988061533799E-008
          29  0.000000000000000E+000  0.000000000000000E+000
  2.529297002350115E-008 -2.547798701991574E-008
  2.356837296406873E-007 -1.433511748853245E-007
          30  0.000000000000000E+000  0.000000000000000E+000
  9.710886611350210E-009 -4.106878018653770E-008
  4.845763008434944E-008 -2.714980970657341E-007
          31  0.000000000000000E+000  0.000000000000000E+000
 -1.677514915380181E-008 -4.451726716776561E-008
 -1.734678614257020E-007 -2.176838354274879E-007
          32  0.000000000000000E+000  0.000000000000000E+000
 -4.339069547720543E-008 -2.975868051469037E-008
 -2.849345486106582E-007 -1.352505268822807E-008
