   409.600000000000     
          32           1           3
  1.124309127438499E-002   40.5424238323349        117.859912913546     
   40.0000000000000        115.000000000000        6211.00000000000     
           0  0.000000000000000E+000  0.000000000000000E+000
  0.000000000000000E+000  0.000000000000000E+000
  0.000000000000000E+000  0.000000000000000E+000
           1 -7.715091995495273E-007  3.661303285534820E-007
 -8.352966486751266E-007  1.989238882522876E-007
 -6.363268877669487E-008  8.565543983420136E-009
           2 -4.999537466751583E-007  1.244245408578828E-006
 -1.093429864020451E-006  7.128004146536406E-007
 -8.247064725790371E-008  9.114742943498409E-009
           3  1.188319622579818E-006  1.565775104882527E-006
 -6.721124445034662E-007  2.079220763077368E-006
 -1.385808753299458E-007  6.737546636327184E-008
           4  2.539512426170077E-006 -5.072711810293538E-007
  1.720811736879821E-006  2.735399294530081E-006
 -1.073721579725943E-007  2.194246745312961E-007
           5  7.686783874879090E-007 -3.138159196105924E-006
  4.269333740343776E-006  3.187675170413437E-007
  9.586860827133569E-008  3.227262751541209E-007
           6 -2.981431349135341E-006 -2.515025334673893E-006
  3.329450329657935E-006 -4.050824374703356E-006
  3.675193371817869E-007  1.988621051029221E-007
           7 -4.337804820080435E-006  1.679537643753332E-006
 -1.611815090227047E-006 -5.855127641126733E-006
  4.581120669283455E-007 -1.409518188413558E-007
           8 -8.917093356857497E-007  5.409628501098510E-006
 -6.389599219359869E-006 -2.322084021836326E-006
  2.325264275976226E-007 -4.636652550604016E-007
           9  4.759357806467929E-006  4.227626030707328E-006
 -6.050037590737893E-006  4.205766252566956E-006
 -1.702474510679993E-007 -4.853057781626043E-007
          10  7.006959351559247E-006 -1.943853452613928E-006
 -9.327232773403560E-008  7.778470818138085E-006
 -4.346186487642376E-007 -2.195410063163343E-007
          11  2.460417972555361E-006 -7.643788390979324E-006
  6.488970533696770E-006  4.730447473081610E-006
 -4.228471201533785E-007  1.217295680821601E-007
          12 -5.321084070572441E-006 -6.754228127139238E-006
  7.636924820346638E-006 -2.604588514341102E-006
 -2.057573858598508E-007  3.110575635882183E-007
          13 -8.926865897376737E-006  6.048218179928417E-007
  2.210513911052260E-006 -7.549011656097245E-006
  2.241632407080730E-008  2.932890557728311E-007
          14 -4.663616511210440E-006  7.879610846677626E-006
 -4.606290300979657E-006 -5.877103661308703E-006
  1.126111030127738E-007  1.875119342984838E-007
          15  4.015749047115252E-006  8.336234522889189E-006
 -7.025726222213623E-006  3.768091999329411E-007
  1.227896940386714E-007  1.275437965990725E-007
          16  9.236278218538964E-006  1.051574918743382E-006
 -3.300019680933533E-006  5.533896310296656E-006
  1.783699096989161E-007  1.344425610750355E-007
          17  5.528321776409546E-006 -7.460054024400210E-006
  2.574721736828929E-006  5.154084218967289E-006
  3.200308428204993E-007  3.427506829017576E-008
          18 -3.985620178032699E-006 -8.451472665107974E-006
  5.044993844473954E-006  3.340743539112822E-007
  3.486061367716911E-007 -2.218881860705345E-007
          19 -9.641045445719607E-006 -2.732166084761600E-007
  2.349863635838480E-006 -3.729702863661504E-006
  1.301690206975055E-007 -4.728503407262601E-007
          20 -4.907790843374278E-006  9.136564932834052E-006
 -2.091319622920822E-006 -3.352999843963618E-006
 -2.749824483362451E-007 -4.713228340292079E-007
          21  6.622824407973353E-006  9.505675340705994E-006
 -3.871781682355564E-006  5.337484162280191E-007
 -5.480411238132955E-007 -1.408469994437648E-007
          22  1.303468706365965E-005 -1.603391604779876E-006
 -1.070965212834140E-006  3.896738434294767E-006
 -4.617237219986321E-007  3.038681972921717E-007
          23  5.504734513949332E-006 -1.375755369561165E-005
  3.096791065803882E-006  2.998972831735609E-006
 -8.104240120548903E-008  4.801921560143107E-007
          24 -1.018011894394822E-005 -1.282127553882684E-005
  4.659751562823111E-006 -1.147192913950400E-006
  2.521932437133297E-007  3.271136852860827E-007
          25 -1.740074871308079E-005  2.455091084452354E-006
  2.059622879117475E-006 -4.772177079548413E-006
  2.834841539219759E-007  2.120235440295681E-008
          26 -7.069054211618143E-006  1.693604418029518E-005
 -2.864848218310681E-006 -5.287503587530499E-006
  1.247882638441345E-007 -1.075176392036567E-007
          27  1.118173711588578E-005  1.478671485577984E-005
 -6.465826142954683E-006 -1.013329509900285E-006
 -3.144855278244939E-009 -2.298015385146671E-008
          28  1.797461309911162E-005 -2.304509440336406E-006
 -5.279658086507114E-006  4.620547804637552E-006
  8.869340301846911E-008  7.632836988753112E-008
          29  6.268655427558057E-006 -1.614102736711091E-005
  2.275530958767042E-007  7.404068148433800E-006
  2.442768364667806E-007 -6.804448761996744E-009
          30 -1.080946857850650E-005 -1.210582809547391E-005
  6.023699154587392E-006  4.987976962147923E-006
  2.367187673415171E-007 -2.866878296979050E-007
          31 -1.466705019417508E-005  4.403760006487187E-006
  8.158672652004274E-006 -1.639416699893525E-006
 -6.371783851236735E-008 -4.639578231267625E-007
          32 -1.704778703487686E-006  1.465083114503674E-005
  3.905217233432149E-006 -7.844019804161901E-006
 -4.386823006183210E-007 -3.038329527204539E-007
