   409.600000000000     
          32           1           3
  1.124309127438499E-002   40.8488091314151        116.725586721947     
   40.0000000000000        115.000000000000        6211.00000000000     
           0  0.000000000000000E+000  0.000000000000000E+000
  0.000000000000000E+000  0.000000000000000E+000
  0.000000000000000E+000  0.000000000000000E+000
           1 -2.489065013161353E-006  5.383196833908929E-007
 -1.500147809626419E-006  1.530764595878210E-007
  2.630567222251995E-007 -1.130627024670958E-008
           2 -2.769639531769871E-006  1.783161805204984E-006
 -1.897787196443373E-006  4.017691063470142E-007
  3.471720928321979E-007 -2.894686763455409E-008
           3 -1.778171402163999E-006  3.755408392769132E-006
 -2.473120594055389E-006  1.519766047893797E-006
  4.919474492316865E-007 -1.960190730259529E-007
           4  9.876920489733330E-007  4.652376014000157E-006
 -1.837462781519978E-006  3.584374668080606E-006
  4.887412731619832E-007 -5.563338853877200E-007
           5  3.901836459415432E-006  3.081190026053088E-006
  8.000129548040375E-007  4.990833960859091E-006
  1.831293881234371E-007 -9.445662113524757E-007
           6  4.840674412658573E-006 -2.154930594065435E-007
  4.307173694925861E-006  3.890483075870147E-006
 -4.215544885461975E-007 -1.092903828322488E-006
           7  3.133566515327228E-006 -3.175188089953347E-006
  6.216492878474542E-006  2.137259808334640E-007
 -1.097015233356447E-006 -8.339184201375344E-007
           8 -1.036289697538358E-007 -3.885653886177296E-006
  4.806060288803629E-006 -4.028589255919354E-006
 -1.597849900312997E-006 -1.414276972748602E-007
           9 -2.654928311077828E-006 -1.906547563663936E-006
  6.585943927841299E-007 -5.865746220921623E-006
 -1.640184187435800E-006  8.565450146690110E-007
          10 -2.528449041163089E-006  1.246206396517970E-006
 -3.434687088219567E-006 -4.003025368147026E-006
 -1.004981548069484E-006  1.860741493860658E-006
          11  1.189231835126866E-007  2.957740423449488E-006
 -4.461616985552919E-006  3.363751270341886E-007
  2.590074565824188E-007  2.348630578750217E-006
          12  3.272679607906447E-006  1.774634071822736E-006
 -1.454964090406773E-006  3.609842108533048E-006
  1.715601909214202E-006  1.961592872858106E-006
          13  4.523787671336850E-006 -1.794780202313311E-006
  3.148232577046141E-006  2.779203177068020E-006
  2.793961444576389E-006  6.762738702056243E-007
          14  2.433676443013871E-006 -5.704832265613811E-006
  5.191849589580477E-006 -2.011584794461038E-006
  2.905008936750007E-006 -1.255700391713568E-006
          15 -2.568202922359613E-006 -7.085173869664194E-006
  1.990794467792901E-006 -7.353854272266469E-006
  1.607925067550605E-006 -2.985167320336033E-006
          16 -7.634295449650292E-006 -4.112945669361717E-006
 -5.367466908498183E-006 -8.313842996461888E-006
 -6.527748404007602E-007 -3.466833557596196E-006
          17 -9.366410766744930E-006  2.034758001602536E-006
 -1.187660984557627E-005 -2.545513893712785E-006
 -2.747145916337101E-006 -2.344225598035313E-006
          18 -6.229136332389336E-006  8.126849351909939E-006
 -1.206014421933149E-005  7.372839556053426E-006
 -3.664593819068084E-006 -3.363990471051103E-008
          19  5.767010347454747E-007  1.056033961465106E-005
 -4.348266138153730E-006  1.511035415192814E-005
 -2.756681018227280E-006  2.346220132688987E-006
          20  7.324782925444638E-006  7.433685539096025E-006
  7.260259362368903E-006  1.515522226054656E-005
 -4.697973470951830E-007  3.440920284212020E-006
          21  9.732731090849648E-006  5.421502982753440E-007
  1.582082173567078E-005  6.672011951423237E-006
  1.811835736056644E-006  2.689260310305178E-006
          22  6.505798429336326E-006 -5.524463582309421E-006
  1.602576454543436E-005 -5.077412029665306E-006
  2.909369203744344E-006  6.820895536307093E-007
          23  4.041293176074855E-007 -6.920715349197548E-006
  8.476673703599941E-006 -1.329508347281042E-005
  2.293958780013250E-006 -1.371873216201495E-006
          24 -3.965700548993078E-006 -3.257498978783990E-006
 -1.350120653801626E-006 -1.402808739679637E-005
  5.336974758546070E-007 -2.272625255964940E-006
          25 -3.063196717534754E-006  2.092405694303069E-006
 -8.188816474868951E-006 -8.870773635145058E-006
 -1.100882362203256E-006 -1.624216172896754E-006
          26  2.216872986090626E-006  3.596386864641721E-006
 -9.261909571110721E-006 -2.415507936114980E-006
 -1.664751483542633E-006 -1.724086472857259E-007
          27  6.527467185599535E-006 -9.356933073443953E-007
 -7.327166861905933E-006  1.513897550646067E-006
 -9.452117562629244E-007  1.093100473401900E-006
          28  4.560452082378723E-006 -8.169132207418760E-006
 -5.483718024877384E-006  2.977700974270987E-006
  4.125482545184362E-007  1.250104201489405E-006
          29 -3.567060203016999E-006 -1.139325996665654E-005
 -4.491864629461804E-006  4.589931867556278E-006
  1.269495977637020E-006  2.441415975050964E-007
          30 -1.228679329471628E-005 -6.724235984536888E-006
 -2.724353684640145E-006  6.570898896960629E-006
  9.504137849292496E-007 -9.826150438354000E-007
          31 -1.516843154341155E-005  3.518622438597993E-006
  8.499357755025597E-007  8.057785217719140E-006
 -2.515583957559536E-007 -1.504003310973877E-006
          32 -9.736996308007633E-006  1.349700796812241E-005
  5.663201102618836E-006  6.893490162365757E-006
 -1.491475325335195E-006 -8.527463692437762E-007
