   409.600000000000     
          32           1           3
  1.124309127438499E-002   42.2230133569715        112.657678352061     
   40.0000000000000        115.000000000000        6211.00000000000     
           0  0.000000000000000E+000  0.000000000000000E+000
  0.000000000000000E+000  0.000000000000000E+000
  0.000000000000000E+000  0.000000000000000E+000
           1 -6.343922622121281E-008 -9.381965013845807E-008
  6.398847356097886E-008 -4.560413669621780E-008
  6.050583278262105E-007 -1.166243197288681E-007
           2 -3.858858666937529E-007 -1.183451590007191E-007
  1.651194348921401E-008 -1.977400568371098E-007
  7.519106246198654E-007 -3.138971100717078E-007
           3 -5.961212837671714E-007  5.804178831677181E-007
 -3.569885100492468E-007 -2.198177580404464E-007
  8.101740344759776E-007 -9.742696876634087E-007
           4  4.215567035459043E-007  1.207336188667694E-006
 -5.612529908778696E-007  3.993768429704218E-007
 -2.475054327004129E-008 -1.741487930163956E-006
           5  1.654356174461172E-006  1.626196501035781E-007
  1.957225909522323E-007  8.924536987887555E-007
 -1.470453079496771E-006 -1.485304548707259E-006
           6  9.995694213242132E-007 -1.665714820481073E-006
  1.041705498592017E-006  2.171270327125304E-007
 -2.249059314867340E-006 -1.183490803430447E-008
           7 -1.147921660260094E-006 -1.776919513738037E-006
  6.297364952211277E-007 -9.167665977199771E-007
 -1.599654626487226E-006  1.504543531157936E-006
           8 -2.199324916213565E-006  2.447989329074408E-007
 -6.079713139008016E-007 -8.532553358545296E-007
 -2.009029980682328E-007  1.992449217976152E-006
           9 -7.641059680494621E-007  2.125320047889366E-006
 -8.626873759082953E-007  3.229359498376801E-007
  8.372229972059146E-007  1.427198137412716E-006
          10  1.616726716102198E-006  1.615118810621044E-006
  2.011210454916276E-007  8.090145052911902E-007
  1.146644274477286E-006  7.981346934089391E-007
          11  2.161393431306784E-006 -8.519509003901807E-007
  8.996779945792225E-007 -1.744878748133599E-007
  1.374107862152705E-006  3.861869533786123E-007
          12  1.789298217850117E-008 -2.395115172208049E-006
 -6.762554838263195E-008 -1.181152585517908E-006
  1.735279713009328E-006 -2.609681578188554E-007
          13 -2.367039523880154E-006 -9.352998001968956E-007
 -1.471968618842228E-006 -3.040752052381133E-007
  1.619712091008644E-006 -1.490682328475496E-006
          14 -1.925394775681953E-006  2.074978741134257E-006
 -9.002606302612065E-007  1.562055452163211E-006
  3.600537677158728E-007 -2.632271144997624E-006
          15  1.446840060458674E-006  2.969157401609361E-006
  1.308492297844677E-006  1.477473950776956E-006
 -1.657385858078473E-006 -2.414040546696536E-006
          16  3.897950838764906E-006 -3.518517808409648E-007
  1.838154499552458E-006 -8.042536481222721E-007
 -2.988918890889287E-006 -6.726080557730362E-007
          17  1.254403606987018E-006 -4.438051527962937E-006
 -3.032900375201048E-007 -1.948474883616415E-006
 -2.588049899738613E-006  1.547602251036757E-006
          18 -4.291961975469158E-006 -3.217528180009942E-006
 -1.956415252718411E-006 -4.623464710527645E-008
 -8.139639458208245E-007  2.642267331650880E-006
          19 -5.202932391615148E-006  3.306928054868190E-006
 -2.791655114927166E-007  2.092942079139774E-006
  8.659594967396569E-007  2.187544241386418E-006
          20  1.566980871166966E-006  6.794853113577117E-006
  2.337125605323756E-006  5.987050490326322E-007
  1.609088869514888E-006  1.128620235889362E-006
          21  7.689561524656975E-006  6.691267419875104E-007
  1.225031729516571E-006 -2.559369777380441E-006
  1.696438152654564E-006  3.173349359728699E-007
          22  3.060452340266422E-006 -7.830443772785256E-006
 -2.521612336358282E-006 -2.081143540113781E-006
  1.733553531565907E-006 -4.087446732309911E-007
          23 -7.335406582339859E-006 -5.332753606717397E-006
 -2.988547240538715E-006  2.084177618862156E-006
  1.563212838995057E-006 -1.348759141714297E-006
          24 -7.372513995463481E-006  6.349281946059685E-006
  1.387636479266601E-006  3.754585524697472E-006
  4.914575027733705E-007 -2.405210303851522E-006
          25  4.908202977803678E-006  9.203926251998763E-006
  4.251085697462471E-006 -5.806184437790027E-007
 -1.264940376111222E-006 -2.325396041454947E-006
          26  1.082433110007692E-005 -2.935448535785522E-006
  3.541286326182586E-007 -4.624228650756953E-006
 -2.548194309819872E-006 -8.502192685377139E-007
          27 -3.415448953513251E-007 -1.206272085931833E-005
 -4.911118995376540E-006 -1.490828721467278E-006
 -2.299648547483200E-006  9.622712959070811E-007
          28 -1.253826207996439E-005 -2.821905610289819E-006
 -3.045215930298353E-006  4.907074281493143E-006
 -1.053011849934338E-006  1.966549311569106E-006
          29 -6.291344840157123E-006  1.184034498675084E-005
  4.312355672717911E-006  4.948509519366169E-006
  2.249233353872311E-007  1.843324924133310E-006
          30  9.802656238071808E-006  9.587482464192419E-006
  6.722433779033729E-006 -2.800750484356864E-006
  9.636552876431156E-007  1.302171276946833E-006
          31  1.210860476425485E-005 -6.620530695226115E-006
 -3.705589995826247E-007 -7.830943370415666E-006
  1.315799714927184E-006  7.103738630413506E-007
          32 -2.763425186473533E-006 -1.338253691565242E-005
 -7.821396088828716E-006 -2.468895843806846E-006
  1.538243138655711E-006  7.940805696782110E-008
