   409.600000000000     
          32           1           3
  1.124309127438499E-002   41.4666416173842        114.735632395014     
   40.0000000000000        115.000000000000        6211.00000000000     
           0  0.000000000000000E+000  0.000000000000000E+000
  0.000000000000000E+000  0.000000000000000E+000
  0.000000000000000E+000  0.000000000000000E+000
           1 -1.793074602746811E-006  1.776477228680552E-007
 -2.542642691649253E-007 -8.441403864847209E-009
 -3.861624214839743E-007  1.126694463947303E-007
           2 -2.231141669281297E-006  5.796040987932529E-007
 -2.989020764435657E-007 -1.033235424279700E-007
 -3.376619762097158E-007  4.079834974637385E-007
           3 -2.606894012348944E-006  1.778424020765922E-006
 -5.871627560712607E-007 -1.396575278395371E-007
  1.080161177676933E-007  5.822179681077772E-007
           4 -1.970415426636375E-006  3.609995911660169E-006
 -9.544318828703151E-007  2.079955496231940E-007
  5.588668157783741E-007  2.143904945043093E-007
           5  1.592036004897328E-007  5.022498379983762E-006
 -9.616942936323925E-007  8.951220835757629E-007
  4.717315098105791E-007 -5.143820967201610E-007
           6  3.255492712488908E-006  4.868576077153189E-006
 -4.399557352333824E-007  1.504298075203370E-006
 -3.917898228808205E-007 -8.738569518584110E-007
           7  6.048317524179095E-006  2.613592372813102E-006
  3.755633471203222E-007  1.640972611765920E-006
 -1.376037990967416E-006 -2.534921679315917E-007
           8  7.121762253591220E-006 -1.280593741152969E-006
  9.722155376056314E-007  1.354987501908909E-006
 -1.538595346758396E-006  1.245936449938284E-006
           9  5.525749150414286E-006 -5.473811195702336E-006
  1.348216576587735E-006  1.176492182951068E-006
 -3.196184569821617E-007  2.536601922085599E-006
          10  1.396912511132715E-006 -8.069726500553542E-006
  2.063321858507818E-006  1.084412857542028E-006
  1.787832456919188E-006  2.731681049986105E-006
          11 -3.799888129499725E-006 -7.545910920330636E-006
  3.314587240730003E-006  3.901036286739969E-007
  3.860455750941825E-006  1.196602933077569E-006
          12 -7.725458701816663E-006 -3.700716469591072E-006
  4.426608361577919E-006 -1.731351924214128E-006
  4.528854052802217E-006 -1.799806528762950E-006
          13 -8.327225448571492E-006  2.038705598597979E-006
  3.894328720032790E-006 -5.254304128489853E-006
  2.787884133100683E-006 -4.958627203538222E-006
          14 -4.812602764271372E-006  6.971055766677709E-006
  1.361287146450145E-007 -8.665058144929280E-006
 -1.009650720135976E-006 -6.463992760849283E-006
          15  1.406408819538578E-006  8.177110328920921E-006
 -6.622252799786328E-006 -8.747269942471170E-006
 -5.398079680270530E-006 -4.894035359078075E-006
          16  6.862583855513247E-006  4.421913192320734E-006
 -1.293137806877342E-005 -3.055518057736044E-006
 -7.863548299023887E-006 -5.212994830118036E-007
          17  7.839213556840410E-006 -2.473767877376697E-006
 -1.377884463321216E-005  7.074763445988237E-006
 -6.924487108135226E-006  4.697488478035338E-006
          18  3.051387640064200E-006 -8.115795419914545E-006
 -6.384663129050706E-006  1.637891725308724E-005
 -2.701866999283006E-006  8.256730244406297E-006
          19 -4.970617334202706E-006 -8.201850807042824E-006
  7.054372687513177E-006  1.801630728604994E-005
  2.870749077931999E-006  8.304326383070941E-006
          20 -1.077494218978369E-005 -1.637962986134828E-006
  1.873880513643723E-005  8.753004828850606E-006
  7.293154090062028E-006  4.920874674711007E-006
          21 -9.636689594528154E-006  7.884699984215760E-006
  2.033597162993231E-005 -7.220456278989619E-006
  8.501066201629594E-006 -2.642558968479527E-007
          22 -1.137911509973737E-006  1.403987693307957E-005
  9.304660299950382E-006 -2.004946558634870E-005
  6.578476319469958E-006 -4.899440446029495E-006
          23  1.005659099018095E-005  1.186491137057339E-005
 -8.398819904169779E-006 -2.070395995711357E-005
  2.609289644894648E-006 -7.252983461214927E-006
          24  1.650959470083015E-005  1.694080269674618E-006
 -2.101740491674537E-005 -7.516010884189174E-006
 -1.586495723636288E-006 -7.238631193258212E-006
          25  1.369947998399365E-005 -1.028483916573972E-005
 -1.947721507739938E-005  1.110511992875371E-005
 -4.787863682027078E-006 -5.002123763808782E-006
          26  3.305055538017484E-006 -1.681205084600353E-005
 -3.896654037335752E-006  2.241613042525786E-005
 -6.469349177778987E-006 -1.925329824379631E-006
          27 -8.306965951281491E-006 -1.438653341674514E-005
  1.549142879836931E-005  1.778344466636834E-005
 -6.409367185677392E-006  1.534539328276353E-006
          28 -1.485762549944182E-005 -5.187623882934369E-006
  2.486345390925256E-005 -9.176101381365611E-007
 -4.826388959956857E-006  4.562297883886373E-006
          29 -1.341109946621310E-005  5.330052955419598E-006
  1.623064876147650E-005 -2.091758340883752E-005
 -1.701448591144198E-006  6.354600612753977E-006
          30 -5.836119679705830E-006  1.137091892918819E-005
 -5.447047300170521E-006 -2.796945416970647E-005
  1.805803302813290E-006  6.343792868666601E-006
          31  2.776088835450571E-006  1.055398472968761E-005
 -2.630468905827209E-005 -1.591806169163536E-005
  4.849735402246347E-006  4.441581790626876E-006
          32  7.671485251800163E-006  4.660195306340839E-006
 -3.173881724858896E-005  9.005017000742928E-006
  6.431465081294695E-006  1.153758766421764E-006
