   409.600000000000     
          32           1           3
  1.124309127438499E-002   40.2208528698286        118.158144936350     
   40.0000000000000        115.000000000000        6211.00000000000     
           0  0.000000000000000E+000  0.000000000000000E+000
  0.000000000000000E+000  0.000000000000000E+000
  0.000000000000000E+000  0.000000000000000E+000
           1 -5.095501449004740E-007  3.074154799471034E-007
 -6.297811340470861E-007  1.835935481631313E-007
 -1.545268382501801E-007  1.638472752530349E-008
           2 -1.610957320447977E-007  1.025783428130718E-006
 -8.150302776157712E-007  6.907020100253411E-007
 -2.151585147352283E-007  3.944182056770269E-008
           3  1.400541183542328E-006  9.286166482100700E-007
 -1.745890541467037E-007  1.884848577689684E-006
 -3.011790496076247E-007  2.199009603652856E-007
           4  1.977219930172671E-006 -1.358262306061223E-006
  2.210535367849600E-006  1.901718345990856E-006
 -1.357546327347402E-007  5.213943080486993E-007
           5 -6.309907177832643E-007 -3.099858398729139E-006
  3.823658027962763E-006 -1.114718746849670E-006
  3.159389648752889E-007  6.081633909359773E-007
           6 -3.813208466862804E-006 -9.161909314526244E-007
  1.402625572564435E-006 -4.776982953187051E-006
  7.491261137979322E-007  2.563279245073651E-007
           7 -3.061440228742082E-006  3.535869584091123E-006
 -3.759209567806162E-006 -4.427199827858222E-006
  7.733559073815196E-007 -3.432862255055199E-007
           8  1.878697806350508E-006  5.091576842154096E-006
 -6.414451395948256E-006  7.151815130245375E-007
  3.486328512355809E-007 -7.907692603582445E-007
           9  6.047346890187227E-006  1.044499678646280E-006
 -3.179949108068593E-006  6.065384081155419E-006
 -2.376548210516779E-007 -7.835929463321215E-007
          10  4.395189301805015E-006 -5.212700561546007E-006
  3.274653549536759E-006  6.127442292211959E-006
 -6.154253913156632E-007 -4.477904284649105E-007
          11 -2.479658593061917E-006 -6.912769356189616E-006
  6.720544426339665E-006  6.767114773662952E-007
 -6.982374279478550E-007 -2.066675108919537E-008
          12 -7.559463223524575E-006 -1.386938220405257E-006
  3.899838116498151E-006 -4.899455146374658E-006
 -5.725199124943451E-007  3.135685481474145E-007
          13 -5.080042018919128E-006  5.972557941307665E-006
 -1.882743457046775E-006 -5.139397964059837E-006
 -3.491890511333350E-007  5.420952724526707E-007
          14  2.675166688904340E-006  7.433581418394592E-006
 -4.450333853503760E-006 -7.319518022852389E-007
 -4.216275831669589E-008  7.028379348080407E-007
          15  7.855751997020306E-006  1.239135235047013E-006
 -2.082433371267067E-006  3.040193490818687E-006
  3.799080543479853E-007  6.615894096454269E-007
          16  4.799730712487556E-006 -6.486480422954503E-006
  1.935870883193345E-006  2.425706871576334E-006
  7.493085614576865E-007  3.514916280889928E-007
          17 -3.867499337587076E-006 -7.376751386471203E-006
  2.713369316976739E-006 -1.333089007260523E-006
  8.670587128199444E-007 -1.807103831519069E-007
          18 -8.758292253708431E-006  4.234130862388980E-007
 -5.679656469505032E-007 -3.433514947752307E-006
  5.975287871328565E-007 -7.065738677610479E-007
          19 -3.542980422029370E-006  8.759843444577475E-006
 -3.959751404170579E-006 -1.076386590922483E-006
  3.274857029331515E-008 -9.262618652794002E-007
          20  6.995403025944125E-006  7.664799169218423E-006
 -3.382032249706832E-006  3.288878959629664E-006
 -5.473909045559587E-007 -7.270654016755801E-007
          21  1.113131930459700E-005 -3.182460308284631E-006
  8.071927599743396E-007  5.181145757780548E-006
 -8.253151709022688E-007 -2.480532009943452E-007
          22  2.444582003493817E-006 -1.265109192877713E-005
  5.078072431429880E-006  2.539425250823359E-006
 -7.624704845724868E-007  2.783297370412577E-007
          23 -1.116888230728878E-005 -8.713678370290774E-006
  5.104549142215587E-006 -2.541072033931727E-006
 -4.421771615872438E-007  5.911141874697291E-007
          24 -1.374903711948103E-005  6.481555046336283E-006
  1.240054218148117E-006 -5.526131485444887E-006
 -4.391572888570319E-008  7.099522155902892E-007
          25 -2.974836914136161E-007  1.583758642975329E-005
 -3.293088881488805E-006 -4.252442228227559E-006
  2.954575076495524E-007  5.952106452913945E-007
          26  1.432913400384569E-005  7.226295712792555E-006
 -5.391468761940276E-006 -2.787775391674845E-007
  5.729895431500338E-007  3.435619758597143E-007
          27  1.237941884388141E-005 -9.953093095500482E-006
 -3.283552218405336E-006  4.171082539554413E-006
  6.437311792415799E-007 -1.273102523779128E-009
          28 -4.179312597764242E-006 -1.480505205708293E-005
  1.515569817653650E-006  4.842436305229663E-006
  5.578058461509399E-007 -3.419007029141543E-007
          29 -1.480924789092055E-005 -1.564543745188297E-006
  4.872471917138348E-006  1.138029951457710E-006
  2.988838222096691E-007 -5.718531160269001E-007
          30 -6.496935073291441E-006  1.305824173530966E-005
  3.339657320085812E-006 -3.666103898515831E-006
 -5.666825543779450E-008 -6.741784452788110E-007
          31  1.001935803300108E-005  1.067509510834773E-005
 -1.925847117385642E-006 -5.059174409806784E-006
 -4.203334987191345E-007 -5.496719150442267E-007
          32  1.395205997870242E-005 -5.674843057925079E-006
 -6.108002414589974E-006 -6.546357569091461E-007
 -6.660888890012404E-007 -2.295811793533300E-007
