   409.600000000000     
          32           1           3
  1.124309127438499E-002   41.5060721848454        114.334701747988     
   40.0000000000000        115.000000000000        6211.00000000000     
           0  0.000000000000000E+000  0.000000000000000E+000
  0.000000000000000E+000  0.000000000000000E+000
  0.000000000000000E+000  0.000000000000000E+000
           1 -9.726898517637698E-007  2.780169264878299E-008
  6.419246477392821E-008 -3.863739246970438E-008
 -3.355816767268392E-007  1.007830725022921E-007
           2 -1.339665001408629E-006  1.298661645830567E-007
  8.243280519312958E-008 -1.805745601210735E-007
 -2.860826431881451E-007  3.780317904034811E-007
           3 -1.862795728319282E-006  8.797806726962939E-007
 -1.151530257337992E-007 -3.880191779431404E-007
  1.550272933991163E-007  5.216139515226609E-007
           4 -1.672223958563945E-006  2.376609553244496E-006
 -5.483947522274899E-007 -3.446058942893972E-007
  5.664108823265188E-007  1.126090012419325E-007
           5 -1.036895052404082E-007  3.744415415273665E-006
 -8.727053423629864E-007  9.508712674153141E-008
  3.898702104041623E-007 -6.148249772584600E-007
           6  2.508540868124297E-006  3.777856201454214E-006
 -8.105857180310658E-007  7.332542803957391E-007
 -5.516490837741688E-007 -8.768629580044089E-007
           7  4.920593017287837E-006  1.832425170398809E-006
 -3.229410733937651E-007  1.200674381217785E-006
 -1.499721371211452E-006 -8.888542268333560E-008
           8  5.674283320988911E-006 -1.646552907542136E-006
  2.703605965528059E-007  1.354368627958967E-006
 -1.450689361044796E-006  1.511054750641993E-006
           9  3.842811496199379E-006 -5.241704510336654E-006
  9.359495047403505E-007  1.396092034319886E-006
  4.661882553582737E-008  2.660426130941757E-006
          10 -2.857309967059040E-007 -6.985387568827063E-006
  1.916242606426337E-006  1.147105268320342E-006
  2.242129181204962E-006  2.461581729387801E-006
          11 -4.923448220170597E-006 -5.466511805043895E-006
  3.023574656376848E-006  6.677704087567669E-008
  4.019580946698939E-006  5.105362915044603E-007
          12 -7.549876275334562E-006 -9.698365315017724E-007
  3.429020971001754E-006 -2.151260635231551E-006
  4.059453542803984E-006 -2.580929480041298E-006
          13 -6.409196172823550E-006  4.451927472682662E-006
  2.014199815408720E-006 -4.900752620203383E-006
  1.679748448939667E-006 -5.280396205697728E-006
          14 -1.532561135962957E-006  7.800538157535150E-006
 -1.879070305224355E-006 -6.545329184928722E-006
 -2.281496323695859E-006 -5.833627285800310E-006
          15  4.663255871079376E-006  6.586309188860535E-006
 -7.043401278384310E-006 -4.636964748028998E-006
 -6.003078986713554E-006 -3.322406107093926E-006
          16  8.178439748828579E-006  8.580138715942676E-007
 -9.946100754663680E-006  1.527048885798785E-006
 -7.172588647347393E-006  1.268137760581387E-006
          17  6.044782333305942E-006 -5.966521268119480E-006
 -7.181476827729458E-006  9.114910311549566E-006
 -5.040892180366890E-006  5.682753534752853E-006
          18 -9.743599149629301E-007 -8.939498613792524E-006
  1.329441208805332E-006  1.303098556311163E-005
 -4.621473844825655E-007  7.707419172628180E-006
          19 -8.286161391716150E-006 -5.174890118534757E-006
  1.122647687796697E-005  9.028724750648827E-006
  4.250608757402254E-006  6.313700673599975E-006
          20 -1.016022041012040E-005  3.525932162885321E-006
  1.531837918877059E-005 -2.051797437147193E-006
  7.007340200331111E-006  2.472271911734985E-006
          21 -4.236822030820500E-006  1.106582314855220E-005
  9.297851973529378E-006 -1.333016655288184E-005
  6.711164566563571E-006 -1.888208144529683E-006
          22  6.034739379249673E-006  1.146510620567227E-005
 -3.945852342988381E-006 -1.642176964727335E-005
  4.275245243424631E-006 -4.959472374417611E-006
          23  1.348716116943880E-005  3.417469407831468E-006
 -1.558820094067058E-005 -7.880721112491574E-006
  9.757072061200385E-007 -5.915960501752627E-006
          24  1.213972919698976E-005 -7.936055943232704E-006
 -1.646041769938598E-005  7.286606217690081E-006
 -1.922887850556878E-006 -5.420984847638920E-006
          25  2.580323090418652E-006 -1.442717469461911E-005
 -4.807400054167799E-006  1.806351989872946E-005
 -4.032919524897446E-006 -3.672474233474043E-006
          26 -8.473797189950396E-006 -1.159885210271013E-005
  1.171127943422048E-005  1.576502970730466E-005
 -5.380465590547898E-006 -1.488323201026484E-006
          27 -1.347483356994757E-005 -1.874624417114299E-006
  2.093736946789813E-005  7.593276189662691E-007
 -5.631585281026935E-006  1.316759943785020E-006
          28 -9.919286351005061E-006  7.687240509324139E-006
  1.481633089442010E-005 -1.705084923270356E-005
 -4.533028540482418E-006  4.238652012619562E-006
          29 -1.153592182278908E-006  1.121630250243608E-005
 -3.988667143027611E-006 -2.397377275636828E-005
 -1.596430419975024E-006  6.257936128247004E-006
          30  6.517271542776332E-006  7.372878974324565E-006
 -2.234238710731060E-005 -1.352074759493548E-005
  2.080734606066299E-006  6.403150854964596E-006
          31  8.436879075343162E-006 -5.385522658595045E-008
 -2.672331255349766E-005  8.390135147974703E-006
  5.384272873329236E-006  4.319502222776870E-006
          32  4.487380639220579E-006 -5.743736012130818E-006
 -1.233130245534954E-005  2.719104945422780E-005
  6.966712674096783E-006  5.824615587703167E-007
