   409.600000000000     
          32           1           3
  1.124309127438499E-002   41.2836099084962        114.945864701798     
   40.0000000000000        115.000000000000        6211.00000000000     
           0  0.000000000000000E+000  0.000000000000000E+000
  0.000000000000000E+000  0.000000000000000E+000
  0.000000000000000E+000  0.000000000000000E+000
           1 -2.323559497625574E-006  2.226643319122555E-007
 -1.357312422357316E-007 -3.930141094008823E-008
 -6.644460939696814E-007  1.489049214785784E-007
           2 -2.814450317095442E-006  6.869534622968595E-007
 -1.619378478060029E-007 -1.983024458607635E-007
 -6.570971220356552E-007  5.102192245175071E-007
           3 -3.286215844358985E-006  1.985393266057785E-006
 -4.676240196021697E-007 -3.431017204085381E-007
 -2.421860181693729E-007  8.314182047914302E-007
           4 -2.809606191000268E-006  4.033038588060820E-006
 -9.339966872365532E-007 -1.315114328901333E-007
  2.936314745173384E-007  6.809695779067329E-007
           5 -7.942792865878264E-007  5.919019088850653E-006
 -1.172352274410298E-006  4.724118393449280E-007
  4.685495493637141E-007  1.111904387699325E-007
           6  2.521061243648462E-006  6.509917782245707E-006
 -9.558557207571159E-007  1.157648708538098E-006
 -4.307431192598315E-008 -2.960948814453058E-007
           7  6.153400666296305E-006  4.979831701922070E-006
 -4.043744080562578E-007  1.572100681317235E-006
 -7.731417168494888E-007  4.718071376415749E-008
           8  8.693421453349312E-006  1.274969885566757E-006
  7.789926050755054E-008  1.700707038086242E-006
 -9.292990090961294E-007  1.181395406701714E-006
           9  8.784883253467645E-006 -3.768593970982067E-006
  5.082352012487802E-007  2.032700991723823E-006
  6.742727846205666E-008  2.237553301172399E-006
          10  5.774535411158570E-006 -8.425047060324181E-006
  1.520458268759211E-006  2.528834337019690E-006
  1.914553856456340E-006  2.459799080712146E-006
          11  2.154654320291767E-007 -1.071543272792596E-005
  3.471433268499469E-006  2.439880264210326E-006
  3.936765555853776E-006  1.135215959884544E-006
          12 -6.033279333477701E-006 -9.285600985717592E-006
  5.888083839895609E-006  6.599999354991970E-007
  4.859830455374601E-006 -1.752950740534751E-006
          13 -1.049738567117345E-005 -4.147753107016759E-006
  7.284027127710719E-006 -3.403233645072140E-006
  3.469543269496728E-006 -5.194035503717604E-006
          14 -1.092361536719023E-005  3.020388822440610E-006
  5.389248717759600E-006 -9.067112025784035E-006
 -3.027806882222056E-007 -7.385338995409725E-006
          15 -6.531351843850027E-006  9.110609369665095E-006
 -1.273918853433795E-006 -1.326715355779106E-005
 -5.347533409980428E-006 -6.524613993627051E-006
          16  1.050869257840250E-006  1.092029627787166E-005
 -1.105028036114692E-005 -1.184154447168017E-005
 -9.053591256552908E-006 -2.244161426275777E-006
          17  8.092334816986136E-006  7.013492096967545E-006
 -1.883052228998232E-005 -2.897934653907581E-006
 -9.326626043781558E-006  3.876018756488515E-006
          18  1.058423168049549E-005 -9.648382705489332E-007
 -1.887910885992746E-005  1.107893425967659E-005
 -5.504398944423600E-006  9.169745631165287E-006
          19  6.497671725679369E-006 -8.734303436744508E-006
 -8.180671469215956E-006  2.306889477283001E-005
  9.946947990336241E-007  1.100191816212690E-005
          20 -2.413823136682966E-006 -1.137452142604969E-005
  9.626220257490300E-006  2.489493506551102E-005
  7.445647758398099E-006  8.459716196627155E-006
          21 -1.112605387793469E-005 -6.511352387466599E-006
  2.527431692908154E-005  1.316888043327011E-005
  1.085193289235880E-005  2.563038975491340E-006
          22 -1.402220277785235E-005  3.947380577937602E-006
  2.900620324476683E-005 -7.449461204472098E-006
  1.019197839602208E-005 -4.050228575892189E-006
          23 -8.183354137902732E-006  1.419588167879005E-005
  1.679114005211634E-005 -2.606818350786584E-005
  5.930037441234096E-006 -8.708290832599244E-006
          24  3.939236009816807E-006  1.768572129900125E-005
 -5.821018566868789E-006 -3.112162321261839E-005
  1.375505070634930E-007 -1.022610632895674E-005
          25  1.581604261907001E-005  1.169230165128953E-005
 -2.630242878007891E-005 -1.861905972185287E-005
 -5.129473536288697E-006 -8.151438388543930E-006
          26  2.086626763716400E-005 -1.228969148986590E-006
 -3.223289934000510E-005  5.374941772953953E-006
 -8.322166919767851E-006 -4.057126402250528E-006
          27  1.614868375435639E-005 -1.469298900704705E-005
 -1.914662848806531E-005  2.720464556219876E-005
 -8.776483823579242E-006  8.924773530768906E-007
          28  3.485607330492322E-006 -2.209792821480677E-005
  6.259932379515149E-006  3.328951983342039E-005
 -6.827805407003293E-006  5.164808110764065E-006
          29 -1.099598888676687E-005 -1.943728989096784E-005
  2.882149056907183E-005  1.937050084069354E-005
 -2.886523479319494E-006  7.663402238401486E-006
          30 -2.016713998446832E-005 -8.257877142317918E-006
  3.526481143547352E-005 -7.088548188647059E-006
  1.472941932985080E-006  7.773094335660931E-006
          31 -2.004163322322218E-005  5.728899028092619E-006
  2.079050953330411E-005 -3.117256499538003E-005
  5.156877745207266E-006  5.636256836392470E-006
          32 -1.128976945740717E-005  1.593843484642175E-005
 -7.294785522867075E-006 -3.834845304671024E-005
  7.139859635951917E-006  1.947078881787504E-006
