   409.600000000000     
          32           1           3
  1.124309127438499E-002   40.7052079899882        116.534888381704     
   40.0000000000000        115.000000000000        6211.00000000000     
           0  0.000000000000000E+000  0.000000000000000E+000
  0.000000000000000E+000  0.000000000000000E+000
  0.000000000000000E+000  0.000000000000000E+000
           1 -3.028570626654066E-006  5.460298322131366E-007
 -1.444715752592319E-006  9.796089023924449E-008
  3.133973511185183E-007 -1.659582631521386E-008
           2 -3.450777014314906E-006  1.767851255320291E-006
 -1.811210910185742E-006  1.971782872750523E-007
  3.946060390433447E-007 -3.950532508011577E-008
           3 -2.854134194917125E-006  3.927139584679334E-006
 -2.545509868526120E-006  1.006342303558025E-006
  5.402475988776926E-007 -1.956255804463552E-007
           4 -4.022313852923658E-007  5.606511670931274E-006
 -2.516686850042852E-006  2.895744157849094E-006
  5.759082646633969E-007 -5.445873762149948E-007
           5  2.990649830450738E-006  5.234105509911586E-006
 -7.220766996367435E-007  4.819027894477819E-006
  3.401870263631968E-007 -9.728933804524816E-007
           6  5.498943956377359E-006  2.671097838294777E-006
  2.512291068408459E-006  5.067657205545258E-006
 -2.208734701236894E-007 -1.246399541447611E-006
           7  5.840714886146038E-006 -9.405665494037468E-007
  5.414873674726608E-006  2.852980776777590E-006
 -9.598929943048017E-007 -1.164888494874695E-006
           8  3.855334015820219E-006 -3.858379695863912E-006
  6.106197444039623E-006 -9.883040044067633E-007
 -1.668965792449653E-006 -6.157693107429568E-007
           9  6.117688063230584E-007 -4.688476222039091E-006
  4.009205950241832E-006 -4.184686539744076E-006
 -2.039309077396106E-006  3.882232110037957E-007
          10 -1.983517907681840E-006 -3.211670095199555E-006
  4.754966750519952E-007 -5.004807091824693E-006
 -1.740081580929267E-006  1.635426479233786E-006
          11 -2.678483753370000E-006 -6.917598616583786E-007
 -2.193341912138858E-006 -3.087407977424682E-006
 -6.401295533812952E-007  2.610246335207802E-006
          12 -1.389832981136690E-006  1.273585325874472E-006
 -2.147665610206746E-006 -2.491724784709966E-007
  9.956598930789853E-007  2.818701452102342E-006
          13  9.046837177175044E-007  1.470222695650483E-006
  2.550227450094889E-007  8.493744250904409E-007
  2.664072801046663E-006  1.991723253556360E-006
          14  2.566534507145468E-006 -4.579748188926854E-007
  2.447998950226495E-006 -1.147426457722256E-006
  3.674778638091065E-006  8.696596008999094E-008
          15  1.965042205243355E-006 -3.382230622272810E-006
  1.577224859155480E-006 -5.112457891336699E-006
  3.240979006680318E-006 -2.281631844211492E-006
          16 -1.041105261357567E-006 -5.131031314264638E-006
 -3.409352858952950E-006 -7.405126106935468E-006
  1.280796000965503E-006 -3.970454775961274E-006
          17 -4.975910034545712E-006 -4.236926918613456E-006
 -9.910538042199956E-006 -4.611202231782924E-006
 -1.431550471719175E-006 -4.107053756889166E-006
          18 -7.702166787447546E-006 -4.754178107717521E-007
 -1.305477498446927E-005  3.492142102410808E-006
 -3.785809202323965E-006 -2.415577807230803E-006
          19 -7.288264065283325E-006  4.738002031757664E-006
 -9.082856195780155E-006  1.286378753858592E-005
 -4.507627263988001E-006  5.157021887661649E-007
          20 -3.274938582578624E-006  8.706471918146743E-006
  1.324379246254643E-006  1.747503541790571E-005
 -3.100021779161106E-006  3.235832241120160E-006
          21  2.494748849832183E-006  9.172950045102719E-006
  1.302508404671065E-005  1.330859783024547E-005
 -3.052512904113405E-007  4.358846468135821E-006
          22  7.178740368262393E-006  5.917875947781867E-006
  1.890581108170949E-005  1.945689997479467E-006
  2.530250728873555E-006  3.384533791842604E-006
          23  8.676515739938897E-006  6.637984287210270E-007
  1.539982396255881E-005 -1.047660722760309E-005
  3.942427281098536E-006  8.101977836424884E-007
          24  6.514799664931025E-006 -3.883919265526451E-006
  4.880082519896681E-006 -1.679696828712428E-005
  3.246246926033581E-006 -1.949504487266985E-006
          25  2.580066231978997E-006 -5.269919588179507E-006
 -6.515666872136700E-006 -1.440763087990535E-005
  9.831585022916637E-007 -3.397019916639266E-006
          26 -6.134245489801055E-008 -3.863779467590426E-006
 -1.201696196898794E-005 -5.774077711491582E-006
 -1.574450887809462E-006 -2.950525709951925E-006
          27 -3.779319523655098E-008 -2.069383797680908E-006
 -1.025335253393166E-005  2.644667066346135E-006
 -3.029732724010292E-006 -8.855148167014253E-007
          28  1.167783049121490E-006 -2.332486377742816E-006
 -4.439732845249824E-006  6.076029766830648E-006
 -2.585988316386431E-006  1.502998935108873E-006
          29  1.136838418363925E-006 -4.469759512305048E-006
  2.213438043928509E-007  4.766306904744876E-006
 -6.620336428104998E-007  2.770243176463332E-006
          30 -1.459928475360877E-006 -6.556069813180285E-006
  1.394332847151312E-006  1.404620096022279E-006
  1.504502673559569E-006  2.349433738388938E-006
          31 -6.080180783591783E-006 -6.466029150961877E-006
 -5.102346249968227E-007 -1.917162142333104E-007
  2.716789784109115E-006  5.296184314202427E-007
          32 -1.054774756065721E-005 -2.447422953701232E-006
 -2.276720377150307E-006  1.309814159367714E-006
  2.247315672879362E-006 -1.593863928531198E-006
