   409.600000000000     
          32           1           3
  1.124309127438499E-002   41.9904273050050        112.711445193341     
   40.0000000000000        115.000000000000        6211.00000000000     
           0  0.000000000000000E+000  0.000000000000000E+000
  0.000000000000000E+000  0.000000000000000E+000
  0.000000000000000E+000  0.000000000000000E+000
           1  4.189507041409977E-008 -1.462875716523932E-007
  1.875961224438876E-007 -7.749878590163433E-008
  5.538811972528034E-007 -9.466330362392729E-008
           2 -3.144710374790664E-007 -3.032913023704706E-007
  1.704057367923556E-007 -3.051995689438387E-007
  7.022936420426944E-007 -2.356101663613993E-007
           3 -8.039151467383218E-007  3.177698831792723E-007
 -2.634243183834529E-007 -5.226389951909953E-007
  8.582345062525733E-007 -8.222830233129152E-007
           4 -7.458187261666101E-008  1.340730567292622E-006
 -8.434124811926297E-007 -1.363477823755647E-009
  2.102573418451457E-007 -1.677327569697144E-006
           5  1.570752469930025E-006  8.841706548867680E-007
 -4.688585446771599E-007  9.435550742120301E-007
 -1.233241593431867E-006 -1.715770636146356E-006
           6  1.845311968412319E-006 -1.199883599906160E-006
  7.260128820938736E-007  9.743161189898367E-007
 -2.349290186862753E-006 -4.036278581389049E-007
           7 -1.753720748684639E-007 -2.518123153763140E-006
  1.267307045861629E-006 -2.338466709622052E-007
 -2.036010849002791E-006  1.385799675239417E-006
           8 -2.504039358337323E-006 -1.220692951002516E-006
  3.343051285288706E-007 -1.211396415472451E-006
 -5.245613169115591E-007  2.329422711249662E-006
           9 -2.489645324668459E-006  1.660644265576303E-006
 -8.757369757585821E-007 -7.367396194370533E-007
  9.860033528804391E-007  1.847224996351554E-006
          10  2.063644412254582E-007  3.154158929244021E-006
 -8.579776409037244E-007  4.732287930494202E-007
  1.545494878249694E-006  8.210642259865958E-007
          11  2.972945386832439E-006  1.392199591217084E-006
  2.190013022682758E-007  8.019561245735765E-007
  1.490808478053882E-006  5.109009565562334E-008
          12  2.669906224050450E-006 -2.036191670965340E-006
  7.411306261788397E-007 -1.583275895553480E-007
  1.421150015297443E-006 -4.296185447211691E-007
          13 -6.585092737901018E-007 -3.361433985305327E-006
 -1.376957363715465E-007 -8.233005233847798E-007
  1.346222807221922E-006 -1.155753083280830E-006
          14 -3.464640915696990E-006 -8.465807847583902E-007
 -1.009112636633718E-006  3.233433598178080E-008
  6.540538511806126E-007 -2.164921146967332E-006
          15 -2.291745069624860E-006  3.095405157191522E-006
 -2.157010822689771E-007  1.107633028224067E-006
 -9.817193730650811E-007 -2.488444615698611E-006
          16  2.271809675132928E-006  3.644692405561826E-006
  1.048562749187620E-006  5.266955885079211E-007
 -2.680436540095282E-006 -1.405843686322371E-006
          17  4.847170286327321E-006 -8.905102795410427E-007
  7.544429345630909E-007 -9.154895236376378E-007
 -3.113069383129619E-006  8.593759237153204E-007
          18  1.177381572229831E-006 -5.635812570037413E-006
 -8.414981339904315E-007 -9.074138670296234E-007
 -1.678440148121731E-006  2.747860913545903E-006
          19 -5.566066996349441E-006 -3.828437756810941E-006
 -1.150179386928806E-006  9.247587340803331E-007
  5.643166728796141E-007  2.933398925975294E-006
          20 -6.581723727627667E-006  4.219375145108950E-006
  9.630169454606302E-007  1.622593220612755E-006
  2.061605719959201E-006  1.621676525189285E-006
          21  1.530433747653387E-006  8.708654335897550E-006
  2.360619390095891E-006 -6.871985243992350E-007
  2.145375091336037E-006  1.090999523381321E-007
          22  9.524468314183245E-006  2.031909022500098E-006
  1.073576744362291E-007 -3.053100532269635E-006
  1.555749051071481E-006 -7.674484264798498E-007
          23  5.656733644708391E-006 -8.736468908102142E-006
 -3.362171602985454E-006 -1.409224228458915E-006
  1.129965300650471E-006 -1.066814631569848E-006
          24 -6.576531829276401E-006 -8.579252867650996E-006
 -2.874548856515648E-006  3.098097145919781E-006
  7.459371364907865E-007 -1.690388832305097E-006
          25 -1.044176399900075E-005  3.641447279383603E-006
  2.184880619771618E-006  4.139869253072715E-006
 -2.492794685468200E-007 -2.234168868687685E-006
          26  4.925869907920800E-007  1.130638544678913E-005
  5.087046295474614E-006 -8.160437976295965E-007
 -1.874606446343509E-006 -1.840441097716464E-006
          27  1.140116590583532E-005  2.645725412487052E-006
  8.833123860642434E-007 -5.583876465289902E-006
 -2.804593476033561E-006 -2.270905856728765E-007
          28  5.867589435523700E-006 -1.075221568944710E-005
 -5.577536050716847E-006 -2.965433424856150E-006
 -2.325921162716171E-006  1.728896025155923E-006
          29 -9.071394560576318E-006 -9.237467124427956E-006
 -5.310504028597730E-006  4.822570286218015E-006
 -6.139488841228832E-007  2.670833130580694E-006
          30 -1.236642182355358E-005  5.994019121231634E-006
  2.865674301811702E-006  7.543542186305983E-006
  1.125267774707896E-006  2.280408775330112E-006
          31  1.438823633268013E-006  1.435064354536148E-005
  9.012572951430785E-006  3.710548187478325E-007
  1.968402094370411E-006  1.017027707971737E-006
          32  1.424045888895252E-005  4.030728717630957E-006
  4.422823610653386E-006 -8.825827171094358E-006
  1.868356086282820E-006 -1.561693551604782E-007
