   409.600000000000     
          32           1           3
  1.124309127438499E-002   41.8124574839256        113.200375556389     
   40.0000000000000        115.000000000000        6211.00000000000     
           0  0.000000000000000E+000  0.000000000000000E+000
  0.000000000000000E+000  0.000000000000000E+000
  0.000000000000000E+000  0.000000000000000E+000
           1  0.000000000000000E+000  0.000000000000000E+000
 -1.494965435290988E-008  5.196605994516297E-009
 -3.164999709399198E-009 -1.107530320056086E-009
           2  0.000000000000000E+000  0.000000000000000E+000
 -1.350110377479036E-008  1.336881757430097E-008
 -6.525770949964212E-009 -1.574894847040672E-009
           3  0.000000000000000E+000  0.000000000000000E+000
 -5.282455413504667E-009  2.217785727261592E-008
 -1.207276013320172E-008  3.301815888551741E-009
           4  0.000000000000000E+000  0.000000000000000E+000
  1.016595437649959E-008  2.436676332037731E-008
 -1.192691396313815E-008  1.635034965281292E-008
           5  0.000000000000000E+000  0.000000000000000E+000
  2.502326024077085E-008  1.431563476999939E-008
  3.880372538904157E-009  2.881409353604679E-008
           6  0.000000000000000E+000  0.000000000000000E+000
  3.032907424032732E-008 -4.564168485335931E-009
  3.072399963982067E-008  2.286143148222323E-008
           7  0.000000000000000E+000  0.000000000000000E+000
  2.091507019482336E-008 -2.290771154518376E-008
  4.653142233607515E-008 -9.083738768904415E-009
           8  0.000000000000000E+000  0.000000000000000E+000
  2.420052338747571E-009 -3.041469254246822E-008
  2.759377567353412E-008 -4.753019638559387E-008
           9  0.000000000000000E+000  0.000000000000000E+000
 -1.549598816211853E-008 -2.378339450016486E-008
 -2.080753469998684E-008 -5.744460893221220E-008
          10  0.000000000000000E+000  0.000000000000000E+000
 -2.407034609638956E-008 -1.061206249675917E-008
 -6.034899017100642E-008 -2.074107307135556E-008
          11  0.000000000000000E+000  0.000000000000000E+000
 -2.427955729068605E-008  3.635769312658691E-009
 -5.406747483017539E-008  3.490775914475693E-008
          12  0.000000000000000E+000  0.000000000000000E+000
 -1.841214149265853E-008  1.410347938481467E-008
 -3.413493076757775E-009  6.213276113532472E-008
          13  0.000000000000000E+000  0.000000000000000E+000
 -9.527322704014496E-009  2.091542024126476E-008
  4.603932484454866E-008  3.479148850702262E-008
          14  0.000000000000000E+000  0.000000000000000E+000
  9.545391950437429E-010  2.486277317219302E-008
  4.784570613683528E-008 -2.073738012107836E-008
          15  0.000000000000000E+000  0.000000000000000E+000
  1.546377253513571E-008  2.308948414625839E-008
  1.440494430159623E-009 -4.718671256092138E-008
          16  0.000000000000000E+000  0.000000000000000E+000
  2.872032050452027E-008  1.148892579950885E-008
 -4.316529073687115E-008 -1.751078605540474E-008
          17  0.000000000000000E+000  0.000000000000000E+000
  3.303816538106873E-008 -8.267826954133797E-009
 -3.471706590304563E-008  3.899008810158864E-008
          18  0.000000000000000E+000  0.000000000000000E+000
  2.277051319043484E-008 -2.915948893364319E-008
  2.633459267409756E-008  5.746766604199199E-008
          19  0.000000000000000E+000  0.000000000000000E+000
 -6.530765771789437E-010 -3.865712892229997E-008
  7.727018272460339E-008  5.058395240507944E-009
          20  0.000000000000000E+000  0.000000000000000E+000
 -2.654523482292002E-008 -2.956432929200657E-008
  5.305435183669992E-008 -7.681544614996940E-008
          21  0.000000000000000E+000  0.000000000000000E+000
 -3.796642286795106E-008 -5.498768642261061E-009
 -4.095487837395988E-008 -9.863908334610502E-008
          22  0.000000000000000E+000  0.000000000000000E+000
 -3.082614788411657E-008  1.941618405299251E-008
 -1.163675750668196E-007 -2.295187251152298E-008
          23  0.000000000000000E+000  0.000000000000000E+000
 -1.054028289843882E-008  3.052560200939558E-008
 -8.908542803113733E-008  8.889712726384519E-008
          24  0.000000000000000E+000  0.000000000000000E+000
  9.121035959549648E-009  2.729387146551005E-008
  2.421376289326061E-008  1.283105893344956E-007
          25  0.000000000000000E+000  0.000000000000000E+000
  1.794761231981114E-008  1.397605409491981E-008
  1.217060502203454E-007  4.792429691482230E-008
          26  0.000000000000000E+000  0.000000000000000E+000
  1.910641500430789E-008  3.754454506219505E-009
  1.015248755678079E-007 -7.460166921410207E-008
          27  0.000000000000000E+000  0.000000000000000E+000
  1.687707521177419E-008 -2.948293445012517E-009
 -1.267962821257394E-008 -1.198951246129845E-007
          28  0.000000000000000E+000  0.000000000000000E+000
  1.617322720713170E-008 -9.599957868480168E-009
 -1.047037261115396E-007 -4.346315852007409E-008
          29  0.000000000000000E+000  0.000000000000000E+000
  1.139633775378370E-008 -1.760978058400383E-008
 -8.454647421854605E-008  7.115276352475576E-008
          30  0.000000000000000E+000  0.000000000000000E+000
  2.082210076990514E-010 -2.535376312176365E-008
  2.934249834414733E-008  1.066990253038374E-007
          31  0.000000000000000E+000  0.000000000000000E+000
 -1.657789624775202E-008 -2.294279683690606E-008
  1.125228470987345E-007  2.094909025030101E-008
          32  0.000000000000000E+000  0.000000000000000E+000
 -2.928229219531629E-008 -8.324893295095799E-009
  7.515398685408730E-008 -9.675789358905253E-008
