   409.600000000000     
          32           1           3
  1.124309127438499E-002   41.1895631101478        114.911631827057     
   40.0000000000000        115.000000000000        6211.00000000000     
           0  0.000000000000000E+000  0.000000000000000E+000
  0.000000000000000E+000  0.000000000000000E+000
  0.000000000000000E+000  0.000000000000000E+000
           1  0.000000000000000E+000  0.000000000000000E+000
 -3.466975745150014E-008  8.905587135495089E-009
  6.461131925123254E-010 -3.388668826419397E-010
           2  0.000000000000000E+000  0.000000000000000E+000
 -3.558722078993655E-008  2.374368691145510E-008
  4.872446968623580E-010 -8.862834065543330E-010
           3  0.000000000000000E+000  0.000000000000000E+000
 -2.734021192765390E-008  4.476017390860630E-008
 -2.328477072098079E-010 -1.443469973892106E-009
           4  0.000000000000000E+000  0.000000000000000E+000
 -2.815869362596120E-009  6.358403583316680E-008
 -1.579084590120743E-009 -1.370348770706862E-009
           5  0.000000000000000E+000  0.000000000000000E+000
  3.572283173831005E-008  6.638240788422700E-008
 -2.862636383095869E-009 -3.599426059992947E-011
           6  0.000000000000000E+000  0.000000000000000E+000
  7.731371201546190E-008  4.324583465029146E-008
 -2.981635387522519E-009  2.428122917086967E-009
           7  0.000000000000000E+000  0.000000000000000E+000
  1.016464132419970E-007 -8.049937057722125E-009
 -9.140187985073660E-010  4.931697520213481E-009
           8  0.000000000000000E+000  0.000000000000000E+000
  9.049870565315132E-008 -7.340689659042716E-008
  3.146269843103985E-009  5.564384263449869E-009
           9  0.000000000000000E+000  0.000000000000000E+000
  3.524261488596415E-008 -1.256360914729104E-007
  7.487252142550004E-009  2.719361779904524E-009
          10  0.000000000000000E+000  0.000000000000000E+000
 -4.981368496470419E-008 -1.377487185372003E-007
  9.143206290656294E-009 -3.340286443521826E-009
          11  0.000000000000000E+000  0.000000000000000E+000
 -1.358321701159087E-007 -8.947127621444925E-008
  5.788891073590369E-009 -1.026440141587746E-008
          12  0.000000000000000E+000  0.000000000000000E+000
 -1.778307002855077E-007  1.204604208267305E-008
 -2.771439835311101E-009 -1.372730668107312E-008
          13  0.000000000000000E+000  0.000000000000000E+000
 -1.437982727707826E-007  1.282816757173604E-007
 -1.302994120192977E-008 -9.979883543547605E-009
          14  0.000000000000000E+000  0.000000000000000E+000
 -3.696267973631936E-008  2.035134579746992E-007
 -1.885730669284797E-008  1.236706576169227E-009
          15  0.000000000000000E+000  0.000000000000000E+000
  1.045738517138594E-007  1.928349036099184E-007
 -1.516970474179135E-008  1.529551972824661E-008
          16  0.000000000000000E+000  0.000000000000000E+000
  2.117146936184005E-007  8.684090313924579E-008
 -1.261783027754354E-009  2.417185722675493E-008
          17  0.000000000000000E+000  0.000000000000000E+000
  2.245573633293005E-007 -6.822921637394203E-008
  1.681689485444661E-008  2.080758927910468E-008
          18  0.000000000000000E+000  0.000000000000000E+000
  1.322872052456723E-007 -1.976161501032432E-007
  2.879957322536713E-008  4.617380156150707E-009
          19  0.000000000000000E+000  0.000000000000000E+000
 -2.245115945455832E-008 -2.353864488144993E-007
  2.632312177009886E-008 -1.704424110766185E-008
          20  0.000000000000000E+000  0.000000000000000E+000
 -1.636252305526242E-007 -1.659855593491105E-007
  8.777108860865185E-009 -3.211163234288690E-008
          21  0.000000000000000E+000  0.000000000000000E+000
 -2.232085361722374E-007 -2.648724718499898E-008
 -1.557590403689187E-008 -3.123653551766912E-008
          22  0.000000000000000E+000  0.000000000000000E+000
 -1.844552948184830E-007  1.126549188854998E-007
 -3.356701181037711E-008 -1.363320641757571E-008
          23  0.000000000000000E+000  0.000000000000000E+000
 -7.271475735496282E-008  1.908604490122939E-007
 -3.524145792957910E-008  1.225606765617972E-008
          24  0.000000000000000E+000  0.000000000000000E+000
  5.349077110879743E-008  1.868432150912213E-007
 -1.907831571906786E-008  3.297272253431806E-008
          25  0.000000000000000E+000  0.000000000000000E+000
  1.452756370377036E-007  1.096413899398294E-007
  7.174638796825781E-009  3.823156056062225E-008
          26  0.000000000000000E+000  0.000000000000000E+000
  1.717282142793769E-007  3.166740407054548E-009
  3.068573001064752E-008  2.482774944649634E-008
          27  0.000000000000000E+000  0.000000000000000E+000
  1.311418656308818E-007 -9.291682644720223E-008
  4.010474460189298E-008 -9.565296530930005E-010
          28  0.000000000000000E+000  0.000000000000000E+000
  4.938977460092137E-008 -1.417505606954056E-007
  3.030171020161462E-008 -2.699452433095117E-008
          29  0.000000000000000E+000  0.000000000000000E+000
 -4.087211670072172E-008 -1.335762711278916E-007
  5.776261179971427E-009 -4.074708018784473E-008
          30  0.000000000000000E+000  0.000000000000000E+000
 -1.018248098548935E-007 -7.863604901585083E-008
 -2.229414494824619E-008 -3.512458520910386E-008
          31  0.000000000000000E+000  0.000000000000000E+000
 -1.173646974998451E-007 -4.144453609431594E-009
 -4.020521172862921E-008 -1.232842545112531E-008
          32  0.000000000000000E+000  0.000000000000000E+000
 -8.791876688656708E-008  5.791174464730604E-008
 -3.882379285166390E-008  1.706759807266143E-008
