   409.600000000000     
          32           1           3
  1.124309127438499E-002   41.1845012223391        114.632933770792     
   40.0000000000000        115.000000000000        6211.00000000000     
           0  0.000000000000000E+000  0.000000000000000E+000
  0.000000000000000E+000  0.000000000000000E+000
  0.000000000000000E+000  0.000000000000000E+000
           1 -1.305832749006863E-006  2.453244838579210E-008
  4.792721496943496E-007 -9.446102344618094E-008
 -1.113604965893521E-006  1.977951473058491E-007
           2 -1.684035640006220E-006  7.831447293514556E-008
  5.639431805143258E-007 -3.320686320091960E-007
 -1.174721446625716E-006  6.536139027754458E-007
           3 -2.348293530349871E-006  6.927516803593088E-007
  4.511557378535269E-007 -7.447106310536871E-007
 -8.124187202535856E-007  1.174903012479776E-006
           4 -2.630986097643262E-006  2.159945481441352E-006
  2.232393986197619E-009 -1.092382490289778E-006
 -2.170346370506653E-007  1.312637787541300E-006
           5 -1.757786107622142E-006  4.054119147471076E-006
 -6.677431209109453E-007 -1.138761133133259E-006
  1.932840412257651E-007  1.032497475422928E-006
           6  5.509080035091246E-007  5.424431965305421E-006
 -1.358885545751272E-006 -7.890294773576880E-007
  8.205270342746850E-008  8.106551148071801E-007
           7  3.818154345548399E-006  5.220626778955658E-006
 -1.867853119791035E-006 -1.001449405119719E-007
 -1.339703499639689E-007  1.162668176582108E-006
           8  6.900109812321957E-006  2.880669387146808E-006
 -2.170775336123399E-006  9.031620129170087E-007
  2.840807628174708E-007  2.061899332899797E-006
           9  8.344218124081395E-006 -1.382018754322236E-006
 -1.960340194815710E-006  2.407302679292495E-006
  1.788871589409684E-006  2.536723744205125E-006
          10  6.942644255363982E-006 -6.308705423513158E-006
 -5.652296758812223E-007  4.045454860169520E-006
  3.826603116474240E-006  1.860285618081144E-006
          11  2.489959573856194E-006 -9.898610989702873E-006
  2.231537420617940E-006  4.773038221580497E-006
  5.537460545954752E-006 -4.797904109901398E-007
          12 -3.771307181583013E-006 -1.027621512312963E-005
  5.715846484878922E-006  3.410652167346260E-006
  5.585733610449419E-006 -4.224147068276836E-006
          13 -9.551927281260329E-006 -6.603022821032301E-006
  8.332711151148233E-006 -5.858255178876121E-007
  2.793185206011586E-006 -8.041426639738776E-006
          14 -1.216983076987605E-005  3.679925758465531E-007
  7.867144174229532E-006 -6.723631057189925E-006
 -2.606555302787284E-006 -9.719978340042606E-006
          15 -9.726450304698724E-006  7.995631556568134E-006
  2.532403308132400E-006 -1.227568569969022E-005
 -8.858354469944883E-006 -7.327699458818140E-006
          16 -2.586251674883967E-006  1.259785290743925E-005
 -6.731089460558573E-006 -1.317714478527393E-005
 -1.268261909923061E-005 -9.096449643367667E-007
          17  6.251765716697509E-006  1.142984345336687E-005
 -1.564206606183522E-005 -6.909946206817441E-006
 -1.174844366088989E-005  7.187827967635035E-006
          18  1.242628133230347E-005  4.414494837024311E-006
 -1.872866916191224E-005  5.373258944899028E-006
 -5.614610352966242E-006  1.343556817677371E-005
          19  1.224120402842060E-005 -5.384222361427989E-006
 -1.198486722754440E-005  1.816822713954425E-005
  3.396687298962800E-006  1.459745782278031E-005
          20  5.083123978736170E-006 -1.269155696726962E-005
  3.151095167189339E-006  2.365250254634560E-005
  1.146478543255693E-005  9.981156548033513E-006
          21 -5.610696215200875E-006 -1.302721221469699E-005
  1.942983806417012E-005  1.692239950418192E-005
  1.488923188651643E-005  1.463299652231089E-006
          22 -1.391915787644934E-005 -5.434858858598092E-006
  2.754707889778957E-005 -3.153762612857474E-007
  1.265842031769118E-005 -7.192673317999200E-006
          23 -1.454515678373780E-005  6.370217821906143E-006
  2.134128555374250E-005 -1.983085293863807E-005
  5.988619018075498E-006 -1.241338102438912E-005
          24 -6.425347000006021E-006  1.567630357615416E-005
  2.468553969281612E-006 -3.039102965810371E-005
 -1.869742855200963E-006 -1.293440655624547E-005
          25  6.395276011052932E-006  1.689296347720949E-005
 -1.960767004674382E-005 -2.502341080691466E-005
 -8.030321415601595E-006 -8.911147946119550E-006
          26  1.699661412378973E-005  8.782719125445710E-006
 -3.262868828176527E-005 -5.156592024409156E-006
 -1.066570526218233E-005 -2.944235073154355E-006
          27  1.959044528696948E-005 -4.782900130959444E-006
 -2.832634661435184E-005  1.931247148899724E-005
 -9.604452262082463E-006  2.896682747343468E-006
          28  1.221959330149091E-005 -1.709234868444146E-005
 -7.554256319949477E-006  3.455862101720502E-005
 -6.184285438151927E-006  6.801015372114754E-006
          29 -1.744024967946872E-006 -2.144410827061573E-005
  1.864495245421656E-005  3.136083479986033E-005
 -1.535287024769494E-006  8.178687892196964E-006
          30 -1.522490528843457E-005 -1.552063791780874E-005
  3.622557663389019E-005  1.059091551883317E-005
  2.509804929859968E-006  7.122053017260181E-006
          31 -2.160447657591896E-005 -2.206549958296041E-006
  3.491914398090809E-005 -1.749911900943882E-005
  5.180579181880591E-006  4.514765799076347E-006
          32 -1.772542763928104E-005  1.199795314905212E-005
  1.419070548982446E-005 -3.773766314621559E-005
  6.229206080070520E-006  1.296160605622564E-006
