   409.600000000000     
          32           1           3
  1.124309127438499E-002   41.4463940661495        113.620840169956     
   40.0000000000000        115.000000000000        6211.00000000000     
           0  0.000000000000000E+000  0.000000000000000E+000
  0.000000000000000E+000  0.000000000000000E+000
  0.000000000000000E+000  0.000000000000000E+000
           1  2.687681329763907E-007 -2.304586097481826E-007
  6.334189632037755E-007 -1.175059504731338E-007
 -1.293081772173700E-007  5.987889575703051E-008
           2 -1.317346852953959E-008 -6.557175561620993E-007
  7.570740726354624E-007 -4.030561602452782E-007
 -6.489399162761471E-008  2.605272378734355E-007
           3 -8.979515126549945E-007 -6.387423715666883E-007
  6.299552548316395E-007 -9.980699803298524E-007
  3.455510578602425E-007  2.830076822653779E-007
           4 -1.565587974801332E-006  4.695468605712714E-007
 -1.314568365748042E-007 -1.482041862418916E-006
  6.218196409459686E-007 -2.463840067422615E-007
           5 -8.725741883611817E-007  2.032389521608244E-006
 -1.218495836363867E-006 -1.230718438126260E-006
  2.083133092333666E-007 -9.703464423068919E-007
           6  1.192791913341234E-006  2.545161815817307E-006
 -1.893587903699081E-006 -1.214441374456907E-007
 -9.146354395598735E-007 -1.031863234924392E-006
           7  3.255498410101331E-006  1.061559948110328E-006
 -1.540794713364201E-006  1.197251304975852E-006
 -1.819103261641504E-006  4.905354014327158E-008
           8  3.600279746215830E-006 -1.894155260514922E-006
 -3.966874963925355E-007  1.923430307707860E-006
 -1.477420803469118E-006  1.776649812978318E-006
           9  1.366693336325236E-006 -4.550234294288651E-006
  9.533628349903875E-007  1.735701212043401E-006
  3.047570083309724E-007  2.702013254373166E-006
          10 -2.635558333077228E-006 -4.751651630068266E-006
  1.914831957554564E-006  6.936363228007024E-007
  2.418853628430293E-006  2.044244465175344E-006
          11 -5.855323752463549E-006 -1.585676607286836E-006
  1.954947811469029E-006 -8.265004747857974E-007
  3.617566729909241E-006 -1.498350427594782E-007
          12 -5.714513290412324E-006  3.378283813973581E-006
  8.807395599250243E-007 -2.097211677816284E-006
  2.915899449611989E-006 -2.825807871169009E-006
          13 -1.685434745106270E-006  6.973839669035095E-006
 -9.350853165171741E-007 -2.328073594610541E-006
  3.013999510515139E-007 -4.434584252741637E-006
          14  4.175725491044860E-006  6.456167276474506E-006
 -2.750076938500825E-006 -1.136492348324291E-006
 -2.856008090259225E-006 -3.810746557511863E-006
          15  8.030768145769461E-006  1.340865271014385E-006
 -3.271615051863929E-006  1.567709639061776E-006
 -4.841832617995095E-006 -1.017986108922344E-006
          16  6.537552737561684E-006 -5.402168125715192E-006
 -1.221853180032074E-006  4.283904116962821E-006
 -4.372862387177596E-006  2.336629839543114E-006
          17 -7.553760684705100E-009 -8.681846555332018E-006
  2.946639345701446E-006  4.583522705993565E-006
 -1.928585859038787E-006  4.502356994964145E-006
          18 -6.917677661528531E-006 -5.405512442956206E-006
  6.537358685497702E-006  1.048764749573367E-006
  1.196386719769613E-006  4.539380007827771E-006
          19 -8.538076248149211E-006  2.383907367978261E-006
  6.151096731960559E-006 -5.037764054646855E-006
  3.361593809118593E-006  2.741485662021755E-006
          20 -2.927242552549052E-006  8.515997016574635E-006
  3.427646790309537E-007 -9.342471710412558E-006
  4.010962331701465E-006  4.060224641316674E-007
          21  5.668797435452727E-006  7.321107543965834E-006
 -7.772970068608906E-006 -7.336962282031253E-006
  3.328167280509829E-006 -1.498001584173574E-006
          22  9.680598097704257E-006 -8.221090685503453E-007
 -1.189772271965237E-005  1.082890686474509E-006
  2.201554104387062E-006 -2.755498397835434E-006
          23  4.928145736284792E-006 -9.160656287679699E-006
 -7.689362627469326E-006  1.061881767415297E-005
  7.999334166855489E-007 -3.426779329864048E-006
          24 -5.224841525994384E-006 -9.894754740115332E-006
  3.255305246998151E-006  1.369708993449277E-005
 -9.383418778309590E-007 -3.837288173251511E-006
          25 -1.185384438427898E-005 -1.544082045780886E-006
  1.323984666333941E-005  6.679752725019635E-006
 -2.996384042901388E-006 -3.101651936919032E-006
          26 -8.749573077615346E-006  9.078879382884494E-006
  1.407157867095455E-005 -6.098301454878698E-006
 -4.788494498551583E-006 -1.143262151622366E-006
          27  1.945913088993793E-006  1.286688948377083E-005
  4.298568622990412E-006 -1.516961758097964E-005
 -4.985101584153149E-006  1.996653179712570E-006
          28  1.133480543825296E-005  6.477874746108639E-006
 -9.477811760279083E-006 -1.313353227323431E-005
 -3.084400797278809E-006  4.925371108522891E-006
          29  1.190464677336198E-005 -4.607574185712785E-006
 -1.668683402956022E-005 -4.021991040696040E-007
  6.227392105838766E-007  5.914212108770152E-006
          30  3.749328109547575E-006 -1.154846910759823E-005
 -1.053623084580908E-005  1.360853390036541E-005
  4.031272509424193E-006  4.385705513581376E-006
          31 -6.047261828908184E-006 -9.365394409585786E-006
  4.948789432783054E-006  1.725654772229455E-005
  5.692137490245713E-006  1.087200769432738E-006
          32 -9.919217304337733E-006 -1.090698115802311E-006
  1.783555943106198E-005  6.572656405900053E-006
  4.983058317602993E-006 -2.365351255426140E-006
