   409.600000000000     
          32           1           3
  1.124309127438499E-002   42.6983092365220        113.107540782029     
   40.0000000000000        115.000000000000        6211.00000000000     
           0  0.000000000000000E+000  0.000000000000000E+000
  0.000000000000000E+000  0.000000000000000E+000
  0.000000000000000E+000  0.000000000000000E+000
           1 -2.643965171257307E-007  2.102562341304515E-008
 -1.350078548040401E-007  3.428830579650094E-008
  6.172309313052367E-007 -1.276747433041030E-007
           2 -4.533655900931475E-007  2.384361811516991E-007
 -1.860608081946902E-007  7.548276860592565E-008
  7.614702868887929E-007 -3.663565775432496E-007
           3 -1.523964968079386E-007  8.650790040183272E-007
 -2.293467484187597E-007  3.476959048819474E-007
  7.178755926789304E-007 -1.069554141533721E-006
           4  9.210904529920622E-007  7.330151409992066E-007
  2.830615592400682E-007  6.612320296458930E-007
 -2.579080739479306E-007 -1.684412030431550E-006
           5  1.191947036217759E-006 -5.671754084333896E-007
  9.966849066372333E-007  3.309342380096896E-008
 -1.566599699448229E-006 -1.149792589755275E-006
           6 -6.817138274527321E-009 -1.295208589383509E-006
  4.902163380675577E-007 -1.066996010183449E-006
 -1.945228469605575E-006  3.000989911514757E-007
           7 -1.041670010036259E-006 -4.711069090630219E-007
 -8.804102523708199E-007 -8.835235272793387E-007
 -1.137995435076606E-006  1.383020871590685E-006
           8 -6.918512307706879E-007  6.450761259119845E-007
 -1.073811495209450E-006  5.781158626113581E-007
 -8.946060434330420E-008  1.541323873022316E-006
           9  3.392473976004330E-007  7.049210346548210E-007
  3.432524554855586E-007  1.093563108889495E-006
  5.304255427465128E-007  1.174885798262563E-006
          10  7.135727377825888E-007 -1.861299600328300E-007
  1.112433475749652E-006 -2.518988183420963E-007
  9.009486028046497E-007  9.596676121181712E-007
          11 -3.063677435376409E-008 -8.771242562600037E-007
 -1.760025569918183E-007 -1.299817060842705E-006
  1.509699531353462E-006  5.648868422739693E-007
          12 -1.123255629013165E-006 -3.661271357976367E-007
 -1.708113435494441E-006 -1.022996321013496E-007
  1.939080744912654E-006 -4.768584633149849E-007
          13 -1.117191726567696E-006  1.160416402424895E-006
 -7.409805292254904E-007  2.103186068746204E-006
  1.373463993736187E-006 -1.881870218476342E-006
          14  6.667140058410630E-007  2.063483748724491E-006
  2.165367250275470E-006  1.735289915829634E-006
 -2.733115098714643E-007 -2.556654006464375E-006
          15  2.823481111348457E-006  4.494961743511209E-007
  2.802144843930292E-006 -1.658212338473438E-006
 -1.965458658613823E-006 -1.706032396138954E-006
          16  1.952002508666943E-006 -3.001637082080358E-006
 -6.070965598896552E-007 -3.560449326359312E-006
 -2.506765123916940E-006  4.113312974194653E-008
          17 -2.447320322706218E-006 -3.402799973422587E-006
 -3.748424687220468E-006 -6.651181843869377E-007
 -1.707672938371398E-006  1.514805170406256E-006
          18 -4.432053647535041E-006  1.361562486099463E-006
 -1.752793315459442E-006  3.367896880808362E-006
 -4.165546744515459E-007  1.940124086458728E-006
          19  1.462331111213593E-007  4.964188550631556E-006
  2.784660983476720E-006  2.397169911209862E-006
  5.316757495707995E-007  1.634073944668880E-006
          20  5.248703164212270E-006  8.745935537310600E-007
  2.606186629952205E-006 -2.354946026920306E-006
  1.198015473254279E-006  1.186647958379493E-006
          21  1.696289428336337E-006 -5.622974068160235E-006
 -2.230779199435070E-006 -2.782482821420497E-006
  1.759082091158395E-006  5.028665365477679E-007
          22 -6.236131112416904E-006 -2.664534771563946E-006
 -3.335102641085607E-006  2.295155718517968E-006
  1.909219237912266E-006 -6.807102415892977E-007
          23 -4.167112106927717E-006  6.914755136302859E-006
  2.116837566152250E-006  4.371212753617829E-006
  1.157546239292086E-006 -1.827430565941595E-006
          24  7.171555947815788E-006  6.273810447618937E-006
  5.639532593289329E-006 -1.316264481555334E-006
 -3.913180997573564E-007 -2.197421158498153E-006
          25  8.638754340913294E-006 -6.512548363678104E-006
  1.712520408599857E-007 -6.563478455325867E-006
 -1.599587289327164E-006 -1.279387824319643E-006
          26 -4.798372613994526E-006 -1.063190892077037E-005
 -6.651605285115454E-006 -2.054695467840925E-006
 -1.789867481365195E-006  4.378390983496543E-008
          27 -1.171110242772255E-005  2.365689567617916E-006
 -3.796864206181399E-006  5.839428315460110E-006
 -1.187301706096014E-006  8.443810277932815E-007
          28 -1.129594676506956E-007  1.172958657346647E-005
  4.457211897716853E-006  4.962735972711873E-006
 -5.730752059121580E-007  1.116277531269352E-006
          29  1.096249898870227E-005  2.099141209295135E-006
  5.508263310839937E-006 -3.084467209420608E-006
 -7.234928575755698E-008  1.172428117449763E-006
          30  3.520914308951862E-006 -9.964497798070610E-006
 -2.051671208922027E-006 -5.703157714002630E-006
  5.309746479547067E-007  1.160554325879966E-006
          31 -9.143492820504093E-006 -4.728246408892628E-006
 -5.986542987578171E-006  1.238098550254951E-006
  1.147236162466458E-006  7.461888268993245E-007
          32 -6.188692953588138E-006  8.461714291230656E-006
  2.074926020576915E-007  6.552332871560839E-006
  1.422653604610003E-006 -5.727313599714964E-008
