   409.600000000000     
          32           1           3
  1.124309127438499E-002   40.4675600502130        116.309957166720     
   40.0000000000000        115.000000000000        6211.00000000000     
           0  0.000000000000000E+000  0.000000000000000E+000
  0.000000000000000E+000  0.000000000000000E+000
  0.000000000000000E+000  0.000000000000000E+000
           1  0.000000000000000E+000  0.000000000000000E+000
 -1.560036874875370E-008  3.911246341047406E-009
 -1.293812327275644E-008  5.855692142589427E-009
           2  0.000000000000000E+000  0.000000000000000E+000
 -1.610845782591469E-008  1.043623393097951E-008
 -1.083489588587250E-008  1.542966064570728E-008
           3  0.000000000000000E+000  0.000000000000000E+000
 -1.270910553788773E-008  1.979429112225519E-008
  3.776399192985492E-010  2.606146451093583E-008
           4  0.000000000000000E+000  0.000000000000000E+000
 -2.172635099393410E-009  2.848477830219952E-008
  2.281255219935562E-008  2.768764225930113E-008
           5  0.000000000000000E+000  0.000000000000000E+000
  1.482869239196717E-008  3.049946508969319E-008
  4.685663591912104E-008  9.213253248142384E-009
           6  0.000000000000000E+000  0.000000000000000E+000
  3.385871816151274E-008  2.122893376252273E-008
  5.539621146089801E-008 -2.976347804947426E-008
           7  0.000000000000000E+000  0.000000000000000E+000
  4.616158803706751E-008 -9.277313712206006E-010
  3.007882074409851E-008 -7.503323635939080E-008
           8  0.000000000000000E+000  0.000000000000000E+000
  4.329885748162253E-008 -3.054187479974929E-008
 -3.112973360942437E-008 -9.726151690584605E-008
           9  0.000000000000000E+000  0.000000000000000E+000
  2.040397893110062E-008 -5.604807706584955E-008
 -1.070595262976678E-007 -6.717874713875345E-008
          10  0.000000000000000E+000  0.000000000000000E+000
 -1.758772268415126E-008 -6.498889263597843E-008
 -1.527765580406510E-007  2.003807578695624E-008
          11  0.000000000000000E+000  0.000000000000000E+000
 -5.880131384503929E-008 -4.682789087230069E-008
 -1.257135660508025E-007  1.375398213252009E-007
          12  0.000000000000000E+000  0.000000000000000E+000
 -8.283815825728008E-008 -2.450040264564289E-009
 -7.898841037788225E-009  2.213559522760572E-007
          13  0.000000000000000E+000  0.000000000000000E+000
 -7.319170689728350E-008  5.268293944388501E-008
  1.622480642995225E-007  2.029863400375117E-007
          14  0.000000000000000E+000  0.000000000000000E+000
 -2.793378409657804E-008  9.339186432234691E-008
  2.947087534736403E-007  5.560648091964576E-008
          15  0.000000000000000E+000  0.000000000000000E+000
  3.851483851032825E-008  9.671326713379806E-008
  2.960324556020904E-007 -1.728990456850881E-007
          16  0.000000000000000E+000  0.000000000000000E+000
  9.523547906365328E-008  5.385127858159510E-008
  1.224828161101000E-007 -3.664650117117777E-007
          17  0.000000000000000E+000  0.000000000000000E+000
  1.117088744265028E-007 -1.826261466371888E-008
 -1.664278757498091E-007 -3.948844518302813E-007
          18  0.000000000000000E+000  0.000000000000000E+000
  7.723715089607800E-008 -8.624512313849723E-008
 -4.221251039039862E-007 -2.044616855721269E-007
          19  0.000000000000000E+000  0.000000000000000E+000
  6.219051810608254E-009 -1.162260475239521E-007
 -4.879584184258671E-007  1.352763743665143E-007
          20  0.000000000000000E+000  0.000000000000000E+000
 -6.761329493402030E-008 -9.433016657593891E-008
 -2.978421548723797E-007  4.508467879049241E-007
          21  0.000000000000000E+000  0.000000000000000E+000
 -1.090830286982641E-007 -3.169835992031193E-008
  7.475907146365294E-008  5.645471583183444E-007
          22  0.000000000000000E+000  0.000000000000000E+000
 -1.031833050172609E-007  4.080919412673423E-008
  4.427778775425602E-007  3.973779591130949E-007
          23  0.000000000000000E+000  0.000000000000000E+000
 -5.522740261723046E-008  9.151900221559035E-008
  6.166021746331921E-007  1.630710157782790E-008
          24  0.000000000000000E+000  0.000000000000000E+000
  1.000442917980697E-008  1.032671367190046E-007
  4.984237428638731E-007 -3.937747007162725E-007
          25  0.000000000000000E+000  0.000000000000000E+000
  6.680693899730636E-008  7.365227909035763E-008
  1.352321549199842E-007 -6.398696694093566E-007
          26  0.000000000000000E+000  0.000000000000000E+000
  9.411715995018068E-008  1.966238899158273E-008
 -3.090024547621401E-007 -5.946308203486753E-007
          27  0.000000000000000E+000  0.000000000000000E+000
  8.407153275243129E-008 -3.831275223978185E-008
 -6.321265764600823E-007 -2.707628816089121E-007
          28  0.000000000000000E+000  0.000000000000000E+000
  4.417042741043223E-008 -7.714227329501855E-008
 -6.754333467994963E-007  1.945316495095140E-007
          29  0.000000000000000E+000  0.000000000000000E+000
 -9.711973455939415E-009 -8.474266633340601E-008
 -4.105136315270591E-007  5.920226698433117E-007
          30  0.000000000000000E+000  0.000000000000000E+000
 -5.487460424735678E-008 -6.025430341772050E-008
  5.877730530649088E-008  7.334492617967728E-007
          31  0.000000000000000E+000  0.000000000000000E+000
 -7.590671034231406E-008 -1.545197773428267E-008
  5.216360414036473E-007  5.410575533983031E-007
          32  0.000000000000000E+000  0.000000000000000E+000
 -6.625109962303760E-008  3.040397168843935E-008
  7.607200170994508E-007  8.716515601357737E-008
