   409.600000000000     
          32           1           3
  1.124309127438499E-002   39.3997411237368        119.243539345008     
   40.0000000000000        115.000000000000        6211.00000000000     
           0  0.000000000000000E+000  0.000000000000000E+000
  0.000000000000000E+000  0.000000000000000E+000
  0.000000000000000E+000  0.000000000000000E+000
           1 -6.515481992595832E-008  1.534620106999637E-007
 -1.477850432488508E-007  1.321509731441282E-007
 -2.265914808194997E-007  3.522817098075897E-008
           2  3.810260962767327E-007  3.463678851563378E-007
 -4.680730791798288E-008  5.331297986891876E-007
 -3.143076170092197E-007  1.367018186455453E-007
           3  8.648888731040326E-007 -7.031799202433571E-007
  1.048830295898822E-006  6.952269516910288E-007
 -2.512835985555359E-007  4.620464260719627E-007
           4 -9.310797884056511E-007 -1.529068522344801E-006
  1.779240446024449E-006 -1.205245442544370E-006
  2.070437916043028E-007  5.898924538922533E-007
           5 -2.229151316879305E-006  9.174457736336665E-007
 -6.148868874827767E-007 -2.826403713526798E-006
  5.454648360450966E-007  2.607064873324635E-007
           6  6.338362183149931E-007  2.820589732409682E-006
 -3.194816006373786E-006 -5.227446713917020E-007
  4.960387335430278E-007 -1.165366620093734E-007
           7  3.194206492663414E-006 -1.240501124665458E-007
 -1.527038393564865E-006  2.615843585187635E-006
  3.405775553315368E-007 -2.517699752162937E-007
           8  5.031537354810164E-007 -3.340692196040747E-006
  1.547798984418019E-006  1.754872195097323E-006
  2.709172375478045E-007 -4.012013265273160E-007
           9 -3.290561976902271E-006 -1.117034609509459E-006
  1.157730827265326E-006 -8.505849796267773E-007
  4.063942997864257E-008 -5.949599542858867E-007
          10 -1.683494429146541E-006  3.090106420058997E-006
 -1.062742575353658E-006 -3.896594817271491E-007
 -4.049645672466240E-007 -5.978840608378842E-007
          11  2.815112731489669E-006  2.206397135875274E-006
 -2.917430792001163E-007  1.948695169009236E-006
 -7.590352058495360E-007 -1.932711555820915E-007
          12  2.698053954678342E-006 -2.456308798387994E-006
  2.614621171356421E-006  1.184626922337464E-006
 -6.913357585788565E-007  3.440332452452615E-007
          13 -1.982499417107589E-006 -3.182079330427954E-006
  2.571508543637485E-006 -2.331581447145319E-006
 -3.132033483842770E-007  6.288399541931465E-007
          14 -3.593034741546068E-006  1.359413963153396E-006
 -1.088557144344401E-006 -3.485493002182059E-006
  4.367697636081109E-008  6.565361924136836E-007
          15  5.243153658728517E-007  3.872895295944957E-006
 -3.272805532524243E-006 -3.932383554380435E-007
  3.399825489819103E-007  5.793989652849402E-007
          16  4.001036566143649E-006  4.186605334536303E-007
 -1.313114107994143E-006  2.263921395750059E-006
  6.759933352349477E-007  3.675518215669085E-007
          17  1.364710011886471E-006 -3.892379293370215E-006
  1.342720780639727E-006  1.321007217308602E-006
  8.822679268207143E-007 -1.196483905262004E-007
          18 -3.606210035513632E-006 -2.237838450163048E-006
  8.629910277560632E-007 -1.171374016260964E-006
  6.443966839430243E-007 -7.514248914543258E-007
          19 -2.982193905359656E-006  3.216040236467284E-006
 -1.624073818627332E-006 -8.253979266647596E-007
 -4.123153724979847E-008 -9.872012433462563E-007
          20  2.818196567904582E-006  3.687381218747363E-006
 -1.498588949691745E-006  1.975886014751634E-006
 -6.404612777483897E-007 -6.291376114724387E-007
          21  4.437321028874332E-006 -2.518403759262558E-006
  1.498256541326770E-006  2.512837886288814E-006
 -7.362928716798201E-007 -1.250013028668969E-007
          22 -2.240667853807441E-006 -5.336876353310887E-006
  2.880586563970973E-006 -2.244579620410466E-007
 -6.264376993973710E-007  2.028901672860172E-007
          23 -6.448160388707254E-006  1.920966937442248E-006
  1.170300753729001E-006 -2.121990721552635E-006
 -5.124790585931920E-007  4.651396975479948E-007
          24  1.378597247274081E-006  7.667547658618939E-006
 -7.128591937254903E-007 -1.710540890480844E-006
 -1.760528613325077E-007  7.731003007639797E-007
          25  8.883346385723694E-006 -4.892749982264532E-007
 -9.227148129391425E-007 -5.789695141493936E-007
  3.623200803885105E-007  7.699907088308084E-007
          26  7.351346794205331E-007 -9.898628100907300E-006
 -9.908676270724741E-007 -3.397716628495279E-007
  7.784324850636353E-007  3.111614834968824E-007
          27 -1.054333791446416E-005 -2.208792312715637E-006
 -1.255252262595855E-006  4.084349941721576E-007
  6.896911491246594E-007 -2.182809465116280E-007
          28 -3.732766002948996E-006  1.075010807314964E-005
 -3.126877397945953E-007  1.274919331300578E-006
  3.872453993546356E-007 -4.538803476659867E-007
          29  1.053564350152660E-005  5.176957443827671E-006
  6.271538396125841E-007  4.060822177030057E-007
  1.689786019363793E-007 -5.021955495006263E-007
          30  6.400143003672081E-006 -1.010091462137492E-005
 -1.782865215539269E-007 -3.000911166199575E-007
 -5.495187852320050E-008 -5.908833527272462E-007
          31 -9.528778577915138E-006 -7.342180502536444E-006
 -8.577958767416629E-007  1.071309901719427E-006
 -4.390083735196562E-007 -5.536832266686477E-007
          32 -8.095649252612809E-006  8.871645826232482E-006
  1.310733035410706E-006  2.113397145445430E-006
 -7.546309237732191E-007 -1.535454931917038E-007
