   409.600000000000     
          32           1           3
  1.124309127438499E-002   41.8417642757694        112.242048796833     
   40.0000000000000        115.000000000000        6211.00000000000     
           0  0.000000000000000E+000  0.000000000000000E+000
  0.000000000000000E+000  0.000000000000000E+000
  0.000000000000000E+000  0.000000000000000E+000
           1  1.994753593673350E-007 -2.080260617953469E-007
  2.843246674061096E-007 -1.194683934570079E-007
  5.751443336293639E-007 -1.102244768969617E-007
           2 -2.064495335071550E-007 -4.764595559835001E-007
  2.536538730685888E-007 -4.402844545669893E-007
  7.118638122001594E-007 -2.883162125471122E-007
           3 -8.458119431491441E-007  1.503269280041654E-007
 -3.479499152598108E-007 -7.490785292848839E-007
  7.918474142123449E-007 -9.003248575155020E-007
           4 -9.114679312099676E-008  1.269380793375959E-006
 -1.158196167132861E-006 -4.291700103531775E-008
  4.157487899730895E-008 -1.666868395066801E-006
           5  1.605800037117928E-006  6.402435297912070E-007
 -6.554315143783120E-007  1.250882375573452E-006
 -1.362636583995408E-006 -1.505671909084897E-006
           6  1.480236800454191E-006 -1.606364825398097E-006
  9.524650459729619E-007  1.251386496126317E-006
 -2.218958444924669E-006 -1.132288938255632E-007
           7 -1.032367543838451E-006 -2.386902082504956E-006
  1.556007015289228E-006 -3.764699898078206E-007
 -1.668933166817585E-006  1.450923715919024E-006
           8 -2.959574120511179E-006 -1.401813365899461E-007
  2.116594834447444E-007 -1.487143112772302E-006
 -2.487657654739743E-007  2.037398214267454E-006
           9 -1.628592361399935E-006  2.808121907793535E-006
 -1.209563559250658E-006 -5.850559837987490E-007
  8.887346415595044E-007  1.466375201205352E-006
          10  1.824555370951666E-006  2.925189420981400E-006
 -7.374574946492670E-007  9.769129590482280E-007
  1.204915515402429E-006  7.238141597424882E-007
          11  3.534777348025920E-006 -2.831720827411085E-007
  9.132417010616192E-007  8.914707658047999E-007
  1.299687337084979E-006  2.712484656703128E-007
          12  1.302712956768128E-006 -3.277303241180059E-006
  1.225084938683798E-006 -8.689462042708307E-007
  1.556550305027265E-006 -2.402427833749051E-007
          13 -2.369991409174959E-006 -2.467830988953402E-006
 -5.462785808490808E-007 -1.698822334912639E-006
  1.537036220361416E-006 -1.291123259107189E-006
          14 -3.088831818866181E-006  1.229799737034678E-006
 -1.986038915721674E-006 -1.259320412261581E-007
  5.077799246793703E-007 -2.441061400122176E-006
          15  1.834335726263286E-007  3.377701393657081E-006
 -9.290504953798386E-007  1.723166958069331E-006
 -1.410213151757410E-006 -2.446819175752328E-006
          16  3.588168922155263E-006  8.235480702646079E-007
  9.697871765602463E-007  1.420889828771113E-006
 -2.898101245044095E-006 -8.988266928416724E-007
          17  2.108421464668893E-006 -3.746748863062197E-006
  1.279167110969287E-006 -1.886712485215876E-007
 -2.732273155769517E-006  1.383277453972568E-006
          18 -3.467883651626451E-006 -3.885049679489785E-006
  9.786804530081333E-008 -6.720375063580360E-007
 -9.848088971145924E-007  2.695496742268504E-006
          19 -5.935382138701939E-006  2.223886146048592E-006
 -1.886259054097525E-007  3.345215658361803E-007
  8.736175091791251E-007  2.323146553909613E-006
          20 -2.227765038186486E-007  7.532552175382294E-006
  1.046529548623976E-006  3.322760884690410E-007
  1.717840235357574E-006  1.119417970841784E-006
          21  7.854964165201693E-006  3.533430720601393E-006
  1.167098964385102E-006 -1.402831520694666E-006
  1.673823093306895E-006  1.875264955460023E-007
          22  6.800102638044036E-006 -6.546635658052301E-006
 -9.671513015137762E-007 -2.077480913295601E-006
  1.546775354326518E-006 -4.136215517130530E-007
          23 -3.959820600226662E-006 -9.071122324032885E-006
 -2.453900815660138E-006 -6.067223576310358E-008
  1.465303939863698E-006 -1.118954884356501E-006
          24 -9.910666333338031E-006  9.905054260911298E-007
 -9.034394468750985E-007  2.156783929830479E-006
  6.958407754091135E-007 -2.181115413731267E-006
          25 -1.553635224273116E-006  9.658232460070397E-006
  1.575944581740876E-006  1.029322787224262E-006
 -9.439011972177328E-007 -2.414350509489066E-006
          26  9.099183148677795E-006  3.453975098916562E-006
  7.199078367254028E-007 -1.570446296577926E-006
 -2.476449162500093E-006 -1.180965002087367E-006
          27  5.174865041594750E-006 -8.777144097153771E-006
 -2.390930098082234E-006 -7.103230098952447E-007
 -2.539941349606919E-006  7.539403660755552E-007
          28 -8.460128048835067E-006 -7.389320070015220E-006
 -1.893256127737444E-006  3.336643931164357E-006
 -1.314437001608901E-006  2.065718734983475E-006
          29 -1.029556160538677E-005  7.229192803515936E-006
  3.308116372242633E-006  4.268390105931109E-006
  2.038814967097359E-007  2.064215028503582E-006
          30  4.220761689180467E-006  1.325243086160783E-005
  6.624757107281298E-006 -1.485557141517902E-006
  1.103024151300648E-006  1.376679547023278E-006
          31  1.491686520582315E-005  5.631502854047724E-007
  1.930226982490499E-006 -7.560777645523811E-006
  1.376275394136541E-006  6.268575057004506E-007
          32  6.072587063866559E-006 -1.411175576859207E-005
 -6.256401399521069E-006 -5.475014417398136E-006
  1.451607952692381E-006  4.289972840214404E-008
