   409.600000000000     
          32           1           3
  1.124309127438499E-002   39.7951113333567        117.864747971885     
   40.0000000000000        115.000000000000        6211.00000000000     
           0  0.000000000000000E+000  0.000000000000000E+000
  0.000000000000000E+000  0.000000000000000E+000
  0.000000000000000E+000  0.000000000000000E+000
           1 -6.570133362544159E-007  3.060695429563505E-007
 -7.167201554051031E-007  1.634968862930470E-007
 -2.139114579985817E-007  8.800401728760453E-009
           2 -4.491246753798899E-007  1.061245023129901E-006
 -9.547321520015709E-007  5.865051612924490E-007
 -3.204049524053165E-007  1.497806979236473E-008
           3  9.947442516507514E-007  1.396992910490529E-006
 -6.508814924110966E-007  1.777477775741359E-006
 -5.034376651172113E-007  2.721034684114911E-007
           4  2.262407620130431E-006 -3.397335653733205E-007
  1.386584888968650E-006  2.456431453355160E-006
 -3.287832820983411E-007  7.742961357863971E-007
           5  8.759843106396070E-007 -2.737818060280375E-006
  3.731610448144410E-006  4.941903837058387E-007
  3.353600173928500E-007  1.041891298865973E-006
           6 -2.439860896033663E-006 -2.473651451614327E-006
  3.184512595751503E-006 -3.379352461409340E-006
  1.128251738802541E-006  6.440637662269360E-007
           7 -3.996676398840048E-006  1.058074391977698E-006
 -1.018196967077136E-006 -5.325346399448297E-006
  1.409811953565328E-006 -2.926716951920276E-007
           8 -1.382108241336638E-006  4.653393739256827E-006
 -5.539904612706125E-006 -2.613120462544900E-006
  9.308422116096919E-007 -1.231276967582821E-006
           9  3.654563831432142E-006  4.267306023506699E-006
 -5.873738223850737E-006  3.223094587131464E-006
 -7.723831724366367E-008 -1.565178135829149E-006
          10  6.350292593530307E-006 -8.080624770991400E-007
 -9.421430547099580E-007  7.082267294139084E-006
 -1.043796299679207E-006 -1.195459526664923E-006
          11  3.151837264612534E-006 -6.318293844201403E-006
  5.371420546678160E-006  5.165643581531574E-006
 -1.550954334015249E-006 -3.054362257103851E-007
          12 -3.686448758146715E-006 -6.612563976219386E-006
  7.449393818549934E-006 -1.318203051835163E-006
 -1.411885901507342E-006  6.681400836972445E-007
          13 -7.872668712031497E-006 -7.837913193720572E-007
  3.303275209446409E-006 -6.688636842350423E-006
 -7.493548864213370E-007  1.346150543949171E-006
          14 -5.316806645136434E-006  6.183655828462751E-006
 -3.244388994353910E-006 -6.402822695047088E-006
  1.660182648436846E-007  1.567410962269950E-006
          15  2.156854239957468E-006  8.031529021695226E-006
 -6.748428739687461E-006 -1.125757604000982E-006
  1.075370086612957E-006  1.150278936321700E-006
          16  8.024426805574320E-006  2.601532002805560E-006
 -4.478954430606732E-006  4.478317172278042E-006
  1.517350932267795E-006  2.697627328049151E-007
          17  6.415599604972969E-006 -5.558325450684031E-006
  1.035219855738321E-006  5.619025830138669E-006
  1.335699680145349E-006 -6.431868141531645E-007
          18 -1.678375987700495E-006 -8.403422193281800E-006
  4.642800828704795E-006  1.896435570041504E-006
  6.993141615524456E-007 -1.244505783738892E-006
          19 -8.423142276523361E-006 -2.590884418368091E-006
  3.463239698129200E-006 -2.593405387672155E-006
 -1.065099624721970E-007 -1.337801484576471E-006
          20 -6.626946633018160E-006  6.635506431124226E-006
 -5.758303737639971E-007 -3.716173128954651E-006
 -7.847569385229324E-007 -1.008233105269488E-006
          21  3.086698142290742E-006  9.847539495455804E-006
 -3.409369970731778E-006 -9.369427572849486E-007
 -1.120088856536762E-006 -4.802062208382931E-007
          22  1.133739597754088E-005  2.157453044364735E-006
 -2.112167040495143E-006  2.772743901962050E-006
 -1.242989813801766E-006  1.560749858722245E-007
          23  8.237208171219914E-006 -9.924643115485730E-006
  1.614025431706850E-006  3.321931689502952E-006
 -1.045793147839870E-006  7.869234170837595E-007
          24 -4.966023056981122E-006 -1.329491544124303E-005
  4.140026290425191E-006  3.073400313962897E-007
 -4.654269918455840E-007  1.372044684855431E-006
          25 -1.502217315752872E-005 -2.687617592637988E-006
  3.003651883683441E-006 -3.494169461330875E-006
  4.128769681220459E-007  1.479956929719649E-006
          26 -1.056196789599002E-005  1.209562900877375E-005
 -1.138439754231896E-006 -5.304261297613706E-006
  1.354691453463766E-006  9.732484776075848E-007
          27  5.107390531261909E-006  1.558319254961906E-005
 -5.379059521722087E-006 -2.555722224156544E-006
  1.676606764380290E-006 -1.033030297200147E-007
          28  1.589145357685434E-005  3.494305625961415E-006
 -5.892291009939143E-006  2.645216804099734E-006
  1.223017962654816E-006 -1.141747537090860E-006
          29  1.057295053995940E-005 -1.173558630046244E-005
 -1.918930582406265E-006  6.589060304910723E-006
  2.035743320511789E-007 -1.547028528677553E-006
          30 -4.986130663722215E-006 -1.418591789340648E-005
  3.816443135614923E-006  6.272829982550232E-006
 -7.550074937608191E-007 -1.242852642404089E-006
          31 -1.417330179794796E-005 -1.903201129231572E-006
  7.762437584276468E-006  1.216977887922114E-006
 -1.178645692460430E-006 -4.438470096176778E-007
          32 -7.493654140691484E-006  1.145172866905897E-005
  6.181056408789186E-006 -5.551187791141538E-006
 -9.883244914771787E-007  2.711298563250482E-007
