   409.600000000000     
          32           1           3
  1.124309127438499E-002   41.0358381931036        114.163537374284     
   40.0000000000000        115.000000000000        6211.00000000000     
           0  0.000000000000000E+000  0.000000000000000E+000
  0.000000000000000E+000  0.000000000000000E+000
  0.000000000000000E+000  0.000000000000000E+000
           1  0.000000000000000E+000  0.000000000000000E+000
 -2.922932457273471E-008  7.563413690207471E-009
  5.593601254566757E-009 -3.081507940313352E-009
           2  0.000000000000000E+000  0.000000000000000E+000
 -2.994610069254735E-008  2.015950797588073E-008
  4.042217702015252E-009 -8.038205227387918E-009
           3  0.000000000000000E+000  0.000000000000000E+000
 -2.281155615125446E-008  3.792977465665178E-008
 -2.705373633747169E-009 -1.293079140604555E-008
           4  0.000000000000000E+000  0.000000000000000E+000
 -1.852155899634030E-009  5.366151148433934E-008
 -1.506243089946620E-008 -1.177805795620896E-008
           5  0.000000000000000E+000  0.000000000000000E+000
  3.081510445398400E-008  5.557486892512555E-008
 -2.637735599261152E-008  1.099994798703308E-009
           6  0.000000000000000E+000  0.000000000000000E+000
  6.566099747561542E-008  3.542105007608530E-008
 -2.633623792069672E-008  2.402599119863805E-008
           7  0.000000000000000E+000  0.000000000000000E+000
  8.536135227999746E-008 -8.308288574025227E-009
 -5.833636138029438E-009  4.630601838541408E-008
           8  0.000000000000000E+000  0.000000000000000E+000
  7.473435918991796E-008 -6.320101515460752E-008
  3.238383907891227E-008  5.003350691930593E-008
           9  0.000000000000000E+000  0.000000000000000E+000
  2.711433503175204E-008 -1.059938684567444E-007
  7.134426591305128E-008  2.101765766623911E-008
          10  0.000000000000000E+000  0.000000000000000E+000
 -4.457463170265003E-008 -1.141982788418157E-007
  8.320351001259394E-008 -3.661795541238037E-008
          11  0.000000000000000E+000  0.000000000000000E+000
 -1.154688408623523E-007 -7.161124543606185E-008
  4.755139768334510E-008 -9.922301820647026E-008
          12  0.000000000000000E+000  0.000000000000000E+000
 -1.478858417195805E-007  1.440180208732921E-008
 -3.465269014913817E-008 -1.260084872429579E-007
          13  0.000000000000000E+000  0.000000000000000E+000
 -1.161792412230889E-007  1.104311115733629E-007
 -1.278606431607339E-007 -8.411182768457319E-008
          14  0.000000000000000E+000  0.000000000000000E+000
 -2.500419850781902E-008  1.698060485703865E-007
 -1.743008363234697E-007  2.459522666273942E-008
          15  0.000000000000000E+000  0.000000000000000E+000
  9.217473501016133E-008  1.564586116814652E-007
 -1.296725840438678E-007  1.528151825963532E-007
          16  0.000000000000000E+000  0.000000000000000E+000
  1.773779099100362E-007  6.507111274922966E-008
  6.423467132078702E-009  2.248039350901406E-007
          17  0.000000000000000E+000  0.000000000000000E+000
  1.824598024773187E-007 -6.347638445512656E-008
  1.717095259773935E-007  1.792725104240131E-007
          18  0.000000000000000E+000  0.000000000000000E+000
  1.016330839371633E-007 -1.665389262259351E-007
  2.695352045847482E-007  1.921862382329246E-008
          19  0.000000000000000E+000  0.000000000000000E+000
 -2.684516134859794E-008 -1.913618121119261E-007
  2.280158576743262E-007 -1.792991447896528E-007
          20  0.000000000000000E+000  0.000000000000000E+000
 -1.392954467460227E-007 -1.287591266253617E-007
  5.225355496712603E-008 -3.028542608854023E-007
          21  0.000000000000000E+000  0.000000000000000E+000
 -1.815246942223667E-007 -1.260858729192731E-008
 -1.716835696191964E-007 -2.719717976691674E-007
          22  0.000000000000000E+000  0.000000000000000E+000
 -1.437001922011293E-007  9.806130821774796E-008
 -3.200571877896012E-007 -9.217577774476606E-008
          23  0.000000000000000E+000  0.000000000000000E+000
 -5.005589782265048E-008  1.553742360844095E-007
 -3.088363999945911E-007  1.473685726936283E-007
          24  0.000000000000000E+000  0.000000000000000E+000
  5.016609713098530E-008  1.457975349808649E-007
 -1.383632020501087E-007  3.196691233672569E-007
          25  0.000000000000000E+000  0.000000000000000E+000
  1.186885286847858E-007  8.000430007551247E-008
  1.071740803545317E-007  3.380709016760462E-007
          26  0.000000000000000E+000  0.000000000000000E+000
  1.337443193291997E-007 -4.483357510795892E-009
  3.052484267074570E-007  1.883374502112617E-007
          27  0.000000000000000E+000  0.000000000000000E+000
  9.735490801258153E-008 -7.668263553863435E-008
  3.588350991232608E-007 -5.687424439815843E-008
          28  0.000000000000000E+000  0.000000000000000E+000
  3.252905489398987E-008 -1.096623583646988E-007
  2.368447753708301E-007 -2.793608024848356E-007
          29  0.000000000000000E+000  0.000000000000000E+000
 -3.510021707668434E-008 -9.909589803737553E-008
 -1.979540457072781E-009 -3.700600452410625E-007
          30  0.000000000000000E+000  0.000000000000000E+000
 -7.754551098396557E-008 -5.550795403604068E-008
 -2.454913408397509E-007 -2.805926495820641E-007
          31  0.000000000000000E+000  0.000000000000000E+000
 -8.556645150270823E-008 -6.516149122475579E-010
 -3.720562066663307E-007 -5.131038662697371E-008
          32  0.000000000000000E+000  0.000000000000000E+000
 -6.209999332923123E-008  4.223978075376370E-008
 -3.152824113449488E-007  2.077162492109617E-007
