   409.600000000000     
          32           1           3
  1.124309127438499E-002   39.4786022586591        118.441678050954     
   40.0000000000000        115.000000000000        6211.00000000000     
           0  0.000000000000000E+000  0.000000000000000E+000
  0.000000000000000E+000  0.000000000000000E+000
  0.000000000000000E+000  0.000000000000000E+000
           1  0.000000000000000E+000  0.000000000000000E+000
  2.532749299784256E-009 -9.777959617869457E-010
  6.569573839549038E-009  8.449978699330244E-010
           2  0.000000000000000E+000  0.000000000000000E+000
  2.116084913587074E-009 -2.443427062169265E-009
  1.172495570923903E-008 -7.183142864824325E-010
           3  0.000000000000000E+000  0.000000000000000E+000
  4.264582063873695E-010 -3.757427417072697E-009
  1.662741031716504E-008 -1.181273181608897E-008
           4  0.000000000000000E+000  0.000000000000000E+000
 -2.215854706277968E-009 -3.567238144682533E-009
  6.691488383625726E-009 -3.038139674613518E-008
           5  0.000000000000000E+000  0.000000000000000E+000
 -4.055928968271094E-009 -1.396605417345797E-009
 -2.446851771814171E-008 -3.413416736633492E-008
           6  0.000000000000000E+000  0.000000000000000E+000
 -3.967231281499997E-009  1.399588448442491E-009
 -5.096982773854732E-008 -3.409542104618576E-009
           7  0.000000000000000E+000  0.000000000000000E+000
 -2.111341699698486E-009  3.207676862179106E-009
 -3.728468890074757E-008  4.346944763548490E-008
           8  0.000000000000000E+000  0.000000000000000E+000
 -9.374844035879510E-011  3.443110087538016E-009
  1.486761661629411E-008  5.614847935040507E-008
           9  0.000000000000000E+000  0.000000000000000E+000
  1.331331500115296E-009  2.732482238375199E-009
  5.217508851661657E-008  1.602476526187903E-008
          10  0.000000000000000E+000  0.000000000000000E+000
  2.342041624561222E-009  2.188491733686433E-009
  3.100434849367832E-008 -3.303189178426412E-008
          11  0.000000000000000E+000  0.000000000000000E+000
  3.585547544372298E-009  9.487972544904980E-010
 -1.681720598129343E-008 -3.032016438098378E-008
          12  0.000000000000000E+000  0.000000000000000E+000
  4.161551585309744E-009 -1.325545582751895E-009
 -2.706873549699705E-008  1.436578454766195E-008
          13  0.000000000000000E+000  0.000000000000000E+000
  2.836997568361581E-009 -4.037415163315386E-009
  1.715245298160310E-008  3.458448693373548E-008
          14  0.000000000000000E+000  0.000000000000000E+000
 -2.753031762896678E-010 -5.501250249227746E-009
  5.469898643398853E-008 -7.212985374522128E-009
          15  0.000000000000000E+000  0.000000000000000E+000
 -3.985466015190378E-009 -4.194351939236616E-009
  2.345746180715153E-008 -6.856640055951050E-008
          16  0.000000000000000E+000  0.000000000000000E+000
 -5.779934728216817E-009 -5.700653516775763E-010
 -5.651756123264298E-008 -6.678197478283983E-008
          17  0.000000000000000E+000  0.000000000000000E+000
 -4.615175539887405E-009  3.128572087686540E-009
 -9.820054277361610E-008  1.380827814628240E-008
          18  0.000000000000000E+000  0.000000000000000E+000
 -1.541514286971427E-009  4.955030746354026E-009
 -4.280877388083776E-008  9.657974088140992E-008
          19  0.000000000000000E+000  0.000000000000000E+000
  1.482420126214186E-009  4.349049493552862E-009
  6.162430933543854E-008  8.685900189624559E-008
          20  0.000000000000000E+000  0.000000000000000E+000
  3.266858194434020E-009  2.465737541192581E-009
  1.024812754640682E-007 -1.167445438997165E-008
          21  0.000000000000000E+000  0.000000000000000E+000
  3.566771987887680E-009  6.675959727954885E-010
  2.744298610373785E-008 -9.111623871616508E-008
          22  0.000000000000000E+000  0.000000000000000E+000
  3.543138114613463E-009 -1.026529653615910E-009
 -7.020913120098278E-008 -4.978419629432068E-008
          23  0.000000000000000E+000  0.000000000000000E+000
  2.862614856080835E-009 -2.770876868585470E-009
 -6.223297696692642E-008  5.626801193748556E-008
          24  0.000000000000000E+000  0.000000000000000E+000
  8.028539732184544E-010 -4.435022576862205E-009
  4.509434982730039E-008  7.753583965391964E-008
          25  0.000000000000000E+000  0.000000000000000E+000
 -2.016612261472317E-009 -4.283123131305146E-009
  1.047023214825868E-007 -2.133672411232327E-008
          26  0.000000000000000E+000  0.000000000000000E+000
 -4.531849233738159E-009 -2.040177493468067E-009
  1.991118920181687E-008 -1.262462747193651E-007
          27  0.000000000000000E+000  0.000000000000000E+000
 -4.543794155359688E-009  1.237869997212970E-009
 -1.187923983239677E-007 -7.899396470642877E-008
          28  0.000000000000000E+000  0.000000000000000E+000
 -2.564759643559933E-009  3.517925566576101E-009
 -1.329985890907165E-007  7.753145191151632E-008
          29  0.000000000000000E+000  0.000000000000000E+000
 -6.627244347677073E-011  3.638421455592889E-009
  1.206495752569429E-008  1.540008293446762E-007
          30  0.000000000000000E+000  0.000000000000000E+000
  1.563770948249435E-009  2.794925199689787E-009
  1.395278732990255E-007  5.729212179147023E-008
          31  0.000000000000000E+000  0.000000000000000E+000
  2.250034605956467E-009  1.717804370055271E-009
  1.022217833919332E-007 -1.019387328461089E-007
          32  0.000000000000000E+000  0.000000000000000E+000
  2.858577958758704E-009  7.567833540566984E-010
 -5.715643107649522E-008 -1.224827594420380E-007
