   409.600000000000     
          32           1           3
  1.124309127438499E-002   40.0519422893583        116.573956314784     
   40.0000000000000        115.000000000000        6211.00000000000     
           0  0.000000000000000E+000  0.000000000000000E+000
  0.000000000000000E+000  0.000000000000000E+000
  0.000000000000000E+000  0.000000000000000E+000
           1 -2.664165859171840E-006  4.241649783894851E-007
 -1.035074053871702E-006  2.535699892483096E-008
  3.157903602797086E-007 -6.695218328041973E-008
           2 -3.079709988988254E-006  1.374460788544738E-006
 -1.322639695432721E-006 -2.381313593241224E-008
  3.178738637593129E-007 -2.262719836335378E-007
           3 -2.791849408119697E-006  3.174531980938102E-006
 -2.048166397635513E-006  4.415993408764654E-007
  1.489928639063164E-007 -3.786081307263901E-007
           4 -1.002787433664103E-006  4.834065403190570E-006
 -2.363005628875966E-006  1.888537675395079E-006
 -8.374808473676964E-008 -3.435148338434995E-007
           5  1.817403117693706E-006  5.057454054050907E-006
 -1.337343091378452E-006  3.690285652882216E-006
 -1.879942918538818E-007 -1.279678624339358E-007
           6  4.378730973001892E-006  3.455147835238179E-006
  1.107788363104273E-006  4.500430167809239E-006
 -1.884171949813023E-008  4.411216494977108E-008
           7  5.539274126947266E-006  5.473785457323436E-007
  3.815505680551892E-006  3.394898659808008E-006
  2.508877762315607E-007 -6.732971014124617E-008
           8  4.736203060109560E-006 -2.474211600081079E-006
  5.230104993086280E-006  5.673593009651754E-007
  3.121073492830797E-007 -4.947691139132976E-007
           9  2.311596155825951E-006 -4.311635381356204E-006
  4.441031863912419E-006 -2.440606716743613E-006
 -7.590085177884927E-008 -9.053041016911617E-007
          10 -4.699311659855034E-007 -4.224111081226515E-006
  1.959285402425094E-006 -4.144116936895748E-006
 -8.116553977050225E-007 -1.004990377260852E-006
          11 -2.384854891182744E-006 -2.583731981579880E-006
 -7.411436634420542E-007 -3.629843112030347E-006
 -1.650522936064641E-006 -4.892717935313622E-007
          12 -2.692469237029145E-006 -3.171400098258275E-007
 -1.892914685329029E-006 -1.590901028143550E-006
 -2.081533106780675E-006  6.879796176919894E-007
          13 -1.378196972190099E-006  1.361423599902969E-006
 -8.857408117377105E-007  1.368397142995124E-007
 -1.578239506721810E-006  2.154184015183256E-006
          14  6.938331389927097E-007  1.375483799937097E-006
  1.083287024725669E-006 -1.293712514881744E-007
 -5.068644746682145E-008  3.180187336369140E-006
          15  1.966515773226457E-006 -3.363506398938931E-007
  1.833867539736237E-006 -2.721777476938006E-006
  2.113596452147298E-006  2.975748346595602E-006
          16  1.399077631558920E-006 -2.580689859499968E-006
 -6.160232365537830E-007 -5.638765755799412E-006
  3.846792454298464E-006  1.285397673006170E-006
          17 -9.248930751034571E-007 -3.932707974167730E-006
 -5.743677618689811E-006 -5.726961962365684E-006
  4.208055918476068E-006 -1.323694712646189E-006
          18 -3.996024460425331E-006 -3.214487106253579E-006
 -1.042335791237764E-005 -1.161028307908912E-006
  2.798052173700376E-006 -3.769066162370167E-006
          19 -6.098230725890302E-006 -2.502854067819068E-007
 -1.072197062336813E-005  6.779168576207747E-006
  7.649671330408224E-008 -4.875825034544561E-006
          20 -5.734494095850723E-006  3.739634401239706E-006
 -4.807321306482874E-006  1.382523245616561E-005
 -2.863893858804395E-006 -4.100679864194503E-006
          21 -2.792936905174839E-006  6.791104623519014E-006
  5.507016106997737E-006  1.513860539863878E-005
 -4.683579206943044E-006 -1.705877098655284E-006
          22  1.519308278638829E-006  7.431674372536341E-006
  1.465854770636689E-005  8.827642166790038E-006
 -4.774728864449681E-006  1.259880844561201E-006
          23  5.367849900548283E-006  5.299466828748709E-006
  1.735762089269076E-005 -2.564734850460947E-006
 -3.152755617895086E-006  3.602540043421223E-006
          24  6.973506136876436E-006  1.334943696162423E-006
  1.179175178758479E-005 -1.286596872330686E-005
 -6.097230190818819E-007  4.641553332197846E-006
          25  5.812189608749115E-006 -2.260765052208944E-006
  6.717883246524150E-007 -1.689796115734126E-005
  1.933069999079737E-006  4.004264094892688E-006
          26  3.208665321461257E-006 -3.972964469884112E-006
 -9.610735526576511E-006 -1.247100828755321E-005
  3.652398943948255E-006  2.263041624397601E-006
          27  1.025382600102733E-006 -3.684105684969753E-006
 -1.402074981969718E-005 -2.958372989749862E-006
  4.107140018877953E-006 -5.050180349466122E-008
          28  1.189810590793028E-007 -2.806654331247991E-006
 -1.106910001874830E-005  5.994182165882125E-006
  3.345862198698421E-006 -2.159271352472287E-006
          29  2.130840118829484E-007 -2.366781176696561E-006
 -3.894438379232829E-006  1.033208776140062E-005
  1.557878678750971E-006 -3.467631117252797E-006
          30  4.079454543976743E-007 -2.966516195515595E-006
  3.441864937496007E-006  8.707954301862806E-006
 -5.091862002028696E-007 -3.622318088200643E-006
          31 -5.569776327053462E-007 -4.487299162945730E-006
  7.075401707312413E-006  3.411150743395676E-006
 -2.283218953391057E-006 -2.673924395695815E-006
          32 -3.485514128914245E-006 -5.110770547530194E-006
  6.319839773651859E-006 -1.905641576549560E-006
 -3.251621391650030E-006 -9.636671603347219E-007
