   409.600000000000     
          32           1           3
  1.124309127438499E-002   40.7587596858671        114.339536806327     
   40.0000000000000        115.000000000000        6211.00000000000     
           0  0.000000000000000E+000  0.000000000000000E+000
  0.000000000000000E+000  0.000000000000000E+000
  0.000000000000000E+000  0.000000000000000E+000
           1  0.000000000000000E+000  0.000000000000000E+000
 -3.366198936540487E-008  7.991365349247807E-009
  1.202661832111461E-008 -4.147276473822879E-009
           2  0.000000000000000E+000  0.000000000000000E+000
 -3.516635407440361E-008  2.134436443944190E-008
  1.146101683355715E-008 -1.104567384692174E-008
           3  0.000000000000000E+000  0.000000000000000E+000
 -2.923753164821519E-008  4.097784453997394E-008
  5.393307932510236E-009 -1.985931832964613E-008
           4  0.000000000000000E+000  0.000000000000000E+000
 -8.888847170747956E-009  6.053294909098159E-008
 -8.840282378552256E-009 -2.497874890637858E-008
           5  0.000000000000000E+000  0.000000000000000E+000
  2.584804384471868E-008  6.816568700199302E-008
 -2.752912923552380E-008 -1.876382222904242E-008
           6  0.000000000000000E+000  0.000000000000000E+000
  6.765552232974366E-008  5.357877572664937E-008
 -4.174807620445338E-008  2.101754093564378E-009
           7  0.000000000000000E+000  0.000000000000000E+000
  9.974537867035902E-008  1.095929504066008E-008
 -3.893792137429238E-008  3.380215242864079E-008
           8  0.000000000000000E+000  0.000000000000000E+000
  1.035967308735928E-007 -5.214436205217200E-008
 -1.190358560905283E-008  6.203925625200129E-008
           9  0.000000000000000E+000  0.000000000000000E+000
  6.501639657375582E-008 -1.145900929467425E-007
  3.567400906302178E-008  6.723302106650335E-008
          10  0.000000000000000E+000  0.000000000000000E+000
 -1.215932244852272E-008 -1.496080408284181E-007
  8.366440474262739E-008  3.662260860703481E-008
          11  0.000000000000000E+000  0.000000000000000E+000
 -1.086993944616924E-007 -1.295474471736886E-007
  1.050223778550308E-007 -2.909434343266832E-008
          12  0.000000000000000E+000  0.000000000000000E+000
 -1.826335321891975E-007 -4.591963174322113E-008
  7.382595796340092E-008 -1.049427273692884E-007
          13  0.000000000000000E+000  0.000000000000000E+000
 -1.915447912853130E-007  7.874806566653206E-008
 -1.196921606900441E-008 -1.489320641793860E-007
          14  0.000000000000000E+000  0.000000000000000E+000
 -1.163843372454978E-007  1.942044412303363E-007
 -1.198934270711152E-007 -1.231739477874357E-007
          15  0.000000000000000E+000  0.000000000000000E+000
  2.760209084198366E-008  2.428679010709326E-007
 -1.950734118814405E-007 -1.975353605955370E-008
          16  0.000000000000000E+000  0.000000000000000E+000
  1.814104603042757E-007  1.860821165146085E-007
 -1.820696774689490E-007  1.248106072624007E-007
          17  0.000000000000000E+000  0.000000000000000E+000
  2.698868284681865E-007  3.785810746621014E-008
 -6.488146844126175E-008  2.360423254112404E-007
          18  0.000000000000000E+000  0.000000000000000E+000
  2.452488627908883E-007 -1.407168624250243E-007
  1.122900979853504E-007  2.437711531969741E-007
          19  0.000000000000000E+000  0.000000000000000E+000
  1.105139281870329E-007 -2.670889816315284E-007
  2.626634039358260E-007  1.237572132634181E-007
          20  0.000000000000000E+000  0.000000000000000E+000
 -7.644781882447155E-008 -2.830414413066211E-007
  3.014045619183385E-007 -7.785011181843928E-008
          21  0.000000000000000E+000  0.000000000000000E+000
 -2.315495325553452E-007 -1.801565236856190E-007
  1.937737928746629E-007 -2.665662141698296E-007
          22  0.000000000000000E+000  0.000000000000000E+000
 -2.931472965381339E-007 -5.964920529028517E-009
 -1.809778766299644E-008 -3.464490807783041E-007
          23  0.000000000000000E+000  0.000000000000000E+000
 -2.378060169592309E-007  1.667228017499569E-007
 -2.413810622592502E-007 -2.704710308944305E-007
          24  0.000000000000000E+000  0.000000000000000E+000
 -9.499232517640660E-008  2.738109945453144E-007
 -3.720239331037415E-007 -6.642042228487881E-008
          25  0.000000000000000E+000  0.000000000000000E+000
  8.160545170464311E-008  2.749542712206818E-007
 -3.474418563183337E-007  1.844718354591254E-007
          26  0.000000000000000E+000  0.000000000000000E+000
  2.253800231054791E-007  1.768021619095501E-007
 -1.689827337321675E-007  3.724020412469931E-007
          27  0.000000000000000E+000  0.000000000000000E+000
  2.845697003278753E-007  1.302248412288881E-008
  9.735470526341421E-008  4.142749612207724E-007
          28  0.000000000000000E+000  0.000000000000000E+000
  2.396905505901350E-007 -1.531973086117598E-007
  3.416554472967965E-007  2.802903507631456E-007
          29  0.000000000000000E+000  0.000000000000000E+000
  1.053374045317998E-007 -2.629269276045922E-007
  4.598705551499452E-007  1.541385896679624E-008
          30  0.000000000000000E+000  0.000000000000000E+000
 -6.587365119191144E-008 -2.745388920564094E-007
  3.889883394092304E-007 -2.771930557505410E-007
          31  0.000000000000000E+000  0.000000000000000E+000
 -2.119263024631817E-007 -1.838061013811417E-007
  1.457128084169369E-007 -4.740845985489245E-007
          32  0.000000000000000E+000  0.000000000000000E+000
 -2.763323228235626E-007 -2.597617745617435E-008
 -1.789839714676908E-007 -4.816955079446600E-007
