   409.600000000000     
          32           1           3
  1.124309127438499E-002   41.3765921718362        112.349582479394     
   40.0000000000000        115.000000000000        6211.00000000000     
           0  0.000000000000000E+000  0.000000000000000E+000
  0.000000000000000E+000  0.000000000000000E+000
  0.000000000000000E+000  0.000000000000000E+000
           1  0.000000000000000E+000  0.000000000000000E+000
 -9.706513248847104E-009  3.522194272636110E-009
 -4.943726261229088E-009 -1.168442380273431E-009
           2  0.000000000000000E+000  0.000000000000000E+000
 -8.513811062866799E-009  8.966440477439890E-009
 -9.496222344362066E-009 -9.697351340372266E-010
           3  0.000000000000000E+000  0.000000000000000E+000
 -2.701227235210661E-009  1.445556136739972E-008
 -1.578306611215007E-008  6.990530737334452E-009
           4  0.000000000000000E+000  0.000000000000000E+000
  7.471547484025080E-009  1.502241182785947E-008
 -1.208843105251624E-008  2.447960733207565E-008
           5  0.000000000000000E+000  0.000000000000000E+000
  1.618496527931328E-008  7.614585130375289E-009
  1.253379608619935E-008  3.626475060810450E-008
           6  0.000000000000000E+000  0.000000000000000E+000
  1.796577273093866E-008 -4.309225743339667E-009
  4.511422643838447E-008  1.956133337009059E-008
           7  0.000000000000000E+000  0.000000000000000E+000
  1.097135756949296E-008 -1.424611701800522E-008
  5.279987019038199E-008 -2.607737397345165E-008
           8  0.000000000000000E+000  0.000000000000000E+000
  3.174546199240354E-010 -1.695517276713021E-008
  1.421915770261926E-008 -6.381975273860185E-008
           9  0.000000000000000E+000  0.000000000000000E+000
 -8.420564656951063E-009 -1.250330088671146E-008
 -4.445299907917301E-008 -5.277453738247896E-008
          10  0.000000000000000E+000  0.000000000000000E+000
 -1.219245821950160E-008 -6.533739390933508E-009
 -6.704240947010290E-008  5.508376093595459E-009
          11  0.000000000000000E+000  0.000000000000000E+000
 -1.354142164057511E-008 -2.475083398317962E-010
 -3.037837053256004E-008  5.432705763035264E-008
          12  0.000000000000000E+000  0.000000000000000E+000
 -1.296600460291452E-008  6.021793370384126E-009
  2.853511653521410E-008  4.659403717018712E-008
          13  0.000000000000000E+000  0.000000000000000E+000
 -9.201512478099305E-009  1.297786400092892E-008
  4.570509717278360E-008 -6.661708777247253E-009
          14  0.000000000000000E+000  0.000000000000000E+000
 -1.095703334036471E-009  1.852013477606542E-008
  4.064451419837607E-009 -4.259512341910975E-008
          15  0.000000000000000E+000  0.000000000000000E+000
  1.158686374241889E-008  1.744236130563858E-008
 -4.511699186435801E-008 -1.418861241753020E-008
          16  0.000000000000000E+000  0.000000000000000E+000
  2.174288124095490E-008  6.875925415296291E-009
 -3.642743241380734E-008  4.814012283081066E-008
          17  0.000000000000000E+000  0.000000000000000E+000
  2.229235438875286E-008 -8.937420066278143E-009
  3.421366097365281E-008  6.994554901850052E-008
          18  0.000000000000000E+000  0.000000000000000E+000
  1.148481522448183E-008 -2.175290549770559E-008
  9.555214128053076E-008  7.833141543811903E-009
          19  0.000000000000000E+000  0.000000000000000E+000
 -5.196142342955135E-009 -2.339528525992440E-008
  6.804720919822128E-008 -8.923649092041854E-008
          20  0.000000000000000E+000  0.000000000000000E+000
 -1.838903839325288E-008 -1.348129539141747E-008
 -4.257686946195233E-008 -1.193666085468576E-007
          21  0.000000000000000E+000  0.000000000000000E+000
 -1.999000178255371E-008  7.648356148666319E-010
 -1.312210126392473E-007 -2.956985707677353E-008
          22  0.000000000000000E+000  0.000000000000000E+000
 -1.347074434848738E-008  1.084817104598655E-008
 -9.675840323909427E-008  9.787062537008454E-008
          23  0.000000000000000E+000  0.000000000000000E+000
 -4.894486306230506E-009  1.316586927565957E-008
  3.523520260196666E-008  1.299626900350793E-007
          24  0.000000000000000E+000  0.000000000000000E+000
  1.271821116385550E-009  1.257724448534370E-008
  1.242952408110524E-007  3.097810166220112E-008
          25  0.000000000000000E+000  0.000000000000000E+000
  4.981075211267375E-009  1.067314788950069E-008
  7.705902468688926E-008 -9.587739212930106E-008
          26  0.000000000000000E+000  0.000000000000000E+000
  1.079747394779112E-008  8.747274710106893E-009
 -5.675638191399931E-008 -1.010419714343535E-007
          27  0.000000000000000E+000  0.000000000000000E+000
  1.575647980147390E-008  2.187494705169177E-009
 -1.154721005450454E-007  1.732096264011611E-008
          28  0.000000000000000E+000  0.000000000000000E+000
  1.608013927934818E-008 -8.838758264816140E-009
 -2.569318703132609E-008  1.210812261162904E-007
          29  0.000000000000000E+000  0.000000000000000E+000
  7.461379813818749E-009 -1.769105509797158E-008
  1.086004484238693E-007  8.035700464487606E-008
          30  0.000000000000000E+000  0.000000000000000E+000
 -5.885383157523896E-009 -1.929765176284065E-008
  1.357163998400696E-007 -6.963871095140878E-008
          31  0.000000000000000E+000  0.000000000000000E+000
 -1.629833868112805E-008 -1.056640646084847E-008
  2.754556466385187E-009 -1.653293463735182E-007
          32  0.000000000000000E+000  0.000000000000000E+000
 -1.778482080154576E-008  1.962987880430449E-009
 -1.503654230818346E-007 -8.944015154058961E-008
