   409.600000000000     
          32           1           3
  1.124309127438499E-002   41.2876072612966        112.594047660918     
   40.0000000000000        115.000000000000        6211.00000000000     
           0  0.000000000000000E+000  0.000000000000000E+000
  0.000000000000000E+000  0.000000000000000E+000
  0.000000000000000E+000  0.000000000000000E+000
           1  0.000000000000000E+000  0.000000000000000E+000
 -1.106786065154623E-008  3.818374659131807E-009
 -4.197286581957930E-009 -1.577134679055673E-009
           2  0.000000000000000E+000  0.000000000000000E+000
 -1.004322079144333E-008  9.839548100731716E-009
 -8.789498091957503E-009 -2.367875927573982E-009
           3  0.000000000000000E+000  0.000000000000000E+000
 -4.054339890294343E-009  1.639970637713365E-008
 -1.657959226565370E-008  4.045503724594926E-009
           4  0.000000000000000E+000  0.000000000000000E+000
  7.339674734475036E-009  1.818446207354333E-008
 -1.700081326719171E-008  2.186352317698948E-008
           5  0.000000000000000E+000  0.000000000000000E+000
  1.850182296717461E-008  1.093712403928333E-008
  3.940442657890447E-009  3.972860237159121E-008
           6  0.000000000000000E+000  0.000000000000000E+000
  2.276786914096795E-008 -3.059028850822899E-009
  4.106870260519973E-008  3.319949429918598E-008
           7  0.000000000000000E+000  0.000000000000000E+000
  1.604124891857129E-008 -1.700246854994899E-008
  6.499745776184470E-008 -9.620591229944576E-009
           8  0.000000000000000E+000  0.000000000000000E+000
  2.165067622568040E-009 -2.305115196117211E-008
  4.190445847844379E-008 -6.419172972399643E-008
           9  0.000000000000000E+000  0.000000000000000E+000
 -1.168261937954296E-008 -1.831095659008252E-008
 -2.439832839148769E-008 -8.232773933856665E-008
          10  0.000000000000000E+000  0.000000000000000E+000
 -1.854715847035745E-008 -8.130796233471529E-009
 -8.344719052926416E-008 -3.519943350537660E-008
          11  0.000000000000000E+000  0.000000000000000E+000
 -1.865003355851403E-008  3.119830353803696E-009
 -8.131731580193238E-008  4.393383795348721E-008
          12  0.000000000000000E+000  0.000000000000000E+000
 -1.366592524060767E-008  1.123666462299287E-008
 -1.321204281830660E-008  8.962480249331663E-008
          13  0.000000000000000E+000  0.000000000000000E+000
 -6.430278778350957E-009  1.593429663392906E-008
  6.200403827480430E-008  5.864617835018479E-008
          14  0.000000000000000E+000  0.000000000000000E+000
  1.376018242593540E-009  1.810396207314622E-008
  7.529286749468444E-008 -2.071498859773343E-008
          15  0.000000000000000E+000  0.000000000000000E+000
  1.148626628900669E-008  1.639176710851506E-008
  1.495533478757786E-008 -6.923661715454207E-008
          16  0.000000000000000E+000  0.000000000000000E+000
  2.063443007274518E-008  8.174886676312499E-009
 -5.591142312329378E-008 -3.885844925944700E-008
          17  0.000000000000000E+000  0.000000000000000E+000
  2.385668902365397E-008 -5.642357090444111E-009
 -5.980196109853101E-008  4.188655663642140E-008
          18  0.000000000000000E+000  0.000000000000000E+000
  1.705598641742466E-008 -2.073109956276199E-008
  1.822030404537172E-008  8.389995844475406E-008
          19  0.000000000000000E+000  0.000000000000000E+000
  5.064870511171976E-010 -2.835258991927102E-008
  1.008200440882108E-007  2.693765121298634E-008
          20  0.000000000000000E+000  0.000000000000000E+000
 -1.880648012916496E-008 -2.273713349769976E-008
  8.921733256489413E-008 -8.924342053931946E-008
          21  0.000000000000000E+000  0.000000000000000E+000
 -2.842439253696935E-008 -5.381821190119141E-009
 -3.158613121540043E-008 -1.422167286324656E-007
          22  0.000000000000000E+000  0.000000000000000E+000
 -2.423019089866279E-008  1.389052339369087E-008
 -1.526530088156098E-007 -5.888729173429640E-008
          23  0.000000000000000E+000  0.000000000000000E+000
 -9.048067958660873E-009  2.357864885198791E-008
 -1.443860633222224E-007  1.002145461865519E-007
          24  0.000000000000000E+000  0.000000000000000E+000
  6.890036331799818E-009  2.185721672784499E-008
  4.152916901007174E-010  1.848609544351593E-007
          25  0.000000000000000E+000  0.000000000000000E+000
  1.478987218862282E-008  1.110640978324810E-008
  1.573341799830069E-007  1.013758662931649E-007
          26  0.000000000000000E+000  0.000000000000000E+000
  1.555685877768829E-008  1.923312655129320E-009
  1.669318344846868E-007 -7.410307851659631E-008
          27  0.000000000000000E+000  0.000000000000000E+000
  1.247542922451309E-008 -3.797471263574079E-009
  2.349629051989609E-008 -1.745398174081563E-007
          28  0.000000000000000E+000  0.000000000000000E+000
  1.061367858685075E-008 -7.853913645700266E-009
 -1.307807385055066E-007 -1.021853507836477E-007
          29  0.000000000000000E+000  0.000000000000000E+000
  7.143670906680628E-009 -1.221731765264591E-008
 -1.476148597733155E-007  6.294407096787808E-008
          30  0.000000000000000E+000  0.000000000000000E+000
  3.098047615300214E-010 -1.724745803628792E-008
 -8.085193756689533E-009  1.566625572722508E-007
          31  0.000000000000000E+000  0.000000000000000E+000
 -1.082390526955355E-008 -1.641226100885905E-008
  1.380253156943775E-007  7.786121162210821E-008
          32  0.000000000000000E+000  0.000000000000000E+000
 -2.043758557061250E-008 -7.219827516257205E-009
  1.388267475738661E-007 -9.191831988467464E-008
